0.02
0.04
0.14
0.1840265
0.1960236
0.2053656
0.2158263
0.2261751
0.2374667
0.2484506
0.2596254
0.2709661
0.282037
0.2932259
0.3042865
0.3155142
0.3266095
0.3378834
0.3489819
0.360227
0.3713678
0.3825298
0.393744
0.4047989
0.4158742
0.4271527
0.4386476
0.4499722
0.4647044
0.4749649
0.4848925
0.4942901
0.505377
0.5171302
0.5280051
0.5389832
0.5499479
0.5612456
0.5723133
0.5833537
0.5946883
0.6064351
0.6169135
0.6282465
0.6396539
0.6505278
0.6616958
0.6728761
0.6844426
0.6970367
0.7080829
0.7175231
0.7288961
0.7399337
0.7510995
0.7629086
0.7735384
0.7849063
0.7958915
0.8068641
0.8182337
0.8291284
0.8405182
0.851582
0.8627921
0.8738016
0.8872705
0.9001359
0.9118183
0.9229613
0.9344271
0.9461476
0.9567244
0.968125
0.9801266
0.9907175
1.001824
1.012789
1.024116
1.035476
1.046384
1.057591
1.068923
1.080311
1.091338
1.108272
1.120029
1.129763
1.142049
1.154094
1.164286
1.175491
1.18736
1.198277
1.20907
1.220527
1.231799
1.242647
1.255756
1.265615
1.277259
1.287363
1.298335
1.30971
1.320952
1.331827
1.343087
1.355321
1.365573
1.377091
1.388764
1.398979
1.410203
1.421309
1.432636
1.443739
1.454856
1.466066
1.477229
1.488644
1.499989
1.514307
1.523914
1.534283
1.545751
1.557094
1.568695
1.579821
1.594895
1.604759
1.614258
1.631365
1.642011
1.651946
1.661973
1.672734
1.68282
1.693312
1.705343
1.715193
1.725536
1.735704
1.746119
1.756897
1.768603
1.779788
1.79026
1.801837
1.813255
1.824226
1.835295
1.846182
1.857485
1.868836
1.879926
1.892312
1.903035
1.913875
1.924715
1.936201
1.947233
1.957987
1.9695
1.980813
1.991657
2.002847
2.014305
2.025454
2.036952
2.048372
2.060418
2.071304
2.082439
2.093714
2.105097
2.116599
2.127914
2.139287
2.150645
2.162392
2.174098
2.185629
2.197759
2.208427
2.219301
2.231483
2.242874
2.253631
2.268738
2.280913
2.291839
2.302011
2.312631
2.323079
2.333536
2.343888
2.355124
2.36531
2.375999
2.387377
2.397153
2.410023
2.422624
2.433362
2.443821
2.455857
2.465957
2.477049
2.489067
2.499971
2.511224
2.523882
2.536116
2.547787
2.55905
2.570075
2.580943
2.593178
2.60585
2.616777
2.628852
2.640499
2.652063
2.663676
2.674171
2.684013
2.694467
2.708643
2.71974
2.7314
2.742285
2.753655
2.764257
2.774938
2.786377
2.797942
2.809444
2.820917
2.831704
2.843072
2.854717
2.865355
2.876838
2.888525
2.899992
2.911279
2.922547
2.939082
2.951984
2.963037
2.974997
2.986511
2.997853
3.009079
3.020223
3.031171
3.042226
3.053484
3.064606
3.075391
3.085725
3.096754
3.108545
3.119519
3.130445
3.141427
3.152913
3.164074
3.175252
3.187254
3.199485
3.210638
3.221974
3.232769
3.243633
3.254912
3.266772
3.277784
3.288533
3.299183
3.309854
3.3203
3.331534
3.342544
3.354046
3.365195
3.376577
3.387381
3.398322
3.409599
3.421498
3.432615
3.444382
3.455752
3.467068
3.478739
3.490291
3.501917
3.513065
3.524792
3.536369
3.547852
3.559986
3.570572
3.581855
3.592647
3.604038
3.617977
3.633428
3.644273
3.655307
3.66671
3.677414
3.688708
3.69993
3.713611
3.72436
3.735922
3.7455
3.756358
3.767093
3.778856
3.790313
3.801151
3.812146
3.822848
3.833923
3.84515
3.856116
3.867626
3.878715
3.890426
3.901153
3.912098
3.923316
3.934643
3.945648
3.956886
3.968045
3.979098
3.990313
4.001987
4.012771
4.024054
4.035205
4.046685
4.057948
4.069713
4.081115
4.092539
4.104133
4.115124
4.126467
4.138087
4.149446
4.160961
4.172578
4.184202
4.196352
4.208978
4.220042
4.230693
4.24106
4.251908
4.262919
4.273805
4.285413
4.29647
4.317156
4.329471
4.341607
4.353604
4.365796
4.377755
4.388744
4.400485
4.412501
4.424165
4.4353
4.4468
4.458543
4.471193
4.482552
4.49361
4.50491
4.516261
4.528005
4.539296
4.55043
4.562215
4.573845
4.58457
4.596657
4.608549
4.619724
4.631728
4.643826
4.655409
4.666643
4.678172
4.689846
4.701107
4.712429
4.723684
4.735541
4.746563
4.758264
4.770439
4.781494
4.79246
4.804984
4.817122
4.828846
4.840116
4.851024
4.862376
4.873885
4.885137
4.896122
4.907276
4.918978
4.930057
4.941281
4.953259
4.964179
4.975753
4.987985
5.005613
5.018061
5.029412
5.040721
5.052088
5.063619
5.074976
5.087068
5.098547
5.111156
5.122541
5.133826
5.145209
5.156518
5.167494
5.178803
5.191982
5.203926
5.214767
5.229721
5.241484
5.252966
5.263633
5.275046
5.286702
5.297754
5.308342
5.319826
5.330958
5.343022
5.35448
5.365431
5.377037
5.38803
5.399159
5.410534
5.421506
5.43216
5.444261
5.455267
5.465865
5.477513
5.488006
5.499158
5.50985
5.520804
5.53165
5.542912
5.554491
5.565117
5.576346
5.587698
5.598932
5.610095
5.625747
5.637089
5.648808
5.659785
5.671236
5.682607
5.699759
5.711377
5.722294
5.733169
5.74464
5.755844
5.766795
5.782678
5.793368
5.805855
5.816792
5.828652
5.838984
5.849985
5.860316
5.871327
5.881728
5.892201
5.902436
5.913494
5.928883
5.940839
5.952483
5.963248
5.974736
5.986139
5.9971
6.008121
6.019879
6.031471
6.042752
6.05465
6.06586
6.077337
6.088604
6.100446
6.112164
6.123891
6.135313
6.146279
6.157553
6.168496
6.179711
6.193134
6.205049
6.216311
6.227816
6.23984
6.251032
6.26289
6.274274
6.285971
6.297242
6.309556
6.321413
6.3324
6.343687
6.35542
6.366944
6.379054
6.395494
6.407212
6.418826
6.42987
6.441269
6.453
6.464378
6.475529
6.487426
6.499081
6.510358
6.52253
6.533429
6.545873
6.557085
6.568138
6.580185
6.591353
6.602732
6.613983
6.625911
6.63775
6.649261
6.660858
6.672181
6.682622
6.693752
6.704523
6.715576
6.726813
6.738218
6.74994
6.761731
6.773394
6.784018
6.795352
6.80648
6.817571
6.829533
6.841043
6.852357
6.863415
6.875955
6.88768
6.899237
6.910965
6.922437
6.933799
6.945356
6.956966
6.968006
6.979738
6.991245
7.002337
7.013747
7.025525
7.036775
7.048143
7.059891
7.070563
7.088051
7.099679
7.111105
7.12266
7.133611
7.145471
7.157481
7.16863
7.180129
7.192625
7.204057
7.215334
7.226586
7.237364
7.248765
7.260681
7.271369
7.283005
7.295593
7.307804
7.31943
7.331335
7.342206
7.353271
7.364221
7.375851
7.387239
7.397882
7.409328
7.421123
7.432142
7.443184
7.453526
7.464192
7.47542
7.487267
7.502204
7.513302
7.525011
7.535685
7.546726
7.55826
7.568623
7.579527
7.590762
7.60668
7.617489
7.629521
7.6416
7.654259
7.665443
7.677277
7.68924
7.700029
7.711269
7.722898
7.733844
7.745059
7.757028
7.775154
7.786897
7.799419
7.810778
7.823674
7.83495
7.845799
7.857485
7.868773
7.8852
7.902769
7.919882
7.936114
7.952636
7.968966
7.985422
8.002579
8.019384
8.036132
8.053353
8.071762
8.088327
8.105698
8.122483
8.139177
8.156074
8.173227
8.190425
8.207644
8.224306
8.241705
8.258267
8.27528
8.292209
8.309511
8.325913
8.342259
8.359023
8.376473
8.393016
8.409377
8.426343
8.442997
8.459158
8.475574
8.49205
8.508713
8.524981
8.542215
8.558302
8.575702
8.592345
8.613755
8.630342
8.646551
8.663425
8.680011
8.696346
8.712994
8.729552
8.746182
8.762699
8.782852
8.799937
8.816705
8.834273
8.851349
8.867875
8.884534
8.900618
8.917758
8.935136
8.951436
8.967728
8.984771
9.002482
9.019319
9.035666
9.052479
9.068484
9.084155
9.100031
9.116055
9.132128
9.152167
9.169165
9.187762
9.205427
9.221755
9.238214
9.254688
9.271573
9.30083
9.318736
9.334794
9.352485
9.368637
9.386064
9.402343
9.41943
9.435989
9.457926
9.474622
9.491858
9.508286
9.525608
9.541482
9.557796
9.573483
9.589257
9.605009
9.620801
9.641336
9.658584
9.675686
9.693106
9.709068
9.727043
9.743798
9.761156
9.777914
9.794503
9.811238
9.827806
9.845271
9.862498
9.878798
9.895387
9.91207
9.928675
9.939648
9.950302
9.962394
9.973257
9.984263
9.996049
10.00717
10.01775
10.02945
10.04078
10.05161
10.06267
10.07404
10.0849
10.09655
10.10743
10.11854
10.13024
10.14122
10.15203
10.16406
10.17505
10.18607
10.19869
10.20966
10.22593
10.2382
10.24999
10.26214
10.27441
10.28578
10.29777
10.30925
10.32145
10.33278
10.34454
10.35689
10.36891
10.38034
10.39207
10.40474
10.4158
10.42783
10.43951
10.45099
10.46323
10.47469
10.48636
10.49804
10.50916
10.5209
10.53283
10.5443
10.55634
10.56768
10.57966
10.59177
10.60394
10.61527
10.62665
10.63862
10.65013
10.66198
10.67391
10.68526
10.69663
10.70921
10.7208
10.73196
10.74299
10.75487
10.76595
10.7769
10.78877
10.80003
10.81125
10.82239
10.8334
10.84481
10.85617
10.86685
10.87844
10.89105
10.903
10.91459
10.92689
10.93866
10.95004
10.9617
10.97341
10.98496
10.99649
11.00827
11.01995
11.03724
11.04918
11.06126
11.07323
11.08654
11.09957
11.13415
11.14676
11.15891
11.17069
11.18304
11.19576
11.21267
11.22546
11.23839
11.25195
11.26371
11.2754
11.28723
11.29915
11.31546
11.34889
11.3623
11.37529
11.38823
11.40069
11.41424
11.42643
11.43903
11.45023
11.4616
11.47419
11.48695
11.49984
11.51251
11.52497
11.53758
11.54946
11.56207
11.57399
11.58626
11.59796
11.61006
11.62636
11.64003
11.65331
11.6652
11.67832
11.69154
11.70387
11.7165
11.72924
11.74263
11.7552
11.76733
11.78119
11.79895
11.81283
11.82584
11.83877
11.85144
11.86505
11.87748
11.89023
11.90209
11.91464
11.92762
11.93992
11.95235
11.96466
11.97782
11.99059
12.00267
12.01573
12.02825
12.04103
12.05357
12.06563
12.0781
12.0911
12.10329
12.11609
12.12856
12.14135
12.15487
12.16722
12.17947
12.19267
12.20597
12.21858
12.23076
12.24329
12.25593
12.26816
12.28079
12.29418
12.30717
12.31945
12.3319
12.34468
12.35713
12.36945
12.38185
12.39501
12.40779
12.42129
12.43419
12.44645
12.45893
12.47152
12.48543
12.49961
12.5123
12.52975
12.54192
12.5543
12.56611
12.57899
12.59124
12.60312
12.61468
12.62741
12.64004
12.653
12.66483
12.67706
12.68979
12.70153
12.71337
12.72548
12.73713
12.74835
12.76032
12.7725
12.78552
12.7974
12.80925
12.82215
12.83416
12.84672
12.86035
12.87324
12.88477
12.89823
12.91053
12.92283
12.9347
12.94625
12.958
12.97091
12.98306
12.9947
13.00617
13.01802
13.03091
13.04277
13.05509
13.06723
13.07879
13.09103
13.10308
13.1149
13.12717
13.13853
13.14952
13.16143
13.17295
13.1846
13.19725
13.20953
13.22138
13.23326
13.25003
13.26195
13.27364
13.28505
13.29768
13.31011
13.32165
13.33289
13.34508
13.35727
13.36938
13.381
13.39377
13.40573
13.41812
13.43022
13.44194
13.45268
13.46531
13.47794
13.49018
13.5023
13.51376
13.52476
13.53572
13.5483
13.55974
13.57156
13.58235
13.59358
13.60521
13.62114
13.63312
13.64506
13.65743
13.66969
13.68146
13.69344
13.70568
13.71706
13.72926
13.7417
13.75329
13.76546
13.77705
13.78809
13.79908
13.81069
13.82166
13.83301
13.84423
13.85536
13.86644
13.88006
13.89148
13.90316
13.91467
13.92632
13.93766
13.95445
13.96563
13.97668
13.98762
13.99915
14.01065
14.02193
14.03313
14.0444
14.05546
14.06668
14.07835
14.08957
14.10081
14.11196
14.12335
14.13423
14.14516
14.15609
14.1672
14.17842
14.19024
14.20153
14.21278
14.2238
14.23481
14.24553
14.25656
14.26747
14.27857
14.29017
14.30163
14.31265
14.32359
14.33451
14.34526
14.35685
14.36775
14.37868
14.38989
14.4018
14.4124
14.4239
14.43497
14.44585
14.45709
14.46818
14.47954
14.49146
14.50298
14.51466
14.52595
14.53773
14.54886
14.56054
14.57201
14.5837
14.59468
14.60684
14.61797
14.63436
14.64614
14.6578
14.66922
14.68068
14.6917
14.70339
14.7144
14.7258
14.73737
14.7483
14.75907
14.77006
14.78098
14.792
14.80338
14.81428
14.82568
14.83721
14.84803
14.8596
14.87076
14.8832
14.89461
14.90662
14.91777
14.92871
14.93988
14.95108
14.96254
14.97354
14.98521
14.99623
15.00732
15.01884
15.02996
15.04134
15.05261
15.06334
15.07471
15.08679
15.0982
15.10917
15.12067
15.13136
15.14269
15.1542
15.16506
15.1763
15.1881
15.19953
15.21158
15.22309
15.23384
15.24503
15.25613
15.2671
15.27888
15.29099
15.30717
15.31877
TARGET DESTROYED 
15.32958
15.34802
15.35977
15.3702
15.3806
15.39171
15.40297
15.41382
15.4248
15.43555
15.45458
15.46663
15.47726
15.48821
15.49905
15.50973
15.52055
15.53095
15.54069
15.55134
15.56231
15.57348
15.58465
15.59614
15.60689
15.61834
15.63299
15.64427
15.65562
15.66614
15.67734
15.688
15.69834
15.70905
15.72022
15.73049
15.741
15.75266
15.76337
15.77438
15.78596
15.79696
15.80794
15.81954
15.83034
15.84154
15.85339
15.86396
15.87484
15.88664
15.89785
15.90934
15.92147
15.93139
15.9422
15.9585
15.96984
15.98089
15.99182
16.00144
16.01265
16.02331
16.03333
16.04411
16.05522
16.06669
16.07864
16.08977
16.10044
16.11236
16.12351
16.13416
16.14541
16.15605
16.16685
16.17826
16.18988
16.20086
16.21199
16.22321
16.2339
16.24509
16.25625
16.26745
16.27886
16.29037
16.30112
16.31223
16.32348
16.33495
16.3458
16.35765
16.36888
16.38036
16.3917
16.40354
16.41414
16.42546
16.43689
16.44814
16.45952
16.47121
16.48223
16.49343
16.50506
16.51606
16.5274
16.53925
16.55024
16.56148
16.57254
16.5837
16.5953
16.60672
16.61703
16.62829
16.64377
16.65568
16.66633
16.67679
16.68769
16.69899
16.70928
16.72039
16.73072
16.74169
16.75258
16.76289
16.77367
16.78424
16.79527
16.8065
16.81675
16.8284
16.83932
16.84992
16.86092
16.87156
16.88191
16.89281
16.90481
16.9152
16.92622
16.9364
16.94724
16.95836
16.9701
16.98089
16.99218
17.00367
17.01433
17.02541
17.03749
17.04806
17.06121
17.074
17.08743
17.10049
17.11368
17.12683
17.13931
17.15262
17.1664
17.17914
17.19992
17.21319
17.22654
17.23943
17.25224
17.26498
17.27809
17.29158
17.30452
17.31951
17.33269
17.3497
17.36184
17.37318
17.38386
17.39551
17.40747
17.41859
17.43049
17.44262
17.45432
17.46523
17.47723
17.48889
17.5013
17.51297
17.52438
17.53521
17.54636
17.55741
17.56866
17.58022
17.59127
17.60236
17.61755
17.62936
17.64026
17.65135
17.66231
17.67345
17.68571
17.6964
17.70701
17.71815
17.72908
17.74078
17.75227
17.76383
17.77616
17.78816
17.7996
17.81175
17.82326
17.83401
17.84636
17.85805
17.86993
17.88178
17.89362
17.9064
TARGET DESTROYED 
17.91808
17.93498
17.94721
17.96554
17.97993
17.99182
18.0047
18.01613
18.03329
18.04473
18.05561
18.06597
18.07763
18.08809
18.09895
18.11049
18.12126
18.13168
18.14352
18.15524
18.16597
18.17727
18.18911
18.19995
18.21103
18.22259
18.23436
18.24493
18.256
18.26724
18.27899
18.29021
18.30199
18.31353
18.32466
18.33625
18.34794
18.35905
18.37072
18.38255
18.39391
18.4061
18.41769
18.42862
18.44012
18.45527
18.46753
18.47957
18.49072
18.50223
18.51352
18.52435
18.53598
18.54786
18.5605
18.57298
18.58505
18.5972
18.60947
18.62134
18.63393
18.64594
18.65849
18.67066
18.68291
18.69474
18.70658
18.72472
18.7374
18.74948
18.76068
18.77296
18.7854
18.7973
18.80957
18.82152
18.83324
18.84551
18.85777
18.86992
18.88162
18.89354
18.90617
18.91967
18.93171
18.94441
18.95683
18.96926
18.98168
18.99419
19.00705
19.02002
19.03265
19.04507
19.05734
19.06988
19.08175
19.09372
19.10561
19.11762
19.12951
19.1417
19.15497
19.16673
19.17929
19.19315
19.20521
19.21841
19.23135
19.24432
19.25736
19.27101
19.28391
19.2969
19.31033
19.32411
19.33727
19.35011
19.36259
19.37639
19.39018
19.40306
19.41652
19.42984
19.44263
19.46059
19.47345
19.48643
19.49872
19.51247
19.52517
19.53766
19.55008
19.56224
19.57457
19.58648
19.59911
19.6117
19.62401
19.6415
19.65469
19.66732
19.68054
19.69348
19.70606
19.71894
19.73182
19.74492
19.75834
19.77182
19.78478
19.79717
19.81022
19.824
19.83712
19.85004
19.86213
19.87482
19.88657
19.89801
19.91123
19.92449
19.93735
19.94939
19.96141
19.97353
19.9861
19.99806
20.00991
20.02299
20.03505
20.04709
20.05957
20.07185
20.08388
20.09627
20.10922
20.12154
20.13358
20.14546
20.15773
20.16949
20.18839
20.20112
20.21354
20.22652
20.23883
20.25069
20.26329
20.27562
20.28755
20.29907
20.3098
20.32081
20.33187
TARGET DESTROYED 
20.34294
20.35923
20.37111
20.38487
20.39614
20.40742
20.41852
20.42955
20.44101
20.45259
20.47108
20.48343
20.51632
20.52864
20.53996
20.55005
20.56163
20.57268
20.58302
20.59376
20.60485
20.61591
20.62711
20.63796
20.64813
20.65893
20.67095
20.68106
20.69224
20.70308
20.71326
20.72453
20.73562
20.74553
20.75674
20.76821
20.77855
20.78971
20.80108
20.81204
20.82367
20.83441
20.84561
20.85688
20.87304
20.88432
20.89493
20.9062
20.91706
20.92751
20.93979
20.95002
20.9608
20.97215
20.98262
20.99353
21.00443
21.01461
21.02559
21.03663
21.04688
21.05773
21.06953
21.08021
21.09137
21.11103
21.12297
21.13339
21.14397
21.15478
21.16563
21.17626
21.18875
21.19948
21.21038
21.22183
21.23319
21.24396
21.25455
21.26558
21.2762
21.28695
21.29854
21.30955
21.3204
21.33101
21.34174
21.35241
21.36312
21.37487
21.38553
21.39606
21.40714
21.41771
21.42853
21.44009
21.45038
21.46109
21.4723
21.48357
21.4943
21.50538
21.51605
21.52725
21.53829
21.55367
21.56375
21.57403
21.58368
21.59441
21.60531
21.61992
21.62984
21.64052
21.65036
21.66189
21.67315
21.68503
21.6959
21.70735
21.72239
21.73335
21.74428
21.75515
21.76579
21.77681
21.78736
21.79787
21.8091
21.82022
21.83092
21.84268
21.85336
21.86444
21.87593
21.88724
21.8983
21.90977
21.92081
21.93178
21.944
21.95501
21.96567
21.97694
21.98807
21.99941
22.01062
22.02166
22.03264
22.04398
22.05505
22.06628
22.07804
22.08898
22.10017
22.11144
22.1225
22.13409
22.14538
22.15687
22.16776
22.17934
22.19149
22.20235
22.21302
22.22879
22.24032
22.25097
22.26109
22.27191
22.28247
22.29326
22.304
22.31515
22.32552
22.33603
22.34646
22.35826
22.36847
22.37874
22.38988
22.40012
22.41082
22.42221
22.4318
22.44297
22.45427
22.46551
22.47651
22.48776
22.49893
22.51022
22.52262
22.53454
22.54688
22.55985
22.57253
22.58419
22.59619
22.6087
22.62093
22.63277
22.64525
22.65765
22.66918
22.68172
22.69342
22.70547
22.71729
22.72948
22.74235
22.7546
22.76676
22.77895
22.79438
22.80757
22.82088
22.8338
22.8471
22.86049
22.87356
22.8871
22.90012
22.91265
22.93128
22.94478
22.95797
22.9707
22.98413
22.99667
23.00959
23.02342
23.03664
23.04922
23.06242
23.07553
23.08869
23.10173
23.11409
23.12721
23.13989
23.15123
23.16164
23.17232
23.18274
23.19414
23.20458
23.21482
23.22499
23.23617
23.24753
23.25838
23.26986
23.2806
23.29214
23.30333
23.31404
23.32581
23.33657
23.34772
23.35893
23.37044
23.38102
23.39239
23.40399
23.41466
23.42577
23.43712
23.44832
23.45946
23.47082
23.48179
23.49269
23.50428
23.51517
23.52649
23.53778
23.54877
23.56021
23.57126
23.5822
23.59364
23.60757
23.6173
23.63298
23.64317
23.65294
23.66249
23.67371
23.68574
23.69633
23.71073
23.72184
23.73389
23.7443
23.75505
23.76572
23.77604
23.78712
23.7976
23.80915
23.81961
23.83014
23.84121
23.85283
23.86374
23.87472
23.8861
23.89709
23.90845
23.91967
23.9307
23.94187
23.95388
23.96523
23.97598
23.9868
23.99787
24.01003
24.02069
24.03145
24.04256
24.05423
24.06531
24.07612
24.08761
24.0988
24.10996
24.12145
24.13275
24.14407
24.15539
24.1668
24.17856
24.1906
24.20105
24.21204
24.22326
24.23467
24.24714
24.2577
24.26881
24.27971
24.29131
24.30815
24.31931
24.33154
24.34236
24.3539
24.36485
24.37606
24.38743
24.39819
24.40955
24.4208
24.43293
24.44361
24.45406
24.46575
24.47634
24.48809
24.49894
24.50999
24.52135
24.53227
24.54337
24.55473
24.56566
24.57754
24.58813
24.59928
24.61036
24.62172
24.63268
24.6441
24.65511
24.66631
24.67751
24.68879
24.70031
24.7116
24.72291
24.73438
24.74573
24.75721
24.76871
24.78002
24.79124
24.80352
24.814
24.82572
24.83722
24.84821
24.86018
24.87141
24.88232
24.89363
24.90523
24.91637
24.92746
24.93879
24.95018
TARGET DESTROYED 
24.96194
24.98243
24.99409
25.00415
25.01449
25.02457
25.03475
25.04552
25.05675
25.0679
25.079
25.09044
25.10159
25.11295
25.1304
25.14269
25.15358
25.16375
25.17402
25.18463
25.19609
25.20723
25.21721
25.22752
25.23803
25.24939
25.25955
25.27066
25.28115
25.29233
25.30282
25.31359
25.3246
25.33632
25.34701
25.35829
25.36979
25.38054
25.39159
25.40383
25.41412
25.42542
25.4368
25.44756
25.45878
25.47033
25.48165
25.49216
25.50354
25.51472
25.52631
25.53714
25.5485
25.56032
25.57159
25.5832
25.59407
25.60576
25.61704
25.6321
25.64314
25.65872
25.66923
25.67963
25.68997
25.70059
25.71131
25.72176
25.73203
25.7425
25.75332
25.76392
25.77392
25.78409
25.79443
25.80589
25.81599
25.82738
25.83865
25.84982
25.86126
25.87207
25.88313
25.89465
25.90568
25.91658
25.92801
25.93952
25.9502
25.96139
25.97349
25.98423
25.99491
26.00634
26.01727
26.02902
26.03986
26.05106
26.06183
26.07321
26.08417
26.09558
26.10726
26.1182
26.12975
26.14125
26.15311
26.16402
26.17562
26.18768
26.19858
26.21032
26.22145
26.23292
26.24434
26.25585
26.2676
26.27868
26.29052
26.30163
26.31258
26.32392
26.34005
26.35078
26.36131
26.37201
26.38232
26.39267
26.40303
26.41397
26.42465
26.43535
26.44578
26.45669
26.46687
26.47744
26.48862
26.49809
26.5089
26.52037
26.53112
26.5425
26.55363
26.56467
26.57598
26.58712
26.59807
26.60913
26.6205
26.63184
26.64271
26.65419
26.6653
26.67636
26.68775
26.69857
26.70967
26.72111
26.73207
26.74331
26.75457
26.76582
26.77704
26.78869
26.79988
26.81151
26.82286
26.83458
26.84562
26.85763
26.86903
26.88013
26.89145
26.90326
26.91431
26.92584
26.93753
26.94829
26.96014
26.97142
26.98298
26.99418
27.00516
27.02197
27.0332
27.04424
27.05515
27.06529
27.07659
27.08683
27.09712
27.10752
27.11764
27.1281
27.1385
27.14961
27.16017
27.17041
27.18105
27.19326
27.20315
27.21348
27.22378
27.23509
27.24627
27.25973
27.27119
27.28329
27.29435
27.30479
27.31514
27.32584
27.33599
27.34647
27.35777
27.36887
27.37997
27.39127
27.40239
27.41342
27.42463
27.43631
27.44685
27.45859
27.46973
27.48068
27.49194
27.50314
27.51385
27.52559
27.53703
27.5484
27.5605
27.57188
27.58288
27.59434
27.60935
27.62115
27.63167
27.64295
27.65384
27.66492
27.67566
27.68676
27.69671
27.71274
27.72402
27.73408
27.74431
27.75543
27.76698
27.7772
27.78802
27.79939
27.80998
27.82055
27.83134
27.8416
27.85203
27.86257
27.87292
27.88284
27.89412
27.90495
27.91715
27.92747
27.93848
27.9496
27.96079
27.97197
27.98322
27.99542
28.00622
28.01662
28.02782
28.03909
28.05023
28.06164
28.07269
28.0838
28.09637
28.10931
28.12321
28.13654
28.14911
28.16206
28.17539
28.19069
28.20417
28.21654
28.22962
28.24224
28.25542
28.26913
28.28182
28.29593
28.30857
28.3211
28.33384
28.34687
28.36052
28.37363
28.38609
28.39891
28.41203
28.4307
28.44358
28.45664
28.47045
28.4834
28.49654
28.50971
28.52246
28.53555
28.54844
28.56267
28.57593
28.58854
28.60135
28.61401
28.62776
28.64106
28.65355
28.66632
28.68053
28.69344
28.70688
28.71977
28.73286
28.74555
28.75843
28.77193
28.78472
28.79773
28.81034
28.82351
28.83688
28.84967
28.86286
28.87587
28.88895
28.90174
28.91444
28.92759
28.94108
28.95437
28.9671
28.98004
28.99329
29.00685
29.01985
29.03255
29.04509
29.05669
29.06822
29.07896
29.09099
29.10168
29.11259
29.12416
29.13482
29.14597
29.15758
29.17461
29.18681
29.19832
29.20955
29.22099
29.2325
29.2436
29.25476
29.26616
29.27734
29.28891
29.30254
29.3143
29.3257
29.33723
29.34873
29.36032
29.37485
29.38733
29.40007
29.41281
29.42553
29.43784
29.45075
29.46327
29.47663
29.49
29.503
29.5158
29.52772
29.5396
29.55112
29.56317
29.57569
29.58797
29.59982
29.61229
29.62902
29.64253
29.65526
29.66805
29.68081
29.69315
29.70619
29.71897
29.7318
29.74524
29.75776
29.77102
29.78395
29.79647
29.80994
29.82287
29.83739
29.85001
29.86226
29.87528
29.88851
29.90632
29.91985
29.93233
29.94591
29.95877
29.97158
29.98442
29.99698
30.01167
30.02485
30.03785
30.05053
30.06283
30.07547
30.08858
30.10248
30.11506
30.12653
30.13918
30.15146
30.16392
30.17665
30.19041
30.20283
30.21574
30.22795
30.24044
30.25284
30.26522
30.27844
30.29203
30.30465
30.31738
30.32964
30.34222
30.35522
30.36802
30.38108
30.39326
30.40596
30.41814
30.43085
30.44306
30.45631
30.46838
30.482
30.49447
30.50716
30.51966
30.53258
30.54545
30.5592
30.57211
30.58464
30.59761
30.61015
30.62304
30.64057
30.65328
30.66569
30.67906
30.69216
30.70447
30.71749
30.72951
30.74176
30.75361
30.76579
30.77773
30.78965
30.8014
30.81311
30.82554
30.83763
30.85019
30.86208
30.87462
30.88715
30.89912
30.9118
30.92425
30.93583
30.94806
30.96057
30.97261
30.98478
30.99718
31.00946
31.02297
31.03503
31.04682
31.05886
31.07091
31.08309
31.09531
31.10747
31.1195
31.13189
31.1439
31.15651
31.16796
31.17982
31.19273
31.20518
31.21697
31.22877
31.24093
31.25278
31.26563
TARGET DESTROYED 
31.27818
31.29619
31.30856
31.3206
31.33253
31.34446
31.36845
31.38151
31.39361
31.40578
31.41712
31.42904
31.44136
31.45305
31.46429
31.47572
31.48734
31.49965
31.51127
31.52188
31.53242
31.54329
31.55433
31.56539
31.57649
31.58729
31.59831
31.61359
31.62532
31.63682
31.64737
31.65873
31.67074
31.68157
31.70517
31.71667
31.7282
31.73955
31.75096
31.76233
31.77398
31.78513
31.79653
31.80838
31.81999
31.83195
31.84325
31.85479
31.86555
31.87674
31.88837
31.89892
31.91013
31.92149
31.93256
31.94435
31.95828
31.97148
31.98492
31.99742
32.01009
32.02422
32.03753
32.05021
32.06862
32.08191
32.09407
32.10701
32.11957
32.13268
32.14558
32.15852
32.17142
32.18454
32.19883
32.21127
32.2244
32.23734
32.24998
32.26269
32.27578
32.2887
32.30207
32.31495
32.32727
32.33983
32.35238
32.36471
32.37824
32.39157
32.4055
32.41769
32.43016
32.4437
32.45644
32.46974
32.48426
32.49737
32.51048
32.52407
32.53706
32.55021
32.56298
32.57626
32.59055
32.60464
32.61767
32.6302
32.64287
32.65566
32.66779
32.67992
32.69247
32.70525
32.71726
32.72933
32.74219
32.7542
32.76678
32.77876
32.79099
32.80371
32.82122
32.83359
32.84588
32.8594
32.87304
32.88546
32.89854
32.91177
32.92482
32.93835
32.95065
32.96285
32.97507
32.9875
32.99944
33.01141
33.02379
33.03624
33.04867
33.06046
33.07275
33.08535
33.09739
33.10973
33.12242
33.13336
33.14488
33.1574
33.16969
33.18193
33.19413
33.20696
33.21905
33.23068
33.24313
33.2555
33.26732
33.28269
33.29698
33.30754
33.31752
33.32787
33.33866
33.35333
33.36776
33.38361
33.39827
33.413
33.4282
33.44316
33.45936
33.47413
33.48938
33.50525
33.52031
33.53498
33.55039
33.56459
33.57885
33.59272
33.61214
33.63006
33.64227
33.65522
33.66671
33.67881
33.69098
33.703
33.71429
33.73066
33.74342
33.75642
33.76865
33.781
33.79391
33.80697
33.82014
33.83257
33.84535
33.85852
33.8704
33.88288
33.89533
33.90827
33.92133
33.93466
33.9474
33.95925
33.97192
33.98489
33.997
34.00979
34.02268
34.03515
34.04843
34.06115
34.0745
34.08673
34.09939
34.11193
34.12496
34.13721
34.1495
34.16196
34.17454
34.18937
34.20211
34.21485
34.22733
34.24001
34.25299
34.26563
34.27909
34.29246
34.30499
34.32304
34.33589
34.34836
34.36076
34.37347
34.38551
34.39849
34.41101
34.42414
34.4374
34.45018
34.46288
34.47532
34.4879
34.50022
34.51302
34.52563
34.53825
34.5508
34.5634
34.57562
34.58846
34.60161
34.61414
34.62708
34.63852
34.65063
34.66285
34.67421
34.68571
34.69765
34.70937
34.72205
34.73341
34.7452
34.75728
34.76859
34.78095
34.79411
34.80603
34.81718
34.82881
34.84073
34.85309
34.86519
34.87657
34.8881
34.89948
34.91125
34.9236
34.93544
34.94675
34.95874
34.97058
34.9822
34.99424
35.00618
35.0178
35.03004
35.04751
35.05983
35.07215
35.09444
35.10715
35.1187
35.13071
35.14312
35.15452
35.16588
35.17689
35.18872
35.20047
35.21195
35.22343
TARGET DESTROYED 
35.23511
35.25203
35.27123
35.28447
35.29765
35.30977
35.32193
35.33375
35.34586
35.35868
35.37109
35.38282
35.39463
35.40758
35.41977
35.43232
35.44467
35.45702
35.46879
35.48056
35.49352
35.5062
35.51745
35.52887
35.54044
35.55168
35.56396
35.57545
35.58684
35.59855
35.6142
35.62613
35.63842
35.65694
35.66978
35.68135
35.69386
35.70585
35.71815
35.73026
35.74314
35.75546
35.76785
35.78475
35.7975
35.80944
35.82189
35.83379
35.84593
35.85821
35.87029
35.88171
35.89342
35.90587
35.91838
35.93132
35.94382
35.95678
35.96962
35.98292
35.99516
36.00784
36.02048
36.03315
36.04551
36.05948
36.07243
36.08437
36.09706
36.11018
36.12288
36.13549
36.14822
36.16039
36.17374
36.18606
36.199
36.2116
36.22411
36.23696
36.24937
36.26177
36.27506
36.28774
36.30129
36.31419
36.32662
36.33896
36.35215
36.36451
36.37719
36.39023
36.40364
36.41631
36.4292
36.44198
36.45421
36.46721
36.48107
36.49327
36.50626
36.51867
36.53165
36.54391
36.56186
36.57495
36.58747
36.60035
36.61358
36.62596
36.63888
36.65123
36.66337
36.6763
36.68908
36.70269
36.71566
36.7279
36.74096
36.75315
36.76569
36.77773
36.79089
36.80386
36.81666
36.82965
36.84217
36.8548
36.86686
36.87948
36.89174
36.9043
36.91723
36.92996
36.94319
36.95631
36.96856
36.98145
36.99324
37.00559
37.01741
37.02966
37.04194
37.05404
37.0663
37.07825
37.09131
37.104
37.11605
37.1287
37.14091
37.1531
37.16494
37.17719
37.19095
37.20291
37.21481
37.2267
37.23868
37.2505
37.26274
37.27454
37.28723
37.2991
37.311
37.32831
37.34098
37.35296
37.36483
37.37748
37.38976
37.40088
37.4134
37.42516
37.43711
37.44923
37.46092
37.47322
37.48535
37.49796
37.51006
37.52263
37.5339
37.54654
37.55807
37.5692
37.58052
37.5925
37.60414
37.61611
37.6291
37.64516
37.65812
37.67002
37.68257
37.69426
37.70681
37.7193
37.73169
37.74364
37.75667
37.76791
37.77999
37.79186
37.80357
37.81555
37.82742
37.83968
37.85185
37.8646
37.87701
37.8895
37.90158
37.91356
37.92558
37.93729
37.94904
37.96212
37.97441
37.98718
37.99929
38.01107
38.02341
38.03524
38.04742
38.05906
38.07064
38.08797
38.10071
38.11297
38.1256
38.13786
38.14948
38.16223
38.17466
38.18764
38.19942
38.21124
38.224
38.23628
38.2483
38.26013
38.27304
38.285
38.29775
38.30964
38.32227
38.33404
38.34608
38.35846
38.37125
38.38291
38.39507
38.4068
38.41836
38.43065
38.44256
38.45565
38.46858
38.48089
38.49333
38.50587
38.51679
38.52826
38.54006
38.55118
38.56281
38.57474
38.58601
38.59769
38.60933
38.62132
38.63262
38.64399
38.65638
38.66772
38.67915
38.69085
38.70272
38.71399
38.72604
38.7384
38.74952
38.7612
38.77333
38.78465
38.79625
38.80781
38.81907
38.83051
38.84691
38.85892
38.87068
38.88235
38.89371
38.90589
38.91674
38.92828
38.94003
38.95271
38.96418
38.97535
38.98711
38.99897
39.01053
39.02235
39.03397
39.0455
39.05714
39.06819
39.08017
39.0919
39.10467
39.11586
39.12683
39.13878
39.14989
39.16148
39.17347
39.18476
39.19747
39.20895
39.22039
39.232
39.243
39.25433
39.2662
39.27897
39.29261
39.30439
39.31505
39.32595
39.33814
39.34908
39.36051
39.37245
39.38336
39.39513
39.40694
39.41796
39.42966
39.44119
39.45271
39.46384
39.47578
39.48772
39.49929
39.51054
39.52166
39.53285
39.54414
39.55514
39.56636
39.578
39.58909
39.60016
39.62172
39.63328
39.64474
39.65577
39.66714
39.68349
39.69448
39.70658
39.72137
39.73406
39.74544
39.75644
39.76736
39.7791
39.79025
39.80098
39.81303
39.82421
39.83527
39.84699
39.85817
39.86955
39.8807
39.89195
39.90346
39.91445
39.92557
39.93747
39.94855
39.95957
39.9716
39.98309
39.99493
40.00661
40.01832
40.02955
40.04157
40.05928
40.07135
40.08234
40.09351
40.10459
40.11611
40.12714
40.13857
40.1498
40.16122
40.17307
40.18409
40.19646
40.20811
40.22012
40.23123
40.2423
40.25441
40.26539
40.27659
40.28878
40.30053
40.31191
40.32932
40.34117
40.35274
40.36386
40.37589
40.38787
40.39891
40.40985
40.42244
40.43332
40.44484
40.45637
40.46721
40.47905
40.49099
40.50231
40.51382
40.52519
40.53651
40.54815
40.56049
40.57222
40.58332
40.59484
40.60583
40.6168
40.62885
40.6403
40.65138
40.6635
40.67489
40.68795
40.69945
40.71075
40.72249
40.73362
40.74464
40.75645
40.76733
40.77866
40.79037
40.80133
40.81312
40.82439
40.83558
40.84756
40.85915
40.87072
40.88202
40.89325
40.90475
40.91676
40.92847
40.9406
40.9519
40.96302
40.97441
40.98616
40.99697
41.00871
41.02081
41.03212
41.0439
41.06043
41.07208
41.08352
41.0946
41.10596
41.11763
41.13021
41.14161
41.15374
41.16529
41.17691
41.18835
41.19998
41.21121
41.22227
41.23401
41.24566
41.25676
41.2687
41.28059
41.29303
41.30461
41.31608
41.32737
41.33849
41.34993
41.36191
41.37355
41.38467
41.39585
41.40813
41.41957
41.43174
41.44297
41.45428
41.46531
41.47749
41.48904
41.50014
41.51153
41.52232
41.53297
41.54345
41.55508
41.56576
41.57682
41.58834
41.59935
41.61379
41.62467
41.63533
41.64593
41.65726
41.66897
41.68044
41.69239
41.70488
41.72247
41.73482
41.74615
41.75744
41.76939
41.7812
41.79881
41.81127
41.82288
41.83389
41.84514
41.8562
41.8679
41.87905
41.89066
41.9025
41.91354
41.92471
41.93665
41.94815
41.96019
41.97167
41.98339
41.99447
42.006
42.01781
42.02938
42.04073
42.05176
42.06295
42.07429
42.08538
42.09667
42.10829
42.1197
42.1316
42.14305
42.15459
42.16616
42.17712
42.18956
42.20124
42.21372
42.22504
42.23639
42.24809
42.25907
42.2714
42.28352
42.29545
42.30701
42.3181
42.33007
42.34115
42.35241
42.36404
42.37556
42.38654
42.3978
42.40898
42.42033
42.4323
42.44408
42.455
42.46626
42.47818
42.49106
42.50433
42.516
42.53212
42.54394
42.55563
42.56683
42.57862
42.59082
42.6022
42.61362
42.62564
42.63831
42.64957
42.661
42.67325
42.68571
42.69734
42.70911
42.72071
42.73209
42.7438
42.75686
42.7675
42.77951
42.79073
42.80237
42.81387
42.82524
42.83652
42.8479
42.8594
42.87122
42.92931
42.94328
42.95522
42.96636
42.97778
42.98907
43.00013
43.01174
43.02286
43.03344
43.04533
43.05659
43.06783
43.07983
43.09129
43.10227
43.11455
43.12725
43.13913
43.15067
43.16334
43.17486
43.18691
43.19859
43.20985
43.22165
43.23306
43.24461
43.25601
43.26712
43.27879
43.29564
43.30721
43.3202
43.33128
43.34245
43.35561
43.36684
43.37917
43.39139
43.40371
43.41531
43.4269
43.43895
43.45035
43.4618
43.47396
43.48687
43.49812
43.50946
43.52163
43.53174
43.54323
43.55473
43.56522
43.5766
43.58796
43.59851
43.61043
43.62549
43.63681
43.64831
43.66013
43.67212
43.6828
43.69469
43.70614
43.71747
43.72971
43.74136
43.75411
43.76659
43.77834
43.7897
43.80075
43.81265
43.82431
43.83522
43.84684
43.85916
43.87172
43.88327
43.89484
43.90681
43.91902
43.93024
43.94189
43.95367
43.96516
43.97722
43.98987
44.00159
44.01252
44.02481
44.03631
44.0529
44.06456
44.07618
44.088
44.09962
44.11096
44.12325
44.13522
44.14631
44.15835
44.16969
44.1814
44.19343
44.20517
44.21741
44.22843
44.2395
44.25104
44.26285
44.27415
44.28565
44.29729
44.31281
44.32576
44.33674
44.34738
44.35884
44.36985
44.38071
44.39206
44.40353
44.41737
