0.02
0.04
0.14
0.1748869
0.1875701
0.1984129
0.2090497
0.2198572
0.2300327
0.2443123
0.2558092
0.2669381
0.2777485
0.2874951
0.2975814
0.3085592
0.3187627
0.3280447
0.3377429
0.3488731
0.3601878
0.3710271
0.3826173
0.3933597
0.4046445
0.4166922
0.4268658
0.4400809
0.4517697
0.4662664
0.475621
0.4853275
0.4943962
0.505009
0.5164857
0.5281103
0.5385906
0.549785
0.5608478
0.5719832
0.58327
0.5944582
0.6058505
0.6170035
0.6278081
0.6390548
0.6503184
0.6628057
0.6739779
0.6838753
0.6948592
0.7062008
0.7173596
0.7283499
0.7395145
0.7507791
0.7623145
0.7731987
0.7849211
0.795335
0.8066349
0.8178656
0.8289778
0.8400182
0.851407
0.8626168
0.8735908
0.8873211
0.8987712
0.9096117
0.9217768
0.9329237
0.9439667
0.9553
0.9722903
0.9845109
0.9950765
1.005765
1.015688
1.024989
1.035004
1.044851
1.054821
1.064317
1.07493
1.085796
1.09702
1.108343
1.119838
1.130511
1.141744
1.153007
1.164266
1.175189
1.187607
1.199291
1.209069
1.220224
1.231689
1.243396
1.253449
1.264675
1.275954
1.287058
1.298922
1.309142
1.320498
1.33182
1.342809
1.353959
1.3654
1.376264
1.387759
1.398906
1.410019
1.420887
1.43249
1.443753
1.454917
1.466564
1.477838
1.489555
1.500938
1.512442
1.526973
1.538616
1.549679
1.559852
1.571555
1.587694
1.597856
1.60761
1.617334
1.626916
1.645586
1.656343
1.666863
1.677921
1.689124
1.701823
1.712179
1.722871
1.733715
1.744783
1.755955
1.767483
1.778419
1.789604
1.801244
1.812048
1.823022
1.834376
1.845566
1.856798
1.867776
1.87882
1.890262
1.901781
1.912355
1.923482
1.934945
1.94606
1.956987
1.968226
1.979502
1.990671
2.002442
2.012974
2.024056
2.035296
2.046738
2.057719
2.068897
2.079885
2.091298
2.102389
2.113616
2.124716
2.135931
2.146924
2.158279
2.169784
2.181659
2.193004
2.206391
2.218821
2.229304
2.245893
2.257838
2.270078
2.281389
2.293862
2.305303
2.316367
2.327775
2.339281
2.351967
2.362695
2.374231
2.385168
2.3955
2.406042
2.416303
2.42651
2.437603
2.449072
2.460098
2.476677
2.490506
2.504002
2.516262
2.528139
2.540456
2.552281
2.564843
2.578085
2.591138
2.602939
2.614816
2.627263
2.639336
2.652287
2.664133
2.676547
2.688654
2.701378
2.712861
2.725025
2.736269
2.747262
2.757895
2.768697
2.780029
2.7923
2.803367
2.814923
2.826256
2.837334
2.848638
2.859785
2.8715
2.882719
2.893509
2.904724
2.915537
2.927063
2.93843
2.954727
2.966023
2.976751
2.988503
3.000747
3.011276
3.02309
3.03384
3.045258
3.056429
3.067864
3.078974
3.09051
3.101758
3.112754
3.123952
3.135834
3.14682
3.157667
3.168758
3.1795
3.190728
3.201881
3.212716
3.223697
3.235151
3.246646
3.258054
3.269227
3.279651
3.291393
3.302262
3.312747
3.324129
3.334586
3.345175
3.356106
3.366711
3.37717
3.388233
3.399406
3.409406
3.420335
3.431872
3.442802
3.45382
3.465162
3.476136
3.487418
3.499049
3.510567
3.52208
3.533966
3.544983
3.556252
3.567254
3.578365
3.589569
3.600845
3.615335
3.631239
3.642973
3.655007
3.666567
3.677184
3.688379
3.700074
3.711039
3.722076
3.733344
3.744347
3.755603
3.766956
3.778906
3.789986
3.800931
3.811639
3.82296
3.834001
3.844723
3.855903
3.867401
3.878304
3.889551
3.901079
3.911984
3.92307
3.93438
3.945192
3.956533
3.967869
3.978863
3.990275
4.001618
4.012322
4.023926
4.03464
4.045918
4.060681
4.071142
4.082174
4.092771
4.103736
4.114524
4.125358
4.136751
4.148658
4.159947
4.17144
4.183321
4.194075
4.205365
4.216792
4.227776
4.238967
4.250126
4.261264
4.272774
4.284041
4.295238
4.30671
4.322548
4.335065
4.346237
4.358651
4.369941
4.381474
4.392372
4.403285
4.414577
4.426161
4.437448
4.449224
4.460128
4.472097
4.483501
4.493818
4.504447
4.515556
4.526289
4.537948
4.548856
4.560022
4.570835
4.582244
4.59325
4.604507
4.616331
4.626753
4.638324
4.649735
4.660075
4.671556
4.682998
4.693744
4.704942
4.719694
4.730884
4.741583
4.752575
4.762681
4.77356
4.784377
4.794685
4.806464
4.817554
4.829089
4.841167
4.852125
4.863977
4.875114
4.886603
4.898057
4.909083
4.92028
4.931564
4.942802
4.953835
4.965503
4.976383
4.987331
5.004851
5.015779
5.040988
5.052087
5.062913
5.0744
5.084778
5.097083
5.107928
5.118726
5.129427
5.140508
5.152676
5.163311
5.173983
5.185334
5.197158
5.208056
5.218733
5.229771
5.241116
5.252372
5.263353
5.274694
5.285931
5.296861
5.307999
5.31926
5.330533
5.34174
5.352859
5.364115
5.375109
5.386369
5.397747
5.417629
5.42952
5.441338
5.453423
5.46458
5.47567
5.487166
5.499054
5.509722
5.521039
5.533797
5.545175
5.556468
5.567574
5.578289
5.588706
5.59962
5.610013
5.621433
5.632589
5.643147
5.654218
5.670746
5.682118
5.693291
5.709469
5.721376
5.732828
5.744102
5.755219
5.766685
5.778401
5.789361
5.80029
5.811135
5.822623
5.833812
5.844625
5.856457
5.867331
5.87798
5.88985
5.901874
5.912572
5.924072
5.935843
5.947031
5.958355
5.969489
5.980952
5.991972
6.003056
6.014981
6.025735
6.038125
6.049557
6.061803
6.073977
6.085563
6.096467
6.107864
6.119235
6.130659
6.141809
6.153118
6.164845
6.176006
6.187585
6.198806
6.209797
6.221188
6.23302
6.244243
6.255796
6.266859
6.278097
6.28936
6.300946
6.313788
6.326009
6.337193
6.348803
6.360117
6.371453
6.382942
6.399024
6.41081
6.422708
6.433774
6.444418
6.456359
6.467912
6.478842
6.490197
6.501796
6.514747
6.526232
6.538076
6.550323
6.561396
6.573696
6.5856
6.597901
6.609394
6.62111
6.6332
6.645225
6.657679
6.669121
6.681077
6.69317
6.70462
6.716122
6.727548
6.739702
6.751839
6.763289
6.77524
6.787837
6.799934
6.811554
6.824582
6.83656
6.848343
6.861176
6.872768
6.884176
6.895511
6.907577
6.919437
6.931644
6.943481
6.956147
6.967769
6.979538
6.991611
7.003454
7.015797
7.028436
7.040205
7.051938
7.063066
7.07552
7.08716
7.104211
7.116837
7.12875
7.14064
7.152995
7.164036
7.175288
7.186595
7.198102
7.208951
7.220612
7.231713
7.243137
7.258889
7.27282
7.285246
7.296865
7.309184
7.320974
7.333045
7.34485
7.357095
7.36873
7.380608
7.391849
7.404141
7.415794
7.427746
7.43965
7.451291
7.46441
7.476107
7.48785
7.499969
7.51143
7.523262
7.536119
7.548489
7.560832
7.571939
7.583847
7.59554
7.608642
7.620646
7.632881
7.644257
7.655305
7.67096
7.682976
7.694389
7.706224
7.717991
7.729355
7.741032
7.753218
7.765922
7.777356
7.78959
7.801609
7.818451
7.830546
7.843544
7.856162
7.868486
7.880073
7.892338
7.904418
7.916989
7.929024
7.941614
7.953768
7.965812
7.977802
7.990263
8.002605
8.015178
8.027644
8.040224
8.052174
8.06483
8.077551
8.089929
8.101954
8.113865
8.125869
8.138343
8.150944
8.162958
8.177051
8.189463
8.202141
8.214521
8.226279
8.238347
8.2513
8.264003
8.276197
8.288411
8.300557
8.312808
8.324997
8.337098
8.349418
8.361665
8.373972
8.386419
8.398425
8.411422
8.423524
8.435739
8.44746
8.458811
8.470378
8.482607
8.495014
8.507366
8.519281
8.538112
8.551126
8.563266
8.574731
8.587049
8.599468
8.611771
8.623942
8.636015
8.647986
8.659386
8.671358
8.683737
8.695307
8.707725
8.720878
8.733359
8.745194
8.757487
8.770014
8.782369
8.793536
8.804553
8.815673
8.826832
8.838339
8.849886
8.860993
8.87661
8.88949
8.901345
8.913055
8.925435
8.938461
8.95048
8.962008
8.974047
8.986061
8.999182
9.011212
9.024122
9.036939
9.049055
9.061129
9.073503
9.0851
9.097217
9.108962
9.121331
9.133853
9.145557
9.157598
9.16967
9.181609
9.193654
9.205834
9.217916
9.229629
9.241612
9.257794
9.270583
9.282704
9.294535
9.307213
9.319305
9.331306
9.344101
9.356087
9.368719
9.380621
9.392618
9.404426
9.416472
9.428717
9.44086
9.452427
9.463793
9.475169
9.486897
9.49934
9.510629
9.522762
9.535837
9.547927
9.559447
9.570812
9.581783
9.592885
9.603752
9.614857
9.625819
9.637666
9.64868
9.663521
9.675508
9.687408
9.699409
9.710439
9.722196
9.734135
9.745657
9.75744
9.769122
9.781651
9.793258
9.804988
9.817225
9.829308
9.841953
9.854324
9.866224
9.877639
9.889617
9.901578
9.912694
9.924796
9.936575
9.953733
9.966228
9.977703
9.989281
10.0009
10.01186
10.02406
10.03682
10.04947
10.06085
10.07307
10.08529
10.09688
10.10829
10.12018
10.13247
10.1438
10.15587
10.16778
10.17898
10.1912
10.20272
10.21463
10.22619
10.23776
10.24951
10.26094
10.27275
10.2845
10.29602
10.3078
10.31964
10.33131
10.34277
10.35491
10.36757
10.37949
10.39164
10.40446
10.41565
10.42617
10.43763
10.44863
10.45904
10.46992
10.48004
10.49091
10.50212
10.51378
10.52432
10.5368
10.54719
10.55792
10.56906
10.58006
10.59158
10.6026
10.61396
10.62508
10.6365
10.64743
10.65857
10.66969
10.68158
10.69205
10.70303
10.71455
10.7254
10.73695
10.74847
10.75903
10.77021
10.78837
10.80409
10.81525
10.82613
10.83712
10.84858
10.85955
10.87075
10.8855
10.89576
10.90718
10.91953
10.9312
10.94204
10.95249
10.96315
10.97395
10.98893
11.00095
11.01238
11.02461
11.03665
11.04868
11.06085
11.07217
11.08386
11.09433
11.10567
11.11661
11.12758
11.13954
11.15083
11.16123
11.17272
11.18379
11.19455
11.20626
11.21812
11.22908
11.24013
11.251
11.26146
11.27278
11.28399
11.29538
11.30645
11.31769
11.32859
11.33972
11.35105
11.36244
11.37381
11.38509
11.39615
11.40754
11.41882
11.43019
11.44116
11.45284
11.46897
11.48036
11.49194
11.50333
11.51442
11.5256
11.53801
11.54924
11.56035
11.57078
11.58164
11.59228
11.60316
11.6137
11.6244
11.63611
11.64639
11.65768
11.67241
11.68384
11.69423
11.70479
11.71528
11.72561
11.73637
11.74721
11.75766
11.77262
11.78432
11.79526
11.80667
11.81796
11.83049
11.84366
11.85615
11.86844
11.88041
11.89441
11.90794
11.91936
11.93197
11.95348
11.96664
11.97753
11.98917
12.00076
12.01189
12.02377
12.03622
12.04896
12.06013
12.07227
12.08434
12.09596
12.10727
12.11903
12.13039
12.14188
12.15422
12.1668
12.18319
12.19523
12.20668
12.2187
12.2316
12.2437
12.25585
12.2676
12.27937
12.29088
12.30293
12.31575
12.32799
12.33999
12.35226
12.36409
12.37599
12.38811
12.39988
12.41214
12.42417
12.436
12.44818
12.46105
12.47497
12.48762
12.50108
12.51336
12.5255
12.53882
12.5515
12.56489
12.57776
12.5903
12.60233
12.61495
12.62771
12.64152
12.65392
12.66684
12.67914
12.69167
12.70425
12.71703
12.7293
12.74251
12.75539
12.76827
12.78211
12.7944
12.80706
12.81955
12.83232
12.84584
12.85855
12.87175
12.88478
12.9024
12.91495
12.92711
12.93988
12.95297
12.96684
12.97983
12.99232
13.00549
13.01871
13.03265
13.0458
13.05866
13.07115
13.08377
13.09638
13.1087
13.12191
13.1354
13.14673
13.15795
13.16961
13.18084
13.19298
13.20521
13.21652
13.22743
13.23982
13.25147
13.26291
13.27414
13.28554
13.29672
13.30776
13.31932
13.33062
13.34184
13.35331
13.36493
TARGET DESTROYED 
13.37636
13.3969
13.40881
13.42877
13.44203
13.45338
13.46537
13.47643
13.48766
13.5005
13.51185
13.52297
13.53492
13.54661
13.55801
13.56903
13.57922
13.59451
13.60528
13.61572
13.62596
13.63719
13.648
13.65841
13.67327
13.68562
13.6966
13.70771
13.71921
13.73002
13.7417
13.75263
13.76863
13.78007
13.79109
13.80311
13.81461
13.82577
13.83784
13.84929
13.8608
13.87266
13.88394
13.89516
13.90667
13.9183
13.92953
13.94107
13.95368
13.96553
13.97575
13.98697
13.99836
14.00974
14.02056
14.03283
14.04429
14.05536
14.06584
14.07627
14.08753
14.09904
14.10991
14.12136
14.13234
14.14336
14.15439
14.16602
14.17713
14.18864
14.19944
14.21057
14.22175
14.23313
14.24384
14.25523
14.27097
14.28208
14.29243
14.30394
14.31437
14.32556
14.33614
14.34671
14.35736
14.36809
14.37881
14.38951
14.40055
14.41254
14.42345
14.43478
14.44608
14.45784
14.46911
14.48074
14.49191
14.5033
14.51423
14.5254
14.53748
14.54821
14.55873
14.56996
14.582
14.59253
14.60354
14.61488
14.62582
14.63753
14.64893
14.66003
14.67194
14.68343
14.69402
14.7054
14.71681
14.72785
14.73931
14.75131
14.76223
14.77347
14.78461
14.79611
14.80707
14.81878
14.83016
14.84174
14.85252
14.86411
14.87537
14.88719
14.89893
14.91006
14.92157
14.93283
14.94403
14.96019
14.97232
14.9838
14.99476
15.00553
15.01617
15.02654
15.03846
15.04903
15.05972
15.07112
15.08216
15.09309
15.10422
15.1157
15.12665
15.13781
15.14909
15.16004
15.1712
15.1828
15.1939
15.20531
15.21616
15.22698
15.238
15.24945
15.2606
15.27169
15.28341
15.29439
15.306
15.31696
15.32738
15.33899
15.35013
15.36107
15.37233
15.38365
15.39465
15.40565
15.41707
15.42842
15.4394
15.451
15.46234
15.47374
15.4854
15.49697
15.50829
15.51989
15.53192
15.54328
15.55461
15.56676
15.57836
15.59144
15.60326
15.61564
15.6278
15.63993
15.65222
15.67342
TARGET DESTROYED 
15.68696
15.70623
15.71931
15.73186
15.74456
15.76432
15.77872
15.79172
15.80434
15.81731
15.82974
15.8419
15.85529
15.86833
15.88102
15.89427
15.90751
15.9205
15.93352
15.94626
15.95947
15.97233
15.98483
15.99872
16.01089
16.0236
16.03699
16.05077
16.06369
16.07605
16.08913
16.10233
16.11548
16.12759
16.14029
16.15276
16.16545
16.17803
16.19015
16.20334
16.21651
16.22854
16.24122
16.25383
16.26666
16.27997
16.29202
16.30455
16.31712
16.32996
16.34183
16.35464
16.37173
16.38432
16.39638
16.40874
16.42162
16.434
16.44638
16.45849
16.4711
16.48339
16.49664
16.50964
16.52314
16.5364
16.5483
16.55996
16.57246
16.58446
16.59628
16.60837
16.62104
16.6331
16.64553
16.65777
16.67049
16.6834
16.6953
16.70723
16.7191
16.73096
16.74263
16.75492
16.76657
16.77881
16.79178
16.80393
16.81521
16.82679
16.83864
16.85071
16.86231
16.87442
16.88686
16.89872
16.91019
16.92244
16.93504
16.9471
16.9583
16.97031
16.98201
16.99434
17.00628
17.01829
17.03013
17.04598
17.05868
17.0712
17.08844
17.10221
17.11517
17.12704
17.13944
17.15184
17.16421
17.17623
17.18907
17.20091
17.21237
17.22383
17.23592
17.24796
17.25995
17.27232
17.2837
17.29514
17.3073
17.3192
17.33143
17.34356
17.35519
17.36733
17.37949
17.39168
17.40451
17.41711
17.42911
17.4412
17.45298
17.46634
17.47863
17.49041
17.50262
17.51485
17.5272
17.54046
17.55315
17.56524
17.5769
17.58857
17.60008
17.61147
17.62295
17.63545
17.64701
17.65842
17.67389
17.68583
17.69705
17.70838
17.71986
17.7313
17.74291
17.75443
17.77066
17.78387
17.80113
17.81363
17.82655
17.83972
17.85247
17.86419
17.87682
17.88977
17.90278
17.9157
TARGET DESTROYED 
17.92791
17.94682
17.96505
17.97843
17.99195
18.00513
18.01809
18.0316
18.04445
18.0575
18.07024
18.08347
18.09772
18.11157
18.12408
18.13636
18.149
18.16122
18.17396
18.18665
18.19894
18.21129
18.22383
18.23653
18.24947
18.26328
18.27529
18.28813
18.30056
18.3128
18.32515
18.3378
18.35016
18.36265
18.37551
18.38806
18.40063
18.41369
18.42611
18.43902
18.45213
18.46514
18.47762
18.4901
18.50364
18.52173
18.53675
18.54939
18.56253
18.57569
18.58938
18.60215
18.61475
18.62744
18.64066
18.65473
18.66803
18.6806
18.69328
18.70619
18.7196
18.73373
18.74655
18.75884
18.77179
18.78459
18.79829
18.81117
18.82444
18.83708
18.84954
18.86258
18.87533
18.88843
18.90137
18.91464
18.92734
18.94031
18.9532
18.96703
18.97964
18.992
19.00504
19.01793
19.03169
19.04562
19.05914
19.07224
19.08491
19.09817
19.11147
19.12428
19.13755
19.15015
19.16293
19.17602
19.18927
19.20236
19.21641
19.22898
19.24133
19.2545
19.27147
19.28451
19.29736
19.31008
19.3231
19.33601
19.34903
19.36137
19.37539
19.38853
19.40182
19.41508
19.42855
19.4414
19.45405
19.46644
19.47877
19.49114
19.50417
19.51649
19.52886
19.54249
19.55569
19.56803
19.57952
19.59186
19.60357
19.61543
19.62873
19.64113
19.65374
19.67063
19.68367
19.69587
19.70799
19.72064
19.73363
19.74594
19.758
19.77079
19.78327
19.79689
19.80929
19.82257
19.83533
19.84791
19.86049
19.87225
19.88302
19.89432
19.90551
19.91635
19.92766
19.93867
19.94945
19.96027
19.97136
19.98273
19.99827
20.00924
20.02031
20.03152
20.04268
20.05418
20.0645
20.07604
20.0871
20.09782
20.1088
20.12061
20.13137
20.14223
20.15368
20.16416
20.17517
20.18653
20.19761
20.20888
20.21992
20.23106
20.24217
20.2542
20.26493
20.2759
20.28708
20.29856
20.30916
20.32033
20.33161
20.34263
20.35424
20.36538
20.37671
20.38848
20.39923
20.41034
20.42137
20.43248
20.44337
20.45484
20.46578
20.47688
20.488
20.49948
20.5105
20.52173
20.5346
20.54552
20.55706
20.56807
20.57955
20.5911
20.603
20.61471
20.62593
20.63798
20.64898
20.66069
20.67784
20.68951
20.70137
20.71271
20.72389
20.73597
20.74728
TARGET DESTROYED 
20.75871
20.77602
20.7935
20.80533
20.81695
20.8283
20.8398
20.85172
20.86396
20.87547
20.88797
20.90004
20.91299
20.92542
20.93767
20.94821
20.95869
20.96994
20.98034
20.99049
21.0018
21.01299
21.02434
21.03529
21.0464
21.05761
21.06888
21.07997
21.09189
21.10299
21.11406
21.12495
21.13602
21.14722
21.15802
21.16962
21.18035
21.19162
21.20281
21.21445
21.22504
21.23636
21.24787
21.25857
21.26979
21.28107
21.29232
21.30357
21.31465
21.32565
21.33682
21.34809
21.3643
21.37525
21.38627
21.39651
21.40727
21.41786
21.42872
21.4395
21.45128
21.46227
21.47312
21.48388
21.49563
21.50658
21.5174
21.52852
21.53963
21.551
21.56226
21.5735
21.58432
21.59553
21.60685
21.6178
21.62902
21.64035
21.65211
21.66663
21.67811
21.68862
21.69936
21.71049
21.72122
21.73216
21.74326
21.75369
21.7641
21.77489
21.78597
21.79723
21.80846
21.81961
21.83077
21.84177
21.85313
21.86437
21.87586
21.88673
21.8978
21.90876
21.92
21.93126
21.94258
21.95362
21.96528
21.97603
21.98718
21.99844
22.00931
22.02042
22.03282
22.04925
22.06071
22.07154
22.08252
22.09325
22.10428
22.11529
22.12622
22.13675
22.14706
22.15776
22.16967
22.18022
22.19101
22.20211
22.21294
22.22327
22.23453
22.24469
22.25513
22.26627
22.27729
22.2877
22.29932
22.31091
22.32151
22.33202
22.34327
22.35387
22.36464
22.37564
22.38678
22.398
22.40923
22.42019
22.43186
22.44315
22.45372
22.46564
22.47624
22.48724
22.49889
22.50983
22.52217
22.53409
22.54572
22.55636
22.56689
22.57829
22.58957
22.60149
22.61269
22.62372
22.63598
22.64648
22.65844
22.66933
22.68092
22.69225
22.70433
22.71471
22.73032
22.74094
22.75234
22.76281
22.77389
22.78483
22.79524
22.80563
22.81693
22.82787
22.83991
22.85205
22.86322
22.87433
22.88596
22.89624
22.90764
22.92003
22.93048
22.94112
22.95262
22.9629
22.97373
22.98484
22.99645
23.00772
23.01911
23.02983
23.04092
23.05268
23.0632
23.07388
23.08528
23.09557
23.10681
23.11791
23.12958
23.14068
23.15234
23.16305
23.17405
23.18552
23.19572
23.20699
23.21819
23.22857
23.23996
23.25105
23.26205
23.27296
23.28378
23.29455
23.30524
TARGET DESTROYED 
23.31605
23.33112
23.34262
23.3541
23.36467
23.3752
23.38584
23.39633
23.41341
23.42596
23.43753
23.45321
23.46392
23.47458
23.48579
23.49656
23.50689
23.51776
23.52867
23.53959
23.55093
23.56168
23.57158
23.58225
23.59331
23.60441
23.61565
23.62657
23.63795
23.64922
23.66022
23.6751
23.68665
23.69724
23.70771
23.71922
23.72959
23.74028
23.75145
23.76173
23.77195
23.78329
23.79412
23.80524
23.81667
23.82793
23.8389
23.85039
23.86115
23.87261
23.88389
23.89509
23.90679
23.91814
23.92971
23.94133
23.95283
23.96409
23.97559
23.98696
23.99803
24.009
24.02028
24.03185
24.04284
24.05397
24.06633
24.07806
24.09308
24.10432
24.11476
24.12612
24.13678
24.14715
24.15784
24.16893
24.17903
24.18998
24.20114
24.212
24.22284
24.23344
24.24434
24.25499
24.26573
24.27658
24.2873
24.2977
24.30839
24.31975
24.33012
24.34163
24.35257
24.3638
24.37519
24.38643
24.39745
24.40844
24.41961
24.43091
24.44196
24.45321
24.46461
24.47559
24.48699
24.49838
24.50946
24.52078
24.53323
24.54468
24.55525
24.567
24.57766
24.58922
24.60072
24.61205
24.62341
24.63504
24.64594
24.65743
24.66889
24.68028
24.69185
24.70309
24.71416
24.72577
24.73738
24.74888
24.75985
24.77095
24.7869
24.79777
24.80792
24.81909
24.82956
24.84001
24.85102
24.8613
24.87242
24.88317
24.89382
24.90449
24.91519
24.92657
24.93711
24.94804
24.95829
24.96936
24.97943
24.98984
25.0013
25.01186
25.02282
25.03428
25.04507
25.05636
25.06766
25.07869
25.09009
25.10149
25.1125
25.12355
25.13449
25.14561
25.15706
25.16799
25.1794
25.19036
25.20164
25.21278
25.22405
25.23568
25.247
25.25849
25.26998
25.28144
25.29267
25.30414
25.31617
25.3272
25.33858
25.35085
25.36148
25.37275
25.38449
25.39528
25.40693
25.41837
25.42965
25.44092
25.45236
25.46345
25.47908
25.49066
25.50157
25.51194
25.52262
25.53475
25.54669
25.55904
25.57028
25.58165
25.59254
25.60381
25.61504
25.62606
25.63757
25.6487
25.65959
25.6741
25.68537
25.69541
25.70622
25.71703
25.72725
25.73801
25.74894
25.7601
25.77127
25.78277
25.79416
25.805
25.81623
25.82727
25.83827
25.85019
25.86077
25.8717
25.88318
25.89423
25.90531
25.9168
25.92764
25.93894
25.9504
25.96137
25.97229
25.9839
25.99464
26.00589
26.01713
26.02857
26.04019
26.05159
26.06326
26.07469
26.08625
26.09758
26.10931
26.12103
26.13271
26.14342
26.15522
26.17136
26.1822
26.19317
26.20359
26.21448
26.22513
26.23573
26.24607
26.25659
26.26775
26.27896
26.28904
26.29979
26.31049
26.32117
26.33154
26.34271
26.35361
26.36377
26.37435
26.38557
26.39665
26.40787
26.41981
26.4303
26.44154
26.4531
26.46383
26.47494
26.48609
26.49768
26.50843
26.5198
26.53119
26.54233
TARGET DESTROYED 
26.55324
26.56783
26.57916
26.59499
26.60572
26.61623
26.62708
26.63853
26.64887
26.65982
26.67174
26.68369
26.69454
26.70503
26.71555
26.72604
26.7366
26.74674
26.75746
26.7683
26.7795
26.79043
26.82664
26.83812
26.84834
26.8592
26.87004
26.88547
26.89628
26.90706
26.91814
26.92825
26.93883
26.94934
26.96026
26.9705
26.98176
26.99223
27.00304
27.01323
27.02364
27.03514
27.04518
27.05602
27.06695
27.07828
27.09031
27.10167
27.11178
27.12277
27.13453
27.14515
27.15627
27.16861
27.17995
27.19045
27.20157
27.21269
27.22343
27.23509
27.24567
27.2569
27.26819
27.27917
27.29036
27.30161
27.31271
27.32468
27.33631
27.34653
27.35741
27.36892
27.37978
27.39095
27.40217
27.4132
27.42465
27.43561
27.4467
27.45864
27.47078
27.48319
27.49545
27.50685
27.51969
27.52991
27.54093
27.55234
27.56329
27.57462
27.58717
27.59682
27.60826
27.61952
27.63467
27.64541
27.65576
27.66983
27.67988
27.69038
27.70157
27.71093
27.72102
27.73059
27.74061
27.75027
27.75994
27.77412
27.78543
27.79567
27.8059
27.81591
27.82729
27.83879
27.85004
27.86097
27.87155
27.88292
27.89377
27.90479
27.91618
27.92697
27.93822
27.9499
27.96038
27.97178
27.98344
27.99403
28.0053
28.01652
28.02772
28.0386
28.05019
28.06093
28.07224
28.08361
28.09469
28.10614
28.11725
28.12816
28.14002
28.15166
28.16275
28.17402
28.18553
28.19698
28.20844
28.21976
28.23182
28.24279
28.25456
28.26597
28.27748
28.28851
28.30037
28.31168
28.32295
28.33882
28.34995
28.36037
28.37174
28.3824
28.39275
28.40392
28.41464
28.42582
28.43622
28.44642
28.45695
28.46778
28.47774
28.48789
28.49886
28.50937
28.51982
28.53088
28.54211
28.55328
28.56372
28.57531
28.58643
28.59715
28.60861
28.61953
28.63073
28.6427
28.65424
28.66448
28.67561
28.6865
28.69788
28.709
28.72023
28.73143
28.74243
28.75377
28.76557
28.77589
28.78702
28.79852
28.80983
28.82123
28.83296
28.84396
28.85545
28.86708
28.87838
28.89104
28.90238
28.91261
28.92423
28.93547
28.94683
28.95817
28.96957
28.98108
28.9922
29.00399
29.01541
29.02695
29.03792
29.04918
29.06511
29.07663
29.08783
29.09812
29.10891
29.11975
29.12974
29.14038
29.1517
29.16163
29.17249
29.18335
29.19382
29.20436
29.21473
29.22534
29.23638
29.24684
29.25703
29.26806
29.27862
29.28981
29.30119
29.31204
29.32364
29.33442
29.34552
29.35685
29.36847
29.37913
29.39036
29.40136
29.41268
29.42378
29.43546
29.44611
TARGET DESTROYED 
29.45757
29.48268
29.49541
29.50748
29.51877
29.52875
29.53986
29.55079
29.56855
29.58033
29.59206
29.60257
29.61363
29.62482
29.63622
29.64763
29.65828
29.67308
29.68424
29.69444
29.70542
29.71617
29.73153
29.7425
29.75323
29.763
29.77349
29.78409
29.79456
29.80542
29.81571
29.82611
29.83707
29.84863
29.85959
29.87133
29.88207
29.89347
29.90431
29.91572
29.92631
29.93753
29.94969
29.96063
29.97206
29.98309
29.99361
30.0047
30.01642
30.02765
30.03893
30.0494
30.06125
30.07262
30.08414
30.09522
30.10682
30.11924
30.12979
30.14164
30.15379
30.16492
30.17571
30.18635
30.19822
30.2093
30.22039
30.23221
30.24317
30.25455
30.26613
30.27772
30.2893
30.30078
30.31156
30.32232
30.33421
30.3453
30.35586
30.36741
30.37882
30.38918
30.40066
30.41182
30.42298
30.43424
30.44973
30.46066
30.47121
30.48139
30.49239
30.50304
30.51297
30.523
30.53444
30.54505
30.55525
30.56671
30.57723
30.58804
30.59816
30.6087
30.61996
30.63047
30.64165
30.65306
30.66401
30.67509
30.68634
30.69853
30.70887
30.71983
30.73122
30.7424
30.75329
30.7645
30.77606
30.78693
30.79817
30.80939
30.82028
30.83175
30.84275
30.85404
30.86574
30.877
30.88821
30.8999
30.91118
30.92248
30.93429
30.94512
30.95657
30.96812
30.97933
30.99073
31.00227
31.01353
31.02503
31.03616
31.06084
31.07216
31.08238
31.09313
31.10353
31.1136
31.12424
31.13443
31.14453
31.15518
31.16658
31.18107
31.19201
31.20222
31.21196
31.22216
31.23355
31.24436
31.25571
31.267
31.28118
31.29258
31.30319
31.31306
31.32301
31.33396
31.34482
31.35613
31.37028
