0.02
0.04
0.14
0.1818621
0.1938646
0.2060842
0.2160124
0.2268998
0.2385651
0.2488224
0.2598914
0.2705314
0.2807688
0.2917146
0.3019093
0.3127736
0.3220262
0.3322415
0.3438089
0.3545449
0.3657605
0.3768788
0.3881136
0.3991309
0.4132747
0.4224817
0.4327657
0.444185
0.4551381
0.4663103
0.4774806
0.4885108
0.4997097
0.5109923
0.5220484
0.5332267
0.5443788
0.5556745
0.5667566
0.5778804
0.5888967
0.6006259
0.6179203
0.6302875
0.6397554
0.6488902
0.6584828
0.6675435
0.6785319
0.6901203
0.7013137
0.7121792
0.7230625
0.7345225
0.7455327
0.7568095
0.7682859
0.7804289
0.7906275
0.8014661
0.8125411
0.8238853
0.8350861
0.8458875
0.8570257
0.8684145
0.8794501
0.8907356
0.9019437
0.9134987
0.9241099
0.9356511
0.946439
0.957616
0.9690353
0.9799669
0.9911909
1.002434
1.013775
1.025028
1.036513
1.047796
1.05929
1.071381
1.082124
1.094561
1.106711
1.117933
1.128666
1.138982
1.151846
1.162022
1.173254
1.185227
1.196366
1.207656
1.219463
1.231942
1.24229
1.253209
1.26435
1.275405
1.286694
1.297791
1.30926
1.320068
1.331279
1.342695
1.3538
1.364861
1.375922
1.387358
1.39823
1.409339
1.420597
1.431733
1.443051
1.454198
1.465748
1.476574
1.487617
1.498917
1.51001
1.522308
1.532153
1.543976
1.557889
1.567607
1.576782
1.590751
1.600178
1.609663
1.619411
1.630408
1.641769
1.652796
1.663823
1.675178
1.686758
1.697712
1.713961
1.724048
1.733815
1.743854
1.75442
1.764283
1.775149
1.786192
1.797159
1.808435
1.819484
1.830732
1.841994
1.853252
1.864094
1.875468
1.886495
1.897607
1.908998
1.920106
1.931231
1.942442
1.95348
1.964687
1.976162
1.987061
1.998201
2.009855
2.020559
2.032012
2.042827
2.054264
2.066988
2.078979
2.089012
2.099215
2.110672
2.121952
2.133449
2.144833
2.155941
2.167976
2.1797
2.191223
2.202259
2.213092
2.225445
2.235723
2.246634
2.257965
2.269362
2.28036
2.291659
2.302936
2.31378
2.325506
2.336965
2.348542
2.358322
2.369827
2.380698
2.392548
2.403443
2.414498
2.425492
2.436667
2.447808
2.459213
2.470532
2.48195
2.492955
2.508386
2.519035
2.529191
2.539622
2.54977
2.560582
2.571608
2.582771
2.593101
2.604453
2.614997
2.62515
2.635963
2.646142
2.65715
2.668396
2.679559
2.690513
2.701922
2.712889
2.724975
2.73545
2.746638
2.75818
2.769012
2.779895
2.791321
2.802244
2.813272
2.82445
2.836092
2.846985
2.858207
2.869366
2.88046
2.891859
2.90331
2.914679
2.92606
2.937302
2.948708
2.960009
2.971456
2.982581
2.994139
3.005311
3.016825
3.028037
3.039616
3.050792
3.062037
3.07344
3.085283
3.096082
3.10746
3.118866
3.1296
3.140831
3.152155
3.163213
3.174407
3.185721
3.196493
3.207798
3.21916
3.230597
3.241483
3.252811
3.263804
3.274997
3.286308
3.297077
3.308737
3.31979
3.330597
3.342064
3.353309
3.364114
3.375474
3.386794
3.397592
3.409128
3.420532
3.430972
3.442616
3.453674
3.464975
3.47603
3.487165
3.49818
3.509358
3.520579
3.531678
3.543078
3.554175
3.569399
3.579893
3.59044
3.600891
3.611168
3.621879
3.63256
3.643827
3.654516
3.665262
3.676497
3.687009
3.697347
3.708217
3.718728
3.730774
3.741097
3.752012
3.762866
3.773936
3.785683
3.796691
3.807428
3.818903
3.829929
3.840937
3.852427
3.863392
3.874742
3.886471
3.8968
3.907986
3.91939
3.930391
3.941745
3.956789
3.968362
3.979265
3.989726
3.999755
4.01064
4.021252
4.032161
4.044388
4.055547
4.065787
4.077035
4.08806
4.099365
4.111181
4.122164
4.132679
4.144148
4.155181
4.166154
4.177483
4.188541
4.200094
4.211203
4.222363
4.233663
4.244939
4.256052
4.26695
4.277982
4.289187
4.300106
4.311662
4.323148
4.333916
4.345515
4.356853
4.368038
4.379096
4.390514
4.40216
4.412977
4.424924
4.436011
4.446892
4.458816
4.46987
4.48112
4.492758
4.503726
4.520707
4.531684
4.542562
4.553698
4.565557
4.576786
4.587984
4.599031
4.610239
4.621454
4.632828
4.643904
4.654966
4.665891
4.677639
4.688241
4.699612
4.710854
4.721886
4.73328
4.745019
4.756218
4.766658
4.777775
4.789008
4.80018
4.8113
4.822485
4.833973
4.84476
4.856212
4.86748
4.878585
4.889359
4.900853
4.912061
4.923979
4.934703
4.945246
4.956552
4.968053
4.978842
4.990302
5.001332
5.012548
5.024073
5.035694
5.046906
5.05859
5.070101
5.081517
5.093019
5.104429
5.116077
5.127365
5.139071
5.150744
5.161877
5.173173
5.184861
5.195916
5.207149
5.21896
5.229747
5.24107
5.252121
5.263353
5.274333
5.285945
5.296475
5.308139
5.31952
5.330173
5.341443
5.35257
5.363771
5.376013
5.387557
5.398118
5.409068
5.41984
5.430473
5.441797
5.453341
5.46458
5.475449
5.486856
5.497808
5.509563
5.520768
5.531426
5.542853
5.554036
5.565003
5.575933
5.58708
5.598491
5.614196
5.624867
5.636572
5.647256
5.658201
5.669246
5.679894
5.690475
5.701281
5.712356
5.723476
5.733928
5.746781
5.75851
5.76988
5.781297
5.792597
5.803639
5.814626
5.826247
5.838065
5.850221
5.861245
5.872564
5.884009
5.894921
5.905963
5.917313
5.928413
5.93972
5.951005
5.961923
5.972817
5.984581
5.995461
6.006427
6.018145
6.029497
6.04059
6.051696
6.063058
6.07403
6.085209
6.096192
6.107203
6.118559
6.129696
6.14046
6.151923
6.162949
6.173854
6.185435
6.196205
6.207636
6.219003
6.229876
6.241064
6.252868
6.263235
6.274657
6.285927
6.297278
6.307987
6.319991
6.33085
6.342616
6.354112
6.365653
6.376958
6.388567
6.400237
6.41186
6.423106
6.434717
6.446065
6.457751
6.469202
6.481591
6.492272
6.503828
6.514981
6.525712
6.537169
6.547587
6.558877
6.570284
6.580945
6.592352
6.603532
6.619193
6.630028
6.640607
6.651168
6.662148
6.672862
6.68307
6.693869
6.704774
6.715225
6.72613
6.736983
6.747502
6.759101
6.769759
6.780429
6.791326
6.801846
6.812377
6.822994
6.833392
6.844376
6.855487
6.86659
6.8784
6.889099
6.900224
6.911482
6.922478
6.933663
6.945051
6.955868
6.967842
6.978215
6.989493
7.000651
7.011775
7.023735
7.034537
7.045457
7.056815
7.068566
7.079636
7.090989
7.102823
7.113974
7.125635
7.13685
7.148198
7.159618
7.171188
7.182545
7.194253
7.205791
7.216835
7.228111
7.239601
7.25095
7.261898
7.273535
7.285517
7.295886
7.307157
7.318833
7.329487
7.340597
7.352314
7.362753
7.374336
7.385653
7.396662
7.407738
7.419179
7.429874
7.441165
7.452478
7.4635
7.474907
7.486315
7.496844
7.508594
7.520029
7.530725
7.541893
7.553176
7.563955
7.575252
7.586448
7.597484
7.608696
7.624664
7.635901
7.646322
7.657148
7.668072
7.678618
7.689467
7.700039
7.710719
7.721768
7.732857
7.743818
7.754561
7.7667
7.777255
7.788446
7.798745
7.809457
7.820459
7.831436
7.842102
7.852587
7.862776
7.873342
7.884178
7.894728
7.906044
7.917889
7.929432
7.940474
7.951832
7.962781
7.974561
7.985823
7.997279
8.00881
8.020404
8.032592
8.044888
8.056915
8.06854
8.080205
8.092082
8.103645
8.11538
8.127649
8.139969
8.151493
8.162589
8.174104
8.18537
8.196693
8.20825
8.219883
8.230998
8.242283
8.254643
8.265839
8.277416
8.289483
8.300749
8.312017
8.324337
8.336678
8.348581
8.359855
8.372266
8.38368
8.395345
8.406825
8.419429
8.430455
8.442598
8.454363
8.465407
8.47698
8.488705
8.499913
8.511724
8.523693
8.537312
8.548896
8.560747
8.572268
8.584058
8.596371
8.608104
8.620384
8.631879
8.643112
8.655803
8.667938
8.679653
8.690823
8.703127
8.714931
8.726834
8.743051
8.75534
8.766786
8.778906
8.790289
8.802097
8.813806
8.825818
8.837456
8.848987
8.861075
8.872995
8.884807
8.896457
8.908718
8.921375
8.933132
8.944703
8.956205
8.967441
8.97893
8.99064
9.002538
9.013863
9.026158
9.038598
9.050638
9.062994
9.07467
9.086691
9.09879
9.110587
9.122853
9.134308
9.146332
9.157607
9.169298
9.180399
9.191728
9.203168
9.214975
9.228606
9.240558
9.252558
9.264133
9.276104
9.288384
9.299732
9.311296
9.323243
9.335586
9.346972
9.358855
9.370468
9.381676
9.393453
9.405117
9.416625
9.428752
9.440852
9.452402
9.463557
9.476232
9.488378
9.499725
9.511607
9.523651
9.535669
9.547529
9.559065
9.570501
9.581557
9.593349
9.605521
9.616737
9.629885
9.641747
9.653199
9.664693
9.676932
9.688168
9.699405
9.711642
9.723469
9.7351
9.746315
9.758745
9.771528
9.786711
9.799636
9.812349
9.825112
9.838093
9.855226
9.868188
9.880786
9.893156
9.905737
9.918184
9.931053
9.943597
9.9561
9.969144
9.992264
10.00487
10.01756
10.03026
10.04379
10.05689
10.06961
10.08218
10.09515
10.10745
10.12023
10.13243
10.14606
10.15893
10.17289
10.18549
10.19776
10.21019
10.22306
10.23615
10.24872
10.26212
10.2747
10.28746
10.30043
10.31279
10.32561
10.33962
10.35187
10.36503
10.37822
10.39095
10.40384
10.41613
10.429
10.44179
10.455
10.46757
10.48011
10.49268
10.50595
10.51875
10.53166
10.54496
10.55767
10.57076
10.58312
10.5963
10.60929
10.62283
10.63824
10.6557
10.66869
10.68106
10.69401
10.70644
10.71958
10.73211
10.74632
10.75959
10.77342
10.78866
10.80166
10.81409
10.82667
10.83992
10.8531
10.86536
10.87787
10.89065
10.9036
10.91689
10.93001
10.94258
10.9553
10.96802
10.98099
10.99443
11.00794
11.02598
11.03971
11.05418
11.06757
11.08092
11.09421
11.10694
11.11979
11.13207
11.14493
11.1572
11.16994
11.18235
11.19562
11.20798
11.22104
11.23343
11.24625
11.25895
11.27198
11.28465
11.29721
11.31044
11.32312
11.33681
11.34966
11.3626
11.37566
11.38851
11.40104
11.41318
11.42626
11.4389
11.45221
11.46511
11.47838
11.49097
11.5037
11.51637
11.52927
11.54246
11.55552
11.56821
11.58064
11.59301
11.60589
11.61882
11.63121
11.644
11.65705
11.66972
11.6821
11.69487
11.70791
11.72127
11.73417
11.7473
11.75983
11.77265
11.78593
11.80013
11.81353
11.8266
11.83981
11.85273
11.86557
11.87868
11.89135
11.9043
11.91768
11.9306
11.94322
11.95668
11.96965
11.98243
11.99565
12.00864
12.0218
12.03544
12.04945
12.06244
12.07569
12.08932
12.10244
12.11538
12.12827
12.14249
12.15633
12.16977
12.18253
12.19549
12.21296
12.22709
12.24039
12.25453
12.26751
12.28099
12.29428
12.30722
12.32009
12.33304
12.34644
12.35962
12.3729
12.38573
12.39866
12.41203
12.42542
12.43895
12.45229
12.4648
12.47715
12.48957
12.50277
12.51524
12.528
12.54142
12.55387
12.56605
12.57884
12.59166
12.6042
12.61686
12.62929
12.64183
12.6543
12.66702
12.67949
12.69172
12.70462
TARGET DESTROYED 
12.71737
12.73846
12.75226
12.76552
12.77915
12.79392
12.8101
12.8238
12.83755
12.85071
12.86403
12.87747
12.89064
12.90435
12.91785
12.93126
12.94482
12.95844
12.97159
12.98519
12.99847
13.01224
13.02616
13.03988
13.05354
13.06721
13.08006
13.09354
13.10655
13.11984
13.13046
13.14116
13.15211
13.16343
13.1752
13.18669
13.19906
13.21097
13.22224
13.23347
13.24487
13.25644
13.26792
13.27841
13.28913
13.30138
13.31662
13.3274
13.33813
13.35017
13.36106
13.37162
13.38252
13.39357
13.40447
13.41493
13.42568
13.43685
13.44718
13.45772
13.46831
13.47947
13.4905
13.50173
13.51243
13.52373
13.5353
13.54652
13.55754
13.56875
13.57959
13.59073
13.60203
13.61324
13.62414
13.63566
13.64692
13.65829
13.6695
13.68029
13.69185
13.70418
13.71546
13.72673
13.73784
13.74972
13.76079
13.77252
13.78456
13.79632
13.80835
13.82139
13.8333
13.84518
13.85705
13.86954
13.88111
13.89253
13.90401
13.91569
13.92751
13.93897
13.95079
13.96777
13.97942
13.99127
14.0031
14.01524
14.02739
14.03981
14.05162
14.06312
14.07443
14.08671
14.09805
14.11003
14.1218
14.13333
14.14545
14.15732
14.16904
14.18078
TARGET DESTROYED 
14.19245
14.21066
14.22333
14.23571
14.2478
14.25988
14.27249
14.28434
14.29612
14.30827
14.32084
14.33313
14.34731
14.3608
14.37273
14.384
14.39499
14.40906
14.42031
14.43127
14.44243
14.45404
14.46507
14.47642
14.48793
14.49878
14.51047
14.52176
14.53246
14.54439
14.55571
14.56662
14.5782
14.58953
14.60057
14.61169
14.62284
14.63493
14.64607
14.65704
14.66839
14.67963
14.69148
14.70256
14.71402
14.72559
14.73736
14.74878
14.76011
14.77128
14.78275
14.79401
14.80567
14.81668
14.82845
14.83953
14.85011
14.8621
14.87308
14.88395
14.89547
14.90545
14.91669
14.92701
14.93707
14.94695
14.95715
14.96716
14.97762
14.98741
14.99826
15.0096
15.02059
15.03166
15.04297
15.0542
15.06541
15.07646
15.08751
15.09868
15.11003
15.12098
15.13223
15.14364
15.15462
15.16573
15.17691
15.18808
15.19933
15.21084
15.22181
15.23285
15.24422
15.25521
15.26658
15.27745
15.28862
15.30081
15.31105
15.32272
15.33354
15.345
15.35648
15.37101
15.38085
15.3908
15.40257
15.41369
15.42595
15.43836
15.4504
15.46271
15.4755
15.48802
15.50044
15.51257
15.52449
15.53661
15.54973
15.56205
15.57453
15.58743
15.59991
15.61232
15.62461
15.6369
15.64894
15.66164
15.67422
15.68704
15.6991
15.71194
15.72435
15.73622
15.74823
15.76015
15.77221
15.78452
15.79677
15.80929
15.82222
15.83523
15.84707
15.85907
15.8707
TARGET DESTROYED 
15.88257
15.90083
15.91493
15.92824
15.93976
15.95145
15.96275
15.97458
15.98637
15.99802
16.00985
16.02232
16.03439
16.04609
16.05797
16.06944
16.08239
16.09424
16.10634
16.11839
16.13004
16.1414
16.15334
16.16672
16.18052
16.19367
16.20751
16.22089
16.23344
16.246
16.25856
16.27111
16.28332
16.29592
16.30868
16.32074
16.3327
16.34513
16.35774
16.36817
16.37874
16.38906
16.39928
16.41454
16.42491
16.43567
16.44602
16.45656
16.46688
16.47713
16.48807
16.49823
16.50834
16.51843
16.52928
16.54066
16.55131
16.56265
16.57324
16.58456
16.59541
16.60666
16.61814
16.62892
16.64005
16.65171
16.66241
16.67408
16.68533
16.69601
16.70728
16.7185
16.72935
16.74072
16.75183
16.76341
16.77459
16.78617
16.79773
16.80919
16.8209
16.8338
16.84616
16.85806
16.86979
16.88185
16.8943
16.90631
16.91836
16.92984
16.94218
16.95293
16.96424
16.97557
16.98648
16.99775
17.00949
17.02175
17.03296
17.04438
17.05631
17.06815
17.07951
17.09169
17.10368
17.1154
17.12747
17.13919
17.151
17.16294
17.17473
17.18635
17.19853
17.21023
17.22178
17.23292
17.24466
17.25607
17.26763
17.27956
17.29117
17.30301
17.31432
17.32593
17.33754
17.34892
17.36119
17.37335
17.38502
17.39657
17.40806
17.41972
17.43126
17.44307
17.4554
17.46759
17.47917
17.49553
17.50757
17.51913
17.53011
17.54227
17.55566
17.5674
17.57922
17.59116
17.60254
17.61467
17.62624
17.63828
17.65066
17.66229
17.67451
17.68659
17.69806
17.7109
17.72318
17.7351
17.74644
17.75786
17.77026
17.78171
17.79384
17.80572
17.81744
17.82945
17.84223
17.85467
17.86632
17.87863
17.89124
17.90297
17.91479
17.92721
17.93869
17.95077
17.96304
17.97488
17.98721
17.99934
18.01178
18.02471
18.03695
18.04973
18.06182
18.07436
18.08673
18.09913
18.11135
18.12381
18.13643
18.14833
18.16033
18.17249
18.18541
18.19729
18.20975
18.22255
18.23451
18.24694
18.25886
18.27106
18.28289
18.29498
18.30718
18.32016
18.33115
18.3426
18.35432
18.3656
18.3769
18.38832
18.3996
18.41114
18.42256
18.43377
18.44496
18.45643
18.46799
18.47941
18.49106
18.50216
18.51352
18.52555
18.53577
18.54633
18.55746
18.56768
18.578
18.58842
18.59873
18.61401
18.62435
18.63502
18.64517
18.65582
18.6659
18.67686
18.68732
18.69764
TARGET DESTROYED 
18.70766
18.7233
18.73411
18.745
18.75542
18.76567
18.77609
18.7864
18.79647
18.80709
18.81849
18.82955
18.84059
18.85935
18.87129
18.88268
18.8936
18.90467
18.91558
18.92619
18.93637
18.94674
18.95733
18.9677
18.97776
18.98888
18.99926
19.01093
19.02229
19.03274
19.04374
19.05499
19.06542
19.07626
19.08773
19.09903
19.10958
19.12003
19.13139
19.14215
19.15325
19.16482
19.17587
19.18699
19.19818
19.20926
19.22067
19.23144
19.2427
19.25424
19.26509
19.27627
19.28781
19.29884
19.30963
19.32176
19.33268
19.34413
19.35568
19.36689
19.37821
19.38981
19.4015
19.41261
19.42433
19.43588
19.44698
19.45867
19.47017
19.48124
19.49282
19.50449
19.51544
19.52702
19.53819
19.54979
19.56057
19.57171
19.58701
19.59781
19.60849
19.6193
19.63003
19.64049
19.65044
19.6607
19.671
19.68104
19.69148
19.70145
19.71215
19.72353
19.73477
19.74562
19.75679
19.76816
19.7793
19.79083
19.80238
19.81256
19.82391
19.83523
19.84624
19.85777
19.86872
19.87971
19.8911
19.90224
19.91357
19.92571
19.93587
19.94702
19.95818
19.96922
19.98033
19.99162
20.00379
20.01473
20.02589
20.03723
20.04869
20.06
20.07128
20.08279
20.09417
20.10578
20.11699
20.12843
20.14
20.15161
20.16241
20.17398
20.18546
20.1966
20.20825
20.21972
20.23158
20.24234
20.25303
20.26447
20.27553
20.28666
20.29769
20.30876
20.32031
20.33144
20.34258
20.35402
20.36525
20.37595
20.38699
20.39829
20.40932
20.42082
20.43159
20.44294
20.45406
20.46529
20.47634
20.48757
20.49871
20.50988
20.52101
20.53215
20.54342
20.55463
20.56574
20.57699
20.58808
20.59913
20.61032
20.62157
20.6327
20.64743
20.65875
20.6693
20.67945
20.69011
20.70015
20.71084
20.72179
20.73187
20.74233
20.75286
20.76379
20.77501
20.78635
20.79742
20.80854
20.81971
20.83139
20.84256
20.85332
20.86486
20.87606
20.88687
20.89785
20.90916
20.92028
20.93128
20.94251
20.95391
20.96488
20.97628
20.9875
20.99856
21.00958
21.02083
21.03199
21.04389
21.05475
21.06619
21.07818
21.0887
21.10033
21.11144
21.12273
21.13437
21.14541
21.15702
21.16821
21.17954
21.19089
21.20261
21.21328
21.22488
21.23609
21.24706
21.25836
21.2698
21.28075
21.29202
21.30322
21.31417
21.32529
21.33669
21.3477
21.35938
21.37038
21.38117
21.39237
21.40375
21.41486
21.42632
21.43699
21.44807
21.45937
21.47071
21.48156
21.49284
21.50416
TARGET DESTROYED 
21.51534
21.5304
21.54096
21.55165
21.56164
21.57247
21.58284
21.59299
21.60343
21.61351
21.62863
21.63942
21.64942
21.65955
21.67024
21.68135
21.69327
21.70337
21.71371
21.72422
21.73573
21.7472
21.75775
21.76909
21.78018
21.79132
21.80281
21.81357
21.82531
21.83621
21.84766
21.85853
21.86958
21.88129
21.8921
21.90321
21.91559
21.92708
21.93717
21.94839
21.95929
21.97061
21.98172
21.99282
22.0049
22.01581
22.02685
22.03815
22.04971
22.06092
22.0723
22.08375
22.09504
22.10621
22.11806
22.12881
22.14034
22.15192
22.16288
22.17434
22.18582
22.19658
22.20911
22.2196
22.23002
22.24132
22.25267
22.26344
22.27489
22.28627
22.2973
22.3084
22.3199
22.33077
22.34837
22.35923
22.37048
22.38139
22.39292
22.40429
22.41507
22.42618
22.44066
22.45198
22.46323
22.47425
22.48502
22.49564
22.50701
22.51801
22.52883
22.53933
22.55013
22.56009
22.57157
22.5825
22.59377
22.60522
22.61606
22.62774
22.63844
22.64969
22.66085
22.67179
22.68313
22.69436
22.70598
22.71682
22.72826
22.73956
22.75142
22.76261
22.77387
22.78568
22.79673
22.808
22.81952
22.83087
22.84224
22.85369
22.86692
22.87709
22.88854
22.89925
22.91129
22.92206
22.93325
22.94481
22.95618
22.96742
22.97819
22.98962
23.001
23.01174
23.02332
23.0348
23.04552
23.05869
23.06905
23.07984
23.09082
23.10151
23.11231
23.12355
23.13497
23.14569
23.15697
23.16843
23.17929
23.19045
23.20189
23.21276
23.22428
23.23549
23.24628
23.25749
23.26888
23.27973
23.29229
23.30297
23.31322
23.32523
23.33581
23.34685
23.3582
23.36969
23.38026
23.39183
23.40295
23.41382
23.42998
23.44033
23.45073
23.46109
23.47152
23.4815
23.49161
23.50183
23.51229
23.52286
23.53413
23.54546
23.55631
23.56805
23.57877
23.58979
23.60118
23.6123
23.62346
23.63485
23.64568
23.65688
23.66837
23.67968
23.69079
23.70193
23.71278
23.724
23.73547
23.74712
23.75801
23.76881
23.77983
23.79098
23.80233
23.81344
23.82506
23.83603
23.84735
23.85897
23.87001
23.88117
23.89309
23.90427
23.91537
23.92678
23.93844
23.94949
23.96056
23.97284
23.98356
23.99646
24.00942
24.0238
24.03486
24.046
24.05686
24.0683
24.07918
24.09066
24.10185
24.11279
24.12399
24.13553
24.14633
24.15753
24.16917
24.17985
24.19106
24.20228
24.2133
24.22507
24.23592
24.24689
24.25828
24.26946
24.2806
24.29153
24.30288
24.31377
24.32568
24.33685
24.34738
24.35902
24.37005
24.38139
24.39222
24.40353
24.41449
24.4259
24.43791
24.4486
24.46012
24.47179
24.48313
24.49814
24.50888
24.51959
24.52981
24.54089
TARGET DESTROYED 
24.56718
24.58256
24.59338
24.60459
24.61562
24.62698
24.63857
24.65014
24.66182
24.67173
24.68239
24.6937
24.70494
24.71588
24.72729
24.73817
24.74961
24.76071
24.77188
24.7833
24.79451
24.80571
24.81656
24.82773
24.83969
24.8502
24.86107
24.87253
24.88368
24.89486
24.90656
24.91771
24.92934
24.93981
24.95082
24.96181
24.97293
24.98437
24.99522
25.00629
25.01788
25.02896
25.04004
25.05154
25.06236
25.07348
25.0849
25.09565
25.1072
25.11831
25.1295
25.14129
25.15343
25.16478
25.17619
25.18859
25.19965
25.2113
25.22238
25.23453
25.2459
25.25723
25.26864
25.27955
25.29071
25.30204
25.31296
25.32427
25.33557
25.34697
25.35794
25.3729
25.38313
25.39375
25.40425
25.41444
25.42488
25.43545
25.44537
25.45569
25.46593
25.47745
25.48844
25.49961
25.51081
25.52196
25.53344
25.5444
25.55543
25.56668
25.57842
25.58883
25.6
25.6111
25.62248
25.63391
25.645
25.65584
25.66727
25.67816
25.6895
25.70088
25.71191
25.72314
25.73415
25.74527
25.7566
25.76801
25.77933
25.79065
25.80225
25.81362
25.82573
25.83627
25.8475
25.85878
25.87033
25.88171
25.89302
25.90477
25.91589
25.92684
25.93818
25.94957
25.96075
25.97189
25.98304
25.99435
26.00538
26.01661
26.02779
26.03931
26.04995
26.06123
26.07247
26.08376
26.09467
26.10588
26.1173
26.12822
26.1393
26.15129
26.16172
26.17283
26.18463
26.19605
26.20673
26.21766
26.22887
26.24005
26.25168
26.26237
26.27563
26.2864
26.29626
26.30692
26.31877
26.33027
26.34058
26.35223
26.36328
26.37408
26.38626
26.39659
26.40749
26.42276
26.4332
26.44333
26.4541
26.46405
26.47477
26.4849
26.495
26.50581
26.51668
26.52841
26.53887
26.55014
26.5614
26.57263
26.58378
26.59493
26.60602
26.61726
26.62836
26.63937
26.6509
26.66201
26.67321
26.68439
26.69553
26.7064
26.7177
26.72886
26.74015
26.75152
26.76242
26.77353
26.78518
26.79581
26.80734
26.81887
26.82973
26.8412
26.85277
26.86388
26.87553
26.88669
26.89828
26.90936
26.92166
26.9321
26.94305
26.95499
26.96575
26.97746
26.98861
26.99946
27.01068
27.02211
27.03301
27.04426
27.05539
27.06649
27.07778
TARGET DESTROYED 
27.089
27.10432
27.11481
27.12515
27.13575
27.14747
27.15923
27.17022
27.18032
27.19084
27.20111
27.21109
27.22135
27.23116
27.24117
27.25264
27.26263
27.27399
27.28587
27.29612
27.30741
27.31929
27.32975
27.34091
27.35233
27.36318
27.37461
27.38589
27.39678
27.40786
27.41924
27.43016
27.4417
27.4528
27.4675
27.47843
27.48913
27.49901
27.50938
27.51992
27.53083
27.54227
27.55378
27.56514
27.57637
27.58804
27.59955
27.61201
27.62261
27.63369
27.64508
27.6566
27.66799
27.67952
27.69082
27.70298
27.71464
27.72576
27.73667
27.74745
27.75846
27.76958
27.78071
27.7914
27.80263
27.81326
27.82475
27.83635
27.84706
27.85863
27.86965
27.88097
27.89211
27.90358
27.91518
27.92615
27.93738
27.94851
27.95984
27.97139
27.98245
27.99387
28.00514
28.01607
28.02725
28.03893
28.04965
28.06089
28.07231
28.08336
28.09446
28.10553
28.1165
28.12874
28.13895
28.15093
28.1615
28.1733
28.18481
28.1954
28.20595
28.21728
28.22893
28.23942
28.25104
28.26175
28.27314
28.28463
28.29578
28.31186
28.32232
28.33219
28.34253
28.35279
28.36314
28.37325
28.38338
28.3942
28.40467
28.41499
28.42537
28.43567
28.44668
28.45803
28.46912
28.48021
28.49134
28.50284
28.51368
28.5249
28.53654
28.54725
28.55837
28.56972
28.58064
28.59206
28.6032
28.61456
28.62598
28.63672
28.64777
28.65912
28.6704
28.68116
28.69271
28.70397
28.71518
28.72668
28.73836
28.74949
28.76073
28.77237
28.78413
28.79497
28.80633
28.81821
28.82954
28.84072
28.85233
28.86343
28.87493
28.88644
28.8974
28.9092
28.92115
28.93246
28.94366
28.95437
28.96541
28.97666
28.98771
28.99885
29.01028
29.02199
29.03275
29.04432
29.05513
29.06607
29.0772
29.0883
29.09938
29.11073
29.12168
29.13334
29.14886
29.15963
29.17109
29.18152
29.19237
29.20412
29.21471
29.22932
29.24182
29.25323
29.26366
29.27465
29.28522
29.29605
29.30693
29.32119
