0.02
0.04
0.14
0.1773635
0.1908699
0.2033308
0.2144222
0.2254767
0.2366887
0.2475639
0.2586274
0.2700957
0.2813302
0.2927469
0.3055479
0.3163066
0.3271228
0.3376781
0.3480561
0.3591863
0.3707621
0.3862273
0.3962409
0.4063583
0.4160295
0.4261515
0.4378123
0.4489114
0.4598796
0.4711959
0.4823251
0.4935378
0.5046052
0.5157383
0.5267768
0.5382189
0.5491611
0.5603192
0.5715947
0.5829505
0.5938712
0.6052154
0.6163918
0.627345
0.6386253
0.649608
0.6607468
0.6720785
0.6833313
0.6942748
0.7060514
0.7169112
0.7279657
0.7390049
0.7505438
0.7614946
0.7726505
0.7840172
0.7947647
0.8060133
0.8182223
0.828413
0.8397305
0.8511376
0.8620073
0.8733162
0.8845327
0.9006447
0.9117955
0.9228237
0.9342886
0.9452314
0.956463
0.9679539
0.9787463
0.9898252
1.002136
1.012843
1.0232
1.03468
1.04671
1.05696
1.068479
1.079209
1.090333
1.103153
1.11351
1.124246
1.135007
1.146309
1.157306
1.168545
1.179708
1.194741
1.204774
1.214687
1.225157
1.235357
1.245161
1.255578
1.267411
1.278017
1.289197
1.300728
1.311559
1.322607
1.334383
1.344967
1.356134
1.367675
1.378819
1.389714
1.40141
1.412269
1.423128
1.434691
1.445949
1.456598
1.468204
1.479489
1.490171
1.50153
1.512825
1.523603
1.535437
1.54595
1.557531
1.568892
1.580679
1.59122
1.60274
1.61446
1.62509
1.636596
1.648123
1.658988
1.670442
1.682187
1.693443
1.704415
1.716394
1.72695
1.738302
1.749443
1.760364
1.771797
1.783319
1.793882
1.805063
1.816467
1.827426
1.838638
1.85018
1.860934
1.872281
1.883705
1.894567
1.905875
1.917417
1.92794
1.939234
1.950803
1.961805
1.972561
1.988101
1.998312
2.009672
2.020109
2.030484
2.041343
2.052909
2.063153
2.073893
2.084471
2.094514
2.107163
2.118098
2.128462
2.138652
2.148551
2.159253
2.170559
2.181431
2.192555
2.203871
2.215104
2.226205
2.23735
2.248525
2.25955
2.270929
2.28214
2.293265
2.304362
2.315606
2.326917
2.338211
2.34899
2.360177
2.37162
2.38276
2.393604
2.404807
2.416379
2.427915
2.438974
2.450611
2.461833
2.472961
2.485239
2.495895
2.507083
2.518853
2.530022
2.541717
2.553381
2.563816
2.575427
2.58671
2.599788
2.609998
2.620995
2.632957
2.643746
2.654043
2.665129
2.676557
2.689403
2.699181
2.709949
2.72173
2.733137
2.744137
2.75624
2.766198
2.776886
2.793167
2.803741
2.81401
2.824189
2.834778
2.844808
2.855363
2.866225
2.876741
2.887699
2.897973
2.90859
2.919084
2.929642
2.94026
2.951105
2.962401
2.973123
2.984642
2.995417
3.007221
3.018554
3.029417
3.040175
3.0516
3.062593
3.073604
3.085162
3.095931
3.106997
3.118695
3.129478
3.14065
3.15202
3.163306
3.174157
3.185626
3.196809
3.208244
3.21949
3.231029
3.242322
3.253894
3.265038
3.276716
3.28788
3.299483
3.310777
3.322382
3.333702
3.345027
3.35641
3.368191
3.379105
3.390978
3.402017
3.413677
3.426205
3.437754
3.448987
3.460358
3.471731
3.482276
3.49291
3.503806
3.514809
3.526079
3.537654
3.547856
3.558217
3.569877
3.58556
3.596221
3.607573
3.618506
3.628854
3.639757
3.6507
3.661575
3.67223
3.682742
3.693193
3.703861
3.7154
3.726271
3.737079
3.748026
3.759215
3.770101
3.780513
3.791237
3.802069
3.813659
3.824658
3.835547
3.84598
3.856764
3.868044
3.87914
3.889994
3.900933
3.912307
3.92289
3.93385
3.94482
3.956024
3.967421
3.978371
3.989486
4.00107
4.012201
TARGET DESTROYED 
4.023616
4.042553
4.05444
4.073749
4.086258
4.096705
4.107277
4.118153
4.128756
4.13971
4.151044
4.161852
4.173011
4.183739
4.194314
4.205014
4.21559
4.226934
4.237429
4.247894
4.258475
4.268992
4.279955
4.291061
4.302425
4.313599
4.324528
4.340331
4.351083
4.361839
4.372289
4.382813
4.393932
4.404447
4.41476
4.425234
4.436376
4.447447
4.458637
4.46993
4.480973
4.492584
4.50352
4.514785
4.525673
4.536859
4.547985
4.558998
4.571117
4.58154
4.592827
4.603875
4.61507
4.626354
4.637612
4.649273
4.661078
4.673093
4.68488
4.695807
4.706724
4.718555
4.729442
4.740884
4.752348
4.763968
4.774937
4.787109
4.797436
4.808951
4.819926
4.83191
4.84299
4.854247
4.865619
4.876792
4.887941
4.899437
4.91036
4.921646
4.932834
4.944397
4.95493
4.966413
4.977359
4.989597
5.000176
5.011324
5.02221
5.033622
5.044982
5.056188
5.066935
5.078203
5.089128
5.100891
5.11154
5.123428
5.138928
5.150023
5.160272
5.171381
5.181431
5.192099
5.202773
5.212772
5.223392
5.234025
5.244994
5.255723
5.266087
5.276356
5.286716
5.296999
5.308116
5.318942
5.330133
5.341382
5.352405
5.363812
5.374543
5.385973
5.397042
5.408585
5.419565
5.430326
5.44161
5.453055
5.464194
5.475366
5.486528
5.497465
5.508463
5.520132
5.531208
5.542067
5.553418
5.5646
5.575944
5.587194
5.598407
5.610002
5.621557
5.632782
5.644138
5.655823
5.667356
5.67904
5.689956
5.701799
5.713206
5.724761
5.735868
5.747281
5.758272
5.77039
5.781849
5.792768
5.803983
5.815081
5.826232
5.837612
5.848818
5.859877
5.871006
5.882485
5.893208
5.90436
5.915694
5.931008
5.941414
5.952347
5.96227
5.972838
5.983454
5.993886
6.004179
6.014681
6.025106
6.036328
6.046428
6.058118
6.068717
6.079914
6.091165
6.102407
6.113281
6.124508
6.135476
6.146722
6.157748
6.169023
6.180073
6.19141
6.20262
6.213735
6.224913
6.236206
6.247304
TARGET DESTROYED 
6.258615
6.274328
6.285419
6.295432
6.306199
6.31634
6.326544
6.337151
6.34989
6.359962
6.370903
6.382485
6.393805
6.405139
6.416058
6.433587
6.445074
6.455819
6.466051
6.476406
6.486843
6.497176
6.507214
6.518263
6.528288
6.539402
6.549704
6.560116
6.571103
6.581542
6.592146
6.603247
6.614452
6.625609
6.636743
6.647869
6.658947
6.670283
6.681728
6.693535
6.708998
6.71958
6.729844
6.740413
6.751035
6.761711
6.772679
6.784519
6.795422
6.80647
6.817311
6.827921
6.838472
6.849269
6.859971
6.871274
6.88307
6.893885
6.905481
6.9173
6.928449
6.940259
6.951599
6.962361
6.973611
6.984706
6.995992
7.006952
7.01899
7.029491
7.040586
7.052007
7.062822
7.074167
7.085729
7.096971
7.108234
7.119689
7.131224
7.142306
7.153728
7.165024
7.176452
7.187723
7.199998
7.210396
7.221982
7.233045
7.244447
7.256048
7.267525
7.278713
7.290135
7.301055
7.31208
7.322911
7.33458
7.345463
7.356792
7.36816
7.379012
7.390113
7.401914
7.412467
7.423738
7.43506
7.446335
7.457016
7.468607
7.479625
7.491193
7.50756
7.541003
7.552114
7.563997
7.5749
7.586365
7.597303
7.609014
7.62003
7.630935
7.642024
7.653331
7.664743
7.675609
7.686659
7.69812
7.708944
7.720385
7.731501
7.742572
7.753789
7.764865
7.775972
7.787858
7.798419
7.809634
7.821157
7.832117
7.843109
7.854182
7.865444
7.876592
7.887732
7.899674
7.910018
7.921258
7.932572
7.94361
7.95493
7.965866
7.977305
7.988316
7.999581
8.011042
8.021914
8.033335
8.044297
8.055211
8.0667
8.07756
8.088776
8.100408
8.111394
TARGET DESTROYED 
8.122607
8.137751
8.155762
8.167208
8.178915
8.189768
8.20086
8.21178
8.223137
8.234206
8.245395
8.25631
8.267958
8.279754
8.290531
8.301304
8.316626
8.326898
8.337706
8.347885
8.358188
8.368444
8.379529
8.390537
8.40184
8.412919
8.423925
8.435237
8.446765
8.457314
8.46874
8.479861
8.491069
8.502406
8.513433
8.5245
8.535843
8.546796
8.558048
8.569118
8.580328
8.591452
8.603233
8.613924
8.624856
8.636153
8.647623
8.658987
8.670609
8.682097
8.694417
8.705492
8.717001
8.728484
8.740494
8.751781
8.763412
8.774333
8.785713
8.799311
8.811124
8.823764
8.835472
8.847733
8.859597
8.871326
8.882827
8.894737
8.907362
8.919292
8.931352
8.942863
8.955487
8.967197
8.979218
8.991018
9.003207
9.015645
9.02766
9.039602
9.051186
9.062709
9.074636
9.085812
9.096677
9.108352
9.125439
9.136744
9.147985
9.15919
9.170914
9.183141
9.194739
9.206071
9.217219
9.228919
9.239862
9.25167
9.262767
9.273468
9.284853
9.29584
9.306966
9.318907
9.329883
9.341117
9.352386
9.363129
9.374212
9.386199
9.397396
9.40877
9.420318
9.431409
9.443275
9.454696
9.465686
9.476935
9.488235
9.499146
9.510425
9.523247
9.535378
9.547007
9.558129
9.569578
9.580757
9.592052
9.603724
9.614672
9.626023
9.637541
9.648831
9.660754
9.672509
9.683798
9.694888
9.706288
9.7177
9.729207
9.740201
9.751671
9.763541
9.775418
9.786716
9.797773
9.809689
9.822102
9.833834
9.844938
9.856335
9.868029
9.879073
9.890272
9.902155
9.913111
9.9241
9.935906
9.952112
9.963262
9.974474
9.985972
9.996957
10.00837
10.02022
10.03244
10.04369
10.05534
10.06623
10.07712
10.08831
10.10073
10.11139
10.12298
10.13444
10.14589
10.15676
10.16833
10.17912
10.19106
10.20257
10.21349
10.22475
10.23647
TARGET DESTROYED 
10.24767
10.26457
10.27608
10.28736
10.29833
10.30986
10.32307
10.34104
10.3538
10.36507
10.37658
10.38887
10.40131
10.41328
10.42463
10.43594
10.4473
10.4587
10.46984
10.48111
10.49244
10.50375
10.51483
10.52588
10.53814
10.54925
10.56149
10.57347
10.58475
10.59593
10.60744
10.6187
10.63037
10.64187
10.65358
10.66453
10.67592
10.68713
10.69874
10.71009
10.72147
10.73269
10.744
10.76068
10.77282
10.78367
10.79475
10.80632
10.81818
10.82939
10.84035
10.85203
10.86321
10.87442
10.88708
10.89863
10.90982
10.92115
10.93232
10.94384
10.95567
10.96672
10.97861
10.98986
11.00113
11.01279
11.02422
11.03601
11.04731
11.0592
11.0712
11.08243
11.09377
11.10484
11.11631
11.12759
11.13858
11.14964
11.16091
11.172
11.18316
11.19502
11.2062
11.21717
11.22883
11.24041
11.25174
11.26274
11.27503
11.28616
11.29708
11.30845
11.32027
11.33208
11.34354
11.35534
11.36755
11.37873
11.39128
11.40306
11.41489
11.42631
11.43774
11.44882
11.45991
11.47163
11.48293
11.49403
11.50617
11.51841
11.52961
11.54052
11.55195
11.56275
11.57454
11.58596
11.60341
11.61452
11.62571
11.63701
11.64871
11.65997
11.67175
11.68291
11.69465
11.70596
11.71689
11.72812
11.73982
11.75098
11.76195
11.77396
11.78619
11.79767
11.8089
11.82155
11.8327
11.84392
11.85526
11.86649
11.87779
11.88943
11.90114
11.91269
11.92386
11.93563
11.94696
11.95821
11.96949
11.98059
11.9922
12.00392
12.01622
12.02829
12.03989
12.05164
12.06266
12.0742
12.08647
12.09894
12.11053
12.12283
12.13458
12.1462
12.1574
12.1687
12.17992
12.19157
12.20412
12.21598
12.22733
12.23898
12.25032
12.26172
12.27336
12.28514
12.2963
12.30766
12.31934
12.33073
12.3424
12.35461
12.36726
12.37874
12.39015
12.4019
12.4129
12.42472
12.43623
12.45297
12.46495
12.47651
12.4882
12.4994
12.51106
12.52327
12.53488
12.54599
12.55765
12.56899
12.58005
12.59124
12.60334
12.61434
12.62616
12.63764
12.64954
12.66146
12.673
12.68441
12.69575
12.70718
12.71866
12.72988
12.74168
12.75351
12.76462
12.77625
12.78775
12.79919
12.81117
12.82319
12.83598
12.84719
12.85844
12.87016
12.88153
12.89315
12.90484
12.91643
12.92832
12.94011
12.95208
12.9634
12.97555
12.98743
12.999
13.0109
13.02311
13.03545
13.04739
13.05949
13.07078
13.08205
13.09349
13.10525
13.11666
13.13004
13.14196
13.15378
13.16562
13.17683
13.18882
13.20063
13.21258
13.22468
13.23621
13.24733
13.25864
13.27034
13.28311
13.29928
13.31076
13.32207
13.33302
13.3444
13.35625
13.36771
13.3791
13.39023
13.40233
13.41365
13.42539
13.43766
13.44887
13.46021
13.47273
13.48405
13.49533
13.50637
13.51779
13.52982
13.54112
13.55254
13.56364
13.57437
13.58576
13.59725
13.60829
13.61961
13.63119
13.64293
13.6539
13.66488
13.67617
13.68762
13.6986
13.70964
13.72108
13.7318
13.74287
13.75423
13.76505
13.77632
TARGET DESTROYED 
13.78837
13.8052
13.81649
13.8274
13.84
13.85168
13.8637
13.87492
13.88625
13.89733
13.90859
13.92597
13.93848
13.95003
13.96083
13.97187
13.98227
13.99323
14.00422
14.01554
14.02696
14.03856
14.04928
14.06069
14.07153
14.08223
14.09341
14.10931
14.12111
14.13205
14.14292
14.15415
14.16536
14.17656
14.18777
14.19903
14.21188
14.22295
14.2343
14.24502
14.2563
14.26895
14.28017
14.29169
14.30347
14.31446
14.3259
14.33744
14.34967
14.36136
14.37278
14.38408
14.39498
14.40719
14.41917
14.43065
14.44174
14.4532
14.46438
14.4761
14.48761
14.49862
14.51123
14.52303
14.53418
14.54545
14.55651
14.56832
14.57951
14.59046
14.60181
14.61333
14.62447
14.63614
14.64747
14.65821
14.66999
14.68196
14.69315
14.70426
14.71536
14.72747
14.73861
14.74948
14.76095
14.77254
14.78399
14.79492
14.80572
14.81709
14.82797
14.83962
14.85233
14.86287
14.87341
14.88471
14.89565
14.90627
14.91743
14.93379
14.94476
14.95549
14.96626
14.97711
14.98777
14.99875
15.01037
15.02221
15.0328
15.04304
15.05332
15.06294
15.07307
15.08334
15.09351
15.10376
15.11476
15.1259
15.13695
15.14841
15.15946
15.17053
15.18162
15.1932
15.20486
15.21534
15.22633
15.23757
15.24881
15.25982
15.27114
15.28233
15.29332
15.30486
15.31593
15.32689
15.33831
15.3494
15.36026
15.37196
15.38338
15.39453
15.40629
15.41789
15.43014
15.44175
15.45339
15.46501
15.47687
15.48868
15.50037
15.51254
15.52512
15.53707
15.54867
15.56017
15.57216
15.58436
15.59583
15.60745
15.61888
15.63041
15.64209
15.65368
15.66508
15.6781
15.68932
15.70025
15.71143
15.72396
15.7356
15.74705
15.7627
15.77439
15.78537
15.79611
15.80715
15.81873
15.83013
15.84085
15.85219
15.86427
15.87486
15.88563
15.89711
15.90843
15.9193
15.93047
15.94162
15.95265
15.96364
15.97497
15.98605
15.99713
16.00821
16.01946
16.03068
16.04189
16.05309
16.06421
16.07528
16.08656
16.09791
16.10887
16.12049
16.13221
16.14264
16.15373
16.16546
16.17588
16.18707
16.19832
16.21074
16.22342
16.23587
16.24763
16.26011
16.27223
16.28435
16.29435
16.30488
16.3151
16.325
16.33595
16.34582
16.35642
16.36681
16.3768
16.38809
16.39931
16.41064
16.42161
16.43276
16.44409
16.45509
TARGET DESTROYED 
16.46631
16.48143
16.49168
16.50226
16.51231
16.52288
16.53354
16.54428
16.55578
16.56726
16.58948
16.60096
16.61166
16.62263
16.63417
16.64504
16.65602
16.66757
16.67862
16.68961
16.70147
16.71206
16.72348
16.73461
16.74573
16.75693
16.76804
16.77906
16.79009
16.80164
16.81317
16.82365
16.83514
16.846
16.85731
16.86904
16.87977
16.8906
16.90214
16.91309
16.92459
16.93566
16.94665
16.95792
16.96946
16.98012
16.99118
17.0027
17.01361
17.02475
17.03619
17.04712
17.05824
17.06947
17.0811
17.09192
17.10369
17.11518
17.12659
17.13826
17.15001
17.16134
17.1728
17.18522
17.19613
17.20775
17.21926
17.23054
17.24182
17.25303
17.2643
17.27538
17.28654
17.29785
17.30899
17.32004
17.33127
17.34237
17.35386
17.36499
17.37587
17.38725
17.39828
17.40945
17.42074
17.43734
17.44833
17.4589
17.4691
17.47942
17.48972
17.49996
17.51053
17.5211
17.53219
17.54305
17.55392
17.56404
17.57423
17.58448
17.59484
17.60573
17.61695
17.62778
17.63895
17.65042
17.66155
17.67248
17.68401
17.69517
17.70616
17.71757
17.72854
17.73964
17.75117
17.7621
17.77348
17.78485
17.79548
17.80653
17.81827
17.82903
17.84088
17.85156
17.86254
17.87409
17.88521
17.89672
17.90808
17.91945
17.93094
17.94221
17.95373
17.96529
17.97676
17.98799
17.99962
18.01135
18.02268
18.03406
18.04587
18.05658
18.06828
18.08004
18.09099
18.10206
18.11344
18.12434
18.13587
18.1467
18.1578
18.16906
18.18025
18.19144
18.20274
18.21439
18.22491
18.23607
18.24739
18.25823
18.26975
18.28089
18.2923
18.3088
18.31919
18.32927
18.33992
18.3504
18.36107
18.37184
18.38196
18.39199
18.40284
18.41289
18.42359
18.43385
18.44546
18.45548
18.46556
18.47727
18.48801
18.49905
18.51034
18.5215
18.53302
18.5439
18.55513
18.5662
18.57727
18.58851
18.60018
18.61101
18.62241
18.63312
18.64445
18.65559
18.66688
18.67797
18.68905
18.70037
18.71153
18.72396
18.73403
18.74554
18.75691
18.76836
18.77961
18.79096
18.80284
18.81375
18.82541
18.83667
18.84804
18.85942
18.87111
18.88241
18.8938
18.90513
18.91693
18.92793
18.94022
18.95086
18.96204
18.97472
18.98597
18.99631
19.00697
19.01816
19.02942
19.04011
19.05162
19.06273
19.07408
19.08534
19.09624
19.10729
19.11878
19.12957
19.14093
19.15231
19.16361
19.17845
19.18966
19.20035
19.21047
19.22132
19.23191
19.24196
19.25231
19.26221
19.27386
19.28426
19.29414
19.30453
19.3153
19.32646
19.33764
19.34889
19.36005
19.37111
19.3827
19.39348
19.40463
19.41656
19.42707
19.43842
19.44948
19.46036
19.47176
19.48297
19.49392
19.50521
19.51643
19.52754
19.53897
19.55014
19.561
19.57222
19.58409
19.59499
19.6064
19.61805
19.62931
19.6406
19.65216
19.66338
19.67455
19.68633
19.69769
19.7088
19.72038
19.73175
19.74308
19.7543
19.7656
19.77703
19.78847
19.79981
19.81109
19.82212
19.83374
19.84454
19.85647
19.86714
19.87827
19.89031
19.9008
19.9115
19.92286
19.93411
19.94546
19.95616
19.96771
19.97861
19.98967
20.00138
20.01257
20.0233
20.03898
20.04912
20.05934
20.06942
20.07958
20.08975
20.09992
20.1099
20.12035
20.13145
20.1426
20.15363
20.16522
20.17609
20.18726
20.19838
20.20978
20.22097
20.23215
20.2431
20.25426
20.2655
20.27657
20.28783
20.29886
20.30997
20.32191
20.3323
20.34374
20.35482
20.36677
20.3772
20.38855
20.39953
20.41062
20.42203
20.4335
20.44534
20.45671
20.46782
20.47924
20.49017
20.50192
20.51296
20.52423
20.53577
20.54713
20.55865
20.57001
20.58099
20.59242
20.60391
20.61545
20.62626
20.63796
20.64876
20.65985
20.67128
20.68228
20.69378
20.70461
20.71581
20.72728
20.73804
20.74917
20.7604
20.77204
20.78385
20.79446
20.80556
20.81616
20.82737
20.83904
20.84997
20.86114
20.8723
20.88356
20.89662
20.91221
20.92268
20.93465
20.94579
20.95679
20.96836
20.97915
20.99036
21.00193
21.01282
21.02376
21.03496
21.04627
21.05755
21.06864
21.07953
21.09084
21.10238
21.11326
21.12435
21.13551
21.14663
21.15795
21.16914
21.18029
21.19136
21.20264
21.2137
21.22533
21.23608
21.24711
21.25858
21.26965
21.28136
21.29248
21.30391
21.31518
21.3267
21.33786
21.34933
21.36123
21.37208
21.38383
21.39479
21.4064
21.41828
21.4293
21.44052
21.45229
21.46346
21.47463
21.48616
21.49751
21.50872
21.52046
21.53114
21.54242
21.55357
21.56466
21.57598
21.58713
21.59819
21.6094
21.62058
21.63186
21.64271
21.65396
21.66508
21.67641
21.68736
21.6987
21.7099
21.72103
21.73249
21.74345
21.7544
21.76571
21.78116
21.79154
21.8024
21.8129
21.8237
21.83492
21.84489
21.85571
21.8659
21.87626
21.88739
21.89755
21.90873
21.91898
21.92967
21.94075
21.95201
21.96301
21.9747
21.98548
21.99648
22.00807
22.01902
22.03003
22.04132
22.05249
22.06411
22.0747
22.08609
22.09698
22.10813
22.11935
22.13042
22.14173
22.15294
22.16398
22.17534
22.18662
22.19823
22.20957
22.22102
22.23218
22.24387
22.255
22.26632
22.27779
22.28891
22.30097
22.31195
22.32368
22.3351
22.34613
22.3575
22.36869
22.38004
22.39157
22.40247
22.41384
22.42476
22.43643
22.44746
22.45848
22.46993
22.48088
22.49203
22.50327
22.51616
22.52672
22.53854
22.54875
22.55909
22.57026
22.58161
22.59346
22.60377
22.61467
22.62607
22.63727
22.65384
22.66451
22.67529
22.68605
22.69662
22.708
22.71856
22.72924
22.74079
22.75146
22.7619
22.77374
22.78413
22.79452
22.80488
22.81474
22.82487
22.83547
22.84611
22.85648
22.86691
22.87774
22.88905
22.90028
22.9118
22.92234
22.93371
22.94467
22.95597
22.96732
22.97855
22.98983
23.00113
23.01246
23.02291
23.03445
23.04555
23.05689
23.06821
23.07924
23.09018
23.1023
23.11271
23.1236
23.1348
23.14739
23.1575
23.16869
23.18017
23.1917
23.20287
23.2143
23.22609
23.23707
23.25233
23.26346
23.27432
23.28481
23.29472
23.30587
23.32006
