0.02
0.04
0.14
0.1781523
0.1916356
0.2023931
0.2144645
0.2244549
0.2339962
0.2442949
0.2542029
0.2638138
0.2733782
0.2840512
0.2975644
0.3072221
0.3175366
0.3289979
0.3398631
0.3571415
0.3669057
0.3769693
0.3867134
0.3962835
0.4072613
0.4180666
0.4293694
0.4438372
0.454417
0.4644664
0.475016
0.4849778
0.4962344
0.5073284
0.5186354
0.5296434
0.5409129
0.5520656
0.5637004
0.5744232
0.5853818
0.5965351
0.6079445
0.6189255
0.6299576
0.6416267
0.6523951
0.6635776
0.675077
0.6857187
0.6970192
0.7084263
0.7193432
0.7304631
0.7416463
0.7528099
0.7643729
0.7750867
0.7863735
0.7976699
0.8086904
0.8199893
0.8311712
0.8421186
0.8537252
0.8645154
0.8756424
0.8911121
0.9022006
0.9145983
0.9248623
0.9360487
0.9484669
0.9587563
0.9702606
0.981615
0.9925514
1.004369
1.014899
1.026008
1.03724
1.049125
1.059326
1.070986
1.081661
1.093152
1.105312
1.115123
1.126422
1.137722
1.14887
1.160419
1.172001
1.182105
1.193239
1.205218
1.215746
1.22702
1.238717
1.249825
1.260361
1.273396
1.283079
1.29369
1.305485
1.316198
1.32757
1.338913
1.349725
1.360793
1.372772
1.383415
1.394164
1.405871
1.416551
1.427875
1.439372
1.449885
1.461262
1.472749
1.483579
1.495012
1.506206
1.517221
1.528544
1.539983
1.550899
1.562272
1.574204
1.589382
1.599129
1.609503
1.619175
1.62862
1.638221
1.648213
1.659693
1.669136
1.680217
1.691326
1.702349
1.713447
1.724727
1.735954
1.746977
1.758295
1.769301
1.780487
1.791696
1.802688
1.814059
1.825338
1.83619
1.848125
1.858912
1.869907
1.881101
1.892636
1.903766
1.914577
1.925685
1.937049
1.948089
1.959355
1.970865
1.982053
1.993055
2.005009
2.016192
2.027487
2.03909
2.050317
2.061845
2.073434
2.084428
2.096078
2.107643
2.118599
2.130235
2.141428
2.15309
2.164476
2.175715
2.188598
2.198595
2.209888
2.221736
2.232113
2.243302
2.254834
2.265857
2.276807
2.288446
2.299368
2.310461
2.322263
2.332884
2.343987
2.355647
2.366181
2.377262
2.388935
2.39955
2.410989
2.42234
2.433291
2.444328
2.456219
2.467173
2.478046
2.489475
2.50022
2.511334
2.522949
2.534547
2.545003
2.556279
2.567343
2.578506
2.590767
2.600858
2.612087
2.623607
2.634532
2.646659
2.657921
2.668531
2.679771
2.695605
2.706452
2.716718
2.727355
2.738082
2.748592
2.759311
2.769346
2.780024
2.790882
2.801026
2.811291
2.821836
2.832234
2.842806
2.85321
2.863842
2.875231
2.886332
2.897492
2.908546
2.920335
2.930979
2.942368
2.953649
2.964463
2.975708
2.987335
2.997903
3.009248
3.020427
3.031552
3.042737
3.053997
3.064905
3.076168
3.087479
3.098747
3.10956
3.121005
3.13186
3.143404
3.155264
3.166019
3.177542
3.189352
3.200418
3.211844
3.223342
3.234707
3.246323
3.257842
3.269166
3.28041
3.291862
3.303701
3.314544
3.326055
3.338163
3.349062
3.360435
3.372605
3.383001
3.394066
3.405518
3.416376
3.427446
3.439224
3.449675
3.460815
3.472474
3.483314
3.494335
3.505951
3.51674
3.527973
3.539347
3.550111
3.561738
3.573282
3.58381
3.594979
3.606334
3.617231
3.628388
3.639921
3.65059
3.662101
3.6746
3.685355
3.696373
3.708677
3.718973
3.730058
3.741182
3.751925
3.763112
3.773907
3.78458
3.795577
3.812097
3.82339
3.834449
3.845209
3.857984
3.869167
3.880594
3.891539
3.902696
3.913821
3.925199
3.936347
3.94738
3.958699
3.969625
3.981089
3.992569
4.003367
4.014496
4.025496
4.037226
4.048058
4.059431
4.070884
4.081459
4.092648
4.104099
4.114993
4.126629
4.13779
4.148949
4.159964
4.171225
4.182412
4.193298
4.204965
4.215525
4.226918
4.23828
4.249706
4.260724
4.271821
4.282582
4.29386
4.305586
4.316757
4.328501
4.339951
4.351547
4.363597
4.374718
4.385638
4.39712
4.408967
4.419939
4.431491
4.442963
4.455311
4.466605
4.477841
4.489111
4.499658
4.511187
4.522469
4.533399
4.544412
4.555705
4.56712
4.578485
4.589503
4.600313
4.611601
4.62264
4.633586
4.644879
4.656214
4.667529
4.680642
4.691551
4.703179
4.714295
4.725664
4.73648
4.747462
4.758746
4.769782
4.780781
4.792167
4.803154
4.814742
4.825983
4.837163
4.848568
4.859935
4.87107
4.882355
4.894276
4.905458
4.916414
4.927538
4.943529
4.955051
4.965688
4.977262
4.988318
4.999329
5.010599
5.021697
5.033072
5.044165
5.055004
5.065932
5.076802
5.087669
5.099072
5.110085
5.121394
5.132326
5.143646
5.154593
5.165906
5.177706
5.189646
5.200497
5.2113
5.22302
5.234045
5.244915
5.256056
5.266603
5.277742
5.289267
5.300217
5.311467
5.322397
5.33319
5.344385
5.355163
5.365996
5.37708
5.388688
5.399576
5.410588
5.422328
5.432973
5.444551
5.455821
5.466547
5.477922
5.489673
5.501356
5.512903
5.52448
5.536099
5.547943
5.559084
5.570878
5.5824
5.59371
5.605764
5.616455
5.627601
5.639971
5.650934
5.662801
5.674133
5.685516
5.696855
5.707696
5.718601
5.729879
5.74125
5.751836
5.762903
5.774252
5.785212
5.796293
5.807211
5.817838
5.828834
5.839823
5.850753
5.861823
5.873403
5.884794
5.89547
5.906809
5.917838
5.928718
5.940234
5.951023
5.962736
5.974075
5.984965
5.995826
6.007494
6.018213
6.029403
6.040614
6.051573
6.068138
6.079296
6.090262
6.101208
6.111702
6.122771
6.133417
6.144535
6.155155
6.166148
6.177408
6.188206
6.198955
6.210052
6.221172
6.231919
6.24315
6.254148
6.264904
6.275769
6.287378
6.298342
6.309535
6.320111
6.331019
6.342251
6.353266
6.363806
6.374973
6.385921
6.396826
6.408282
6.419372
6.430517
6.441381
6.451869
6.462924
6.474056
6.484901
6.495613
6.506305
6.516744
6.528093
6.539155
6.550169
6.561325
6.574097
6.585052
6.596627
6.609042
6.622335
6.634017
6.646213
6.657634
6.668788
6.680519
6.691602
6.702813
6.713872
6.725243
6.735738
6.746593
6.757585
6.767817
6.778648
6.789341
6.799974
6.811034
6.82168
6.832487
6.843508
6.854412
6.865446
6.876675
6.887773
6.898955
6.911157
6.922143
6.933003
6.944195
6.954873
6.965426
6.976518
6.987011
6.997525
7.010311
7.021053
7.031544
7.04248
7.052649
7.063872
7.07522
7.086339
7.097519
7.108441
7.120193
7.131005
7.142646
7.15416
7.165314
7.181602
7.192687
7.203144
7.213507
7.224082
7.233977
7.244955
7.255667
7.266482
7.27801
7.289062
7.300144
7.311698
7.322912
7.333452
7.344718
7.35601
7.367078
7.378728
7.390117
7.400918
7.412475
7.424049
7.435137
7.446081
7.457556
7.468576
7.479827
7.491583
7.502398
7.513431
7.525185
7.536014
7.547637
7.559411
7.57135
7.58287
7.594453
7.606618
7.617914
7.629688
7.641233
7.651952
7.663427
7.675262
7.686723
7.697411
7.709485
7.720503
7.731257
7.742125
7.753211
7.764135
7.775393
7.785924
7.796292
7.807622
7.818455
7.829646
7.840456
7.851773
7.862364
7.873041
7.884212
7.92052
7.932502
7.944005
7.955158
7.966707
7.97804
7.99114
8.002398
8.013773
8.024858
8.035901
8.047807
8.059256
8.070406
8.081945
8.093568
8.105662
8.117589
8.128914
8.140269
8.151394
8.162579
8.174621
8.185834
8.197207
8.209048
8.220512
8.23178
8.242961
8.254509
8.266223
8.277641
8.289232
8.300424
8.312271
8.323884
8.340292
8.351386
8.362548
8.374702
8.385537
8.396637
8.408247
8.419181
8.43093
8.442287
8.45409
8.4651
8.476487
8.488749
8.499634
8.511238
8.522777
8.534155
8.545197
8.556686
8.568308
8.579799
8.592004
8.603528
8.614954
8.628248
8.639661
8.650918
8.66229
8.674218
8.685516
8.697345
8.709847
8.721995
8.733634
8.745002
8.756734
8.767567
8.779047
8.789707
8.800443
8.811152
8.821846
8.833238
8.843727
8.855378
8.865501
8.876379
8.887275
8.89782
8.90847
8.918315
8.929305
8.940417
8.951764
8.962669
8.974005
8.985124
8.996261
9.007911
9.018629
9.03018
9.040897
9.051941
9.063251
9.074415
9.085689
9.097012
9.108318
9.119497
9.131252
9.143601
9.155943
9.167591
9.179836
9.191701
9.203255
9.214818
9.226577
9.238338
9.250055
9.261495
9.2732
9.285316
9.297969
9.309821
9.321113
9.332752
9.344314
9.355909
9.367228
9.378522
9.390139
9.401472
9.412993
9.424563
9.436438
9.447974
9.45988
9.471943
9.48832
9.499893
9.511363
9.522937
9.53407
9.545535
9.558043
9.570088
9.581863
9.594291
9.606398
9.618393
9.630215
9.642012
9.654221
9.666382
9.678418
9.690095
9.701182
9.716387
9.728501
9.739346
9.749705
9.760035
9.77124
9.781641
9.79181
9.801745
9.812504
9.823506
9.833874
9.845254
9.856915
9.867395
9.878732
9.890112
9.900942
9.912199
9.923656
9.934344
9.945789
9.957069
9.968275
9.979063
9.990303
10.00178
10.01374
10.02516
10.03666
10.04791
10.05933
10.07085
10.08219
10.09357
10.10537
10.11689
10.12863
10.13989
10.15099
10.16219
10.17367
10.18522
10.19654
10.20843
10.21932
10.23064
10.24137
10.25191
10.26304
10.27403
10.28479
10.29524
10.30613
10.31653
10.32793
10.3391
10.35038
10.36176
10.3734
10.38383
10.39472
10.4066
10.41782
10.42824
10.43977
10.45067
10.46183
10.47324
10.48482
10.49555
10.50684
10.5181
10.52934
10.54048
10.55163
10.56367
10.5748
10.58578
10.59739
10.60785
10.61913
10.63472
10.64564
10.65747
10.66822
10.67955
10.69044
10.70115
10.71182
10.72287
TARGET DESTROYED 
10.74329
10.75488
10.77498
10.78697
10.79792
10.80908
10.81939
10.8298
10.84062
10.85104
10.86215
10.87307
10.8839
10.89524
10.90669
10.91752
10.92871
10.93985
10.95108
10.96208
10.97338
10.98432
10.9966
11.00714
11.01844
11.02915
11.04038
11.05146
11.06284
11.07395
11.08512
11.09612
11.10748
11.11852
11.12959
11.14081
11.15209
11.16322
11.17435
11.18559
11.19664
11.20838
11.21935
11.2305
11.24164
11.2524
11.26371
11.27506
11.28611
11.29724
11.30837
11.32001
11.33164
11.34311
11.35581
11.3665
11.37895
11.38976
11.40113
11.41262
11.4245
11.43593
11.4484
11.46079
11.47438
11.48727
11.49942
11.51144
11.52378
11.53604
11.54831
11.56049
11.57424
11.5863
11.5989
11.61125
11.62374
11.63577
11.64779
11.66023
11.67251
11.68503
11.69699
11.70986
11.72225
11.73934
11.75624
11.76842
11.78061
11.79261
11.80513
11.8171
11.82925
11.84141
11.85351
11.86578
11.87855
11.89032
11.90166
11.91356
11.92601
11.93814
11.95035
11.96257
11.9753
11.98679
11.99842
12.01093
12.02372
12.03506
12.04686
12.0588
12.07069
12.0825
12.09447
12.10659
12.11807
12.12994
12.14191
12.15361
12.16604
12.17796
12.191
12.20299
12.21458
12.22634
12.23815
12.24987
12.2616
12.27369
12.28617
12.29775
12.30961
12.3217
12.33327
12.34508
12.35703
12.36951
12.38124
12.39279
12.40468
12.41634
12.42803
12.43981
12.45171
12.46358
12.47567
12.4872
12.49853
12.5103
12.52228
12.53411
12.54539
12.55689
12.56868
12.58063
12.59303
12.60462
12.6158
12.62761
12.63944
12.65076
12.66295
12.67499
12.68618
12.69764
12.70968
12.72208
12.73384
12.74611
12.75812
12.76858
12.77934
12.79037
12.80172
12.81277
12.82356
12.83442
12.84512
12.85652
12.86725
12.87804
12.88889
12.89991
12.91098
12.92207
12.93926
12.95055
12.96146
12.97331
12.98463
12.99541
13.00675
13.0176
13.02865
13.03969
13.05088
13.06204
13.07328
13.08428
13.09576
13.10679
13.1179
13.12926
13.14042
13.15124
13.1626
13.17375
13.18487
13.19649
13.20756
13.21848
13.22973
13.24075
13.25204
13.26313
13.27433
13.28543
13.29661
13.30767
13.31944
13.33042
13.34144
13.35234
13.36346
13.37485
13.38594
TARGET DESTROYED 
13.40178
13.4131
13.43107
13.4432
13.45389
13.46445
13.47527
13.48706
13.49801
13.50885
13.52056
13.53159
13.54247
13.55385
13.56499
13.57693
13.58795
13.59891
13.60938
13.6206
13.63168
13.64275
13.65422
13.6651
13.67682
13.68792
13.69874
13.70982
13.72165
13.73272
13.74359
13.75635
13.76769
13.7789
13.78957
13.80026
13.81093
13.8222
13.83252
13.84394
13.85539
13.86718
13.87934
13.89101
13.90224
13.91424
13.9263
13.93872
13.95078
13.96299
13.97532
13.98764
14.00082
14.0126
14.02547
14.03792
14.05046
14.06745
14.07975
14.0917
14.10347
14.1155
14.1277
14.14
14.15196
14.16246
14.17388
14.18399
14.19513
14.20569
14.2162
14.22849
14.24043
14.2519
14.26267
14.2741
14.28472
14.29597
14.30711
14.31772
14.32932
14.34107
14.35205
14.36283
14.37374
14.38429
14.39503
14.40623
14.41707
14.42886
14.44141
14.45279
14.46466
14.47717
14.48971
14.50228
14.51412
14.52581
14.53806
14.54981
14.56204
14.57456
14.58618
14.5984
14.6109
14.62268
14.63439
14.64622
14.65856
14.67125
14.68317
14.69477
14.70671
14.71846
14.73017
14.74196
14.75389
14.76686
14.77888
14.79074
14.80245
14.8148
14.82741
14.83853
14.84929
14.86059
14.87195
14.88342
14.89484
14.90683
14.91849
14.93028
14.94242
14.95398
14.96575
14.97774
14.98971
15.00121
15.01277
15.02517
15.03669
15.04804
15.06016
15.07278
15.08393
15.09494
15.10644
15.11808
15.12966
15.14199
15.154
15.1655
15.17721
15.18925
15.20221
15.21382
15.2261
15.24263
15.25471
15.26596
15.27778
15.29051
15.30228
15.31486
15.32688
15.33846
15.3501
15.36232
15.37428
15.38564
15.39734
15.4092
15.42078
15.43243
15.44442
15.4559
15.46779
15.4795
15.49146
15.50272
15.51406
15.52611
15.538
15.5503
15.56174
15.57379
15.58687
15.59913
15.611
15.62317
15.63463
15.64613
15.65782
15.66958
15.68178
15.69325
15.70541
TARGET DESTROYED 
15.72283
15.73472
15.74741
15.76562
15.77939
15.79134
15.80274
15.81454
15.82578
15.83728
15.84972
15.86141
15.873
15.88446
15.8957
15.90743
15.91939
15.93082
15.94264
15.95532
15.96644
15.97775
15.98899
15.99975
16.01102
16.0226
16.03455
16.04575
16.05712
16.06821
16.0798
16.09093
16.10204
16.11329
16.12524
16.13658
16.14857
16.16016
16.17167
16.18287
16.19417
16.20614
16.21726
16.22871
16.24016
16.25161
16.26273
16.27431
16.28558
16.29567
16.30618
16.31655
16.32744
16.33764
16.34878
16.36024
16.37187
16.38302
16.3994
16.41092
16.42267
16.43571
16.44677
16.45773
16.46885
16.47997
16.49116
16.50226
16.51359
16.52452
16.53586
16.54687
16.55846
16.56933
16.58075
16.59195
16.60378
16.61556
16.6272
16.63864
16.65125
16.6632
16.67596
16.68876
16.70077
16.71317
16.72573
16.73825
16.75066
16.76298
16.7754
16.78802
16.80075
16.81334
16.82619
16.8385
16.85112
16.86352
16.87736
16.89007
16.90277
16.91504
16.92789
16.9419
16.95464
16.96685
16.97887
16.99065
17.00234
17.01416
17.02608
17.03861
17.05002
17.06194
17.07333
17.08454
17.09637
17.10855
17.11989
17.13185
17.144
17.15664
17.16821
17.17947
17.19077
17.20198
17.21375
17.22562
17.23707
17.24855
17.26011
17.27199
17.28468
17.29597
17.30753
17.3186
17.32986
17.34129
17.35262
17.36423
17.37611
17.38765
17.3993
17.41062
17.42241
17.43338
17.44476
17.45642
17.46765
17.4791
17.49073
17.50149
17.51499
17.5264
17.53825
17.55017
17.56173
17.57431
17.59126
17.60249
17.61396
17.6258
17.63765
17.64932
17.66085
17.67257
17.68392
17.69526
17.70718
17.72048
17.73285
17.74482
17.75659
17.7679
17.77966
17.79309
17.80508
17.81668
17.82934
17.84119
17.85423
17.86892
17.88323
17.89767
TARGET DESTROYED 
17.91514
17.92729
17.9396
17.95756
17.97039
17.98244
17.99409
18.0061
18.01779
18.02961
18.0425
18.05548
18.06762
18.07936
18.09138
18.1029
18.11458
18.12632
18.13791
18.1495
18.16232
18.17521
18.18628
18.19787
18.20982
18.22897
18.24284
18.25685
18.27098
18.2844
18.29803
18.31232
18.32641
18.34078
18.35467
18.368
18.38195
18.39638
18.40857
18.42019
18.43212
18.44323
18.45425
18.46487
18.47613
18.48715
18.49763
18.50834
18.51953
18.53061
18.54235
18.55415
18.5658
18.5781
18.58943
18.6009
18.61327
18.62473
18.63565
18.64686
18.6586
18.67007
18.68154
18.69283
18.70429
18.71519
18.72635
18.73752
18.7486
18.75989
18.77061
18.78149
18.79274
18.80404
18.81975
18.83081
18.84172
18.85204
18.86313
18.87409
18.88461
18.89582
18.9067
18.91724
18.92812
18.93874
18.94978
18.96026
18.97108
18.98197
18.9935
19.00445
19.01563
19.02652
19.03886
19.04975
19.06104
19.07162
19.08307
19.09427
19.10595
19.1172
19.1284
19.14
19.15076
19.16193
19.17359
19.18427
19.19544
19.20695
19.21874
19.2297
19.24105
19.25231
19.2638
19.27531
19.28645
19.29791
19.30903
19.32093
19.33237
19.34333
19.35499
19.3664
19.3775
19.38918
19.40059
19.41168
19.42292
19.43354
19.44499
19.45653
19.46722
19.47848
19.48995
19.50069
19.51193
19.52328
19.53443
19.54543
19.55668
19.56805
19.57903
19.59014
19.60117
19.61226
19.62369
19.63461
19.64604
19.65698
19.6687
19.68007
19.6908
19.70208
19.7132
19.72387
19.73549
19.74628
19.75755
19.76879
19.78009
19.79128
19.80301
19.814
19.82485
19.83578
19.84711
19.85822
19.86938
19.88044
19.89167
19.90275
19.91388
19.925
19.93614
19.94729
19.95893
19.97029
19.98555
19.99627
20.00726
20.01818
20.02921
20.04026
20.0516
20.06237
20.07369
20.08417
20.09476
20.10585
20.11675
20.12762
20.13844
20.14922
20.16044
20.17092
20.18171
20.19257
20.20325
20.21487
20.22593
20.23632
20.24706
20.25854
20.26911
20.27963
20.29058
20.30114
20.31195
20.32302
20.33379
20.3448
20.356
20.36688
20.37816
20.38963
20.40079
20.41171
20.42331
20.43396
20.44523
20.4565
20.46754
20.47872
20.49028
20.50153
20.51285
20.52443
20.53611
20.54716
20.55858
20.57052
20.58168
20.59264
20.60438
20.61552
20.627
20.63869
20.64951
20.661
20.67269
20.68509
20.69576
20.70671
20.71796
20.72904
20.74038
20.7518
20.76278
20.774
20.78539
20.79641
20.80772
20.81881
20.82983
20.84145
20.8523
20.86347
20.87452
20.88555
20.89708
20.90813
20.91966
20.93058
20.9415
20.95273
20.96394
20.97511
20.98634
20.99744
21.00869
21.01969
21.03108
21.04207
21.05374
21.06504
21.077
21.08777
21.0989
21.11046
21.12171
21.1377
21.14959
21.16146
21.17406
21.18505
21.19653
21.20853
21.22083
21.23229
21.24398
21.25539
21.26716
21.27859
21.29029
21.30131
21.31268
21.32417
21.33541
21.34657
21.35855
21.36968
21.38091
21.393
21.40613
21.41702
21.42813
21.43965
21.45067
21.46189
21.47313
21.48438
21.49521
21.50673
21.5179
21.5288
21.54053
21.55166
21.56279
21.57445
21.58523
21.59664
21.60814
21.61928
21.63074
21.64211
21.65367
21.66472
21.67714
21.68837
21.69939
21.71092
21.72243
21.73336
21.74504
21.75664
21.76766
21.77913
21.79059
21.80184
21.81431
21.82671
21.83839
21.84937
21.86186
21.87327
21.88486
21.8973
21.90887
21.91981
21.93117
21.94305
21.95416
21.96557
21.97754
21.98912
22.00028
22.0118
22.02308
22.0353
22.04718
22.05976
22.07164
22.08332
22.09536
22.10727
22.11924
22.13078
22.14323
22.15517
22.16653
22.17843
22.19095
22.20215
22.21383
22.22661
22.23811
22.25065
22.26269
22.27452
22.28646
22.29836
22.3106
22.32197
22.33702
22.34696
22.3572
22.36694
22.37771
22.38916
22.39991
22.41093
22.42267
22.43347
22.44455
22.45631
22.46697
22.47811
22.48956
22.50046
22.51167
22.52308
22.5343
22.5452
22.55637
22.56752
22.57898
22.58992
22.60099
22.61362
22.62459
22.63443
22.64573
22.6587
22.67155
22.68387
22.69589
22.70894
22.72106
22.73359
22.74615
22.75809
22.77057
22.78296
22.79538
22.80805
22.82004
22.83315
22.84555
22.85785
22.86966
22.88197
22.89396
22.90651
22.91861
22.93078
22.94328
22.95586
22.9684
22.98089
22.99302
23.00538
23.01756
23.0297
23.04217
23.05527
23.06763
23.07974
23.09289
23.10574
23.1182
23.13046
23.14311
23.15583
23.16867
23.18106
23.19342
23.206
23.21885
23.23203
23.24498
23.258
23.27006
23.28258
23.29554
23.30867
23.32056
23.33311
23.34503
23.3571
23.36819
23.3801
23.39184
23.40286
23.41433
23.42566
23.43717
23.4487
23.46118
23.47252
23.48357
23.4946
23.5064
23.51804
23.52912
23.54084
23.55149
23.56856
23.58057
23.59208
23.60317
23.61418
23.62551
23.63675
23.64812
23.65945
23.6707
23.6821
23.69387
23.70511
23.71656
23.72963
23.7412
23.75245
23.76363
23.77511
23.78607
23.79742
23.80896
23.81965
23.83117
23.84341
23.85537
23.86646
23.87808
23.89021
23.90164
23.91302
23.92527
23.93641
23.94841
23.9601
23.97153
23.98305
23.99463
24.00589
24.01716
24.02858
24.04057
24.05328
24.06503
24.07664
24.08801
24.09984
24.11159
24.14234
24.15405
24.16565
24.17719
24.18871
24.20014
24.21211
24.22459
24.23591
24.24727
24.25877
24.27025
24.2817
24.29351
24.30507
24.31653
24.3279
24.33949
24.35096
24.3626
24.37418
24.38553
24.39691
24.4089
24.42077
24.43333
24.44447
24.45572
24.46723
24.47885
24.49063
24.50247
24.5142
24.52577
24.53761
24.54886
24.56763
24.58558
24.60386
24.62271
24.64091
24.65881
24.67729
24.69516
24.71374
24.73144
24.74934
24.77174
24.79036
24.80897
24.82712
24.84571
24.86336
24.88066
TARGET DESTROYED 
24.9157
24.93379
24.95188
24.96993
24.99454
25.01328
25.03091
25.04853
25.06623
25.08377
25.1015
25.11905
25.13674
25.15463
25.17322
25.19104
25.20924
25.227
25.24473
25.26213
25.28712
25.30553
25.32348
25.34163
25.35925
25.37778
25.39537
25.41255
25.43014
25.4483
25.46656
25.48502
25.50379
25.52316
25.5421
25.56058
25.57935
25.59779
25.61617
25.63449
25.65321
25.67172
25.69109
25.70974
25.72819
25.74622
25.76455
25.78305
25.80173
25.81358
25.82648
25.83805
25.85151
25.86328
25.87582
25.88878
25.90073
25.91282
25.9248
25.93716
25.94901
25.96015
25.97202
25.98299
25.99411
26.00534
26.01664
26.02778
26.03912
26.05017
26.06183
26.07349
26.08615
26.09742
26.10888
26.12012
26.13141
26.14271
26.15408
26.16525
26.17646
26.18801
26.19927
26.2106
26.22205
26.23327
26.24437
26.25602
26.26678
26.27826
26.28975
26.30059
26.3123
26.3243
26.33513
26.34607
26.35793
26.36932
26.38076
26.3927
26.40961
26.42148
26.43226
26.44341
26.45724
26.46786
26.47902
26.49037
26.50143
26.51244
26.5234
26.53406
26.54504
26.55599
26.56709
26.57848
26.58977
26.60055
26.61109
26.62225
26.63326
26.64438
26.65583
26.66678
26.67797
26.68929
26.70031
26.71136
26.72307
26.73439
26.74499
26.75624
26.7676
26.77847
26.78982
26.80095
26.81211
26.82344
26.83432
26.84562
26.85738
26.86847
26.88027
26.89237
26.90317
26.9142
26.92581
26.93647
26.94797
26.95927
26.97125
26.98226
26.99429
27.0055
27.01666
27.02825
27.04031
27.05148
27.0626
27.07548
27.08653
27.0975
27.10926
27.12027
27.13156
27.14306
27.15403
27.16537
27.17715
27.18822
27.20097
27.212
27.22319
27.2339
27.24534
27.25687
27.26755
27.27855
27.28989
27.30105
27.31224
27.32307
27.33428
27.34534
27.35694
27.3714
27.382
27.39281
27.40463
27.41518
27.42641
27.43799
27.44872
27.45975
27.47141
27.48265
27.49416
27.50626
27.51714
27.52832
27.53955
27.55017
27.56049
27.57201
27.58688
27.59732
27.60825
27.61899
27.62974
27.64182
27.65255
27.66383
27.67536
27.68653
27.69773
27.70883
27.72007
27.73147
27.74285
27.75388
27.76502
27.77656
27.78788
27.79952
27.81053
27.82132
27.83283
27.84417
27.85552
27.86755
27.8785
27.88982
27.90095
27.91183
27.92292
27.93384
27.9504
27.96708
27.98397
28.00061
28.01734
28.03373
28.05065
28.06749
28.08395
28.10066
28.11771
28.13431
28.15116
28.16746
28.18399
28.20052
28.21705
28.23373
28.25055
28.26676
28.28323
28.30053
28.31686
28.33295
28.3494
28.36565
28.38244
28.39866
28.41532
28.43233
28.44904
28.46549
28.48218
28.4981
28.51484
28.53181
28.54824
28.56562
28.58294
28.59943
28.61676
28.63291
28.64975
28.66112
28.67235
28.68375
28.69596
28.70735
28.71933
28.73093
28.74243
28.75409
28.76692
28.77883
28.79038
28.80143
28.81295
28.82413
28.83533
28.84681
28.85843
28.86962
28.88226
28.8942
28.90566
28.91761
28.9294
28.94145
28.95336
28.96486
28.98157
28.99309
29.00517
29.017
29.02877
29.04021
29.05184
29.06375
29.07697
29.08825
29.10056
29.11313
29.12453
29.13547
29.1468
29.15842
29.16954
29.18077
29.19213
29.20373
29.21562
29.22735
29.23894
29.25101
29.26237
29.2738
29.28516
29.29663
29.30847
29.31997
29.33138
29.34307
29.35462
29.3658
29.37744
29.3895
29.40065
29.41227
29.42381
29.43527
29.44698
29.45971
TARGET DESTROYED 
29.47663
29.48828
29.49929
29.51088
29.52213
29.53359
29.5511
29.56363
29.57566
29.58792
29.59931
29.61048
29.62139
29.63258
29.64436
29.65596
29.66738
29.67932
29.69108
29.70229
29.7135
29.72471
29.73553
29.74694
29.75825
29.76934
29.7812
29.79254
29.80334
29.81436
29.82567
29.83673
29.84829
29.85932
29.87036
29.88203
29.89392
29.90667
29.91793
29.92909
29.9409
29.95205
29.96322
29.9751
29.98599
29.9974
30.00876
30.01988
30.03124
30.04277
30.05396
30.0652
30.07711
30.08828
30.09952
30.11039
30.12212
30.1334
30.14465
30.15636
30.16859
30.17983
30.19149
30.20806
30.21881
30.2302
30.24145
30.25322
30.2647
30.27663
30.28822
30.29967
30.31108
30.32285
30.33451
30.34565
30.3571
30.3679
30.37905
30.39074
30.40203
30.41345
30.42476
30.44178
30.45338
30.4645
30.47592
30.48749
30.49853
30.50964
30.52039
30.53146
30.54291
30.55391
30.56527
30.57675
30.58794
30.59858
30.61028
30.62097
30.63227
30.64404
30.6547
30.66569
30.67727
30.68819
30.69916
30.71021
30.72221
30.73311
30.7439
30.75518
30.76608
30.77814
30.78917
30.79991
30.81109
30.82217
30.83322
30.84434
30.85575
30.8667
30.87797
30.88967
30.90078
30.91137
30.92279
30.93361
30.94566
30.95686
30.96911
30.98005
30.99146
31.00305
31.01476
31.02611
31.03758
31.04889
31.06039
31.07224
31.0838
31.09496
31.10695
31.1174
31.1293
31.14067
31.15117
31.16202
31.17321
31.18488
31.19545
31.20676
31.21792
31.22904
31.24006
31.25127
31.26302
31.27411
31.28532
31.29585
31.30704
31.31845
31.32953
31.34064
31.35184
31.36281
31.37429
31.38537
31.39642
31.40759
31.41903
31.42998
31.4411
31.45242
31.46363
31.47484
31.49113
31.50179
31.51257
31.52386
31.53456
31.54522
31.55633
31.56743
31.57889
31.58978
31.60033
31.61117
31.62188
31.63272
31.64366
31.65408
31.665
31.67682
31.68756
31.69785
31.70913
31.71947
31.7303
31.74122
31.7518
31.76274
31.77375
31.78418
31.79482
31.80541
31.81601
31.82715
31.83887
31.84949
31.8609
31.87202
31.88319
31.89502
31.90594
31.91707
31.92882
31.93927
31.95009
31.96131
31.97281
31.98353
31.9948
32.00641
32.01751
32.029
32.04117
32.05168
32.06329
32.07476
32.08601
32.09752
32.10902
32.12025
32.13152
32.14286
32.15485
32.16556
32.17693
32.18897
32.20002
32.2111
32.22298
32.23423
32.24567
32.25731
32.26806
32.27881
32.29026
32.30117
32.31247
32.32395
32.33473
32.346
32.35756
32.36813
32.37948
32.39076
32.40178
32.41297
32.42406
32.43533
32.4465
32.45759
32.46906
32.48077
32.49202
32.50254
32.51429
32.52532
32.53568
32.54721
32.55823
32.5694
32.58068
32.59163
32.60294
32.61405
32.62592
32.63641
32.64759
32.65855
32.67019
32.6813
32.69242
32.70366
32.71521
32.72579
32.74197
32.75254
32.76329
32.77466
32.78555
32.79623
32.80725
32.81775
32.82872
32.83976
32.85059
32.86159
32.8725
32.88284
32.89362
32.90548
32.91685
32.92786
32.93886
32.94946
32.96059
32.97144
32.98224
32.99326
33.00415
33.0148
33.02555
33.03609
33.04681
33.05826
33.06946
33.08049
33.0918
33.10211
33.11312
33.12403
33.13428
33.14538
33.15642
33.16755
33.17891
33.19004
33.20144
33.21222
33.22356
33.23532
33.24672
33.25784
33.26856
33.27996
33.29169
33.30277
33.31413
33.32554
33.33718
33.34838
33.35982
33.3711
33.38253
33.39371
33.40551
33.41715
33.42891
33.4423
33.45378
33.46498
33.47604
33.4867
33.49765
33.50848
33.51913
33.52963
33.54072
33.55203
33.56309
33.57527
33.58574
33.59681
33.60754
33.61812
33.62912
33.64048
33.6516
33.66259
33.67389
33.68562
33.69617
33.70761
33.7184
33.72985
33.74085
33.7523
33.76396
33.77529
33.78627
33.79754
33.80878
33.82018
33.83122
33.84219
33.85261
33.86438
33.87601
33.88776
33.89851
33.91116
33.92345
33.93491
33.94616
33.95808
33.969
33.98026
33.99649
34.00817
34.01896
34.02988
34.04136
34.05221
34.06401
34.07537
34.08737
34.09911
34.11091
34.12256
34.13395
34.14534
34.15665
34.16791
34.17954
34.19104
34.20236
34.21404
34.22549
34.23675
34.24838
34.26122
34.2737
34.28502
34.29673
34.30792
34.31902
34.33068
34.3424
34.3537
34.3651
34.37647
34.3878
34.39879
34.41047
34.42248
34.43361
34.44545
34.45692
34.46862
34.48018
34.49193
34.5029
34.51439
34.52655
34.53768
34.54956
34.56067
34.57354
34.58617
34.59754
34.60881
34.62074
34.63206
34.64368
34.65511
34.66627
34.67887
34.69111
34.70311
34.72114
34.73283
34.74385
34.755
34.76631
34.77814
34.78955
34.80133
34.81306
34.82484
34.83593
34.84733
34.85884
34.87038
34.88166
34.89327
34.90462
34.9156
34.92793
34.93907
34.95
34.96152
34.97322
34.98438
34.9962
35.00756
35.01867
35.03018
35.04196
35.05344
35.06524
35.07784
35.08966
35.10043
35.11133
35.1228
35.13355
35.14505
35.15675
35.16782
35.17961
35.19103
35.202
35.21344
35.22494
35.23632
35.2479
35.26025
35.27229
35.28369
35.29523
35.31165
35.32536
35.33667
35.34831
35.36013
35.37235
35.3842
35.39564
35.40707
35.41864
35.43036
35.44212
35.45355
35.46577
35.47773
35.48964
35.50198
35.51328
35.52538
35.53632
35.54801
35.55938
35.57074
35.58239
35.59383
35.60527
35.61718
35.6289
35.64093
35.65219
35.66352
35.67515
35.68643
35.69773
35.70905
35.7207
35.73248
35.74372
35.75495
35.76632
35.77779
35.78911
35.80052
35.81211
35.82363
35.83459
35.84558
35.85708
35.86803
35.87923
35.89074
35.90198
35.92143
35.93357
35.94513
35.9569
35.96814
35.97986
35.99143
36.00233
36.01413
36.02538
36.03646
36.04758
36.05847
36.0689
36.08032
36.0928
36.10369
36.11443
36.12524
36.13626
36.14689
36.1582
36.169
36.1802
36.19133
36.20207
36.21288
36.22379
36.23428
36.24547
36.2565
36.26727
36.27804
36.28912
36.29978
36.31044
36.32152
36.33215
36.34318
36.3539
36.36567
36.37653
36.38723
36.39845
36.40936
36.42026
36.43101
36.4417
36.45176
36.46293
36.47387
36.48506
36.49616
36.50756
36.51874
36.52988
36.54074
36.55233
36.56344
36.57522
36.59142
36.60245
36.61336
36.62448
36.63462
36.64565
36.65687
36.66759
36.67932
36.69001
36.70058
36.71135
36.72309
36.73347
36.7445
36.75566
36.76596
36.77758
36.7882
36.79887
36.80998
36.8214
36.83202
36.84327
36.85467
36.86575
36.8788
36.8899
36.90093
36.9123
36.92272
36.93356
36.94495
36.95551
36.96665
36.97797
36.98942
37.00069
37.01183
37.02394
37.03493
37.04617
37.05811
37.06874
37.0802
37.09155
37.10277
37.11432
37.12572
37.13726
37.14851
37.15992
37.1712
37.18238
37.1934
37.20484
37.21607
37.22713
37.23872
37.24949
37.26044
37.27207
37.28305
37.29445
37.30568
37.31683
37.32865
37.33996
37.35074
37.36159
37.37255
37.38404
37.39494
37.40624
37.4171
37.42828
37.43975
37.45057
37.46167
37.47311
37.48407
37.49539
37.50658
37.51759
37.52888
37.5402
37.55107
37.56249
37.57421
37.5849
37.59575
37.60679
37.618
37.62919
37.64062
37.65202
37.6632
37.67532
37.68582
37.69647
37.70765
37.71873
37.72965
37.74104
37.75212
37.76331
37.77483
37.78588
37.79678
37.80816
37.81926
37.83051
37.84615
37.85777
37.86855
37.87956
37.89043
37.90094
37.91189
37.92286
37.93358
37.94509
37.95627
37.96745
37.97792
37.98887
37.99954
38.01851
38.0292
38.04023
38.05052
38.06145
38.07214
38.08291
38.0938
38.10486
38.1157
38.12739
38.13854
38.14947
38.16056
38.17219
38.18274
38.19399
38.20517
38.21686
38.22787
38.23895
38.2499
38.26108
38.27235
38.28368
38.29458
38.30605
38.3168
38.32829
38.33941
38.35039
38.36147
38.37313
38.38398
38.39516
38.40657
38.41742
38.42869
38.44014
38.45087
38.46204
38.47326
38.4845
38.49576
38.50677
38.51797
38.52913
38.54033
38.55148
38.56292
38.57459
38.58623
38.59846
38.60975
38.62144
38.63296
38.64478
38.65619
38.66758
38.67901
38.69048
38.70159
38.71299
38.72411
38.73595
38.74673
38.75776
38.76883
38.77966
38.79092
38.80198
38.81351
38.82439
38.83564
38.84711
38.8585
38.86912
38.8806
38.89188
38.90265
38.91409
38.92508
38.9361
38.94738
38.95924
38.97003
38.98101
38.99192
39.00307
39.01429
39.02557
39.03658
39.04797
39.05907
39.07069
39.09375
39.106
39.11739
39.12835
39.13951
39.15042
39.16148
39.17629
