0.02
0.04
0.14
0.1783169
0.1915731
0.2016556
0.2127938
0.2252903
0.2373525
0.249457
0.2609198
0.2727866
0.2846332
0.2945408
0.3054436
0.3164721
0.3286735
0.3391188
0.350028
0.3612362
0.3725412
0.3836641
0.3945726
0.4089166
0.4187226
0.4280794
0.4404168
0.4507331
0.4616911
0.4731707
0.4839817
0.4954635
0.5065812
0.5173252
0.5286906
0.5400858
0.5508346
0.5621089
0.5734502
0.5844929
0.5954611
0.6071758
0.6177413
0.6288456
0.6404082
0.6511897
0.6624409
0.6738114
0.6848091
0.6959313
0.7072527
0.7180972
0.7297118
0.7406848
0.7516662
0.7631932
0.7746231
0.7853513
0.7964325
0.8077456
0.8186762
0.8299771
0.8413646
0.8522908
0.8634602
0.8746305
0.8856953
0.9019452
0.9132903
0.9244453
0.9354969
0.9465523
0.9580219
0.9688641
0.9801364
0.9918566
1.002564
1.013465
1.025054
1.035994
1.047106
1.058216
1.070168
1.080777
1.091806
1.103867
1.114095
1.125189
1.136412
1.147776
1.158823
1.170011
1.181053
1.192537
1.203499
1.214495
1.2261
1.236961
1.248447
1.259498
1.27053
1.28166
1.292843
1.304152
1.315293
1.326325
1.337449
1.349293
1.359911
1.370996
1.382613
1.393328
1.404555
1.415651
1.426987
1.438336
1.449602
1.460416
1.471719
1.48266
1.493994
1.505201
1.516178
1.527403
1.539328
1.554011
1.564724
1.57501
1.584395
1.59418
1.603395
1.613217
1.624154
1.635297
1.646478
1.657732
1.668672
1.680103
1.691746
1.702476
1.713564
1.725114
1.735818
1.74687
1.758292
1.769533
1.780512
1.791875
1.802771
1.813934
1.825191
1.836461
1.847589
1.858746
1.869975
1.880887
1.892288
1.903346
1.914585
1.925659
1.936988
1.948478
1.95979
1.971262
1.982829
1.993896
2.005766
2.016987
2.028138
2.040435
2.050689
2.062061
2.073694
2.084917
2.096177
2.108229
2.11912
2.131196
2.141939
2.15281
2.164365
2.17537
2.186413
2.197584
2.208941
2.219865
2.231271
2.242337
2.253462
2.264507
2.276095
2.286815
2.298025
2.30931
2.320722
2.331727
2.342786
2.3538
2.365095
2.376359
2.387447
2.398608
2.409829
2.420981
2.432216
2.443305
2.454733
2.465791
2.47718
2.488037
2.499294
2.510626
2.521629
2.532866
2.543842
2.555334
2.566132
2.577363
2.588642
2.599651
2.61081
2.622412
2.633714
2.644487
2.655744
2.666667
2.681408
2.691595
2.701239
2.71138
2.72085
2.732026
2.743183
2.754461
2.765399
2.776539
2.788282
2.799023
2.810082
2.82156
2.832477
2.843648
2.854865
2.866092
2.877056
2.88856
2.899752
2.9106
2.922183
2.933181
2.944819
2.955639
2.966496
2.977762
2.989784
2.999928
3.01138
3.022899
3.033557
3.045635
3.056692
3.067249
3.078578
3.090276
3.101512
3.113068
3.124348
3.136441
3.146552
3.158075
3.169286
3.180766
3.192038
3.202891
3.214249
3.225281
3.236327
3.247487
3.259174
3.26978
3.28125
3.292433
3.303412
3.314692
3.325874
3.336834
3.348263
3.359297
3.37034
3.381833
3.393063
3.403889
3.415304
3.426465
3.437464
3.449359
3.460111
3.471061
3.482177
3.493604
3.504725
3.515672
3.526755
3.538075
3.549206
3.560776
3.571909
3.582669
3.59398
3.606645
3.616287
3.627305
3.638519
3.650301
3.66074
3.67233
3.683235
3.694288
3.705819
3.716513
3.728082
3.739306
3.750245
3.761644
3.773052
3.783653
3.794795
3.810509
3.820686
3.831222
3.841553
3.851196
3.861646
3.871489
3.881755
3.892332
3.90275
3.913959
3.925585
3.936262
3.947361
3.958911
3.969694
3.980887
3.99254
4.003252
4.037124
4.047549
4.058313
4.069189
4.08047
4.091957
4.10339
4.114122
4.125224
4.136098
4.147495
4.158818
4.169682
4.181034
4.192416
4.203311
4.214402
4.225446
4.236855
4.248311
4.259249
4.270239
4.281482
4.292632
4.304008
4.31521
4.326118
4.337122
4.348721
4.359532
4.370784
4.38235
4.39319
4.404223
4.415677
4.426558
4.437677
4.449114
4.460645
4.471133
4.482564
4.493914
4.505289
4.516153
4.527205
4.538415
4.549497
4.561671
4.572234
4.582912
4.59413
4.605333
4.616602
4.627776
4.639098
4.650911
4.662918
4.67453
4.686425
4.6982
4.709533
4.72168
4.733486
4.744392
4.755815
4.766862
4.777925
4.789384
4.800157
4.811474
4.823423
4.833717
4.845426
4.856354
4.867204
4.87841
4.890075
4.900637
4.911897
4.923416
4.934319
4.945406
4.961526
4.971536
4.982058
4.99249
5.002609
5.012551
5.022817
5.032788
5.042942
5.052865
5.06425
5.075566
5.087186
5.097744
5.108947
5.120069
5.131284
5.142886
5.153521
5.164749
5.176072
5.187316
5.198251
5.209388
5.220599
5.231999
5.243002
5.254082
5.265397
5.276456
5.287689
5.298941
5.310137
5.321279
5.332366
5.343655
5.355203
5.366522
5.377877
5.389517
5.400624
5.411861
5.423514
5.434669
5.446604
5.457541
5.468769
5.479875
5.49173
5.502915
5.514079
5.525544
5.536961
5.548224
5.560124
5.571115
5.582256
5.593167
5.604498
5.615853
5.626819
5.638082
5.649133
5.660186
5.671619
5.682618
5.693714
5.70514
5.716176
5.727339
5.73868
5.750614
5.761369
5.77248
5.783192
5.794665
5.806679
5.817269
5.828087
5.83939
5.850163
5.861132
5.873034
5.883623
5.894812
5.906139
5.917097
5.928477
5.939995
5.950773
5.96233
5.973245
5.984296
5.995228
6.00665
6.017661
6.028746
6.040385
6.051408
6.062338
6.073741
6.089694
6.100399
6.111251
6.121962
6.13247
6.143693
6.154371
6.165167
6.176258
6.186666
6.197388
6.208157
6.218308
6.228938
6.239267
6.250073
6.26054
6.270944
6.281497
6.29259
6.303156
6.314538
6.325417
6.33675
6.347851
6.358956
6.370475
6.381435
6.39256
6.40449
6.415212
6.426178
6.437272
6.448501
6.459461
6.471101
6.481838
6.493337
6.504189
6.515453
6.526575
6.537754
6.548996
6.560864
6.575938
6.586342
6.596581
6.607949
6.618117
6.628825
6.64048
6.65169
6.663064
6.674458
6.685515
6.696661
6.708062
6.719151
6.730013
6.741477
6.752756
6.763811
6.774989
6.786189
6.79723
6.808306
6.819468
6.830666
6.842014
6.852976
6.864243
6.875508
6.886459
6.898362
6.908961
6.920093
6.931211
6.942646
6.953846
6.965211
6.976614
6.987879
6.999267
7.010482
7.022038
7.03339
7.044305
7.056273
7.067327
7.078591
7.089953
7.101128
7.11232
7.124026
7.134836
7.145761
7.158221
7.16818
7.179325
7.191026
7.206409
7.216447
7.226553
7.236557
7.246776
7.256846
7.266401
7.276912
7.287214
7.298416
7.309912
7.320757
7.331912
7.343293
7.354182
7.365468
7.376606
7.387762
7.399267
7.410024
7.421659
7.433411
7.443616
7.454885
7.465939
7.477862
7.495715
7.505783
7.515602
7.525782
7.535584
7.545638
7.556292
7.566651
7.57657
7.588293
7.598776
7.61007
7.621183
7.632407
7.643513
7.655123
7.66585
7.676989
7.688623
7.699271
7.710668
7.721818
7.732919
7.743965
7.755488
7.766245
7.777661
7.789292
7.799892
7.811423
7.823198
7.83339
7.844664
7.855968
7.866884
7.878286
7.889863
7.901182
7.91266
7.924388
7.935471
7.94682
7.958341
7.970003
7.981554
7.992585
8.00412
8.015766
8.027045
8.038549
8.049728
8.061064
8.07273
8.083861
8.095138
8.106899
8.117859
8.130033
8.142009
8.153451
8.165478
8.176804
8.187656
8.199202
8.211004
TARGET DESTROYED 
8.229126
8.240822
8.251498
8.262832
8.27476
8.286286
8.29926
8.312338
8.324927
8.341358
8.351916
8.363409
8.374468
8.385754
8.396736
8.408047
8.418918
8.430108
8.441824
8.453862
8.465392
8.476322
8.487409
8.498949
8.510422
8.521182
8.532594
8.544037
8.555045
8.566616
8.57759
8.589027
8.600383
8.611318
8.622707
8.634053
8.64537
8.656919
8.668159
8.68011
8.691353
8.702251
8.714273
8.725862
8.73847
8.750035
8.76223
8.773585
8.7858
8.797947
8.810711
8.822379
8.833919
8.845926
8.857841
8.86923
8.880345
8.891731
8.903241
8.915089
8.926414
8.937473
8.948547
8.960298
8.973213
8.983977
8.995144
9.006964
9.017671
9.029005
9.040201
9.050974
9.062183
9.073901
9.085328
9.096765
9.1085
9.11985
9.131965
9.143559
9.154972
9.166458
9.178349
9.189913
9.202001
9.213662
9.225645
9.23695
9.248298
9.260236
9.271516
9.283297
9.294767
9.306393
9.317286
9.328811
9.341705
9.352748
9.363765
9.375385
9.386945
9.398277
9.409716
9.42103
9.432323
9.443897
9.455478
9.467438
9.478791
9.495645
9.506708
9.51766
9.528991
9.540404
9.551173
9.563006
9.574492
9.587119
9.598352
9.609716
9.620688
9.632143
9.656913
9.668044
9.679197
9.690857
9.701936
9.713266
9.724508
9.735497
9.747314
9.758787
9.769738
9.780846
9.792227
9.803953
9.815207
9.826769
9.838192
9.849747
9.861369
9.872527
9.883664
9.895276
9.906757
9.917844
9.92932
9.940497
9.951464
9.963449
9.974915
9.985738
9.997167
10.00918
10.02041
10.03167
10.04348
10.05478
10.06604
10.07851
10.09005
10.10087
10.1131
10.12469
10.13622
10.14764
10.15957
10.17047
10.18193
10.19368
10.20457
10.21754
10.23046
10.24353
10.25675
10.26938
10.28244
10.29582
10.30986
10.32314
10.3357
TARGET DESTROYED 
10.35344
10.36554
10.37744
10.38899
10.40059
10.41246
10.42493
10.43657
10.44876
10.46637
10.47936
10.49263
10.50421
10.51624
10.52786
10.53963
10.55136
10.56371
10.57547
10.58708
10.59883
10.61147
10.62383
10.63558
10.64711
10.65966
10.6712
10.68316
10.69978
10.71194
10.72393
10.73579
10.74784
10.76055
10.77242
10.78439
10.79683
10.80888
10.82039
10.83226
10.84436
10.85657
10.86849
10.8805
10.89224
10.90379
10.91627
10.92795
10.94006
10.9515
10.96335
10.97534
10.98678
10.99886
11.01096
11.02265
11.03461
11.04652
11.05883
11.07046
11.08239
11.09559
11.10725
11.11986
11.13169
11.14461
11.15727
11.16862
11.18066
11.19306
11.20444
11.21698
11.22894
11.24071
11.25245
11.26423
11.27694
11.28949
11.30137
11.31384
11.3264
11.33839
11.35031
11.36257
11.37433
11.38569
11.39742
11.40969
11.42235
11.43391
11.44581
11.45873
11.47032
11.48224
11.49469
11.50656
11.51716
11.52828
11.54006
11.55174
11.56441
11.57571
11.58731
11.59922
11.6109
11.62325
11.63512
11.64687
11.66562
11.67751
11.69571
11.70777
11.71942
11.73188
11.74443
11.75604
11.7678
11.77922
11.79104
11.80259
11.81425
11.82666
11.83923
11.85135
11.86307
11.87498
11.88679
11.89932
11.91571
11.92672
11.93788
11.94897
11.96006
11.97075
11.98203
11.9936
12.00431
12.01539
12.02708
12.03799
12.04936
12.06053
12.07186
12.08316
12.09487
12.10575
12.11687
12.12803
12.13937
12.15036
12.16229
12.17343
12.18451
12.19569
12.20678
12.21749
12.22855
12.23958
12.25033
12.2615
12.27241
12.2835
12.29479
12.30626
12.31741
12.32844
12.33971
12.35091
12.36204
12.37342
12.38484
12.39652
12.40867
12.42014
12.43225
12.44422
12.45638
12.46825
12.48002
12.49203
12.50349
12.51384
12.52521
12.53587
12.54774
12.5586
12.56971
12.58069
12.59177
12.60303
12.61439
12.62536
12.63648
12.64774
12.65872
12.67013
12.68122
12.6924
12.70355
12.71468
12.72584
12.73697
12.74808
12.75929
12.77041
12.78172
12.79303
12.80426
12.81524
12.8263
12.83742
12.84868
12.85981
12.87105
12.88214
12.89344
12.90457
12.91578
12.92685
12.93814
12.94932
12.96194
12.97274
12.98392
12.99537
13.00724
13.01841
13.03018
13.04164
13.05741
13.06767
13.07794
13.08788
13.09852
TARGET DESTROYED 
13.11429
13.12614
13.13721
13.14797
13.15897
13.16983
13.18044
13.19106
13.20165
13.21184
13.22206
13.23202
13.24268
13.25251
13.26312
13.27465
13.28466
13.2955
13.30705
13.31779
13.32894
13.34043
13.3514
13.36288
13.37387
13.38489
13.39615
13.40738
13.41834
13.42973
13.44087
13.45236
13.46324
13.47453
13.48571
13.4965
13.50776
13.5188
13.53004
13.54138
13.55256
13.56359
13.57468
13.58616
13.59735
13.60888
13.62042
13.63194
13.64323
13.65483
13.66613
13.6776
13.68934
13.70055
13.71217
13.72354
13.73459
13.74652
13.75789
13.76893
13.78079
13.7923
13.80311
13.81437
13.82595
13.83666
13.84774
13.85945
13.87003
13.88148
13.89309
13.90379
13.9149
13.92628
13.93708
13.94824
13.95966
13.97067
13.98179
13.9931
14.00403
14.01597
14.0269
14.03863
14.04901
14.06023
14.07245
14.08294
14.09396
14.10652
14.11729
14.12752
14.13845
14.1492
14.16061
14.17645
14.18687
14.19759
14.2073
14.217
14.22694
14.237
14.24751
14.25715
14.26725
14.27853
14.2899
14.30072
14.31211
14.32356
14.33433
14.34543
14.35704
14.36792
14.37893
14.39036
14.40143
14.4134
14.42554
14.43731
14.44954
14.46233
14.47413
14.48572
14.49738
14.51261
14.52484
14.53542
14.54646
14.55792
14.56905
14.58007
14.59142
14.60241
14.61349
14.62492
14.63587
14.64714
14.65823
14.66947
14.6808
14.69178
14.70288
14.71402
14.72559
14.73655
14.74755
14.75891
14.76985
14.78129
14.79249
14.80348
14.81481
14.82583
14.83748
14.84812
14.85923
14.87034
14.88167
14.89286
14.90409
14.9152
14.92634
14.93745
14.94863
14.95985
14.97094
14.98263
14.9936
15.00477
15.01624
15.02779
15.03965
15.05085
15.06251
15.07419
15.08537
15.097
15.10865
15.11995
15.13145
15.14288
15.15484
15.16622
15.17749
15.18822
15.19919
15.21093
15.22196
15.233
15.24385
15.2554
15.26634
15.27782
15.28933
15.30525
15.31576
15.32679
15.33704
15.34741
15.35803
15.36839
15.37866
15.38861
15.39869
15.40883
15.41835
15.42874
15.4407
15.45168
15.46289
15.47368
15.48465
15.49607
TARGET DESTROYED 
15.51068
15.52054
15.53051
15.54083
15.55184
15.56324
15.57512
15.58535
15.59661
15.60788
15.61909
15.63025
15.642
15.65263
15.66354
15.6757
15.68582
15.69719
15.70811
15.7194
15.7307
15.74196
15.7531
15.76458
15.77628
15.7875
15.79896
15.81078
15.82206
15.83327
15.8447
15.8566
15.86771
15.87866
15.89131
15.90196
15.91309
15.9246
15.9359
15.9472
15.95856
15.96975
15.98114
15.99252
16.0035
16.01476
16.02593
16.037
16.04819
16.05948
16.07063
16.08177
16.09334
16.10413
16.1153
16.12646
16.13756
16.14927
16.15993
16.17152
16.18225
16.19376
16.20473
16.21713
16.2274
16.2384
16.24943
16.26079
16.27163
16.28288
16.29392
16.30533
16.31624
16.32744
16.3388
16.34989
16.36119
16.37246
16.38324
16.39443
16.40602
16.42061
16.43084
16.4409
16.45107
16.46148
16.47105
16.48182
16.49339
16.50432
16.51531
16.52673
16.53764
16.54875
16.56047
16.57137
16.58249
16.59367
16.60483
16.61596
16.62719
16.63826
16.64943
16.66057
16.67181
16.6828
16.69394
16.70541
16.71745
16.7277
16.73886
16.74988
16.76102
16.77267
16.78346
16.79487
16.80647
16.8172
16.82872
16.84023
16.8516
16.86254
16.8744
16.88553
16.89655
16.90802
16.91932
16.93059
16.9421
16.95329
16.96413
16.97545
16.98643
16.99771
17.00902
17.02002
17.03132
17.04248
17.05347
17.06466
17.0759
17.08705
17.09836
17.10947
17.12061
17.13184
17.14387
17.15479
17.16531
17.17673
17.18782
17.19873
17.21016
17.22113
17.23242
17.24342
17.25458
17.26566
17.27693
17.28813
17.29922
17.31049
17.32222
17.33299
17.34404
17.35526
17.36645
17.37746
17.38871
17.39986
17.41129
17.42276
17.4333
17.4449
17.45609
17.46741
17.47798
17.48988
17.50065
17.51172
17.52309
17.53913
17.54925
17.56
17.57027
17.58041
17.59085
17.60102
17.61126
17.62147
17.63163
17.64173
17.65217
17.66299
17.67428
17.68531
17.69653
17.70768
17.71873
17.72989
17.74135
17.75221
17.76349
17.77471
17.78573
17.79707
17.80857
17.8194
17.83046
17.8418
17.85308
17.86409
17.87527
17.88631
17.89738
17.90865
17.91978
17.93093
17.94237
17.95384
17.96541
17.97653
17.98783
17.99933
18.01084
18.02224
18.03359
18.04488
18.0566
18.06787
18.07921
18.09088
18.10219
18.11351
18.12517
18.13628
18.14747
18.1592
18.17076
18.18187
18.19305
18.20407
18.21513
18.22636
18.23753
18.24878
18.25982
18.27111
18.28258
18.29336
18.3051
18.31663
18.32777
18.3382
18.34934
18.36051
18.37222
18.383
18.39405
18.40513
18.41622
18.42742
18.43915
18.44986
18.46079
18.47241
18.48322
18.49434
18.50655
18.51695
18.52783
18.53966
18.55025
18.56158
18.57301
18.58373
18.59514
18.60663
18.61739
18.62839
18.64004
18.65086
18.66601
18.67697
18.68731
18.69797
18.70893
18.71985
18.73064
18.74121
18.75188
18.76323
18.77452
18.78506
18.79604
18.80751
18.81791
18.82912
18.8397
18.84991
18.86042
18.87163
18.88237
18.89334
18.90369
18.91476
18.92619
18.93703
18.94812
18.96032
18.97046
18.98179
18.99281
19.0041
19.01516
19.02664
19.03754
19.04902
19.06008
19.07151
19.08242
19.09393
19.10521
19.11645
19.12772
19.13962
19.15036
19.16211
19.17344
19.18463
19.19605
19.20765
19.21884
19.23052
19.24181
19.25275
19.26431
19.27551
19.2866
19.29808
19.30934
19.32071
19.33208
19.3433
19.3547
19.36564
19.37702
19.38828
19.39914
19.4103
19.42206
19.4327
19.44376
19.45521
19.4661
19.47737
19.48854
19.49969
19.51088
19.5225
19.53359
19.54441
19.55569
19.56673
19.57782
19.58945
19.60028
19.61147
19.62284
19.63391
19.64508
19.65651
19.66727
19.67842
19.69084
19.70096
19.71197
19.72347
19.73449
19.74547
19.75697
19.76758
19.77896
19.79409
19.80387
19.81414
19.82426
19.83427
19.84441
19.85493
19.86594
19.87713
19.8884
19.89971
19.91064
19.92208
19.93292
19.94427
19.95537
19.96645
19.97792
19.98887
20.00021
20.01123
20.02246
20.03346
20.0447
20.05619
20.06705
20.07822
20.09019
20.10048
20.11163
20.12333
20.134
20.14523
20.15725
20.16777
20.17942
20.1906
20.20168
20.21301
20.22454
20.23566
20.24723
20.25849
20.26967
20.28095
20.29249
20.30372
20.31551
20.32623
20.33771
20.34863
20.35975
20.37087
20.38217
20.39356
20.40442
20.41554
20.42686
20.43797
20.44934
20.46053
20.47182
20.48263
20.49405
20.50508
20.51606
20.52729
20.53858
20.54981
20.56115
20.57232
20.58335
20.59438
20.60583
20.61679
20.62884
20.63947
20.65017
20.66145
20.67283
20.68362
20.6953
20.70642
20.71725
20.72836
20.73984
20.75092
20.7621
20.77364
20.78446
20.79535
20.8069
20.81787
20.82891
20.84057
20.85151
20.86253
20.87383
20.88493
20.89585
20.90743
20.92238
20.93241
20.94291
20.95254
20.96218
20.97186
20.98265
20.99367
21.00486
21.01594
21.02724
21.03867
21.04961
21.06083
21.0722
21.08314
21.09438
21.10601
21.11651
21.1276
21.13922
21.15021
21.16129
21.17299
21.1839
21.19458
21.20601
21.21714
21.22883
21.23967
21.25081
21.26174
21.27335
21.28405
21.29522
21.30704
21.31811
21.32942
21.34111
21.35233
21.36316
21.37498
21.38586
21.39742
21.40918
21.41983
21.43159
21.44283
21.45407
21.46544
21.47673
21.48888
21.49921
21.5106
21.52163
21.53278
21.5439
21.55494
21.57766
21.58865
21.59859
21.60888
21.61844
21.62874
21.63979
21.65066
21.6619
21.67316
21.68399
21.69517
21.70659
21.71754
21.72896
21.74058
21.75116
21.76261
21.77378
21.78452
21.79576
21.80748
21.81812
21.82932
21.84078
21.85175
21.86308
21.87415
21.88547
21.89627
21.90757
21.9187
21.92992
21.94134
21.95224
21.96339
21.97443
21.98555
21.9969
22.0084
22.01914
22.03036
22.04194
22.05701
22.06689
22.07677
22.08669
22.09837
22.10985
22.12131
22.13296
22.14454
22.15608
22.16704
22.17821
22.18966
22.20056
22.21179
22.22312
22.23439
22.24511
22.25651
22.26737
22.27844
22.29026
22.30098
22.31232
22.32368
22.33439
22.34558
22.35726
22.36806
22.37903
22.39063
22.40166
22.41266
22.42433
22.4354
22.44693
22.45808
22.46908
22.48065
22.49214
22.50327
22.51489
22.5261
22.53731
22.54943
22.56024
22.57125
22.58251
22.59377
22.60505
22.61594
22.62743
22.63843
22.64958
22.66089
22.6723
22.68325
22.69426
22.70555
22.7167
22.72783
22.73932
22.75035
22.76163
22.77336
22.78368
22.79479
22.80631
22.81711
22.82849
22.83971
22.85066
22.86188
22.87319
22.8843
22.89537
22.90684
22.91765
22.92876
22.94058
22.95116
22.96247
22.97363
22.98487
22.99618
23.00768
23.01817
23.0293
23.04098
23.05197
23.06282
23.07437
23.08537
23.09653
23.108
23.1188
23.12993
23.14159
23.15252
23.16353
23.17941
23.19056
23.20035
23.21069
23.22107
23.23141
23.24158
23.25122
23.26128
23.27105
23.28149
23.2928
23.30406
23.31484
23.32611
23.33748
23.34848
23.3595
23.37067
23.38182
23.39317
23.40427
23.41541
23.4265
23.43778
23.44935
23.46025
23.47127
23.48271
23.49362
23.50488
23.5159
23.52749
23.53844
23.54947
23.561
23.57244
23.58355
23.59491
23.6069
23.61769
23.62896
23.64058
23.65179
23.66321
23.67476
23.686
23.69736
23.70881
23.72019
23.73167
23.74338
23.75422
23.76593
23.77733
23.78866
23.79987
23.81153
23.82275
23.83356
23.84514
23.85656
23.86717
23.8783
23.88985
23.9009
23.91182
23.92365
23.93408
23.94533
23.95675
23.96758
23.97887
23.99017
24.0013
24.01251
24.02407
24.0346
24.04588
24.05747
24.06824
24.07945
24.09068
24.10183
24.113
24.1244
24.13522
24.14631
24.15773
24.16863
24.18018
24.19131
24.20239
24.21343
24.22481
24.23585
24.24691
24.2582
24.26949
24.28137
24.29187
24.30774
24.31759
24.32813
24.33805
24.34893
24.35897
24.3687
24.37849
24.38856
24.3988
24.41
24.42122
24.43242
24.44334
24.45454
24.46605
24.47681
24.48805
24.49924
24.51023
24.52162
24.53272
24.54417
24.55538
24.56613
24.57726
24.5889
24.59975
24.61107
24.62227
24.6334
24.64462
24.65635
24.66726
24.67845
24.68976
24.70078
24.71197
24.72351
24.7349
24.74649
24.75816
24.76896
24.78067
24.79179
24.80299
24.81523
24.82634
24.83743
24.84864
24.86031
24.87153
24.88278
24.89406
24.9058
24.91722
24.92898
24.93966
24.95063
24.96226
24.97327
24.98411
24.99524
25.00687
25.0181
25.02891
25.04037
25.05107
25.06248
25.07356
25.08476
25.096
25.10715
25.11819
25.12971
25.14076
25.15198
25.1629
25.17508
25.18512
25.19679
25.20822
25.21868
25.22981
25.24136
25.25241
25.26354
25.27469
25.28582
25.29698
25.30836
25.31919
25.33071
25.34191
25.3528
25.36381
25.37539
25.38624
25.39742
25.4087
25.41979
25.43528
25.44571
25.4564
25.46717
25.47713
25.48706
25.49759
25.50724
25.51743
25.52779
25.53876
25.5499
25.56125
25.57329
25.58339
25.60054
25.61122
25.6211
25.63119
25.64162
25.65093
25.66152
25.67336
25.68363
25.69513
25.70625
25.71712
25.72833
25.73983
25.75084
25.7618
25.77351
25.78421
25.79573
25.80702
25.81766
25.82876
25.84043
25.85127
25.86264
25.87365
25.88472
25.89672
25.90735
25.91826
25.92947
25.94076
25.95212
25.96315
25.97474
25.98591
25.99816
26.00889
26.02001
26.03154
26.04293
26.05447
26.0658
26.07789
26.08828
26.09993
26.11124
26.12277
26.13408
26.14519
26.1571
26.16823
26.17966
26.19074
26.20193
26.2127
26.22411
26.23519
26.24631
26.25782
26.26895
26.27991
26.29125
26.30232
26.31354
26.32473
26.3356
26.34726
26.35821
26.36929
26.38032
26.39168
26.40272
26.41399
26.42529
26.43764
26.44829
26.4589
26.47862
26.48858
26.49879
26.50963
26.52067
26.53198
26.54312
26.5542
26.56968
26.57982
26.59001
26.60613
26.61617
26.62626
26.63595
26.646
26.65573
26.66609
26.677
26.68832
26.69937
26.71095
26.72184
26.73309
26.7441
26.75576
26.76634
26.77754
26.78881
26.79998
26.81109
26.82254
26.83333
26.84456
26.85609
26.86694
26.87818
26.88959
26.90039
26.91167
26.92314
26.93415
26.94511
26.95666
26.96758
26.97859
26.99025
27.00136
27.01278
27.02452
27.03564
27.04737
27.05857
27.06994
27.0818
27.09289
27.1041
27.11597
27.12686
27.13864
27.15021
27.16128
27.17311
27.18429
27.19567
27.20742
27.21812
27.22915
27.24053
27.25174
27.26289
27.27443
27.28499
27.29622
27.30758
27.31875
27.32973
27.34122
27.35273
27.36365
27.37472
27.38569
27.39686
27.40811
27.41907
27.43035
27.44166
27.45314
27.46408
27.47568
27.48687
27.49755
27.50861
27.52028
27.53083
27.54238
27.55297
27.565
27.57554
27.58721
27.59797
27.60914
27.6202
27.63148
27.64252
27.65404
27.66477
27.67622
27.69167
27.70214
27.71299
27.72331
27.7337
27.74456
27.7548
27.76524
27.77598
27.78619
27.79634
27.80696
27.81732
27.8281
27.83918
27.85034
27.86143
27.87292
27.88369
27.89524
27.90621
27.91757
27.92858
27.93988
27.95069
27.96211
27.97331
27.98448
27.99617
28.00716
28.01779
28.02897
28.04046
28.05169
28.06351
28.07542
28.08711
28.09922
28.1117
28.12364
28.13575
28.14742
28.15896
28.17034
28.1824
28.19467
28.20675
28.21851
28.23005
28.24179
28.25323
28.2649
28.27715
28.28923
28.3007
28.31235
28.32467
28.33621
28.34783
28.36026
28.37287
28.38463
28.39716
28.4086
28.41978
28.43114
28.44333
28.45511
28.4666
28.47837
28.48993
28.5018
28.51308
28.52545
28.53719
28.54904
28.56196
28.57347
28.58485
28.59642
28.6082
28.62089
28.63235
28.6439
28.65491
28.66659
28.67813
28.68995
28.70158
28.71325
28.72536
28.7368
28.74976
28.76269
28.77554
28.78887
28.80088
28.81273
28.82572
28.83752
28.84924
28.86637
28.87844
28.8902
28.90206
28.91428
28.92643
28.93837
28.95024
28.96214
28.97421
28.98532
28.99623
29.00756
29.0183
29.02934
29.04037
29.05155
29.06274
29.07408
29.08532
29.09652
29.10818
29.1195
29.13086
29.14227
29.15354
29.16466
29.17678
29.18846
29.19965
29.21119
29.22409
29.23473
29.24618
29.25781
29.26856
29.2796
29.2912
29.30198
29.3131
29.32444
29.33529
29.3467
29.35804
29.36959
29.38046
29.3917
29.40266
29.41464
29.42553
29.43637
29.44794
29.45938
29.47064
29.48164
29.49236
29.50303
29.51419
29.52544
29.53724
29.54933
29.5605
29.5735
29.58549
29.59878
29.61234
29.62438
29.63702
29.64816
29.65954
29.67049
29.68188
29.69331
29.70451
29.71554
29.7267
29.73794
29.74903
29.76059
29.77138
29.78344
29.79559
29.80624
29.81694
29.82766
29.83818
29.84955
29.86169
29.87334
29.88515
29.89599
29.90731
29.91895
29.92989
29.94139
29.95314
29.96376
29.97461
29.98557
29.99619
30.00739
30.02384
30.03517
30.0467
30.05751
30.06844
30.07933
30.09533
30.11135
30.12276
30.13473
30.14916
30.16067
30.17263
30.18441
30.1962
30.20711
30.21825
30.22901
30.24166
30.25187
30.26257
30.27604
30.28909
30.30009
30.31393
30.32806
30.33813
30.34909
30.36085
30.37495
30.38855
30.40003
30.4114
30.42258
30.43315
30.44397
30.45467
30.46945
30.48539
30.49776
30.51045
30.52308
30.53425
30.54821
30.56225
30.57318
30.58399
30.59536
30.60636
30.61698
30.62907
30.63999
30.65091
30.66452
30.6786
30.68935
30.70079
30.71288
30.72539
30.73708
30.75089
30.76187
30.77259
30.78362
30.79535
30.80678
30.81846
30.82971
30.84205
30.85449
30.86597
30.87741
30.88835
30.89951
30.91043
30.92174
30.93559
30.94648
30.95765
30.96922
30.98167
30.99368
31.00406
31.01473
31.02704
31.03863
31.05021
31.06182
31.07291
31.08372
31.09453
31.10516
31.11657
31.12769
31.13981
31.15102
31.1615
31.17198
31.18349
31.19562
31.20732
31.22423
31.23576
31.24817
31.25949
31.26994
31.2809
31.29255
31.30343
31.31468
31.32639
31.33652
31.3472
31.35823
31.37146
31.38414
31.39688
31.40847
31.41931
31.43009
31.44133
31.4526
31.46434
31.47595
31.48706
31.49842
31.50974
31.52048
31.53184
31.54273
31.55587
31.56897
31.58073
31.59187
31.60276
31.61754
31.63288
31.64465
31.65783
31.67044
31.68147
31.69252
31.70363
31.71541
31.72771
31.73897
31.74956
31.76038
31.77105
31.782
31.79474
31.80587
31.81685
31.82847
31.84016
31.85204
31.86293
31.87376
31.88591
31.8975
31.90962
31.92062
31.93221
31.94306
31.95387
31.9654
31.97736
31.98917
32.00016
32.01243
32.02292
32.03534
32.04661
32.05721
32.06742
32.07779
32.08754
32.09801
32.10849
32.11814
32.1288
32.13934
32.15058
32.16157
32.1728
32.18376
32.1956
32.20701
32.21708
32.22833
32.23994
32.25082
32.26187
32.27361
32.28438
32.29567
32.30666
32.31787
32.32892
32.34013
32.35125
32.36766
32.37881
32.38929
32.39963
32.4098
32.41961
32.42975
32.44076
32.45211
32.46412
32.47495
32.48633
32.49829
32.50915
32.52055
32.5316
32.54253
32.5541
32.56513
32.57609
32.58785
32.59848
32.60978
32.6207
32.63198
32.6432
32.65443
32.6656
32.67692
32.68791
32.69899
32.71019
32.72155
32.73259
32.74379
32.75547
32.76652
32.77805
32.78955
32.80081
32.81221
32.82466
32.8352
32.84606
32.85792
32.86901
32.88041
32.89185
32.90308
32.91463
32.92567
32.93692
32.94815
32.95936
32.97064
32.98175
32.99435
33.00425
33.01553
33.02643
33.03748
33.04878
33.06009
33.07136
33.08254
33.0936
33.10507
33.11576
33.12688
33.13826
33.14979
33.16078
33.17167
33.18293
33.194
33.20544
33.21714
33.22775
33.23901
33.24989
33.26105
33.27346
33.28355
33.29478
33.30626
33.31695
33.32882
33.33951
33.35044
33.36161
33.37344
33.38486
33.395
33.40653
33.41736
33.42865
33.4405
33.45129
33.46262
33.47351
33.48503
33.50042
33.51133
33.52161
33.53207
33.5426
33.55292
33.56373
33.57443
33.5844
33.59497
33.60504
33.61546
33.62547
33.63575
33.64702
33.65878
33.66926
33.68043
33.69191
33.70287
33.71398
33.72586
33.73701
33.74871
33.76177
33.77444
33.78689
33.79919
33.81207
33.82526
33.83698
33.84861
33.86095
33.87377
33.88543
33.89735
33.91002
33.92208
33.93466
33.94699
33.96727
33.97999
33.99213
34.0046
34.01632
34.02791
34.03978
34.05154
34.06329
34.0756
34.08794
34.10232
