0.02
0.04
0.14
0.1747005
0.1870469
0.1988697
0.2095566
0.2209441
0.2322466
0.2429023
0.2546838
0.2653684
0.2765134
0.2876119
0.298872
0.3118052
0.321265
0.3323666
0.3434542
0.3543878
0.3656216
0.3769908
0.3881884
0.3993235
0.4105701
0.4213972
0.4326939
0.4441578
0.4552662
0.4661016
0.481459
0.4910417
0.5005932
0.5110761
0.52223
0.533093
0.5447657
0.5557509
0.5666848
0.5781015
0.5893683
0.6002089
0.6119329
0.6227737
0.6336544
0.6450585
0.6561849
0.6675317
0.6789265
0.6895935
0.7006647
0.7119903
0.7231741
0.734338
0.7455863
0.7566963
0.7679275
0.779154
0.7904164
0.8014225
0.812749
0.8235658
0.834833
0.8461541
0.85732
0.8690699
0.8821785
0.8947851
0.9058095
0.916657
0.9289235
0.9394215
0.9506627
0.9625073
0.9737383
0.9848261
0.9964007
1.007336
1.018559
1.029941
1.04098
1.052131
1.063294
1.074198
1.088091
1.099216
1.108842
1.118605
1.129731
1.14057
1.15172
1.163256
1.174341
1.185345
1.196694
1.207579
1.219022
1.230212
1.24163
1.252287
1.263459
1.274842
1.285846
1.297119
1.308192
1.319251
1.33061
1.341674
1.352759
1.363899
1.375033
1.386387
1.397692
1.408741
1.420325
1.430866
1.442019
1.453296
1.464547
1.475653
1.487227
1.49842
1.509697
1.521067
1.532315
1.543554
1.554834
1.565909
1.580419
1.590146
1.599931
1.615909
1.625704
1.635335
1.645274
1.65481
1.664342
1.673639
1.684071
1.699538
1.709252
1.719655
1.734696
1.74744
1.75682
1.767208
1.777073
1.78682
1.797694
1.807076
1.818024
1.829453
1.840505
1.851529
1.863176
1.875452
1.889423
1.900471
1.910022
1.920197
1.930827
1.940553
1.951866
1.964668
1.975567
1.987161
1.997119
2.007585
2.019152
2.030406
2.04119
2.052253
2.064126
2.074836
2.086033
2.097113
2.108488
2.119374
2.130653
2.141705
2.152868
2.164047
2.176242
2.186659
2.197546
2.20891
2.219812
2.23115
2.242157
2.253482
2.264599
2.275892
2.286943
2.298129
2.309447
2.320482
2.331731
2.342813
2.353981
2.364989
2.377046
2.387768
2.39949
2.410886
2.422442
2.433628
2.445366
2.457162
2.467876
2.479722
2.491026
2.502243
2.513729
2.5252
2.536364
2.548016
2.559553
2.570525
2.582315
2.59864
2.609505
2.620322
2.630958
2.641149
2.651109
2.661397
2.67175
2.682607
2.692634
2.702919
2.713449
2.723843
2.734146
2.74523
2.75631
2.767054
2.778434
2.789922
2.801433
2.812248
2.823309
2.834279
2.845642
2.856627
2.867949
2.879274
2.890868
2.901306
2.913517
2.923802
2.936038
2.946576
2.957452
2.969619
2.980097
2.99083
3.001826
3.013177
3.024232
3.035281
3.04703
3.058279
3.069624
3.081095
3.092519
3.103895
3.115602
3.12675
3.138338
3.149692
3.161372
3.172555
3.184143
3.196167
3.206847
3.218556
3.229795
3.241122
3.252651
3.263673
3.275315
3.28595
3.297185
3.308277
3.321033
3.331616
3.341849
3.352978
3.364391
3.37599
3.386487
3.397722
3.40889
3.42035
3.4316
3.442308
3.453439
3.46484
3.475814
3.487572
3.49826
3.509584
3.520547
3.531849
3.54304
3.553896
3.565252
3.576929
3.587781
3.59895
3.61039
3.620895
3.632379
3.643597
3.660605
3.67106
3.682281
3.692705
3.703209
3.714366
3.724913
3.735491
3.746924
3.757422
3.768801
3.780174
3.791373
3.802851
3.815086
3.825715
3.836535
3.848363
3.859086
3.870225
3.882158
3.893196
3.905162
3.916072
3.927519
3.940133
3.951236
3.962534
3.973819
3.984594
3.996144
4.00702
4.018409
4.029574
4.040514
4.051733
4.063517
4.074182
4.085209
4.096518
4.108104
4.119123
4.13051
4.141141
4.15281
4.16356
4.174693
4.185924
4.197088
4.207979
4.21955
4.230719
4.242592
4.254041
4.265172
4.276834
4.287817
4.299432
4.31034
4.321345
4.332528
4.343488
4.355506
4.366644
4.383784
4.395232
4.406233
4.418024
4.429255
4.440634
4.451852
4.463316
4.474407
4.485487
4.496696
4.50773
4.519013
4.530226
4.541102
4.5516
4.56255
4.574106
4.585233
4.597099
4.609359
4.626349
4.638677
4.65022
4.661746
4.673507
4.685396
4.697747
4.709445
4.722078
4.733445
4.744726
4.755702
4.76653
4.777956
4.789043
4.800537
4.811893
4.8226
4.83357
4.845042
4.856233
4.867346
4.878841
4.889579
4.90071
4.913223
4.924413
4.93548
4.946281
4.957338
4.968467
4.984093
4.996366
5.007716
5.019501
5.031411
5.042251
5.053418
5.065346
5.076118
5.08724
5.099506
5.110499
5.122335
5.133452
5.144367
5.155981
5.167513
5.178465
5.189464
5.200678
5.211891
5.222951
5.234909
5.247181
5.258371
5.269485
5.280777
5.292642
5.303789
5.315048
5.326256
5.33699
5.348413
5.3592
5.370301
5.381107
5.392387
5.403241
5.41469
5.425793
5.436923
5.448163
5.45927
5.470357
5.48183
5.493057
5.504591
5.515434
5.526245
5.537352
5.549308
5.560426
5.571389
5.58245
5.593238
5.604457
5.616625
5.627539
5.643435
5.653978
5.664721
5.675186
5.685482
5.69597
5.706373
5.717646
5.728899
5.739779
5.750922
5.762537
5.773627
5.784427
5.796252
5.807151
5.81831
5.829634
5.840525
5.851624
5.862795
5.873978
5.88535
5.89636
5.907674
5.91898
5.92981
5.941082
5.952434
5.963516
5.974872
5.98603
5.997596
6.008664
6.02007
6.031331
6.043117
6.053976
6.065083
6.076327
6.087949
6.099238
6.110782
6.122118
6.133384
6.14459
6.155999
6.16744
6.178768
6.189959
6.201305
6.21272
6.224131
6.234833
6.246252
6.257326
6.268644
6.279732
6.290681
6.301927
6.313354
6.324417
6.3353
6.346543
6.357584
6.370006
6.381086
6.391493
6.402226
6.413625
6.425078
6.435846
6.447086
6.458241
6.469604
6.4814
6.492053
6.502722
6.514598
6.52568
6.536628
6.547588
6.558781
6.570458
6.582229
6.593566
6.605317
6.617364
6.629172
6.640421
6.652141
6.664116
6.675447
6.687881
6.699275
6.710627
6.728021
6.739532
6.751379
6.763053
6.774478
6.785606
6.797544
6.809631
6.822406
6.833482
6.844296
6.85563
6.866786
6.878062
6.888908
6.900424
6.911536
6.922951
6.933991
6.945305
6.956214
6.967153
6.978729
6.989976
7.001476
7.012797
7.025155
7.036155
7.047651
7.058999
7.070333
7.08161
7.092383
7.103323
7.114421
7.125642
7.13697
7.14787
7.158537
7.170511
7.181558
7.192363
7.203554
7.214766
7.225855
7.236629
7.248063
7.259458
7.270494
7.281707
7.292322
7.303333
7.315113
7.32587
7.337524
7.349692
7.361502
7.372456
7.383552
7.395153
7.406558
7.417809
7.429693
7.441004
7.45249
7.4643
7.475489
7.487922
7.499505
7.510962
7.522529
7.534952
7.546575
7.558182
7.570405
7.581576
7.59277
7.605431
7.616715
7.628078
7.639423
7.650626
7.662092
7.673442
7.684823
7.695636
7.706802
7.718817
7.730885
7.742014
7.753469
7.765207
7.776543
7.787618
7.7992
7.816052
7.82777
7.838674
7.849866
7.861148
7.872445
7.883617
7.895202
7.905923
7.917375
7.929244
7.940822
7.952279
7.964003
7.975141
7.986702
7.998277
8.009821
8.021757
8.033775
8.046093
8.057428
8.068864
8.081935
8.093452
8.105079
8.116781
8.12915
8.140465
8.151995
8.163167
8.173984
8.185084
8.196159
8.207644
8.21912
8.231117
8.242456
8.253805
8.26545
8.27667
8.288094
8.299998
8.312056
8.324004
8.336221
8.348267
8.359757
8.371086
8.382521
8.393893
8.405611
8.417283
8.428558
8.440053
8.451636
8.464121
8.475218
8.486399
8.498147
8.509295
8.520844
8.532233
8.543674
8.554967
8.566597
8.578325
8.589889
8.601357
8.614293
8.625624
8.637254
8.64895
8.660644
8.672463
8.68383
8.695729
8.707327
8.719473
8.731828
8.74298
8.754497
8.766811
8.778452
8.789972
8.801621
8.813048
8.824945
8.836145
8.847884
8.859114
8.870605
8.882591
8.894403
8.911304
8.923612
8.935169
8.948691
8.960228
8.97174
8.983507
8.99621
9.008554
9.020542
9.033113
9.044814
9.05621
9.067638
9.079147
9.090446
9.101904
9.113674
9.124934
9.1366
9.148645
9.159931
9.171532
9.183045
9.194776
9.206583
9.21838
9.230598
9.242646
9.254243
9.266068
9.277912
9.289719
9.301702
9.313088
9.324456
9.335736
9.34728
9.358686
9.370249
9.38251
9.394042
9.406216
9.418206
9.430306
9.442069
9.453775
9.465757
9.477464
9.489235
9.501533
9.514434
9.52571
9.537413
9.549186
9.561321
9.573587
9.585284
9.597276
9.609579
9.622595
9.635339
9.647813
9.659231
9.670889
9.682816
9.694858
9.706525
9.719176
9.731449
9.743916
9.755877
9.767633
9.77985
9.791842
9.804409
9.816195
9.827897
9.83968
9.851685
9.863474
9.875069
9.886928
9.899286
9.911882
9.924759
9.936845
9.951692
9.964526
9.976567
9.988914
10.00185
10.01492
10.03288
10.04602
10.05792
10.06983
10.08212
10.09486
10.1069
10.11852
10.13067
10.14223
10.15504
10.16739
10.17968
10.19178
10.20394
10.21629
10.22935
10.24093
10.25234
10.2643
10.27537
10.28674
10.29921
10.31065
10.32243
10.33376
10.34548
10.35683
10.36853
10.38017
10.39121
10.40226
10.41382
10.42499
10.43604
10.44799
10.45954
10.4719
10.48431
10.49708
10.50856
10.52054
10.5329
10.54452
10.55637
10.5689
10.58097
10.59267
10.60521
10.61761
10.62984
10.64223
10.65399
10.66589
10.67852
10.69141
10.72939
10.7435
10.75582
10.76847
10.7809
10.79512
10.81018
10.82369
10.83571
10.84797
10.85968
10.87152
10.88377
10.89639
10.90845
10.92055
10.93354
10.94593
10.95876
10.97078
10.98346
10.99599
11.00798
11.02065
11.03278
11.04487
11.05657
11.06819
11.08011
11.09227
11.10422
11.11626
11.12808
11.14036
11.15193
11.16851
11.18067
11.19244
11.20443
11.2169
11.22912
11.24097
11.2527
11.26494
11.27739
11.29108
11.30316
11.31562
11.32774
11.34085
11.35282
11.36611
11.37844
11.39094
11.40238
11.41511
11.42732
11.43988
11.45159
11.46401
11.47583
11.48847
11.5009
11.51338
11.52513
11.53678
11.54869
11.56026
11.57211
11.58588
11.59984
11.61406
11.62747
11.64116
11.65519
11.66856
11.68182
11.69546
11.70914
11.72332
11.73661
11.75027
11.76399
11.77743
11.78793
11.79903
11.80889
11.81905
11.82929
11.84223
11.85535
11.86828
11.88125
11.89377
11.90651
11.91906
11.93206
11.94481
11.95757
11.97078
11.98367
11.99725
12.01015
12.02358
12.037
12.04999
12.06287
12.07539
12.08888
12.10253
12.11607
12.12997
12.14335
12.15712
12.17075
12.1845
12.19834
12.21213
12.22583
12.23982
12.25834
12.27187
12.28559
12.29932
12.31373
12.32715
TARGET DESTROYED 
12.34085
12.3663
12.3893
12.40354
12.41712
12.43065
12.44401
12.45764
12.47146
12.48537
12.49884
12.51244
12.52623
12.54043
12.55354
12.56748
12.58128
12.59517
12.60931
12.62364
12.6377
12.65207
12.66556
12.67963
12.6936
12.70645
12.71931
12.73215
12.74295
12.75412
12.76569
12.77798
12.78928
12.8007
12.81212
12.82399
12.83541
12.84648
12.85752
12.86846
12.8799
12.89097
12.90225
12.9142
12.92565
12.93677
12.94866
12.95926
12.97074
12.98262
12.99366
13.00491
13.01688
13.02912
13.04025
13.0513
13.06249
13.07413
13.08505
13.09633
13.10755
13.1188
13.13058
13.14161
13.15297
13.16999
13.18577
13.20246
13.21864
13.23481
13.25103
13.26686
13.28291
13.29883
13.31522
13.33128
13.34719
13.36335
13.37948
13.39587
13.40754
13.41833
13.42933
13.4456
13.45681
13.46807
13.47948
13.49096
13.50183
13.51318
13.52385
13.53484
13.54646
13.55718
13.56831
13.57975
13.59068
13.60207
13.61335
13.62543
13.63589
13.64655
13.65803
13.66946
13.68167
13.69348
13.70547
13.71841
13.73079
13.74266
13.75508
13.7672
13.77995
13.79218
13.80402
13.8162
13.82837
13.84107
13.85295
13.86522
13.87734
13.88965
13.90183
13.91394
13.92582
13.93803
13.95002
13.96269
13.97468
13.98899
14.00139
14.01396
14.02673
14.03924
14.05107
14.06353
14.07518
14.08629
14.09861
14.10995
14.12152
14.13324
14.14486
14.15697
14.16868
14.18033
14.19201
14.2034
14.21498
14.22655
14.23898
14.25065
14.26211
14.27336
14.28499
14.29661
14.30793
14.31862
14.33001
14.34144
14.35248
TARGET DESTROYED 
14.36401
14.38149
14.39318
14.40543
14.42557
14.43921
14.45118
14.46293
14.47467
14.48672
14.49896
14.51086
14.52324
14.53551
14.5477
14.56507
14.57768
14.58974
14.60172
14.61423
14.62618
14.63818
14.6506
14.66321
14.6751
14.68732
14.69971
14.71167
14.72405
14.73616
14.74849
14.76105
14.77319
14.78577
14.79843
14.81066
14.82273
14.83504
14.84763
14.85946
14.87185
14.88428
14.89648
14.90908
14.92332
14.93619
14.9498
14.96339
14.97667
14.99177
15.0059
15.02033
15.03488
15.04923
15.06138
15.07447
15.08739
15.10164
15.11482
15.12752
15.14137
15.15502
15.16804
15.1813
15.19436
15.20782
15.22075
15.235
15.24815
15.26096
15.27404
15.28735
15.30057
15.31345
15.32621
15.33963
15.35285
15.36641
15.37961
15.39269
15.40594
15.41866
15.4306
15.44106
15.45202
15.4628
15.47337
15.48458
15.49514
15.50584
15.51682
15.52759
15.53853
15.54929
15.56003
15.57128
15.5821
15.59296
15.60494
15.6162
15.62674
15.63761
15.6487
15.66529
15.67745
15.69023
15.70196
15.71345
15.72419
15.73535
15.74676
15.75766
15.76899
15.78033
15.79141
15.80268
15.81355
15.82513
15.83583
15.84713
15.8582
15.86947
15.8807
15.89209
15.90286
15.9141
15.92542
15.93687
15.94833
15.95882
15.97048
15.98135
15.99279
16.00463
16.015
16.02601
16.03695
16.04834
16.0594
16.07062
16.08205
16.09273
16.10395
16.11517
16.12643
16.13783
16.14875
16.15996
16.17102
16.18246
16.19431
16.20586
16.21718
16.229
16.24028
16.25149
16.26347
16.2748
16.28629
16.29827
16.30903
16.32213
16.33203
16.34341
16.35474
16.36576
16.3774
16.38837
16.39955
16.41065
16.42192
16.43291
16.44444
16.45573
16.4664
16.47771
16.48909
16.49998
16.51427
16.52453
16.5347
16.54525
16.55541
16.56577
16.57659
16.58781
16.5991
16.61042
16.62137
16.63246
16.6438
16.65495
16.66594
16.6775
16.68913
16.69963
16.71152
16.72294
16.73313
16.74914
16.75949
16.76984
16.78067
16.79079
16.80113
16.81135
16.82235
16.83277
16.8435
16.85433
16.86547
16.87649
16.8879
TARGET DESTROYED 
16.89916
16.91407
16.92466
16.94188
16.9533
16.96423
16.97521
16.9863
16.99769
17.00912
17.0199
17.03172
17.04228
17.05341
17.06461
17.07609
17.08684
17.09807
17.10943
17.12059
17.13177
17.14334
17.15386
17.16528
17.17636
17.18748
17.19904
17.20974
17.22158
17.23237
17.24335
17.25463
17.26561
17.27712
17.28801
17.29934
17.31046
17.32178
17.33278
17.34407
17.35521
17.36618
17.37736
17.38906
17.39984
17.411
17.42243
17.43405
17.44553
17.45681
17.46829
17.48007
17.49125
17.50278
17.5146
17.52579
17.53726
17.54925
17.55986
17.57232
17.58311
17.5947
17.60595
17.61672
17.62843
17.63975
17.6503
17.66166
17.67295
17.68844
17.69884
17.70884
17.7193
17.72978
17.73948
17.74919
17.75962
17.76982
17.78108
17.79222
17.80347
17.81456
17.82577
17.83687
17.84809
17.85944
17.87097
17.88168
17.89269
17.90394
17.91506
17.92678
17.93772
17.94875
17.95979
17.97155
17.98217
17.99344
18.00455
18.0162
18.02664
18.03827
18.04914
18.06046
18.07223
18.08306
18.09499
18.10581
18.11702
18.12885
18.13982
18.15107
18.1629
18.17409
18.18529
18.19683
18.20822
18.21925
18.23069
18.24178
18.25327
18.26473
18.27583
18.28715
18.29827
18.3103
18.32065
18.33308
18.34289
18.35424
18.36615
18.37638
18.38785
18.39896
18.41038
18.42211
18.43248
18.44398
18.45468
18.46696
18.47923
18.48917
18.4992
18.51082
18.5226
18.53275
18.54414
18.55525
18.56648
18.57767
18.5891
18.59984
18.61125
18.62207
18.6332
18.6458
18.65617
18.66682
18.67857
18.68928
18.70023
18.71207
18.72276
18.7338
18.74924
18.7592
18.76931
18.77954
18.78932
18.79944
18.80949
18.82083
18.83173
18.84345
18.85401
18.86526
18.87652
18.8879
18.89898
18.91003
18.92127
18.93235
18.94356
18.95516
18.96588
18.97742
18.98851
18.99931
19.0107
19.02204
19.03312
19.04431
19.056
19.06642
19.07744
19.0887
19.09981
19.113
19.12278
19.13352
19.14528
19.15617
19.16755
19.18
19.19004
19.2016
19.21312
19.2241
TARGET DESTROYED 
19.23551
19.24999
19.26073
19.27202
19.28887
19.30037
19.31052
19.32088
19.33204
19.34334
19.35451
19.36559
19.37676
19.38795
19.3997
19.4102
19.42146
19.43307
19.4439
19.45506
19.46617
19.47748
19.48861
19.49967
19.51141
19.5223
19.53316
19.54448
19.55565
19.56673
19.5794
19.58948
19.60285
19.61373
19.62364
19.63475
19.6452
19.65629
19.66719
19.67865
19.69044
19.70068
19.71214
19.72314
19.73472
19.74996
19.75968
19.76971
19.77985
19.79151
19.80329
19.81424
19.82584
19.83707
19.84863
19.85954
19.87152
19.88177
19.89307
19.90446
19.91562
19.92642
19.93787
19.94935
19.96001
19.97116
19.98273
19.99369
20.00471
20.01629
20.02719
20.03847
20.04958
20.06113
20.07253
20.083
20.09438
20.10547
20.11655
20.12815
20.13962
20.15105
20.16245
20.1732
20.18474
20.19635
20.20724
20.21898
20.23077
20.24113
20.25256
20.26428
20.27527
20.28651
20.29785
20.30893
20.32015
20.33122
20.34256
20.35332
20.36473
20.37617
20.38701
20.39809
20.41056
20.42039
20.43157
20.44287
20.45406
20.46524
20.47647
20.48748
20.49877
20.50989
20.52145
20.53234
20.54323
20.5545
20.56572
20.57704
20.5883
20.59914
20.61062
20.6218
20.63367
20.64424
20.65527
20.66642
20.67853
20.6899
20.69973
20.71221
20.72252
20.73313
20.7451
20.75576
20.7667
20.77852
20.78942
20.80029
20.81174
20.82281
20.83382
20.84951
20.86034
20.87049
20.88055
20.89014
20.90016
20.9097
20.9196
20.93062
20.94166
20.95272
20.96394
20.97515
20.98647
20.99753
21.00897
21.01991
21.03128
21.04262
21.05328
21.06458
21.07571
21.08708
21.09802
21.10917
21.12045
21.13161
21.14269
21.15389
21.16574
21.17619
21.18745
21.19869
21.20981
21.22117
21.23227
21.24431
21.2553
21.26682
21.27833
21.28936
21.30052
21.31205
21.32362
21.33481
21.34618
21.35743
21.36874
21.38052
21.39152
21.40305
21.41418
21.42613
21.43701
21.4484
21.45928
21.47071
21.48171
21.49277
21.50433
21.5156
21.52625
21.53739
21.5489
21.55986
21.57157
21.58213
21.594
21.60481
21.61565
21.62682
21.63859
21.64909
21.66026
21.67165
21.68271
21.69434
21.70514
21.71652
21.72768
21.73881
21.74973
21.76118
21.77226
21.78327
21.79499
21.80571
21.81663
21.8284
21.83922
21.85041
21.86168
21.87269
21.88369
21.8954
21.90633
21.91854
21.93382
21.94412
21.95434
21.96483
21.97475
21.9847
21.99487
22.00444
22.01467
22.02436
22.03515
22.04666
22.05756
22.06875
22.07999
22.09096
22.10249
22.11364
22.12442
22.13558
22.14694
TARGET DESTROYED 
22.15813
22.17274
22.18253
22.19224
22.20279
22.21412
22.22521
22.23634
22.24751
22.25856
22.27021
22.28653
22.29798
22.30884
22.31839
22.32879
22.33823
22.34838
22.35895
22.37036
22.38149
22.39343
22.40399
22.41494
22.4264
22.43732
22.44842
22.45981
22.47081
22.48189
22.49313
22.50458
22.51566
22.5266
22.53813
22.5491
22.56104
22.57166
22.58286
22.59366
22.605
22.61604
22.62729
22.63866
22.64955
22.6611
22.67212
22.68349
22.69501
22.70633
22.71774
22.72939
22.74068
22.75205
22.76346
22.77479
22.78622
22.79768
22.80896
22.82197
22.83179
22.84427
22.85468
22.8662
22.88006
22.89546
22.90608
22.91808
22.9305
22.94049
22.95147
22.96347
22.97381
22.9851
22.99631
23.00741
23.01862
23.02996
23.04129
23.05239
23.06336
23.07441
23.0855
23.09838
23.10781
23.11952
23.13025
23.14165
23.15395
23.16386
23.17492
23.18632
23.1975
23.20978
23.21957
23.23078
23.24208
23.25314
23.26497
23.27563
23.28741
23.29841
23.30986
23.32154
23.33264
23.34445
23.35557
23.36711
23.37838
23.38977
23.40093
23.41278
23.42375
23.43514
23.44707
23.45824
23.46906
23.48071
23.49202
23.50342
23.51504
23.52619
23.53685
23.54815
23.55923
23.5703
23.5816
23.59293
23.60423
23.61509
23.62628
23.6384
23.64853
23.65966
23.67102
23.6824
23.69314
23.7045
23.71616
23.72713
23.73816
23.74925
23.76036
23.77159
23.78251
23.79419
23.80558
23.81619
23.82735
23.83912
23.85059
23.86114
23.87229
23.88331
23.89475
23.90592
23.91666
23.92824
23.93924
23.95022
23.96165
23.97275
23.98364
23.99566
24.01019
24.021
24.03103
24.04064
24.05053
24.0614
24.07236
24.08183
24.09195
24.10347
24.11439
24.1255
24.13701
24.14812
24.15902
24.17016
24.18135
24.19262
24.20365
24.21488
24.22614
24.23749
24.24843
24.2595
24.27078
24.28193
24.29297
24.30467
24.31557
24.32651
24.33779
24.34902
24.36303
24.37311
24.38335
24.39393
24.40569
24.41694
24.42825
24.43928
24.45049
24.46246
24.47321
24.48565
24.49635
24.50752
24.51911
24.53028
24.54112
24.55247
24.56368
24.57472
24.58592
24.59734
24.60838
24.62023
24.63062
24.64169
24.65283
24.66406
24.67537
24.68651
24.69754
24.70898
24.7201
24.73117
24.74257
24.7538
24.76518
24.77662
24.7876
24.79899
24.81047
24.82156
24.83253
24.84376
24.85519
24.86641
24.87727
24.88859
24.89994
24.91115
24.92218
24.93344
24.94449
24.9556
24.96708
24.97816
24.9892
25.00002
25.01165
25.02284
25.03935
25.05022
25.0613
25.07246
25.08476
25.0958
25.10686
25.11827
25.12958
25.14048
25.15269
25.16338
25.17383
25.18512
25.19683
25.20777
25.21854
25.23018
25.2412
25.25211
25.26351
25.27456
25.28567
25.29705
25.30822
25.3192
25.33041
25.34149
25.35261
25.36397
25.3751
25.3861
25.39753
25.40845
25.41981
25.4311
25.44201
25.45318
25.46428
25.47595
25.48655
25.49786
25.50897
25.52113
25.53192
25.54333
25.55535
25.56644
25.57795
25.58949
25.60125
25.61267
25.62356
25.63535
25.64677
25.65818
25.66954
25.6818
25.69231
25.70393
25.71568
25.72618
25.73767
25.74861
25.75967
TARGET DESTROYED 
25.77107
25.78481
25.7947
25.80399
25.81478
25.82576
25.83759
25.84843
25.85939
25.87136
25.88737
25.89871
25.90845
25.91823
25.92832
25.93779
25.94776
25.95723
25.96695
25.98155
25.99149
26.00111
26.01189
26.02304
26.034
26.04561
26.05631
26.0677
26.07899
26.08985
26.10104
26.11237
26.12337
26.1345
26.14605
26.15681
26.16864
26.17974
26.19039
26.20142
26.21312
26.22366
26.23535
26.24643
26.25734
26.26854
26.27991
26.29135
26.30247
26.31396
26.32524
26.33726
26.34814
26.35979
26.3712
26.38239
26.39412
26.40532
26.41665
26.42847
26.43967
26.45105
26.46288
26.47351
26.48543
26.49684
26.50806
26.51927
26.53059
26.54145
26.55301
26.56397
26.57498
26.58616
26.59747
26.60876
26.61979
26.63097
26.64211
26.65358
26.66447
26.67594
26.68684
26.69823
26.70932
26.72034
26.73143
26.74318
26.75365
26.76497
26.77624
26.78741
26.79848
26.81046
26.8208
26.83187
26.84361
26.85487
26.86549
26.87678
26.88784
26.89905
26.91026
26.92124
26.93258
26.94383
26.95498
26.96613
26.98298
26.99209
27.00155
27.01696
27.02881
27.04012
27.05032
27.06189
27.0729
27.08404
27.09578
27.10647
27.11776
27.12876
27.13987
27.15115
27.16245
27.17336
27.18456
27.19609
27.2069
27.21799
27.22944
27.24035
27.25149
27.26311
27.27492
27.28539
27.29649
27.30737
27.31897
27.32967
27.34085
27.35189
27.36328
27.37438
27.38572
27.39684
27.40783
27.41912
27.43046
27.44133
27.45269
27.46433
27.47508
27.48642
27.49774
27.50916
27.52062
27.53205
27.54362
27.55523
27.56654
27.57855
27.59007
27.60107
27.61281
27.62375
27.63607
27.64692
27.65851
27.66977
27.68101
27.69223
27.70324
27.71456
27.7255
27.73677
27.74821
27.75916
27.77019
27.78148
27.79288
27.80367
27.81493
27.82615
27.8374
27.84854
27.85959
27.87107
27.88194
27.89304
27.90499
27.91543
27.92644
27.93793
27.94912
27.96045
27.97118
27.98239
27.99364
28.00526
28.01648
28.0273
28.03838
28.04951
28.06107
28.07207
28.08281
28.09426
28.10548
28.11656
28.1283
28.13923
28.15004
28.16138
28.17246
28.18342
28.19487
28.20978
28.22
28.22998
28.23906
28.24874
28.25969
28.2707
28.28199
28.29298
28.30468
28.31576
28.32669
28.33798
28.34891
28.35999
28.37236
28.3823
28.39388
28.40478
28.41672
28.42706
28.43832
28.44942
28.46099
28.47191
28.48295
28.49442
28.50533
28.51685
28.52877
28.53972
28.54996
28.56129
28.57246
28.58377
28.59552
28.60663
28.61777
28.62932
28.6406
28.65185
28.6636
28.67439
28.68661
28.69716
28.70819
28.72051
28.73081
28.74194
28.75309
28.76453
28.77568
28.78664
28.79835
28.80907
28.82022
28.83143
28.84275
28.85395
28.86497
28.87608
28.88722
28.89846
28.90969
28.92121
28.93182
28.94323
28.95437
28.96559
28.97649
28.98792
28.99928
29.01016
29.02197
29.03273
29.04352
29.05506
29.06639
29.07718
29.08891
29.09952
29.11116
29.12193
29.13295
29.14443
29.15579
29.16638
29.17798
29.18896
29.19987
29.21172
29.22245
29.23343
29.24508
29.25592
29.26697
29.27871
29.28997
29.30046
29.31258
29.32282
29.334
29.34548
29.35642
29.36749
29.37893
TARGET DESTROYED 
29.39392
29.41767
29.42768
29.43702
29.44727
29.45632
29.46634
29.48511
29.49685
29.50798
29.51898
29.53058
29.54125
29.55262
29.56391
29.57495
29.58665
29.59724
29.60831
29.61987
29.63064
29.64187
29.65352
29.66422
29.67538
29.68663
29.69762
29.70881
29.72001
29.7313
29.74241
29.7535
29.76467
29.77605
29.78708
29.79841
29.8099
29.8209
29.83185
29.84313
29.85532
29.86606
29.87675
29.88799
29.89917
29.91016
29.92189
29.9328
29.94433
29.95479
29.96619
29.97824
29.98913
30.0006
30.01134
30.02283
30.03476
30.04657
30.05806
30.06962
30.08156
30.09287
30.10459
30.11586
30.12697
30.13864
30.15508
30.16589
30.17668
30.18699
30.198
30.20766
30.2175
30.22732
30.23752
30.24899
30.25883
30.2689
30.27961
30.28971
30.30087
30.31284
30.32344
30.33443
30.34593
30.35667
30.36826
30.37923
30.39015
30.40189
30.41286
30.4236
30.43505
30.44627
30.45729
30.46855
30.47978
30.49068
30.50177
30.51335
30.52428
30.53556
30.54672
30.55828
30.56904
30.58011
30.59123
30.60315
30.61423
30.62546
30.63742
30.64859
30.65978
30.67152
30.68306
30.69437
30.70575
30.71746
30.72884
30.74006
30.75177
30.76314
30.77433
30.7855
30.79719
30.80845
30.81968
30.83081
30.84193
30.85311
30.86427
30.8758
30.88701
30.89788
30.90919
30.92006
30.93137
30.94262
30.95361
30.96485
30.97611
30.98717
30.9983
31.00945
31.02074
31.03198
31.04306
31.0544
31.0659
31.07655
31.08832
31.09894
31.11009
31.12141
31.13552
31.14595
31.15571
31.16529
31.17678
31.18809
31.19899
31.21327
