0.02
0.04
0.14
0.1728431
0.1843245
0.1951388
0.2064021
0.2172481
0.2286411
0.2397726
0.2509885
0.2620321
0.2741629
0.2843634
0.2975127
0.3077932
0.3177184
0.3305938
0.3404158
0.3521482
0.3625662
0.378724
0.3887706
0.3987575
0.4085101
0.4186532
0.4296096
0.4403725
0.4522922
0.462835
0.4741956
0.4855918
0.4965401
0.5076716
0.5193802
0.5299972
0.5411088
0.5525396
0.5635258
0.5745764
0.5856473
0.5968308
0.6090245
0.6196385
0.6304248
0.6417071
0.6532851
0.6640878
0.6750147
0.6865
0.6974188
0.7085436
0.7200524
0.7317173
0.7522262
0.7664204
0.7765831
0.7870342
0.7981936
0.8091811
0.8205952
0.8315403
0.8428871
0.8539096
0.8650035
0.8760458
0.887511
0.8985404
0.9098612
0.9213167
0.9321326
0.9431897
0.9543911
0.9655027
0.9767764
0.9882733
0.9992444
1.010224
1.021393
1.03264
1.043751
1.054978
1.065972
1.077678
1.08849
1.099518
1.111395
1.121923
1.132977
1.14444
1.155534
1.166678
1.177764
1.192816
1.203503
1.213888
1.224107
1.23454
1.245511
1.25722
1.269503
1.280142
1.291721
1.303342
1.314496
1.325927
1.337176
1.348423
1.359423
1.370968
1.381717
1.393532
1.404258
1.415079
1.426744
1.437733
1.448686
1.460251
1.47205
1.48219
1.493806
1.504498
1.516039
1.52742
1.538192
1.549539
1.560704
1.572135
1.583091
1.595103
1.605606
1.617237
1.628636
1.639663
1.651567
1.662549
1.67393
1.685343
1.69662
1.708529
1.719789
1.730242
1.74331
1.753853
1.764244
1.775234
1.785979
1.796917
1.809325
1.819815
1.830802
1.841794
1.85318
1.864159
1.875573
1.887437
1.897635
1.908983
1.920357
1.931244
1.943072
1.953613
1.964526
1.975793
1.992004
2.002631
2.01368
2.0252
2.037586
2.049923
2.060468
2.071636
2.083113
2.094004
2.105114
2.116175
TARGET DESTROYED 
2.127171
2.145843
2.156586
2.167438
2.179392
2.198522
2.210019
2.220294
2.230963
2.241258
2.251209
2.261893
2.272473
2.283421
2.294979
2.305956
2.318147
2.32806
2.33976
2.350674
2.361982
2.374272
2.384616
2.395196
2.406313
2.418072
2.428843
2.439879
2.451604
2.462387
2.47348
2.485516
2.49615
2.506899
2.518546
2.529242
2.540335
2.551789
2.56296
2.574019
2.585457
2.596963
2.60768
2.619028
2.629765
2.641072
2.652768
2.663359
2.674485
2.686019
2.696977
2.707883
2.719358
2.730302
2.741623
2.758428
2.768981
2.779199
2.789754
2.800393
2.811622
2.822053
2.833187
2.843582
2.8546
2.865947
2.877728
2.888114
2.899306
2.910609
2.921978
2.932592
2.944149
2.955105
2.966833
2.977529
2.989297
2.99982
3.011342
3.02253
3.033486
3.044849
3.055739
3.067026
3.077908
3.089211
3.100289
3.111464
3.123203
3.134158
3.145677
3.156831
3.168679
3.179893
3.191067
3.202856
3.213897
3.225264
3.236661
3.247906
3.259338
3.270594
3.282041
3.293341
3.304835
3.315874
3.327506
3.338355
3.349576
3.360872
3.372462
3.383025
3.394544
3.405418
3.417004
3.428096
3.439284
3.45002
3.461564
3.472592
3.483692
3.494802
3.50613
3.51738
3.528629
3.539644
3.555295
3.565629
3.57659
3.586925
3.597594
3.607899
3.619577
3.630068
TARGET DESTROYED 
3.640614
3.656785
3.66898
3.680007
3.690884
3.702544
3.713532
3.724419
3.736022
3.747041
3.76018
3.778599
3.790812
3.803012
3.81391
3.824969
3.836622
3.847485
3.858374
3.869748
3.88077
3.892242
3.903486
3.914393
3.925568
3.936949
3.947807
3.959046
3.970475
3.981436
3.992717
4.003908
4.014922
4.02701
4.037818
4.048242
4.059944
4.071011
4.081912
4.093152
4.104432
4.115419
4.126747
4.137674
4.148846
4.160306
4.171411
4.182477
4.193758
4.20487
4.215892
4.227509
4.238323
4.249823
4.260619
4.271956
4.283433
4.294909
4.306489
4.3183
4.329525
4.346274
4.357122
4.367463
4.378852
4.389342
4.400012
4.410768
4.422002
4.432522
4.442873
4.453152
4.463598
4.47471
4.486437
4.496881
4.508178
4.519536
4.531027
4.541708
4.553289
4.564136
4.575311
4.58641
4.597562
4.608592
4.620286
4.631097
4.642501
4.653377
4.664855
4.676768
4.687459
4.69807
4.709321
4.720736
4.732085
4.743477
4.754703
4.766305
4.777571
4.788845
4.800416
4.81297
4.823731
4.834015
4.845799
4.856493
4.868395
4.879463
4.89072
4.902651
4.913529
4.924517
4.935976
4.946766
4.958234
4.969329
4.980445
4.991548
5.003431
5.014144
5.025326
5.036548
5.047327
5.058685
5.070033
5.080815
5.092315
5.103419
5.114491
5.130146
5.140745
5.151239
5.162274
5.172852
5.184066
5.194865
5.205906
5.215837
5.226753
5.23745
5.247858
5.258476
5.269393
5.27957
5.289994
5.300139
5.310781
5.321954
5.332836
5.344281
5.355231
5.366225
5.377603
5.38868
5.39992
5.411563
5.422481
5.433388
5.44479
5.455662
5.467002
5.478291
5.489277
5.500736
5.511756
5.523605
5.534401
5.545112
5.556618
5.568451
5.579256
5.590618
5.602558
5.613572
5.626071
5.636641
5.647824
5.659122
5.670582
5.681957
5.693589
5.704726
5.71603
5.727453
5.738632
5.750005
5.761774
5.773373
5.785094
5.795925
5.806855
5.818699
5.829505
5.840297
5.852205
5.86335
5.874016
5.886444
5.896749
5.907465
5.923396
5.934551
5.944995
5.955512
5.96612
TARGET DESTROYED 
5.976862
5.992674
6.003691
6.014252
6.025636
6.036922
6.047805
6.059114
6.070202
6.081487
6.092636
6.104246
6.115134
6.132179
6.143837
6.154584
6.164805
6.175653
6.186101
6.196485
6.206921
6.216816
6.227301
6.237904
6.248828
6.260028
6.271452
6.282286
6.293597
6.304599
6.315814
6.327241
6.338006
6.349277
6.360494
6.371675
6.3828
6.394157
6.405166
6.416521
6.427876
6.438767
6.449773
6.461233
6.47226
6.4833
6.494725
6.505801
6.517423
6.529391
6.539855
6.551922
6.56284
6.574306
6.586207
6.597017
6.608534
6.620156
6.631541
6.643035
6.654343
6.665689
6.676839
6.688625
6.705015
6.715252
6.726737
6.737537
6.748392
6.759121
6.769454
6.780553
6.791957
6.802376
6.813982
6.82543
6.835497
6.846258
6.857159
6.867706
6.879193
6.890482
6.900567
6.911273
6.921704
6.931886
6.94311
6.953572
6.963919
6.974895
6.986294
6.997124
7.008339
7.019939
7.032372
7.045455
7.05763
7.069855
7.082823
7.095248
7.1074
7.119642
7.131771
7.143918
7.155927
7.167562
7.179663
7.19241
7.205327
7.21748
7.229881
7.242191
7.254528
7.266019
7.277807
7.290389
7.302625
7.31466
7.326472
7.338562
7.350333
7.36251
7.374162
7.38635
7.398418
7.410854
7.422927
7.434536
7.446238
7.458365
7.470999
7.482877
7.496059
7.508214
7.52085
7.538867
7.550714
7.563223
7.575509
7.588004
7.600229
7.612174
7.624553
7.636319
7.648008
7.660089
7.672949
7.684984
7.697694
7.709661
7.72215
7.734713
7.746733
7.758606
7.770405
7.782541
7.797217
7.80916
7.821855
7.834212
7.846311
7.85824
7.870462
7.882225
7.894121
7.906945
7.919064
7.931303
7.943596
7.955733
7.965827
7.976426
7.987215
7.997918
8.00828
8.018621
8.029344
8.040216
8.050925
8.061406
8.072043
8.082294
8.092764
8.103328
8.114083
8.125502
8.136674
8.148032
8.158878
8.170078
8.181212
8.19283
8.203706
8.214733
8.225886
8.237141
8.248124
8.259458
8.270672
8.281946
8.292967
8.304423
8.315211
8.32663
8.337654
8.348672
TARGET DESTROYED 
8.364803
8.379671
8.390173
8.400319
8.411429
8.422256
8.432139
8.442424
8.452625
8.462789
8.479508
8.491108
8.501558
8.511662
8.523546
8.533524
8.543502
8.554283
8.564532
8.574592
8.584929
8.59505
8.605802
8.617049
8.627952
8.639439
8.650359
8.661678
8.672727
8.684181
8.696057
8.70611
8.717332
8.7284
8.739596
8.7516
8.76193
8.773431
8.784531
8.795579
8.80694
8.818277
8.828996
8.840158
8.851604
8.862948
8.873755
8.885186
8.896087
8.907413
8.919178
8.930582
8.941669
8.95379
8.964691
8.976139
8.988513
8.99901
9.010538
9.022373
9.033438
9.044628
9.056605
9.067385
9.078964
9.0906
9.102141
9.113167
9.124305
9.136034
9.146745
9.162594
9.173561
9.184093
9.195059
9.206278
9.216574
9.227403
9.238129
9.248401
9.259292
9.269825
9.280461
9.291125
9.301664
9.312349
9.322912
9.333004
9.343678
9.35439
9.365139
9.376543
9.387677
9.399019
9.410102
9.421103
9.432174
9.443564
9.454561
9.465774
9.477032
9.48817
9.499479
9.51045
9.522036
9.532887
9.543996
9.555447
9.566216
9.577649
9.588744
9.599813
9.61104
9.622762
9.633629
9.645203
9.656507
9.6682
9.679527
9.691027
9.703289
9.714065
9.725293
9.736886
9.748204
9.759784
9.77084
9.783494
9.794299
9.80543
9.816757
9.828363
9.839339
9.850369
9.861618
9.873091
9.883875
9.895223
9.906239
9.917355
9.928773
9.939896
9.950945
9.9676
9.979079
9.989957
9.999967
10.01013
10.0212
10.03177
10.04243
10.05286
10.06302
10.07384
10.08427
10.09447
10.10487
10.11525
10.12505
10.1364
10.14709
10.15851
10.16965
10.18071
10.19252
10.20344
10.21404
10.22525
10.23663
10.24757
10.25881
10.27007
10.28113
10.29223
10.30361
10.31467
10.32604
10.33718
10.34858
10.35968
10.37133
10.3818
10.39318
10.404
10.41526
10.42678
10.43817
10.44959
10.46121
10.47253
10.48452
10.49546
10.50701
10.51845
10.52982
10.541
10.55261
10.56389
10.57547
TARGET DESTROYED 
10.58694
10.60225
10.61306
10.62388
10.63461
10.6453
10.65597
10.66648
10.68315
10.69441
10.70571
10.71672
10.72824
10.73924
10.75031
10.76597
10.77728
10.78802
10.79814
10.80873
10.82057
10.83108
10.84159
10.85195
10.86257
10.87342
10.8844
10.89541
10.90656
10.91802
10.92901
10.9402
10.9516
10.96244
10.97384
10.98543
10.99594
11.00719
11.01868
11.02936
11.04061
11.05214
11.06311
11.07419
11.08553
11.09637
11.10765
11.11909
11.13024
11.14117
11.15302
11.16427
11.17574
11.18746
11.19869
11.21016
11.22191
11.23314
11.24462
11.25608
11.26777
11.27899
11.291
11.30256
11.3134
11.32482
11.33639
11.34731
11.35841
11.36975
11.38076
11.39193
11.40327
11.41418
11.42554
11.43695
11.44802
11.45886
11.47003
11.48152
11.49265
11.50346
11.51477
11.5263
11.53781
11.5483
11.55974
11.57599
11.58738
11.59862
11.60961
11.62162
11.63333
11.6439
11.65521
11.66621
11.67754
11.68854
11.69968
11.71092
11.72245
11.7332
11.74438
11.75601
11.76678
11.77799
11.78936
11.80072
11.81187
11.82427
11.83595
11.84719
11.85841
11.86921
11.88013
11.89159
11.90181
11.91288
11.92331
11.93426
11.94576
11.9567
11.96809
11.97895
11.99
12.00194
12.01241
12.0239
12.0349
12.04593
12.05731
12.0694
12.08029
12.09173
12.10364
12.11457
12.1269
12.13761
12.14927
12.16087
12.17253
12.18339
12.19511
12.20651
12.21787
12.22959
12.24065
12.25257
12.26316
12.27417
12.28586
12.29658
12.30777
12.3195
12.33027
12.34145
12.35289
12.36347
12.37495
12.39127
12.40188
12.4141
12.42501
12.43714
12.44807
12.45928
12.47056
12.48167
12.49305
12.50419
12.51505
12.52682
12.5374
12.54871
12.55977
12.57111
12.58211
12.5935
12.60483
12.6157
12.62715
12.63804
12.64916
12.66044
12.67165
12.68274
12.69398
12.70555
12.71717
12.72736
12.73862
12.74972
12.76095
12.77203
12.78313
12.79429
12.80565
12.81662
12.8278
12.83953
12.85014
12.86192
12.87324
12.88483
12.89616
12.9083
12.91914
12.93044
12.94202
12.95359
12.96491
12.97631
12.9878
12.99991
13.01074
13.02288
13.03341
13.04479
13.05641
13.06766
13.07892
13.08966
13.10119
13.11209
13.12357
13.13467
13.1455
13.15672
13.16802
13.17928
13.19016
TARGET DESTROYED 
13.20178
13.22197
13.23283
13.24314
13.25398
13.2644
13.27457
13.28623
13.29693
13.30817
13.3195
13.33076
13.34745
13.35906
13.37007
13.38034
13.39131
13.40143
13.41261
13.42365
13.43411
13.44468
13.45506
13.46514
13.47585
13.48725
13.49813
13.50935
13.5211
13.53145
13.54282
13.55418
13.565
13.57627
13.58751
13.5987
13.6099
13.62116
13.63217
13.64405
13.65453
13.66546
13.67681
13.68802
13.69916
13.71035
13.72161
13.7331
13.74447
13.77462
13.78497
13.79553
13.80588
13.81602
13.82646
13.83752
13.84935
13.85996
13.87072
13.8811
13.89121
13.90166
13.91174
13.92249
13.93366
13.94493
13.95663
13.96711
13.97843
13.98945
14.00083
14.01189
14.02322
14.0343
14.0454
14.05674
14.07285
14.08312
14.09335
14.10416
14.11505
14.12624
14.13728
14.14786
14.15882
14.16965
14.18021
14.19123
14.20208
14.21301
14.22426
14.23568
14.24641
14.25802
14.26934
14.28025
14.29111
14.30269
14.31346
14.32499
14.33612
14.34843
14.35901
14.37083
14.38218
14.39354
14.40486
14.41599
14.42717
14.43843
14.44971
14.46137
14.47239
14.48462
14.49495
14.50644
14.51805
14.52915
14.54055
14.55224
14.56331
14.57493
14.58639
14.59722
14.60842
14.62008
14.6313
14.64302
14.65366
14.66464
14.67601
14.68721
14.69814
14.70951
14.72066
14.73178
14.74311
14.754
14.76518
14.77668
14.78779
14.79867
14.81008
14.82103
14.83269
14.8438
14.8553
14.86555
14.87698
14.8882
14.8995
14.91053
14.92161
14.9369
14.94689
14.95738
14.96698
14.97725
14.98732
14.99795
15.00856
15.01989
15.03104
15.04192
15.05348
15.06418
15.07555
15.08672
15.09776
15.10904
15.12021
15.13113
15.1424
15.15382
15.16479
15.17598
15.18733
15.1982
15.20984
15.22072
15.23174
15.24296
15.25433
15.26528
15.27674
15.28756
15.29896
15.31017
15.32127
15.3328
15.34406
15.35552
15.36698
15.3779
15.38927
15.40086
15.41224
15.42411
15.43483
15.44587
15.45717
15.46911
15.47985
15.4912
15.50288
15.5136
15.52546
15.53607
15.54709
15.55807
15.56971
15.58053
15.59185
15.6032
15.61417
15.62551
15.63675
15.6475
15.65901
15.67007
15.68144
15.69257
15.70417
15.71448
15.7261
15.73743
15.74822
15.75954
15.77051
15.78156
15.7967
15.80676
15.81652
15.82679
15.83751
15.84806
15.85973
15.86985
15.88008
15.8918
15.9029
15.91355
15.92478
15.93605
15.94703
15.95853
15.96969
15.98053
15.99214
16.00331
16.01412
16.02543
16.03678
16.04767
16.05875
16.07027
16.08109
16.09258
16.10382
16.11468
16.12633
16.13713
16.14843
16.15957
16.17176
16.18208
16.19347
16.20541
16.21615
16.22741
16.2388
16.25017
16.26157
16.2727
16.2841
16.29533
16.30668
16.31893
16.32935
16.34009
16.35177
16.36253
16.37352
16.38508
16.39597
16.40738
16.41884
16.42957
16.44068
16.45246
16.46324
16.47417
16.48618
TARGET DESTROYED 
16.4967
16.52313
16.53351
16.54398
16.55406
16.5645
16.57491
16.58451
16.59511
16.61027
16.62091
16.64077
16.65186
16.66184
16.67175
16.68167
16.69298
16.70411
16.71498
16.72657
16.73748
16.74843
16.75979
16.77127
16.78209
16.79391
16.80456
16.81542
16.82688
16.83814
16.84899
16.86018
16.87238
16.88323
16.8938
16.90519
16.91601
16.92734
16.93861
16.94958
16.96088
16.9721
16.98317
16.99428
17.00554
17.01688
17.02785
17.03894
17.05003
17.06129
17.0725
17.08374
17.09481
17.10596
17.11729
17.12843
17.13935
17.15052
17.16182
17.17299
17.18434
17.19584
17.20751
17.21937
17.23069
17.24273
17.25445
17.26558
17.27744
17.28921
17.30115
17.31304
17.32435
17.33603
17.34764
17.35923
17.3709
17.38203
17.39421
17.40573
17.4174
17.42875
17.44543
17.45684
17.46844
17.47958
17.49181
17.50362
17.51561
17.52835
17.53968
17.55196
17.56389
17.57537
17.58649
17.59752
17.60874
17.61992
17.63097
17.64219
17.65372
17.66439
17.67564
17.68713
17.69786
17.70927
17.72046
17.73152
17.7429
17.7539
17.76487
17.77632
17.78765
17.79834
17.80981
17.82095
17.83215
17.84325
17.85436
17.86557
17.87834
17.88891
17.89969
17.91087
17.92257
17.93302
17.94401
17.956
17.96666
17.97775
17.98872
17.99995
18.01108
18.02254
18.03372
18.04511
18.05674
18.06848
18.08011
18.09126
18.1034
18.11446
18.12625
18.13737
18.1486
18.16031
18.17179
18.18326
18.19478
18.20643
18.21698
18.22828
18.23924
18.25101
18.26188
18.2727
18.28433
18.29513
18.30614
18.32227
18.33274
18.34325
18.35338
18.363
18.37292
18.38286
18.393
18.40298
18.41459
18.42504
18.43601
18.44651
18.45764
18.46949
18.48009
18.49133
18.5031
18.51373
18.52545
18.53609
18.54722
18.55827
18.56965
18.58061
18.5918
18.60338
18.61425
18.62577
18.63684
18.64776
18.65888
18.67007
18.68121
18.69238
18.70381
18.71511
18.72674
18.73804
18.74912
18.76425
18.77522
18.78608
18.79596
18.80623
18.82267
