0.02
0.04
0.14
0.1843839
0.2002764
0.2112758
0.2218805
0.2328282
0.2474985
0.2587859
0.2697961
0.2810043
0.292285
0.3030771
0.3141723
0.3255778
0.3369894
0.3480619
0.3591109
0.3702027
0.3825128
0.3939843
0.4041858
0.4149776
0.4290954
0.4399081
0.4508497
0.4617335
0.4726828
0.4827595
0.4936376
0.5043873
0.5153408
0.5265833
0.5378229
0.5489493
0.5608241
0.5718004
0.5824221
0.5935735
0.605001
0.6160029
0.6271117
0.6420181
0.6527326
0.6638454
0.6747876
0.6853471
0.6963086
0.7068877
0.7172487
0.7289143
0.7399566
0.7505931
0.7615203
0.7725219
0.7836033
0.7945308
0.8061413
0.8171188
0.8282477
0.8393885
0.8504639
0.8616333
0.8730738
0.8838415
0.8953704
0.9101787
0.9207475
0.931851
0.9428767
0.9543267
0.9654329
0.9765326
0.9875442
0.9989304
1.010586
1.026559
1.037352
1.048263
1.058941
1.069457
1.080574
1.091484
1.101822
1.112835
1.124087
1.13439
1.145181
1.156064
1.166698
1.177285
1.187651
1.198538
1.209259
1.219777
1.231329
1.242376
1.254159
1.26465
1.27559
1.287068
1.29812
1.30916
1.320265
1.331458
1.342721
1.353826
1.364956
1.37629
1.387826
1.398466
1.413642
1.424287
1.434733
1.445927
1.457322
1.467658
1.478173
1.48971
1.500627
1.51206
1.523635
1.534649
1.546362
1.557625
1.568899
1.580476
1.592066
1.602399
1.612901
1.624267
1.635452
1.646774
1.658131
1.668988
1.679991
1.691507
1.702582
1.713578
1.724927
1.735926
1.747305
1.758365
1.76989
1.781142
1.796259
1.807585
1.818124
1.829117
1.83964
1.850576
1.861818
1.872715
1.883202
1.894085
1.904483
1.915434
1.926431
1.936669
1.947431
1.958807
1.97
1.981103
1.992311
2.004816
2.015805
2.026604
2.038769
2.049439
2.060252
2.070746
2.081663
2.092781
2.104097
2.115341
2.12634
2.137625
2.148846
2.159878
2.171391
2.187428
2.198966
2.210218
2.22104
2.232291
2.24331
2.253957
2.264694
2.275722
2.286325
2.297065
2.307959
2.318817
2.330034
2.341065
2.351584
2.362386
2.373396
2.384458
2.394984
2.405871
2.416715
2.427796
2.438457
2.449779
2.461459
2.47219
2.483274
2.495012
2.506776
2.517232
2.529194
2.540306
2.550843
2.566481
2.577448
2.588733
2.601938
2.61301
2.623947
2.635247
2.646417
2.658025
2.668757
2.679798
2.695426
2.706352
2.717162
2.727905
2.738912
2.749661
2.760957
2.771883
2.782907
2.795021
2.805862
2.81769
2.828249
2.839353
2.850321
2.861213
TARGET DESTROYED 
2.877967
2.889182
2.899901
2.91094
2.921908
2.933188
2.944064
2.960145
2.972276
2.984898
2.996448
3.008259
3.019126
3.029902
3.041941
3.052813
3.063498
3.074744
3.085616
3.096799
3.107757
3.118515
3.129756
3.140694
3.151365
3.162555
3.174186
3.185282
3.196898
3.208863
3.219637
3.230626
3.241297
3.252187
3.263238
3.274611
3.285765
3.297094
3.307977
3.319002
3.330269
3.346519
3.35863
3.370341
3.382098
3.393472
3.405096
3.416522
3.428187
3.439406
3.451192
3.462723
3.474506
3.487303
3.498884
3.510317
3.521991
3.532954
3.544369
3.555713
3.567517
3.579627
3.591125
3.602397
3.614626
3.625925
3.638218
3.650012
3.66242
3.674635
3.686474
3.69831
3.710625
3.722773
3.734661
3.750974
3.763105
3.775047
3.787014
3.799412
3.811398
3.823524
3.835686
3.847835
3.860045
3.872022
3.883982
3.896155
3.908621
3.921137
3.933181
3.945907
3.958121
3.9698
3.981569
3.99388
4.005935
4.017987
4.030792
4.042878
4.056798
4.069726
4.08166
4.093946
4.106242
4.118628
4.130746
4.14288
4.154745
4.167062
4.183564
4.195481
4.208355
4.220422
4.232603
4.245013
4.257322
4.268495
4.279637
4.291372
4.302284
4.313433
4.324566
4.335556
4.346802
4.358637
4.36918
4.380111
4.391457
4.402368
4.413769
4.42522
4.437121
4.448715
4.460203
4.47143
4.483185
4.494147
4.506423
4.518041
4.529646
4.541794
4.553147
4.565626
4.581567
4.593499
4.604968
4.61638
4.627576
4.63941
4.650539
4.661958
4.673895
4.685063
4.696848
4.709329
4.720777
4.732473
4.745665
4.757691
4.769158
4.780711
4.792634
4.804789
4.81698
4.829164
4.840906
4.852634
4.864585
4.876921
4.888157
TARGET DESTROYED 
4.90409
4.916084
4.928383
4.939771
4.95128
4.962935
4.974576
4.986272
5.003907
5.016782
5.028348
5.039968
5.052393
5.064531
5.076277
5.088125
5.099421
5.111025
5.122372
5.134049
5.146814
5.15886
5.170485
5.181882
5.193299
5.204634
5.216289
5.227798
5.240793
5.252218
5.263759
5.275427
5.286492
5.298446
5.310596
5.321688
5.332847
5.345018
5.357069
5.368387
5.379995
5.391339
5.40719
5.419533
5.430938
5.442105
5.453998
5.465599
5.477039
5.488254
5.499806
5.511396
5.524014
5.535124
5.546641
5.559321
5.570929
5.582331
5.593922
5.605599
5.616951
5.628318
5.640235
5.651647
5.66341
5.676062
5.687147
5.698347
5.709596
5.720566
5.731782
5.742775
5.754006
5.765773
5.776863
5.788284
5.803277
5.815234
5.826551
5.837253
5.848252
5.859378
5.870525
5.881882
5.893725
5.904613
5.91547
5.927542
5.93824
5.949146
5.96014
5.971156
5.982185
5.993359
6.004057
6.015018
6.026223
6.037357
6.04831
6.059995
6.072603
6.08416
6.095252
6.106212
6.117272
6.128503
6.139276
6.150633
6.161753
6.172673
6.183562
6.199242
6.210662
6.22341
6.234773
6.245872
6.256978
6.267915
6.280428
6.291564
6.302652
6.313799
6.325196
6.335982
6.347251
6.358877
6.369579
6.380502
6.391692
6.402275
6.413591
6.424785
6.435354
6.446712
6.458323
6.468991
6.480313
6.492072
6.503919
6.51481
6.526281
6.537078
6.548803
6.559391
6.570381
6.585874
6.596838
6.607865
6.618496
6.629537
6.641124
6.652053
6.663013
6.674681
6.686265
6.697508
6.709214
6.72024
6.731379
6.742723
6.753426
6.764899
6.776662
6.787647
6.798766
6.810404
6.822264
6.83335
6.844547
6.855677
6.867121
6.878326
6.890072
6.90091
6.911897
6.923268
6.934447
6.945369
6.956884
6.967778
6.982722
6.993842
7.005989
7.016624
7.027849
7.039151
7.049916
7.061093
7.072682
7.08392
7.095033
7.106122
7.117415
7.128555
7.139664
7.150583
7.162334
7.173478
7.185055
7.196364
7.207293
7.217819
7.22926
TARGET DESTROYED 
7.244251
7.255599
7.266649
7.278115
7.289798
7.301169
7.31219
7.323345
7.334526
7.346001
7.363009
7.375161
7.386047
7.396907
7.408387
7.41939
7.431324
7.443009
7.454187
7.46539
7.476498
7.488134
7.499176
7.511141
7.522826
7.53357
7.544495
7.556009
7.567369
7.578301
7.58975
7.600725
7.611745
7.622844
7.633863
7.644855
7.656183
7.667369
7.678911
7.689742
7.700512
7.712109
7.723081
7.734071
7.74542
7.76066
7.771628
7.782423
7.794874
7.80748
7.818777
7.831096
7.843053
7.855387
7.867334
7.879572
7.89196
7.903882
7.916237
7.928573
7.940425
7.952461
7.96497
7.977416
7.989503
8.001708
8.013777
8.026512
8.038892
8.050808
8.062755
8.075321
8.087871
8.100847
8.112899
8.125431
8.137691
8.149448
8.161541
8.177977
8.190175
8.201789
8.213606
8.225842
8.237537
8.250012
8.262114
8.274663
8.286918
8.298842
8.311081
8.323343
8.336243
8.347842
8.359561
8.371107
8.382444
8.3947
8.406985
8.419415
8.431664
8.445028
8.457397
8.469444
8.482383
8.494515
8.506819
8.519037
8.53129
8.544355
8.556937
8.56902
8.581173
8.593569
8.610045
8.622383
8.63463
8.647097
8.659648
8.671949
8.684111
8.696424
8.709194
8.721968
8.734293
8.74715
8.759606
8.772182
8.784163
8.796185
8.808751
8.821185
8.833365
8.845536
8.858544
8.870645
8.882833
8.894917
8.907098
8.919491
8.931864
8.944337
8.957733
8.969913
8.982203
8.994779
9.007421
9.019304
9.035867
9.048398
9.060666
9.072645
9.085095
9.098948
9.111176
9.123068
9.135037
9.147372
9.164138
9.176517
9.188467
9.200661
9.212949
9.225261
9.237505
9.249463
9.261695
9.273864
9.285838
9.297682
9.310017
9.322178
9.334235
9.346632
9.359101
9.371243
9.383534
9.395729
9.407786
9.419401
9.431741
9.443915
9.46126
9.473865
9.485211
9.496973
9.508853
9.520903
9.533267
9.54542
9.557829
9.569828
9.58262
9.594593
9.607162
9.619168
9.631205
TARGET DESTROYED 
9.648552
9.660899
9.672436
9.684309
9.696217
9.708778
9.721216
9.734286
9.746635
9.759408
9.770807
9.782626
9.795178
9.806936
9.81919
9.830945
9.842966
9.854167
9.86614
9.882729
9.894519
9.906582
9.918827
9.931108
9.942762
9.954186
9.96552
9.976972
9.988487
9.999993
10.01172
10.02421
10.03557
10.04744
10.05937
10.0717
10.08311
10.0957
10.10803
10.11936
10.13118
10.14392
10.15514
10.16652
10.17833
10.19053
10.20175
10.21321
10.22468
10.23619
10.24779
10.25965
10.27111
10.28269
10.29827
10.3099
10.32187
10.33389
10.34545
10.35761
10.36877
10.38131
10.39342
10.40442
10.41623
10.42813
10.43968
10.45162
10.46338
10.47495
10.48651
10.49793
10.51002
10.52216
10.53344
10.54485
10.55741
10.56907
10.57989
10.59123
10.60264
10.61457
10.62572
10.6367
10.64792
10.65933
10.67008
10.68087
10.6969
10.70876
10.71938
10.73085
10.74189
10.75324
10.76461
10.77597
10.78696
10.79796
10.80955
10.82074
10.83177
10.84325
10.85453
10.86589
10.87707
10.88835
10.89919
10.91038
10.92133
10.93247
10.9438
10.95483
10.96626
10.97765
10.98969
11.00058
11.01208
11.02366
11.03458
11.04557
11.05716
11.06819
11.07913
11.09467
11.11112
11.12229
11.13402
11.14584
11.15713
11.16837
11.17989
11.1912
11.20219
11.21353
11.22495
11.23562
11.24692
11.25874
11.26963
11.28091
11.2924
11.30357
11.31494
11.32662
11.33769
11.34864
11.35997
11.37122
11.38278
11.39505
11.4068
11.41812
11.42992
11.44131
11.45256
11.46399
11.47523
11.49145
11.50266
11.51375
11.52658
11.53722
11.54821
11.5606
11.57164
11.58285
11.59442
11.60565
11.61674
11.62859
11.64074
11.6516
11.66307
11.67447
11.68539
11.69642
11.70765
11.71904
11.72996
11.74132
11.75229
11.76405
11.77612
11.78855
11.80079
11.81294
11.82497
11.83717
11.8491
11.86133
11.87369
11.88575
11.90223
11.91468
11.92671
11.93875
11.95083
11.96274
11.9751
11.98675
11.99894
12.01148
12.02337
12.03554
12.048
12.06044
12.07237
12.08458
12.09702
12.10943
12.12176
12.13392
12.14579
12.15837
12.17049
12.18288
12.19562
12.20849
12.22029
12.23276
12.24499
12.25772
12.26952
12.28176
12.29413
12.30645
12.31829
12.33446
12.34693
12.35904
12.37074
12.38322
12.39601
12.4082
12.42027
12.43214
12.4452
12.45874
12.47035
12.48257
TARGET DESTROYED 
12.50034
12.51416
12.52807
12.5405
12.5522
12.56516
12.57719
12.58997
12.60203
12.61409
12.62654
12.63902
12.65166
12.6639
12.67667
12.6888
12.70113
12.71313
12.7251
12.7368
12.75347
12.76598
12.77844
12.79082
12.80274
12.8209
12.83312
12.84507
12.85707
12.86919
12.88097
12.89309
12.90493
12.91671
12.92862
12.94112
12.95318
12.96527
12.97812
12.99023
13.00249
13.01448
13.02626
13.03746
13.04863
13.06001
13.07151
13.08302
13.09476
13.10605
13.11801
13.13084
13.14233
13.15379
13.16504
13.18088
13.19322
13.2043
13.21548
13.22688
13.23882
13.25
13.2619
13.27389
13.28527
13.29653
13.30791
13.31979
13.33091
13.34324
13.35433
13.36594
13.37716
13.38843
13.39957
13.41094
13.42224
13.43363
13.44669
13.45875
13.4696
13.48116
13.49271
13.50477
13.5161
13.52894
13.54022
13.55128
13.56339
13.57889
13.59071
13.60242
13.6144
13.62648
13.639
13.6521
13.66362
13.67546
13.68696
13.69869
13.71045
13.72147
13.73347
13.74512
13.75669
13.76814
13.77973
13.79139
13.80254
13.81392
13.82538
13.83691
13.84868
13.8606
13.87214
13.88372
13.89577
13.90811
13.91931
13.93083
13.94222
13.95379
13.96527
13.97679
13.99233
14.0037
14.01529
14.02709
14.03886
14.05022
14.06153
14.0734
14.08481
14.09675
14.11083
14.12227
14.13436
14.14565
14.15726
14.1685
14.18042
14.19211
14.2032
14.21485
14.22661
14.23765
14.24921
14.2611
14.27303
14.28421
14.29637
14.3085
14.32028
14.33259
14.34425
14.35556
14.36738
14.37899
14.39069
14.40616
14.41756
14.42916
14.44184
14.45376
14.46515
14.47672
14.4893
14.50044
14.51244
14.52465
14.53614
14.54729
14.55939
14.57107
14.5823
14.59391
14.6053
14.6169
14.62851
14.63997
14.6524
14.66443
14.67584
14.68721
14.69941
14.71101
14.72354
14.73467
14.74706
14.75904
14.77028
14.78181
14.79346
14.80973
14.82125
14.8331
14.84515
14.8577
14.86931
14.88152
14.89306
14.90427
14.9208
14.93317
14.94484
14.95734
14.96969
14.98185
14.99459
15.00676
15.01869
15.03078
15.04354
15.05604
15.06793
15.08001
15.09233
15.10412
15.11634
15.12857
15.14249
15.15473
15.16648
15.17871
15.19105
15.20271
15.215
15.23089
15.24226
15.25366
15.26565
15.27802
15.29046
TARGET DESTROYED 
15.30806
15.32045
15.3324
15.34529
15.35797
15.36975
15.38236
15.39466
15.40702
15.4191
15.4313
15.44486
15.45866
15.47271
15.48452
15.49629
15.50777
15.51952
15.53146
15.54316
15.55549
15.56778
15.57961
15.59218
15.60391
15.61586
15.62818
15.64006
15.65722
15.6691
15.68096
15.69338
15.70562
15.71771
15.72937
15.74156
15.75418
15.76682
15.7787
15.79093
15.80261
15.81462
15.82648
15.8388
15.85087
15.86328
15.87507
15.88609
15.89723
15.90908
15.92023
15.93141
15.94422
15.95549
15.96697
15.97877
15.99015
16.00133
16.01269
16.02415
16.03517
16.0465
16.05802
16.07437
16.08609
16.09751
16.10896
16.12077
16.13239
16.14459
16.15578
16.16764
16.17896
16.1908
16.20253
16.21502
16.22699
16.23889
16.25064
16.26307
16.27508
16.28715
16.29892
16.31049
16.32247
16.33408
16.34598
16.35803
16.3701
16.38335
16.39508
16.40709
16.41882
16.43081
16.44407
16.45641
16.46844
16.48485
16.49702
16.50889
16.52198
16.53525
16.54727
16.55949
16.57177
16.58371
16.59554
16.60794
16.61971
16.63199
16.64451
16.65609
16.66759
16.67951
16.69155
16.70272
16.71404
16.72552
16.73697
16.74831
16.76035
16.77225
16.78339
16.79504
16.80739
16.82052
16.83259
16.8448
16.8571
16.86985
16.88168
16.89375
16.91051
16.92239
16.93399
16.94671
16.9585
16.97055
16.98266
16.99506
17.00732
17.01935
17.03135
17.04365
17.05552
17.06706
17.07828
17.09047
17.1025
17.11396
17.12539
17.13656
17.14838
17.16076
17.17227
17.18433
17.19683
17.20914
17.22097
17.23293
17.24487
17.25672
17.26844
17.28049
17.29239
17.30429
17.32079
17.33305
17.34525
17.3577
17.36942
17.3819
17.39403
17.40639
17.41831
17.43005
17.4423
17.45531
17.46711
17.47915
17.49121
17.50312
17.51476
17.52727
17.53978
17.55115
17.56331
17.57578
17.58798
17.60019
17.6124
17.62448
17.63659
17.64876
17.66212
17.67398
17.68571
17.6978
17.71049
17.72225
17.73412
17.75067
17.76277
17.7748
17.78631
17.79806
17.81071
17.82272
17.83485
17.8469
17.85897
17.87053
17.88276
17.8951
17.90717
17.91912
17.93102
17.94393
17.95506
17.96642
17.97816
17.98979
18.00215
18.01445
18.02702
18.03861
18.05043
18.06244
18.07479
18.08672
18.0984
18.11013
18.1225
18.13445
18.14669
18.1643
18.17686
18.18919
18.20073
18.21271
18.22534
18.23748
TARGET DESTROYED 
18.2545
18.26667
18.2783
18.29039
18.30196
18.31359
18.32555
18.33713
18.3488
18.36107
18.37301
18.38498
18.39787
18.4105
18.422
18.43354
18.44554
18.45838
18.46969
18.48113
18.49238
18.50404
18.51596
18.5279
18.54037
18.55211
18.56478
18.58028
18.59223
18.60378
18.61517
18.62716
18.63906
18.6505
18.6619
18.67407
18.68555
18.69762
18.70982
18.7217
18.73349
18.74517
18.75655
18.76797
18.77943
18.79114
18.80269
18.81439
18.82603
18.83768
18.85021
18.86197
18.87359
18.88505
18.89675
18.90924
18.92088
18.93289
18.94469
18.95716
18.96849
18.98419
18.99786
19.01059
19.02222
19.03413
19.04635
19.05854
19.06993
19.08124
19.09312
19.10465
19.11657
19.12901
19.14071
19.15213
19.1647
19.17743
19.18884
19.20037
19.21203
19.22389
19.23599
19.24805
19.2609
19.27337
19.28552
19.29797
19.31097
19.32449
19.33671
19.34927
19.36152
19.37377
19.38566
19.40232
19.41483
19.42712
19.43934
19.45186
19.46467
19.47742
19.48969
19.50185
19.51432
19.52711
19.53891
19.5507
19.56261
19.57416
19.58569
19.59735
19.60958
19.62157
19.63376
19.64632
19.65862
19.67044
19.68193
19.69419
19.70617
19.7182
19.72989
19.74233
19.75433
19.76641
19.77857
19.79078
19.80305
19.81487
19.83074
19.84339
19.85489
19.86688
19.87972
19.89203
19.90365
19.91579
19.92822
19.93998
19.95178
19.96358
19.9753
19.98658
19.99827
20.01068
20.02269
20.03443
20.04636
20.05867
20.07037
20.08265
20.09436
20.10666
20.11859
20.13021
20.14221
20.15356
20.16546
20.17966
20.19156
20.20293
20.2143
20.22561
20.24141
20.25264
20.26398
20.27523
20.28719
20.29867
20.30997
20.32112
20.33209
20.34383
20.35569
20.36669
20.37876
20.39009
20.4012
20.41278
20.42469
20.43587
20.44763
20.45994
20.47107
20.48229
20.49395
20.50599
20.5178
20.5298
20.54121
20.55279
20.56453
20.57689
20.58879
20.59954
20.61075
20.62225
20.63321
20.64902
20.66087
20.67281
20.68402
20.69619
20.70787
20.71936
20.73088
20.74364
20.75563
20.76691
20.77852
20.79293
20.80503
20.81684
20.82929
20.84159
20.85329
20.86592
20.88117
