0.02
0.04
0.14
0.1752513
0.1871659
0.1979108
0.208889
0.2202309
0.231348
0.2426174
0.2534801
0.2648907
0.2756475
0.286781
0.3001587
0.3101648
0.3202406
0.331416
0.3429062
0.3538151
0.3650399
0.3760592
0.3872654
0.3986712
0.4095984
0.4208919
0.4317889
0.4429961
0.4583266
0.4690953
0.4786609
0.4888547
0.4990078
0.5100831
0.5219313
0.5325816
0.5436018
0.5546928
0.5658968
0.5769882
0.5882612
0.5994754
0.6109387
0.6218822
0.6334372
0.6448956
0.6554034
0.6678236
0.6775779
0.6888753
0.700147
0.711274
0.7231908
0.7336017
0.7453322
0.7557977
0.7674418
0.7781563
0.7894909
0.8008084
0.8117019
0.8228353
0.8345125
0.8452168
0.85644
0.8675542
0.878575
0.8937762
0.9051734
0.9163947
0.928045
0.9391354
0.9505906
0.9618607
0.9737313
0.9860594
0.9972439
1.006557
1.018298
1.028747
1.04064
1.051699
1.062257
1.074455
1.085979
1.095757
1.107723
1.118385
1.129454
1.140398
1.151993
1.16298
1.174154
1.185341
1.196325
1.207974
1.219039
1.229906
1.241204
1.252187
1.263571
1.274846
1.286176
1.296875
1.308401
1.319498
1.330444
1.341984
1.353037
1.364022
1.37518
1.386616
1.39752
1.408533
1.420012
1.430902
1.44322
1.453645
1.464672
1.475702
1.48702
1.498961
1.509134
1.520864
1.531699
1.543102
1.555571
1.564831
1.578639
1.589207
1.604257
1.613609
1.623449
1.633052
1.64271
1.652878
1.662022
1.672152
1.683108
1.702608
1.712424
1.721919
1.731581
1.741644
1.751513
1.761081
1.772408
1.783568
1.797819
1.808651
1.818779
1.828629
1.839726
1.850666
1.861548
1.873133
1.884716
1.895134
1.906814
1.917714
1.928573
1.939909
1.951272
1.962141
1.973381
1.984708
1.995624
2.006895
2.018322
2.029745
2.040295
2.05179
2.062638
2.073733
2.085359
2.096133
2.107375
2.119364
2.130335
2.141786
2.153259
2.164476
2.176148
2.187645
2.199595
2.210767
2.221866
2.233749
2.244869
2.255872
2.267887
2.284418
2.294853
2.306525
2.324293
2.337939
2.348043
2.359166
2.369484
2.379424
2.389502
2.400146
2.410496
2.421258
2.431197
2.442855
2.453711
2.464736
2.476374
2.488689
2.500614
2.51229
2.522836
2.533447
2.543931
2.554451
2.565533
2.576541
2.591999
2.602879
2.61323
2.625847
2.63776
2.648201
2.659616
2.670093
2.680751
2.692086
2.703002
2.713683
2.724502
2.734971
2.745806
2.75644
2.767778
2.778121
2.789989
2.800973
2.81126
2.822174
2.833446
2.84474
2.85566
2.867065
2.878151
2.88938
2.900613
2.911842
2.923512
2.935353
2.946932
2.964234
2.975586
2.986771
2.998225
3.009684
3.020612
3.031627
3.042749
3.053897
3.064804
3.076269
3.087715
3.099027
3.110816
3.122509
3.134219
3.146902
3.158044
3.16983
3.180624
3.191666
3.203339
3.215474
3.226696
3.237448
3.248125
3.260106
3.271073
3.282724
3.294198
3.305661
3.317249
3.32819
3.339139
3.350793
3.362174
3.373924
3.385524
3.396452
3.407967
3.419483
3.430433
3.441946
3.453859
3.465046
3.477072
3.488476
3.499759
3.51182
3.523675
3.534802
3.545734
3.557135
3.567374
3.578688
3.590082
3.605797
3.617594
3.628882
3.640334
3.656795
3.669121
3.679907
3.691767
3.702563
3.713584
3.724865
3.73608
3.746699
3.75856
3.769719
3.780634
3.793173
3.805391
3.816289
3.827541
3.838709
3.849789
3.860941
3.872354
3.883668
3.894828
3.905693
3.917348
3.930782
3.942107
3.953469
3.964735
3.975971
3.987045
3.997711
4.008862
4.020143
4.031296
4.043881
4.055026
4.065962
4.077427
4.087952
4.098742
4.109324
4.120834
4.130926
4.140972
4.151791
4.162645
4.17744
4.189209
4.201416
4.212922
4.224489
4.236178
4.247028
4.258468
4.26946
4.280801
4.292626
4.304267
4.31663
4.327833
4.343994
4.356316
4.367119
4.378081
4.390221
4.402671
4.413883
4.424838
4.436452
4.447556
4.459096
4.470452
4.481268
4.49355
4.5051
4.516211
4.527696
4.539071
4.550835
4.561916
4.573569
4.585415
4.596613
4.608248
4.620679
4.631861
4.64346
4.655655
4.668262
4.679802
4.691195
4.703547
4.714578
4.726545
4.738092
4.749486
4.760919
4.772484
4.784043
4.795886
4.807636
4.819555
4.830971
4.842614
4.855729
4.867142
4.877862
4.88905
4.902133
4.913297
4.924846
4.937957
4.949686
4.961086
4.972581
4.984583
4.995874
5.007698
5.019508
5.031106
5.048516
5.060513
5.072097
5.084948
5.096242
5.108436
5.119761
5.130878
5.142573
5.154012
5.165677
5.177479
5.189022
5.201501
5.212636
5.22426
5.235492
5.246481
5.257908
5.269426
5.280864
5.293113
5.305449
5.317656
5.328594
5.339985
5.351931
5.363218
5.37473
5.386797
5.398442
5.410375
5.422343
5.434128
5.445814
5.457042
5.469864
5.480771
5.492286
5.503691
5.51552
5.527714
5.539218
5.551054
5.562481
5.574259
5.586443
5.597876
5.609746
5.621523
5.63299
5.644613
5.656411
5.669172
5.681816
5.693516
5.704056
5.715292
5.726554
5.737595
5.748755
5.75997
5.781406
5.793366
5.804726
5.815713
5.827006
5.838202
5.84938
5.861036
5.872429
5.883787
5.895489
5.906815
5.91887
5.930575
5.942772
5.955146
5.966793
5.978642
5.990207
6.001533
6.013134
6.02434
6.035939
6.047133
6.058509
6.070116
6.081726
6.093664
6.106057
6.117586
6.128643
6.140001
6.151775
6.162887
6.17464
6.186118
6.197447
6.209697
6.221602
6.23381
6.245335
6.256516
6.268669
6.280048
6.29236
6.304436
6.316519
6.32829
6.340982
6.352749
6.363958
6.375438
6.387399
6.399492
6.411217
6.422874
6.440059
6.452976
6.464051
6.47579
6.487383
6.499341
6.512247
6.523708
6.535366
6.546706
6.558626
6.570142
6.581389
6.593407
6.605132
6.61655
6.628153
6.639759
6.651663
6.663328
6.676019
6.687907
6.699775
6.711653
6.723932
6.736149
6.747462
6.759383
6.771604
6.783734
6.795701
6.807654
6.819685
6.831176
6.843461
6.855017
6.867096
6.878264
6.889767
6.901798
6.913588
6.925818
6.937953
6.951101
6.966522
6.978539
6.990376
7.002244
7.014204
7.027071
7.038832
7.0511
7.062708
7.074852
7.086583
7.098479
7.11124
7.123232
7.134912
7.146091
7.163135
7.174942
7.186766
7.19909
7.211249
7.223237
7.23562
7.246819
7.25905
7.270744
7.282706
7.294785
7.306775
7.318547
7.329911
7.341275
7.35324
7.364191
7.375537
7.387418
7.403741
7.415438
7.428321
7.439832
7.452275
7.463757
7.475639
7.487557
7.499527
7.510811
7.523123
7.534585
7.5461
7.558437
7.570219
7.580997
7.592325
7.607424
7.619321
7.63034
7.64136
7.652943
7.663976
7.675176
7.686615
7.698235
7.715233
7.727269
7.739127
7.751005
7.763177
7.775763
7.787993
7.799767
7.811642
7.824139
7.836504
7.848546
7.866017
7.878344
7.890151
7.902292
7.913913
7.926281
7.938154
7.950146
7.963898
7.976514
7.988943
8.001324
8.014441
8.02724
8.039045
8.051241
8.063066
8.075233
8.087549
8.099598
8.111856
8.124691
8.138252
8.15074
8.162255
8.174427
8.1862
8.198072
8.211143
8.223311
8.235738
8.247675
8.260024
8.272076
8.28532
8.297393
8.309915
8.322271
8.334591
8.346406
8.358788
8.371042
8.383477
8.395216
8.407566
8.419236
8.430957
8.443159
8.455729
8.469297
8.481199
8.493955
8.507064
8.520158
8.532897
8.544933
8.557809
8.570334
8.588218
8.601377
8.613892
8.626618
8.638828
8.651969
8.664204
8.676562
8.689526
8.702316
8.714516
8.72683
8.739177
8.751954
8.764624
8.777081
8.789239
8.801906
8.81391
8.826722
8.840302
8.853012
8.865234
8.877669
8.890206
8.903233
8.915333
8.928455
8.939997
8.952322
8.964314
8.977447
8.989352
9.001679
9.013167
9.029431
9.041905
9.054531
9.066623
9.078497
9.091459
9.103468
9.116045
9.128233
9.140618
9.153301
9.165852
9.178809
9.190948
9.20457
9.21719
9.229436
9.241977
9.254247
9.267054
9.279243
9.291479
9.304562
9.322402
9.335044
9.347092
9.359646
9.372285
9.385293
9.397167
9.409833
9.422258
9.435075
9.447285
9.459625
9.471914
9.4849
9.496727
9.508504
9.520475
9.531927
9.543373
9.555104
9.566688
9.578123
9.59025
9.606029
9.618277
9.629985
9.642266
9.65445
9.667073
9.679832
9.69202
9.704309
9.716346
9.728071
9.74034
9.753316
9.765155
9.777352
9.789248
9.801082
9.813098
9.825276
9.837635
9.84962
9.861581
9.873732
9.886518
9.898901
9.911831
9.924669
9.937312
9.950624
9.963284
9.975776
9.996926
10.00981
10.02274
10.04031
10.05359
10.06616
10.07854
10.09121
10.1038
10.11769
10.12963
10.14188
10.15436
10.16828
10.18027
10.1928
10.20551
10.2181
10.2301
10.24252
10.25498
10.26815
10.27997
10.29308
10.30642
10.31887
10.3305
10.34362
10.35636
10.36897
10.38084
10.39426
10.40647
10.41939
10.43163
10.44442
10.45753
10.47013
10.48244
10.49482
10.50742
10.51996
10.53251
10.5455
10.55815
10.57094
10.58368
10.59628
10.6092
10.62185
10.63523
10.6472
10.65898
10.67269
10.68465
10.69762
10.70958
10.72136
10.73315
10.74574
10.75819
10.77071
10.78284
10.79463
10.80667
10.81903
10.83566
10.84732
10.8594
10.87104
10.88247
10.89425
10.90616
10.91923
10.932
10.94344
10.95524
10.96729
10.97959
10.99389
11.0241
11.03661
11.04824
11.06043
11.07286
11.08465
11.09753
11.11526
11.12919
11.1418
11.15388
11.16708
11.17895
11.19114
11.20392
11.21697
11.22919
11.24151
11.25456
11.26736
11.27908
11.2925
11.30554
11.31894
11.33108
11.34411
11.35697
11.36903
11.38132
11.39418
11.40673
11.41889
11.43127
11.44409
11.45719
11.46927
11.48257
11.49458
11.50701
11.51917
11.53074
11.54262
11.55506
11.56692
11.57944
11.59083
11.60666
11.62447
11.63735
11.65006
11.66264
11.67505
11.68761
11.7002
11.71255
11.72536
11.73805
11.75037
11.76291
11.77535
11.78838
11.80101
11.81352
11.82536
11.83741
11.85003
11.86205
11.87523
11.88762
11.89998
11.91246
11.92512
11.93806
11.95039
11.96282
11.97602
11.99223
12.0049
12.01759
12.03002
12.04433
12.05686
12.06942
12.0817
12.09444
12.10667
12.11926
12.13146
12.14352
12.15565
12.16755
12.17997
12.19217
12.20484
12.2177
12.22926
12.24157
12.25282
12.26553
12.27787
12.29081
12.30222
12.31449
12.32681
12.33932
12.35698
12.37034
12.38263
12.39477
12.40809
12.42122
12.43455
12.44802
12.46059
12.47346
12.48635
12.49923
12.5122
12.52494
12.53716
12.54929
12.56189
12.57551
12.58728
12.60016
12.61275
12.62541
12.6378
12.65016
12.66263
12.67523
12.68747
12.7015
12.71336
12.72598
12.73715
12.74846
12.76077
12.7733
12.78587
12.79827
12.8122
12.82473
12.8374
12.85001
12.86219
12.87504
12.8872
12.89988
12.91251
12.92487
12.93704
12.94948
12.9618
12.97434
12.9868
12.99931
13.01268
13.02612
13.0388
13.05175
13.06392
13.08168
13.09439
13.10672
13.11828
13.13073
13.14296
13.1557
13.16931
13.18176
13.19386
13.20629
13.21922
13.23171
13.24493
13.25754
13.27079
13.28369
13.2972
13.31056
13.32357
13.33599
13.34854
TARGET DESTROYED 
13.36123
13.38297
13.39656
13.40978
13.42203
13.43448
13.4558
13.47004
13.48226
13.49452
13.50863
13.52117
13.53398
13.54541
13.55782
13.56975
13.58141
13.59373
13.6108
13.62444
13.63836
13.65039
13.6627
13.67521
13.68757
13.70005
13.71243
13.72521
13.73863
13.75175
13.76484
13.78234
13.7958
13.80879
13.82245
13.83582
13.8476
13.86027
13.87362
13.88661
13.89878
13.91156
13.92518
13.93741
13.95032
13.96295
13.97583
13.98889
14.00156
14.01497
14.02736
14.03925
14.05222
14.06507
14.07817
14.09109
14.10387
14.11593
14.12788
14.14022
14.15408
14.16691
14.17916
14.19165
14.20494
14.2188
14.2308
14.24339
14.25611
14.26839
14.28049
14.29337
14.30704
14.32049
14.33331
14.34634
14.35949
14.37232
14.38534
14.39807
14.41164
14.42432
14.4361
14.4492
14.46117
14.47235
14.48507
14.49794
14.51579
14.52852
14.54257
14.55465
14.56716
14.57932
14.59477
14.60858
14.62235
14.63555
14.64833
14.66196
14.67405
14.68664
14.69896
14.71247
14.7254
14.73768
14.75023
14.7626
14.7755
14.78839
14.80032
14.8125
14.82558
14.83846
14.85174
14.86453
14.8775
14.89056
14.90333
14.91682
14.92957
14.94246
14.9555
14.96853
14.98173
14.99452
15.00803
15.02173
15.03592
15.04862
15.0619
15.07516
15.08779
15.10093
15.11357
15.12647
15.13964
15.15279
15.16782
15.18081
15.19363
15.20651
15.21958
15.23219
15.2456
15.26362
15.27695
15.29063
15.3044
15.31767
15.33048
15.3439
15.35744
15.37135
15.38519
15.39849
15.41211
15.42496
15.43781
15.45076
15.46348
15.4769
15.48955
15.50285
15.51434
15.52613
15.53807
TARGET DESTROYED 
15.54929
15.56706
15.57863
15.59047
15.60694
15.6191
15.63732
15.65084
15.66233
15.67407
15.68594
15.69838
15.7145
15.72709
15.73973
15.75221
15.76432
15.77648
15.78915
15.801
15.81345
15.82489
15.83703
15.84818
15.86038
15.8728
15.8847
15.89683
15.90885
15.92165
15.93382
15.94582
15.95774
15.96962
15.98669
15.99844
16.01016
16.02302
16.03613
16.04759
16.05863
16.07035
16.08239
16.09544
16.10773
16.1202
16.13233
16.14464
16.15882
16.17289
16.18729
16.20239
16.21641
16.23102
16.24599
16.26044
16.27269
16.28477
16.29717
16.30952
16.32268
16.33621
16.34854
16.36128
16.37501
16.38743
16.40107
16.41342
16.42609
16.43858
16.45074
16.46312
16.47637
16.48863
16.50086
16.51266
16.52495
16.5374
16.55004
16.56217
16.57449
16.58692
16.59904
16.61137
16.62513
16.6394
16.65338
16.66705
16.68029
16.6925
16.70557
16.72305
16.73599
16.74822
16.7603
16.77315
16.78621
16.79897
16.8139
16.82929
16.84561
16.86261
16.87469
16.88647
16.89857
16.9113
16.92364
16.93656
16.94868
16.96049
16.97373
16.98569
16.99717
17.00896
17.02064
17.03289
17.04575
17.05817
17.0699
17.0816
17.0934
17.10637
17.11863
17.13104
17.14327
17.15492
17.16595
17.17709
17.18871
17.20026
17.21176
17.22351
17.23487
17.24685
17.25835
17.26944
17.28085
17.29245
17.30413
17.31582
17.32741
17.33926
17.35066
17.36186
17.37329
17.38504
17.39717
17.40826
17.41949
17.4362
17.44738
17.45833
17.46922
17.48111
17.4923
17.50346
17.51421
17.52493
17.53507
17.54563
17.55606
17.56646
17.57786
17.58877
17.60338
17.61429
17.62546
17.63659
17.64795
17.65969
17.67158
17.68284
17.69385
17.70533
17.71625
17.7271
17.73854
17.74911
17.76144
17.77273
17.78397
17.795
17.80682
17.82723
17.83882
17.84954
17.86098
17.87242
17.88343
17.89454
17.90604
17.91835
17.92933
17.94013
17.95122
17.96251
17.9737
17.98519
17.99655
18.00761
18.01844
18.02989
18.04134
18.05316
18.06525
18.07662
18.08845
18.09951
TARGET DESTROYED 
18.11071
18.1318
18.15038
18.16319
18.17428
18.18596
18.19702
18.20893
18.22034
18.2324
18.24487
18.25766
18.27113
18.28459
18.29734
18.30984
18.32224
18.33531
18.34714
18.36035
18.37211
18.38393
18.39537
18.40766
18.42032
18.43193
18.44422
18.45667
18.46821
18.48025
18.4917
18.50448
18.51744
18.52919
18.542
18.55427
18.56601
18.57835
18.59051
18.60248
18.61375
18.62526
18.63685
18.64779
18.65909
18.67101
18.68259
18.6945
18.70606
18.71778
18.72938
18.74068
18.75175
18.76506
18.77682
18.78913
18.80042
18.81211
18.82984
18.84316
18.85658
18.87032
18.883
18.89618
18.90992
18.9226
18.93377
18.94549
18.95734
18.96964
18.98124
18.9928
19.00425
19.01635
19.02806
19.04026
19.0525
19.06425
19.0759
19.08739
19.09877
19.11021
19.12217
19.13376
19.14545
19.15714
19.16847
19.18016
19.1917
19.20437
19.21606
19.22775
19.23934
19.25077
19.26189
19.27363
19.28539
19.29783
19.30997
19.3222
19.33351
19.34526
19.35731
19.36916
19.38147
19.39281
19.40439
19.41608
19.4275
19.43916
19.45028
19.46231
19.47409
19.48608
19.49758
19.50998
19.52137
19.53261
19.54404
19.55997
19.571
19.5819
19.59315
19.60872
19.62113
19.63323
19.64489
19.65682
19.66809
19.67954
19.69124
19.70325
19.71562
19.72729
19.73908
19.75086
19.76276
19.774
19.78576
19.79756
19.80926
19.82305
19.83532
19.8482
19.86082
19.87398
19.88681
19.89948
19.91232
19.92524
19.93858
19.9518
19.96612
19.97872
19.99856
20.01206
20.02507
20.03792
20.05033
20.06393
20.0771
20.09062
20.10347
20.1159
20.12867
20.1416
20.15503
20.16669
20.17842
20.19024
20.20305
20.21483
20.22623
20.23818
20.2502
20.2669
20.27938
20.29098
20.30334
20.31502
20.32652
20.33902
20.35036
20.36165
TARGET DESTROYED 
20.37369
20.39011
20.40245
20.41568
20.42733
20.43907
20.45069
20.4622
20.47493
20.49292
20.50631
20.51759
20.5296
20.54105
20.55328
20.56444
20.57551
20.587
20.59863
20.60977
20.62174
20.6335
20.64497
20.65658
20.6678
20.67917
20.69046
20.70231
20.71348
20.72488
20.73641
20.74866
20.7631
20.77566
20.79009
20.80338
20.81596
20.8292
20.84254
20.85598
20.86902
20.88202
20.89468
20.90803
20.92153
20.9348
20.94811
20.96091
20.97942
20.99261
21.00665
21.02019
21.03376
21.04677
21.05937
21.07373
21.08519
21.09637
21.10782
21.11949
21.13036
21.14105
21.15283
21.16352
21.17444
21.18556
21.19726
21.2087
21.22032
21.23138
21.24168
21.25298
21.264
21.27483
21.28596
21.29716
21.30888
21.31995
21.33073
21.34214
21.35374
21.36484
21.37601
21.38826
21.39932
21.41102
21.42233
21.43317
21.44425
21.45715
21.47074
21.48428
21.49767
21.51035
21.52337
21.53621
21.54854
21.56109
21.5743
21.58733
21.59951
21.61724
21.63055
21.64347
21.65678
21.67007
21.68362
21.70169
21.71571
21.72953
21.74283
21.75614
21.7689
21.78194
21.79532
21.80894
21.82393
21.83716
21.85033
21.86416
21.87708
21.89028
21.90333
21.91743
21.93051
21.9431
21.95633
21.97006
21.98299
21.99671
22.00974
22.02339
22.03659
22.04983
22.06269
22.07664
22.0911
22.10397
22.1173
22.13078
22.14398
22.15798
22.17122
22.18438
22.19781
22.21224
22.22575
22.23896
22.252
22.26552
22.27886
22.2923
22.30608
22.31929
22.33239
22.34571
22.35884
22.37264
22.38571
22.3989
22.4122
22.4256
22.43867
22.45708
22.47062
22.48226
22.49398
22.50577
22.51744
22.52985
22.54182
22.55359
22.56514
22.57816
22.5908
22.60269
22.61428
22.62638
22.63808
22.64907
22.66047
22.67266
22.68449
22.69663
22.70844
22.7212
22.73458
22.74813
22.76085
22.77367
22.78689
22.80023
22.81331
22.82649
22.83996
22.85253
22.86509
22.87794
22.89146
22.90447
22.91811
22.93148
22.94528
22.95848
22.9717
22.98523
22.99843
23.01172
23.02563
23.03885
23.05187
23.065
23.07836
23.09195
23.10528
23.11884
23.13183
23.14463
TARGET DESTROYED 
23.15848
23.17799
23.19165
23.21004
23.22386
23.2366
23.24944
23.26241
23.27577
23.2898
23.30314
23.31716
23.33715
23.353
23.36577
23.37887
23.39234
23.40589
23.41934
23.43244
23.44559
23.45875
23.47209
23.48554
23.49873
23.51314
23.52673
23.53964
23.55214
23.56472
23.57783
23.59114
23.60814
23.62278
23.63705
23.65132
23.6654
23.679
23.69245
23.70595
23.71916
23.73278
23.74662
23.75985
23.77379
23.78755
23.80095
23.81422
23.8268
23.84056
23.85397
23.8667
23.88015
23.89298
23.90655
23.92036
23.9341
23.95279
23.96577
23.97888
23.99161
24.00504
24.01806
24.03124
24.04487
24.05725
24.0704
24.08381
24.09859
24.11293
24.12624
24.13938
24.15233
24.16552
24.1792
24.19183
24.2068
24.22017
24.23288
24.2463
24.2591
24.27214
24.2848
24.30759
24.32059
24.33367
24.34648
24.35909
24.37199
24.38516
24.39803
24.4113
24.42442
24.43698
24.45045
24.46321
24.47586
24.48931
24.50186
24.51452
24.5283
24.54126
24.55463
24.56791
24.58054
24.59311
24.6061
24.61882
24.63182
24.64438
24.65726
24.67026
24.68302
24.696
24.70893
24.72694
24.73989
24.75268
24.76539
24.77807
24.79274
24.80679
24.82849
24.84447
24.85996
24.87333
24.88641
24.89878
24.91218
24.92568
24.93894
24.95249
24.96553
24.97973
24.99269
25.00563
25.01878
25.03149
25.0445
25.05755
25.07034
25.08274
25.09529
25.10926
25.12225
25.13464
25.14726
25.16041
25.17387
25.18654
25.20672
25.22606
25.24008
25.25355
25.26753
25.28151
25.29609
25.31048
25.3243
25.33798
25.35233
25.36627
25.37996
25.39666
25.41234
25.42642
25.4405
25.45426
25.46844
25.48243
25.49957
25.52164
25.53828
25.55199
25.56508
25.57852
25.59299
25.61103
25.62456
25.63876
25.65264
25.66557
25.67896
25.69114
25.70744
25.72045
25.73392
25.7469
25.75926
25.77277
25.78529
25.79817
25.81055
25.82341
25.83599
25.84886
25.86197
25.87489
25.88738
25.90076
25.91359
25.92749
25.94214
25.95681
25.97122
25.98572
26.00005
26.01441
26.02842
26.04284
26.05697
26.07105
26.08544
26.09966
26.11467
26.12851
26.14282
26.15787
26.17227
26.18653
26.20122
26.21595
26.22975
26.24405
26.25792
26.27208
26.29164
26.30743
26.32214
26.33645
26.35071
26.36537
26.37919
26.39311
26.40786
26.42225
26.43655
26.4512
26.46589
26.47979
26.49413
26.50815
26.52324
26.53749
26.55175
26.56697
26.58141
TARGET DESTROYED 
26.59533
26.61742
26.63231
26.65357
26.66942
26.68303
26.69727
26.71054
26.72477
26.73901
26.75318
26.76739
26.78136
26.79581
26.81001
26.82481
26.83859
26.85265
26.86639
26.88064
26.89477
26.90925
26.92344
26.93736
26.95181
26.96604
26.98005
26.9939
27.00793
27.02284
27.03745
27.05175
27.06619
27.07985
27.09951
27.11473
27.12894
27.14306
27.1577
27.17241
27.18688
27.20147
27.21572
27.22952
27.24332
27.25715
27.27151
27.28561
27.29943
27.31365
27.32771
27.34171
27.35604
27.3717
27.38565
27.39983
27.41414
27.42832
27.44246
27.45699
27.47105
27.48515
27.49902
27.51256
27.52601
27.53965
27.55317
27.56645
27.58021
27.59368
27.611
27.6253
27.63948
27.65381
27.66847
27.68275
27.6968
27.71002
27.72462
27.73896
27.75284
27.76711
27.78128
27.79583
27.81032
27.82447
27.83893
27.85317
27.86696
27.88104
27.8954
27.90901
27.92802
27.94207
27.95601
27.97011
27.98441
27.99923
28.01374
28.02835
28.04275
28.05721
28.07086
28.0854
28.0993
28.11335
28.12762
28.14243
28.15665
28.17107
28.18573
28.20037
28.21482
28.22898
28.24299
28.25727
28.27091
28.28532
28.29933
28.314
28.32787
28.34256
28.35734
28.37154
28.38617
28.39994
28.41383
28.42748
28.44169
28.45583
28.46944
28.48385
28.49864
28.51335
28.52788
28.54228
28.55747
28.57064
28.58432
28.59805
28.61167
28.62543
28.64024
28.65419
28.66941
28.68323
28.69727
28.71095
28.72542
28.73924
28.75783
28.77203
28.78535
28.79879
28.81201
28.82584
28.83971
28.85322
28.86659
28.88044
28.8939
28.90864
28.92272
28.93616
28.94936
28.96371
28.97687
28.99105
29.00506
29.01842
29.0322
29.04628
29.05991
29.07381
29.08787
29.10113
29.11496
29.12841
29.14492
29.1584
29.17257
29.18613
29.20003
29.21452
29.22809
29.24162
29.25574
29.26942
29.28276
29.2963
29.31081
29.32468
29.33826
29.35123
29.36427
29.37795
29.39196
29.40628
29.42048
29.43414
29.44811
29.46181
29.47568
29.48965
29.50296
29.51549
29.52832
29.54127
29.55445
29.56749
29.58066
29.59371
29.61584
29.62977
29.64346
29.6575
29.67105
29.68489
29.69848
29.7124
29.72644
29.74015
29.75359
TARGET DESTROYED 
29.76741
29.79745
29.81197
29.82587
29.83981
29.85323
29.86668
29.88172
29.89503
29.90872
29.92256
29.94487
29.96051
29.9742
29.9882
30.00167
30.01611
30.02971
30.0428
30.05635
30.07005
30.08417
30.09778
30.11125
30.12529
30.13945
30.15331
30.16776
30.1817
30.19546
30.20915
30.22329
30.23749
30.25192
30.26544
30.27911
30.29335
30.31399
30.32796
30.34183
30.35586
30.37042
30.38566
30.40032
30.41413
30.42762
30.44234
30.45686
30.47015
30.48403
30.49777
30.51116
30.52491
30.53885
30.55239
30.5658
30.57983
30.59352
30.60772
30.62278
30.63653
30.64953
30.66449
30.67799
30.69146
30.70552
30.71904
30.73234
30.7466
30.76035
30.77381
30.78707
30.80061
30.81431
30.82758
30.84089
30.85444
30.86894
30.88263
30.89639
30.91043
30.92459
30.93815
30.95178
30.96555
30.97826
30.99109
31.00387
31.01609
31.02925
31.04146
31.05779
31.07505
31.11077
31.15097
31.20167
31.23967
31.26299
31.29326
31.32203
31.35033
31.37967
31.3997
31.41992
31.43925
31.46168
31.48439
31.50641
31.52872
31.55154
31.57339
31.59827
31.62204
31.64045
31.66325
31.68534
31.71062
