0.02
0.04
0.14
0.1788831
0.1925871
0.2040462
0.2149239
0.2251026
0.2352922
0.2467205
0.2577025
0.2689771
0.2801727
0.2917104
0.30224
0.316262
0.3268545
0.3368985
0.3474109
0.3587734
0.3693576
0.3836772
0.3935598
0.4037212
0.4164542
0.4267987
0.4370217
0.4480175
0.4589925
0.4698866
0.4812125
0.4926048
0.5035849
0.5151011
0.5260706
0.5370093
0.5498568
0.56045
0.5704503
0.5818275
0.5927823
0.6042041
0.6152746
0.6262621
0.637749
0.6486418
0.6598122
0.6709328
0.6822667
0.6934178
0.7044072
0.7156769
0.7267904
0.7380429
0.749211
0.7604038
0.7716312
0.7826007
0.7938413
0.8050315
0.81655
0.8273029
0.8384963
0.8499897
0.861571
0.8725373
0.8837011
0.8994817
0.9106857
0.9216594
0.9330059
0.9441662
0.9552323
0.9665637
0.9773859
0.9885819
1.000095
1.010786
1.022041
1.033422
1.044445
1.055894
1.067366
1.078123
1.08943
1.100917
1.111745
1.12303
1.134252
1.145188
1.156506
1.167308
1.178499
1.193905
1.204094
1.214543
1.224651
1.234919
1.24465
1.25462
1.265073
1.27614
1.287234
1.298504
1.309877
1.321413
1.332096
1.343044
1.354679
1.365878
1.376903
1.387791
1.399063
1.410123
1.421285
1.432561
1.4444
1.455068
1.466355
1.477262
1.488708
1.499535
1.510744
1.521827
1.533121
1.544163
1.555325
1.567309
1.577876
1.589278
1.600627
1.611853
1.623485
1.634545
1.646037
1.65729
1.668331
1.680349
1.691856
1.70249
1.714302
1.72528
1.736727
1.748192
1.75929
1.770602
1.782082
1.793455
1.804003
1.815389
1.82641
1.837554
1.849176
1.859889
1.871326
1.882427
1.893598
1.904454
1.91576
1.926761
1.937907
1.94926
1.960675
1.971798
1.987633
1.998245
2.009073
2.019535
2.030137
2.040565
2.051091
2.061345
2.071863
2.082319
2.092875
2.102909
2.113241
2.123398
2.134222
2.145262
2.156555
2.168075
2.18015
2.190242
2.201412
2.212669
2.223655
2.234852
2.245973
2.256967
2.268148
2.27962
2.290741
2.301677
2.312979
2.324424
2.335271
2.347103
2.357634
2.368546
2.380931
2.391135
2.403093
2.414214
2.42528
2.436627
TARGET DESTROYED 
2.448219
2.466827
2.477608
2.496402
2.50791
2.518121
2.528274
2.538041
2.548283
2.558784
2.570604
2.581035
2.592895
2.603673
2.614897
2.625752
2.63722
2.648169
2.659293
2.670755
2.681625
2.692721
2.703871
2.715189
2.726094
2.737336
2.752603
2.762477
2.772938
2.783596
2.793838
2.804341
2.815764
2.82673
2.838171
2.849355
2.860094
2.872237
2.882705
2.893847
2.90487
2.916041
2.927156
2.938322
2.949797
2.96069
2.971788
2.983209
2.994203
3.005369
3.016672
3.027797
3.039591
3.050827
3.062535
3.074302
3.085833
3.097878
3.108997
3.119946
3.131558
3.142611
3.154001
3.165458
3.17656
3.188051
3.199254
3.211171
3.221698
3.233492
3.244706
3.256607
3.267303
3.279424
3.289641
3.300894
3.314212
3.325624
3.336296
3.347001
3.35749
3.367611
3.378002
3.389743
3.400675
3.411557
3.422925
3.434373
3.44513
3.456732
3.467412
3.478639
3.494151
3.504527
3.514885
3.525127
3.536196
3.551243
3.561184
3.571653
3.582243
3.592226
3.602604
3.613449
3.624155
3.636135
3.646555
3.657369
3.668378
3.678464
3.689034
3.699721
3.710112
3.72099
3.731676
3.742822
3.753886
3.765204
3.776048
3.787309
3.798735
3.809559
3.820849
3.832028
3.843063
3.854661
3.866354
3.876723
TARGET DESTROYED 
3.8878
3.902771
3.920364
3.932868
3.943862
3.954929
3.966285
3.977073
3.988495
3.999897
4.010684
4.021809
4.033438
4.044372
4.055812
4.06658
4.078074
4.088953
4.100115
4.111341
4.122341
4.133609
4.144804
4.156056
4.166947
4.178339
4.189328
4.200733
4.212001
4.22358
4.234031
4.245715
4.256484
4.267655
4.278685
4.290082
4.301195
4.312232
4.328286
4.339149
4.349699
4.359859
4.370387
4.380839
4.391403
4.402958
4.41392
4.425525
4.437261
4.448361
4.460241
4.47089
4.482028
4.493177
4.504205
4.515537
4.526668
4.537602
4.548996
4.56008
4.571621
4.582776
4.593813
4.604892
4.616982
4.627894
4.638825
4.649924
4.660833
4.672038
4.683602
4.694419
4.70577
4.718151
4.728651
4.741007
4.752301
4.76254
4.77402
4.785164
4.796754
4.809072
4.819862
4.830633
4.842026
4.85302
4.864845
4.875915
4.886938
4.898413
4.909514
4.920623
4.93183
4.942738
4.953882
4.965511
4.976184
4.987467
4.999038
5.009937
5.021291
5.033195
5.043581
5.054447
5.065846
5.07665
5.087872
5.099239
5.110131
5.125703
5.136091
5.147474
5.158258
5.169549
5.179832
5.190328
5.201063
5.212502
5.222885
5.233728
5.244058
5.254333
5.264954
5.275178
5.28564
5.296172
5.306363
5.317861
5.328833
5.339883
5.351143
5.362397
5.373455
5.384549
5.396217
5.407346
5.418206
5.429405
5.440978
5.451746
5.462979
5.475498
5.486215
5.496937
5.507548
5.518708
5.531563
5.542002
5.552491
5.565085
5.575584
5.586556
5.598545
5.609641
5.620584
5.632507
5.643294
5.654819
5.666349
5.677549
5.68905
5.700444
5.711885
5.723186
5.734598
5.745628
5.757591
5.768576
5.780136
5.79175
5.802806
TARGET DESTROYED 
5.814661
5.829955
5.840851
5.852008
5.862573
5.873356
5.884343
5.894562
5.910465
5.921139
5.932209
5.943334
5.960946
5.972579
5.983185
5.99398
6.004306
6.015005
6.025248
6.036239
6.046578
6.05753
6.067836
6.078112
6.088582
6.100035
6.111002
6.122483
6.133918
6.144769
6.15594
6.167338
6.178288
6.189086
6.200692
6.212386
6.223603
6.23469
6.245609
6.256771
6.267767
6.278673
6.289999
6.300594
6.311577
6.3232
6.33497
6.345996
6.357371
6.36826
6.379747
6.390411
6.402256
6.415242
6.426327
6.437928
6.449401
6.461527
6.473131
6.48498
6.496298
6.507544
6.518982
6.53153
6.542863
6.554238
6.56613
6.577408
6.588747
6.600053
6.611235
6.623074
6.634861
6.647141
6.658391
6.669801
6.681419
6.692481
6.709003
6.720066
6.731314
6.742451
6.75344
6.763325
6.77377
6.784531
6.795112
6.806246
6.817336
6.827552
6.838934
6.849293
6.859561
6.870713
6.881974
6.89247
6.903722
6.91504
6.925914
6.937101
6.9484
6.959717
6.970562
6.98212
6.993112
7.004383
7.015369
7.026815
7.03773
7.048974
7.060149
7.071163
7.082447
7.093512
7.104916
7.116039
7.127705
7.140295
7.150949
7.162538
7.173799
7.185896
7.196817
7.207905
7.219302
7.230802
7.242394
7.253168
7.26508
7.276162
7.287562
7.298975
7.310307
7.32154
7.335142
7.345546
7.356195
7.367119
7.377606
7.388838
7.400062
7.411005
7.422534
7.434196
7.444758
7.455677
7.466979
7.478219
7.489301
7.500594
7.51578
7.526477
7.537241
7.548298
7.558971
7.569613
7.580358
7.590972
7.602073
7.612445
7.623563
7.634598
7.645558
7.656994
7.668034
7.678145
7.688884
7.699949
7.711373
7.722222
7.732927
7.7435
7.754114
7.764752
7.776087
7.786714
7.79809
7.809241
7.820423
7.831556
7.842592
7.85368
7.865576
7.876205
7.887112
7.898722
7.90954
7.920845
7.93244
TARGET DESTROYED 
7.94379
7.958695
7.96972
7.986625
7.998156
8.009486
8.020552
8.032082
8.042997
8.05426
8.065579
8.076486
8.087579
8.099176
8.110151
8.1216
8.132555
8.143393
8.154717
8.166075
8.177006
8.188241
8.199397
8.210399
8.221697
8.233192
8.244131
8.25549
8.266429
8.277724
8.293015
8.303342
8.314651
8.325727
8.3362
8.346967
8.357442
8.367891
8.378005
8.389385
8.401404
8.41564
8.428746
8.4419
8.452175
8.462327
8.473065
8.484274
8.494524
8.504832
8.515854
8.526719
8.537724
8.548387
8.558828
8.569238
8.579717
8.59051
8.601655
8.612744
8.623859
8.635549
8.646643
8.657319
8.668859
8.680071
8.690961
8.702065
8.713597
8.725101
8.736204
8.74691
8.757917
8.769173
8.780379
8.791342
8.802428
8.813892
8.825034
8.836293
8.847795
8.858867
8.87026
8.881936
8.893502
8.904941
8.916381
8.92767
8.939331
8.950721
8.96201
8.973406
8.984886
8.996642
9.007706
9.018781
9.030479
9.041899
9.053395
9.064898
9.075555
9.086703
9.098035
9.112987
9.123537
9.134501
9.144135
9.154373
9.164661
9.175045
9.185042
9.195315
9.206544
9.217317
9.228706
9.24001
9.251016
9.26202
9.273622
9.284471
9.295715
9.306836
9.318143
9.329204
9.340598
9.351408
9.362973
9.374073
9.385038
9.396193
9.40747
9.419205
9.430031
9.442388
9.452389
9.463313
9.474534
9.485682
9.49717
9.508307
9.519676
9.531217
9.542376
9.553634
9.565171
9.57643
9.587891
9.599198
9.610605
9.621861
9.633412
9.644368
9.65603
9.668
9.678797
9.689874
9.701208
9.712875
9.723586
9.734613
9.745751
9.75703
9.768297
9.779433
9.790433
9.801619
9.813053
9.824222
9.835378
9.846625
9.857729
9.868718
9.880101
9.89144
9.902054
9.918164
9.92868
9.938918
9.94964
9.959993
9.97008
9.980692
9.990975
10.00164
10.01149
10.02196
10.03275
10.04266
10.05441
10.0652
10.07611
10.0876
10.09879
10.10963
TARGET DESTROYED 
10.12082
10.13529
10.14572
10.16335
10.17427
10.18439
10.19485
10.2052
10.21554
10.22561
10.23609
10.246
10.25644
10.26653
10.27691
10.28825
10.29966
10.31038
10.32202
10.33318
10.34403
10.35519
10.36633
10.37743
10.38888
10.39984
10.41156
10.42204
10.43359
10.44485
10.45605
10.4672
10.47795
10.48911
10.50035
10.5115
10.52276
10.53393
10.54499
10.55635
10.56746
10.57948
10.58978
10.60106
10.61278
10.62406
10.63562
10.64729
10.65878
10.6698
10.68143
10.69268
10.70784
10.71804
10.72755
10.73832
10.74945
10.76069
10.77199
10.78303
10.79442
10.80522
10.81646
10.8277
10.83873
10.85018
10.86097
10.87234
10.8835
10.89544
10.90579
10.91701
10.92835
10.93954
10.95046
10.96225
10.97301
10.98423
10.99545
11.00666
11.01745
11.02905
11.03995
11.05104
11.06251
11.07341
11.08535
11.09606
11.10751
11.11871
11.13035
11.1413
11.15251
11.16468
11.17547
11.1865
11.1981
11.20899
11.2201
11.23158
11.24272
11.25383
11.26522
11.27607
11.28746
11.29879
11.30951
11.3209
11.3321
11.3432
11.3543
11.3654
11.3764
11.38775
11.39922
11.4102
11.42119
11.43283
11.44401
11.45532
11.46627
11.47695
11.48821
11.49968
11.51467
11.52523
11.53571
11.54601
11.55639
11.56664
11.57716
11.5873
11.597
11.60804
11.61909
11.63094
11.64158
11.65255
11.66398
11.67496
11.68649
11.69733
11.70873
11.7196
11.73117
11.74191
11.75315
11.76465
11.77559
11.78645
11.79782
11.8089
11.82006
11.83151
11.84237
11.85372
11.86527
11.87591
11.88724
11.89887
11.90977
11.92129
11.93268
11.94409
11.95536
11.9668
11.97834
11.98968
12.00066
12.01233
12.02389
12.03472
12.04596
12.05752
12.06857
12.08072
12.09151
TARGET DESTROYED 
12.10254
12.11817
12.12831
12.13815
12.14867
12.15846
12.16835
12.1785
12.1951
12.20689
12.21695
12.22713
12.2376
12.2479
12.25761
12.26745
12.27754
12.28762
12.29918
12.31394
12.3251
12.33559
12.34543
12.3551
12.36604
12.37712
12.38832
12.39955
12.41058
12.42187
12.4334
12.44457
12.45525
12.46658
12.47769
12.48977
12.50009
12.5112
12.52228
12.53369
12.54467
12.55599
12.56711
12.57842
12.58982
12.60139
12.61354
12.62405
12.6354
12.64765
12.65814
12.66952
12.68142
12.69239
12.70394
12.71542
12.72658
12.7381
12.74954
12.76091
12.77226
12.78329
12.79468
12.80657
12.81728
12.82873
12.83999
12.85142
12.86216
12.8737
12.88471
12.89554
12.90691
12.91808
12.92905
12.94046
12.9515
12.96276
12.97391
12.98513
12.99627
13.00748
13.01846
13.02999
13.04085
13.05209
13.06358
13.0745
13.0856
13.09727
13.10802
13.11917
13.13077
13.14155
13.15242
13.16419
13.17498
13.18938
13.19952
13.20987
13.22007
13.2301
13.24104
13.25138
13.26295
13.27435
13.28512
13.29647
13.30758
13.31841
13.33021
13.34093
13.35215
13.3635
13.37448
13.38544
13.39699
13.40789
13.41918
13.43103
13.44145
13.45269
13.46378
13.47488
13.48625
13.49758
13.50842
13.51967
13.53128
13.54184
13.55326
13.56492
13.576
13.58735
13.59873
13.60972
13.62237
13.63431
13.64446
13.65489
13.66664
13.67754
13.68865
13.70014
13.7112
13.72223
13.73398
13.74471
13.75623
13.76703
13.77797
13.78919
13.8008
13.81142
13.82299
13.83404
13.84508
13.85682
13.8676
13.87855
13.88996
13.90121
13.91203
13.92352
13.93458
13.94557
13.95686
13.96809
13.98061
13.99134
14.00163
14.01269
14.02431
14.03649
14.05219
14.06205
14.07211
14.08235
14.0921
14.10214
14.11175
14.12225
14.13248
14.14236
14.15343
14.16429
14.17516
14.18708
14.19763
14.20923
14.21981
14.23118
14.2422
14.25463
14.26493
14.2758
14.28701
14.29821
14.30924
14.32057
14.33173
14.3428
14.35399
14.36606
14.3763
14.38742
14.39898
14.40984
14.42093
14.43231
14.44369
14.45486
14.46604
14.47757
14.48871
14.50036
14.51178
14.52341
14.53468
14.54611
14.55743
14.56879
14.58053
14.59163
14.603
14.61521
14.62583
14.6374
14.64886
14.66006
14.67141
14.68332
14.69409
14.70517
14.71635
14.72749
14.73878
14.74993
14.76095
14.77318
14.78325
14.79474
14.80573
14.81688
14.82806
14.83955
14.85028
14.8616
14.87277
14.88398
14.89504
14.91021
14.92023
14.93009
14.93997
14.95347
14.96389
14.97398
14.98478
14.99465
15.00466
15.01544
15.02645
15.03812
15.04871
15.05968
15.07087
15.08222
15.09314
15.10471
15.11562
15.12667
15.13787
15.14954
15.16023
15.17143
15.18262
15.19379
15.20515
15.21613
15.22728
15.23842
15.24985
15.26087
15.27191
15.28313
15.29439
15.30575
15.31678
15.32819
15.3396
15.35076
15.36228
15.37376
15.38507
15.39787
15.40778
15.41888
15.43053
15.44144
15.45282
15.46508
15.47562
15.48724
15.4985
15.50931
15.5206
15.53214
15.54294
15.55411
15.56549
15.5764
15.58745
15.59903
15.60993
15.62131
15.63244
TARGET DESTROYED 
15.64352
15.67065
15.68253
15.69462
15.70669
15.71884
15.73589
15.74824
15.76081
15.77338
15.79409
15.8077
15.8193
15.83079
15.84246
15.85423
15.86691
15.87914
15.89149
15.90355
15.91611
15.92747
15.93894
15.95116
15.96332
15.97466
15.98617
15.99714
16.00851
16.01969
16.03045
16.04072
16.05164
16.06312
16.07429
16.08555
16.0965
16.10769
16.11881
16.13044
16.14128
16.15228
16.16401
16.17472
16.18587
16.19738
16.20821
16.21935
16.23083
16.2419
16.25276
16.26415
16.27504
16.28623
16.29775
16.30924
16.32155
16.3334
16.34491
16.35669
16.36871
16.38036
16.39228
16.40454
16.41684
16.42879
16.44099
16.45267
16.46549
16.47715
16.48877
16.50146
16.51369
16.52567
16.53721
16.5492
16.56085
16.57269
16.5855
16.59744
16.61413
16.6262
16.63827
16.65106
16.66364
16.6754
16.68694
16.69881
16.71124
16.72262
16.73454
16.74583
16.75819
16.76972
16.78162
16.7937
16.80561
16.81762
16.82914
16.84195
16.85427
16.86724
16.88047
16.89245
16.90527
16.9183
16.93234
16.94364
16.95498
16.96666
16.97887
16.99075
17.00213
17.01328
17.02591
17.03724
17.04866
17.05954
17.07064
17.082
17.09344
17.10455
17.11689
17.12922
17.14113
17.15225
17.16386
17.17539
17.18671
17.19824
17.20928
17.22062
17.23225
17.24349
17.25503
17.26644
17.27796
17.28922
17.30062
17.31176
17.32364
17.33632
17.34846
17.35935
17.37033
17.38234
17.39377
17.40511
17.41663
17.42755
17.4397
17.45146
17.46292
17.4746
17.48631
17.49856
17.511
17.52288
17.53984
17.5515
17.56243
17.57387
17.58567
17.59706
17.60879
17.62114
17.63315
17.64442
17.65653
17.66797
17.68009
17.69178
17.70316
17.71463
17.72658
17.73882
17.75015
17.76137
17.77355
17.78518
17.79655
17.80786
17.81919
17.83067
17.84219
17.85364
17.86523
17.87715
17.88855
17.90012
17.91109
17.92243
17.93391
17.94515
17.95673
17.96907
17.98035
17.99176
18.00331
18.01518
18.027
18.03879
18.05112
18.06236
18.07384
18.08543
18.09604
18.10707
18.11814
18.12952
18.14059
18.15189
18.1629
18.17458
18.18576
18.19684
18.20768
18.21891
18.23038
18.24161
18.25257
18.2635
18.27481
18.28601
18.29701
18.30806
18.31974
18.33128
18.34281
18.35312
18.36449
18.37652
18.3878
18.39972
18.41685
18.42851
18.4408
18.45229
18.46498
18.47679
18.48859
18.50053
18.51285
18.52587
18.53794
18.54998
18.56164
18.57405
18.58759
18.59993
18.61176
18.62502
18.63728
18.64954
18.66194
18.67453
18.68699
18.69923
18.71094
18.72283
18.73543
18.74717
18.75994
18.77275
18.78519
18.80066
18.81515
18.82985
18.84474
18.85957
18.87435
18.88894
18.90447
18.92013
18.93532
18.95093
18.96634
18.98167
18.99745
19.01324
19.032
19.04769
19.06295
19.0784
19.09417
19.11241
