0.02
0.04
0.14
0.1757646
0.1906103
0.2024697
0.2131579
0.2249936
0.2390639
0.2495471
0.2597207
0.2709087
0.2861147
0.2964095
0.3092875
0.3204392
0.3312361
0.3417228
0.352101
0.3627096
0.3734898
0.3844808
0.3943782
0.4048954
0.4163111
0.4273027
0.4386893
0.4500101
0.4608971
0.4729047
0.4836404
0.4943551
0.50582
0.5168206
0.5279406
0.5389848
0.5502896
0.5613508
0.5724791
0.5846003
0.5950071
0.6066689
0.6177889
0.6285056
0.6394953
0.6510243
0.6617664
0.6730775
0.6843544
0.6994092
0.7109546
0.7215529
0.7321782
0.7434136
0.753951
0.7643569
0.7748747
0.7857351
0.7961558
0.8072292
0.8183212
0.8295448
0.8405294
0.8518001
0.8628761
0.874032
0.8851578
0.8989971
0.9097998
0.9213759
0.932425
0.9438629
0.9549042
0.966055
0.9768175
0.9880546
0.9995803
1.011139
1.022162
1.03323
1.04404
1.055119
1.066545
1.078172
1.089234
1.100607
1.116234
1.127019
1.138097
1.149087
1.160232
1.170818
1.181494
1.193068
1.203743
1.214532
1.225636
1.236676
1.247228
1.258245
1.268639
1.279209
1.289802
1.301462
1.312202
1.323714
1.335686
1.345997
1.356955
1.368441
1.379206
1.390634
1.401726
1.41303
1.424056
1.435372
1.446474
1.457409
1.468674
1.48001
1.491866
1.502593
1.513211
1.525091
1.540996
1.552058
1.562592
1.573442
1.584553
1.595229
1.606086
1.617322
1.627892
1.639298
1.65182
1.66225
1.673203
1.684527
1.695811
1.70665
1.717651
1.728564
1.739213
1.75005
1.760902
1.771834
1.782718
1.793378
1.804097
1.814888
1.825738
1.836627
1.847598
1.858629
1.870221
1.880896
1.89214
1.90343
1.914514
1.925706
1.936783
1.952838
1.963693
1.974591
1.985562
1.996216
2.007576
2.018613
2.029119
2.03975
2.050706
2.061665
2.072938
2.083836
2.094185
2.105113
2.116814
2.12721
2.138544
2.150705
2.161235
2.172457
2.184057
2.195267
2.206304
2.217551
2.227872
2.238985
2.250375
2.261358
2.272464
2.283946
2.294805
2.305962
2.318269
2.328668
2.339867
2.351343
2.36262
2.378535
2.389745
2.400888
2.411894
2.424165
2.435216
2.445732
2.456847
2.468386
2.478936
2.490461
2.501857
2.512659
2.523513
2.534985
2.545715
2.556893
2.568023
2.578795
2.589875
2.601034
2.612419
2.623831
2.635309
2.646741
2.657955
2.669251
2.680068
2.691344
2.702358
2.712894
2.723508
2.735021
2.745804
2.756778
2.767512
2.778694
2.794894
2.806669
2.817868
2.829034
2.841007
2.852321
2.862975
2.874225
2.885006
2.895867
2.906928
2.918242
2.929471
2.947455
2.95899
2.970193
2.980722
2.991498
3.002748
3.013337
3.024575
3.035504
3.046098
3.057198
3.068353
3.079216
3.090168
3.101234
3.11217
3.123389
3.134202
3.144964
3.156256
3.168392
3.179143
3.190027
3.201236
3.217112
3.228257
3.239087
3.250484
3.261694
3.272909
3.283527
3.294572
3.306168
3.317686
3.328888
3.340092
3.351448
3.362489
3.373893
3.384958
3.395638
3.407463
3.418921
3.429881
3.441164
3.452379
3.463516
3.47455
3.486253
3.497003
3.509022
3.521522
3.532778
3.54353
3.554926
3.566498
3.577413
3.588624
3.599983
3.610857
3.622531
3.63577
3.651843
3.662826
3.674581
3.686695
3.698108
3.709896
3.721756
3.733889
3.745294
3.756594
3.767974
3.779172
3.790828
3.802514
3.813811
3.825003
3.837786
3.848767
3.860117
3.872009
3.883546
3.894555
3.906047
3.917599
3.929517
3.940784
3.952162
3.963188
3.974491
3.986123
3.997165
4.008912
4.021036
4.033153
4.04499
4.057421
4.068838
4.085878
4.096986
4.108012
4.120018
4.13133
4.142785
4.154297
4.166148
4.1774
4.188962
4.200785
4.211936
4.223126
4.235008
4.247425
4.259442
4.270933
4.282565
4.29379
4.305554
4.316689
4.328293
4.340044
4.351422
4.362419
4.374696
4.385886
4.397325
4.408689
4.420075
4.431484
4.443871
4.455481
4.467424
4.478578
4.490185
4.501651
4.518427
4.529511
4.541037
4.55242
4.563679
4.574939
4.586435
4.597683
4.609025
4.620617
4.63183
4.643764
4.655142
4.667367
4.678808
4.690696
4.702191
4.713756
4.725173
4.736934
4.748307
4.759818
4.771374
4.783867
4.795
4.806402
4.817961
4.829108
4.840476
4.852448
4.863823
4.875969
4.888037
4.899861
4.910879
4.922208
4.934301
4.950591
4.962821
4.974639
4.9863
4.998018
5.009914
5.021481
5.033012
5.044402
5.055925
5.067343
5.079358
5.090641
5.102188
5.113729
5.125414
5.137207
5.149115
5.160511
TARGET DESTROYED 
5.177194
5.188961
5.200639
5.212138
5.223628
5.235413
5.246727
5.25869
5.271626
5.284488
5.295868
5.30768
5.320173
5.332448
5.343775
5.355225
5.366961
5.378673
5.395735
5.407557
5.419618
5.431553
5.44352
5.4553
5.466587
5.478293
5.49053
5.502133
5.513741
5.526257
5.538426
5.550923
5.562288
5.574112
5.586136
5.597766
5.610347
5.622517
5.634426
5.645562
5.657957
5.669807
5.681786
5.693851
5.705646
5.717354
5.729184
5.740817
5.752409
5.763956
5.776283
5.788165
5.800238
5.811523
5.823436
5.840216
5.852122
5.863357
5.875197
5.887658
5.89994
5.911642
5.923466
5.93576
5.947381
5.959543
5.971401
5.983518
5.995006
6.006874
6.01877
6.030427
6.042481
6.054424
6.066464
6.078561
6.090651
6.102538
6.114532
6.126864
6.139082
6.150822
6.16247
6.174312
6.186797
6.200152
6.21296
6.224628
6.23651
6.248326
6.259959
6.272125
6.288878
6.300863
6.31273
6.325227
6.337099
6.348829
6.360743
6.372204
6.384231
6.395494
6.407673
6.41925
6.430854
6.443551
6.455333
6.467419
6.47956
6.493536
6.504957
6.517137
6.529396
6.541456
6.553816
6.565415
6.577389
6.589207
6.601325
6.61276
6.624712
6.636782
6.649423
6.660882
6.673159
6.685139
6.696598
6.708272
6.720448
6.732419
6.748989
6.760595
6.772451
6.784367
6.796038
6.807819
6.82004
6.83195
6.843998
6.855824
6.868158
6.880459
6.892126
6.904441
6.916418
6.928413
6.939997
6.951694
6.963997
6.976326
6.988875
7.000888
7.012953
7.025417
7.037387
7.049758
7.061532
7.073526
7.08536
7.09687
7.108713
7.121124
7.133686
7.145842
7.157962
7.170519
7.182348
7.199012
7.211627
7.223423
7.235694
7.2475
7.259442
7.271525
7.283378
7.295076
7.307422
7.319661
7.331981
7.344167
7.355936
7.367809
7.379992
7.392227
7.403977
7.416089
7.428438
7.440088
7.451682
7.464035
7.476097
7.488226
7.50021
7.511792
7.52342
7.536478
7.548723
7.560743
7.572642
7.584679
7.596277
7.608673
TARGET DESTROYED 
7.625695
7.63936
7.657037
7.66925
7.680829
7.692609
7.704741
7.716401
7.728093
7.739972
7.752815
7.764599
7.777002
7.789472
7.80097
7.811836
7.823873
7.835838
7.847644
7.859921
7.872317
7.884674
7.896682
7.909026
7.921593
7.933909
7.945648
7.958241
7.970372
7.982922
7.995089
8.008216
8.02083
8.032885
8.045409
8.058027
8.070766
8.083163
8.095398
8.112197
8.124019
8.136653
8.148529
8.16072
8.172902
8.185157
8.197259
8.209694
8.222385
8.234831
8.24774
8.259795
8.271973
8.284595
8.296282
8.308461
8.321453
8.334092
8.346169
8.35813
8.370659
8.383032
8.395308
8.408757
8.42119
8.434004
8.446702
8.459073
8.471256
8.483477
8.495418
8.507854
8.51993
8.532225
8.54543
8.55762
8.574726
8.587257
8.599498
8.6118
8.624904
8.637595
8.649799
8.66274
8.674855
8.687338
8.699599
8.711919
8.724158
8.737054
8.749073
8.761243
8.773445
8.786781
8.799953
8.811879
8.824596
8.837254
8.849681
8.862161
8.874682
8.888176
8.9006
8.912678
8.925029
8.937839
8.950141
8.962372
8.974782
8.987292
9.000319
9.013283
9.026468
9.039478
9.057394
9.069592
9.081728
9.094243
9.106393
9.119196
9.131064
9.143406
9.15586
9.169195
9.181132
9.193856
9.206391
9.219545
9.231789
9.244087
9.256366
9.269039
9.280859
9.293093
9.305532
9.317814
9.329896
9.341832
9.355249
9.367715
9.379841
9.39244
9.404749
9.418303
9.430327
9.442697
9.455393
9.467663
9.479672
9.491961
9.504207
9.521158
9.533618
9.546409
9.560261
9.573232
9.585614
9.597806
9.61064
9.623349
9.6362
9.648896
9.66196
9.674538
9.687056
9.699412
9.7122
9.724526
9.737604
9.74989
9.762368
9.774696
9.787102
TARGET DESTROYED 
9.805337
9.818586
9.83146
9.845045
9.859141
9.871536
9.88388
9.896313
9.908566
9.920946
9.933419
9.94742
9.959995
9.973129
9.986346
10.00396
10.01705
10.02947
10.04249
10.05709
10.06962
10.08249
10.09474
10.10731
10.11996
10.13376
10.14629
10.1588
10.17175
10.18444
10.19713
10.21064
10.224
10.23672
10.24993
10.26221
10.27449
10.28715
10.30016
10.31293
10.32559
10.3386
10.35136
10.36355
10.37618
10.38921
10.40195
10.41395
10.42632
10.43969
10.45277
10.46525
10.48253
10.49539
10.50812
10.52068
10.53361
10.54586
10.5592
10.57167
10.58408
10.59636
10.60898
10.62172
10.63466
10.6472
10.65971
10.67201
10.68482
10.697
10.70967
10.7223
10.73497
10.74723
10.75965
10.77192
10.7844
10.79669
10.80922
10.82204
10.83443
10.84653
10.85866
10.87149
10.88416
10.89653
10.90905
10.92237
10.93493
10.9519
10.96473
10.97717
10.98946
11.00228
11.01443
11.02667
11.03914
11.05184
11.06422
11.07759
11.09041
11.10335
11.11584
11.12832
11.14115
11.15397
11.16699
11.17952
11.19191
11.20519
11.21878
11.23151
11.24417
11.25738
11.26992
11.28246
11.2952
11.30777
11.32059
11.33351
11.34589
11.35846
11.3713
11.38438
11.3968
11.41055
11.42319
11.44189
11.45426
11.46656
11.4788
11.49142
11.5043
11.51717
11.52943
11.5418
11.55441
11.56858
11.58061
11.59338
11.60571
11.619
11.63077
11.6427
11.65517
11.66775
11.67996
11.69292
11.70551
11.71836
11.73114
11.74364
11.7567
11.76964
11.7821
11.79523
11.8079
11.82094
11.83336
11.84619
11.8591
11.87159
11.88427
11.89741
11.91508
11.92776
11.94
11.95251
11.96509
11.97769
11.98987
12.00279
12.01523
12.02801
12.04013
12.05257
12.06456
12.07686
12.08917
12.10175
12.11324
12.12497
12.13736
12.14975
12.1621
12.1747
12.1873
12.20019
12.21219
12.225
12.23744
12.25038
12.26903
12.28131
12.29432
12.30706
TARGET DESTROYED 
12.33573
12.3567
12.37026
12.38728
12.40019
12.41265
12.42664
12.43896
12.45138
12.46346
12.47623
12.49
12.50271
12.51563
12.52799
12.54065
12.55345
12.56695
12.58053
12.5927
12.60532
12.61849
12.63102
12.64373
12.65638
12.66964
12.68238
12.69485
12.70724
12.72048
12.73333
12.74607
12.75846
12.77123
12.78366
12.7967
12.82268
12.83539
12.84791
12.86074
12.878
12.89091
12.90389
12.91617
12.92885
12.94132
12.95422
12.96736
12.97981
12.99224
13.00463
13.01707
13.02953
13.04785
13.06132
13.0743
13.08698
13.09939
13.11194
13.12448
13.13811
13.15051
13.16296
13.17577
13.1883
13.20292
13.21651
13.22927
13.24211
13.25521
13.26869
13.28137
13.2941
13.30755
13.32106
13.33484
13.34881
13.36172
13.37917
13.39213
13.40599
13.41909
13.43212
13.44523
13.45845
13.47179
13.4852
13.49802
13.5113
13.52254
13.5336
13.5448
13.55669
13.56798
13.5796
13.59113
13.60264
13.61353
13.6257
13.63777
13.64902
13.66034
13.67173
13.68267
13.69395
13.70547
13.71681
13.72845
13.74059
13.75183
13.76412
13.77599
13.78766
13.79852
13.81103
13.82275
13.83912
13.85035
13.86133
13.8728
13.88388
13.89506
13.90624
13.91777
13.9294
13.94058
13.95225
13.96437
13.97644
13.98774
13.99874
14.01058
14.02247
14.03328
14.04434
14.0558
14.06693
14.07756
14.08977
14.10168
14.11347
14.12557
14.13816
14.15014
14.16228
14.17482
14.18725
14.19954
14.21137
14.22309
14.23596
14.24784
14.26035
14.27224
14.28924
14.30194
14.31411
14.32672
14.33909
14.35141
14.36357
14.37609
14.38865
14.40136
14.41363
14.42548
14.43782
14.4497
14.46179
14.47354
14.48608
14.49822
14.51141
14.52382
14.5357
14.54825
14.56009
14.57202
14.58458
14.59723
14.61003
14.62213
14.63545
14.64729
14.65908
14.67123
14.68351
14.69574
14.70774
14.71992
14.73184
14.7447
14.76161
14.7733
14.78569
14.7981
14.8108
14.8229
14.83477
14.84644
14.85883
14.8709
14.88229
14.89393
14.90592
14.91814
14.92946
14.94218
14.95413
14.96581
14.97724
14.98979
15.00172
15.01359
15.02533
15.0376
15.0493
15.06081
15.07227
15.08465
15.09538
15.10632
15.11791
15.12875
15.14034
15.15203
15.16322
15.17441
15.1865
15.19839
15.21446
15.22598
15.23776
15.24994
15.26103
15.27248
15.28433
15.29601
15.30733
15.31855
15.33075
15.34205
15.35344
15.36557
15.37686
15.38898
TARGET DESTROYED 
15.40701
15.41889
15.43134
15.44275
15.45478
15.46773
15.47999
15.49218
15.5042
15.5156
15.52713
15.53863
15.55023
15.56169
15.57417
15.58599
15.5977
15.60982
15.62149
15.63295
15.64415
15.66679
15.67813
15.68935
15.70077
15.71191
15.7235
15.73504
15.74634
15.75809
15.76999
15.78178
15.79348
15.80538
15.81715
15.82877
15.84072
15.85299
15.86455
15.87668
15.88821
15.90006
15.91112
15.92321
15.93473
15.9467
15.95837
15.97006
15.9813
15.99347
16.00513
16.01676
16.02903
16.04187
16.05512
16.0683
16.08072
16.09324
16.10592
16.12286
16.13594
16.14858
16.16099
16.1735
16.18636
16.19874
16.21175
16.22482
16.23822
16.25126
16.26365
16.27616
16.28893
16.30253
16.31492
16.32817
16.34637
16.35934
16.37192
16.38471
16.39741
16.4104
16.42397
16.4364
16.44953
16.46197
16.47493
16.48783
16.50043
16.51279
16.52532
16.53793
16.55683
16.56941
16.58176
16.5945
16.61222
16.62493
16.63692
16.64946
16.66101
16.67294
16.68506
16.6968
16.7086
16.72071
16.73304
16.74604
16.75873
16.77131
16.78379
16.79626
16.80972
16.82235
16.83527
16.84753
16.86062
16.87294
16.88582
16.89858
16.91143
16.92406
16.93692
16.9494
16.96175
16.97377
16.98628
16.99904
17.01214
17.02534
17.03818
17.04942
17.06134
17.07284
17.08444
17.10043
17.11193
17.12332
17.13497
17.14634
17.15778
17.17024
17.18239
17.19417
17.20566
17.21766
17.22879
17.24037
17.25242
17.26399
17.27571
17.28722
17.29897
17.3101
17.32227
17.33396
17.34494
17.35678
17.36837
17.37971
17.39123
17.4027
17.41497
17.42688
17.43902
17.45054
17.46191
17.47404
17.48536
17.49643
17.50806
17.51983
17.53723
17.54881
17.55989
17.57139
17.58255
17.59389
17.60544
17.61818
17.62922
17.64081
17.65294
17.66389
17.67641
17.68825
17.6996
17.71087
17.72198
17.73349
17.74463
17.75625
17.76766
17.77881
17.79038
17.8018
17.81278
17.82529
17.83705
17.84827
17.85985
17.87155
17.8841
17.89528
17.90692
17.91952
17.93056
17.94217
17.95334
17.96465
17.97606
17.99292
18.00447
18.01606
18.02798
18.03948
18.05079
18.06231
18.07392
18.08602
18.09823
18.10955
18.12062
18.13179
18.14314
18.15457
18.16565
18.17706
18.18831
18.19959
18.2108
18.22217
18.23337
18.24543
18.25799
18.26962
18.28083
18.29264
18.30427
18.31586
18.32785
18.33964
18.35223
18.36351
18.37489
18.38677
18.39861
18.411
18.42802
18.43974
18.45153
18.46289
18.47451
18.48674
18.49857
TARGET DESTROYED 
18.51501
18.52648
18.5379
18.54954
18.56077
18.57247
18.58622
18.59862
18.61034
18.62384
18.6367
18.64796
18.65961
18.67196
18.6841
18.69563
18.70765
18.71952
18.73148
18.74294
18.75478
18.76638
18.77823
18.79066
18.80261
18.81382
18.82504
18.83655
18.84778
18.85934
18.87111
18.88768
18.89923
18.9108
18.92276
18.93469
18.94709
18.95847
18.97017
18.98134
18.99292
19.0044
19.01585
19.02814
19.04011
19.0519
19.06321
19.07439
19.08624
19.09725
19.10835
19.12028
19.1319
19.1433
19.15513
19.16663
19.17832
19.18953
19.20116
19.2133
19.22487
19.23641
19.24894
19.25991
19.27135
19.28294
19.29366
19.30507
19.32111
19.3338
19.34488
19.35652
19.36862
19.3802
19.39151
19.40293
19.41444
19.42665
19.43886
19.45044
19.46184
19.47336
19.48511
19.4965
19.50819
19.51962
19.5312
19.54352
19.5552
19.56688
19.57808
19.58974
19.60142
19.61293
19.62487
19.63736
19.65014
19.66261
19.67406
19.6859
19.69725
19.70861
19.72018
19.73218
19.74405
19.75529
19.76723
19.78373
19.79632
19.80771
19.81919
19.83047
19.84263
19.85448
19.86648
19.87809
19.88947
19.90132
19.91271
19.92389
19.93545
19.94764
19.95898
19.97055
19.98188
19.99341
20.00532
20.01737
20.02849
20.0398
20.05127
20.06214
20.07356
20.08541
20.09749
20.10878
20.1201
20.1315
20.14243
20.15391
20.16498
20.17622
20.18738
20.19906
20.21041
20.22649
20.23871
20.25016
20.26138
20.27255
20.28492
20.29686
20.30815
20.32072
20.3326
20.3441
20.35571
20.36691
20.37795
20.38942
20.40141
20.41296
20.42475
20.43704
20.44854
20.4613
20.47271
20.48412
20.4955
20.50809
20.51952
20.53086
20.54239
20.55403
20.56615
20.57785
20.5897
20.6014
20.6124
20.62388
20.63571
20.64702
20.65845
20.67473
20.68634
20.69747
20.7088
20.72039
20.7319
20.74331
20.75468
20.76645
20.77883
20.79009
20.8017
20.81278
20.82418
20.83554
20.84658
20.85822
20.87033
20.88106
20.89251
20.9048
20.91587
20.92711
20.93848
20.95004
20.96136
20.97288
20.98437
20.99541
21.00686
21.01815
21.0292
21.04086
21.05263
21.06384
21.0753
21.08672
21.09789
21.1137
21.12539
21.13663
21.14811
21.15944
21.17093
21.18259
21.19377
21.20499
21.21636
21.2276
21.23917
21.25088
21.2625
21.27387
21.28555
21.29678
21.30823
21.32163
21.33359
21.345
21.35648
21.36793
21.37921
21.39083
21.40293
21.41419
21.42745
21.4391
21.45074
21.46217
21.47372
21.48533
21.49648
21.50789
21.51964
21.53129
21.5432
21.55924
21.57099
21.58313
21.59475
21.60583
21.61708
21.62794
21.63971
21.65244
21.6636
21.67603
21.68795
21.69944
21.71062
21.72209
21.73415
21.74557
21.75751
21.76935
21.78046
21.7919
21.80443
21.8153
21.82685
21.83857
21.85169
TARGET DESTROYED 
21.86784
21.87908
21.89067
21.90229
21.91331
21.92489
21.93659
21.94842
21.9598
21.97153
21.98292
22.00005
22.01309
22.02446
22.03612
22.04756
22.05931
22.07081
22.08208
22.09373
22.10538
22.11765
22.12886
22.14047
22.15272
22.16499
22.17637
22.18784
22.19957
22.21095
22.22297
22.23534
22.24722
22.25976
22.2717
22.28352
22.2958
22.3078
22.31956
22.33145
22.34295
22.3543
22.36566
22.37729
22.38862
22.40043
22.41164
22.42367
22.43609
22.45369
22.46585
22.47743
22.48935
22.5011
22.51289
22.52485
22.53672
22.54834
22.55986
22.57169
22.58342
22.59477
22.60665
22.61866
22.63045
22.64211
22.65419
22.66729
22.67877
22.69063
22.70266
22.71409
22.72655
22.73806
22.7496
22.7616
22.77337
22.78535
22.79681
22.80849
22.82034
22.83291
22.84531
22.8572
22.86901
22.88035
22.89685
22.90835
22.92016
22.93167
22.94387
22.95608
22.96848
22.98009
22.99148
23.0033
23.01485
23.0268
23.0389
23.05056
23.06197
23.07391
23.08622
23.09723
23.10865
23.12054
23.13206
23.1435
23.15578
23.16739
23.17856
23.19074
23.20265
23.214
23.22578
23.23758
23.24987
23.26172
23.2733
23.28491
23.29638
23.30841
23.32021
23.332
23.34348
23.35982
23.37287
23.38667
23.39855
23.41152
23.42322
23.43564
23.44772
23.46003
23.47193
23.48347
23.49487
23.50629
23.51785
23.52928
23.54085
23.55257
23.56435
23.57639
23.58817
23.59977
23.61132
23.62347
23.63612
23.6475
23.65962
23.67339
23.68549
23.69761
23.7098
23.72209
23.7431
23.75578
23.7676
23.7794
23.79145
23.80403
23.82052
23.8319
23.84351
23.85584
23.86809
23.88004
23.8922
23.9043
23.91574
23.92758
23.93929
23.95176
23.96309
23.97474
23.98649
23.99809
24.01116
24.02286
24.0352
24.04704
24.0587
24.07051
24.08232
24.09367
24.10527
24.1169
24.12852
24.14
24.15237
24.16417
24.17585
24.18763
24.19908
24.21078
24.22224
24.23374
24.24533
24.25684
24.27363
24.2905
24.30317
24.31513
24.327
24.33886
24.3506
24.36203
24.37382
24.38577
24.40138
