0.02
0.04
0.14
0.1818868
0.1989133
0.2097901
0.2195807
0.2287761
0.2385757
0.2483079
0.2587727
0.2696739
0.2814912
0.2923748
0.3051475
0.3154664
0.3254417
0.3372052
0.3479771
0.3592026
0.3706036
0.381711
0.3928111
0.4039868
0.4151966
0.426306
0.4374699
0.4488597
0.4597233
0.4742303
0.4842743
0.4947045
0.5044212
0.5161039
0.5268902
0.5378892
0.5491002
0.5602314
0.571232
0.5825672
0.5943182
0.605023
0.6159524
0.6271827
0.6384923
0.6496578
0.660778
0.672546
0.6835434
0.6949297
0.7054237
0.716884
0.7283626
0.7386597
0.7503844
0.7617273
0.7722268
0.7835941
0.7950933
0.8057128
0.8171773
0.828142
0.8418181
0.8528367
0.863188
0.8731601
0.8840116
0.8998377
0.9111016
0.9221911
0.9333445
0.9462414
0.9576116
0.9680411
0.9779167
0.9890607
1.000441
1.011501
1.022639
1.03372
1.044763
1.056164
1.067178
1.0789
1.089379
1.100827
1.112153
1.123833
1.134012
1.146258
1.156714
1.168
1.179065
1.190023
1.201369
1.212779
1.223488
1.235037
1.246514
1.257683
1.268525
1.279865
1.291019
1.302091
1.313638
1.324321
1.335609
1.347367
1.357962
1.369474
1.380733
1.391595
1.402992
1.414267
1.424905
1.437051
1.447567
1.459042
1.469533
1.481167
1.495467
1.50491
1.514397
1.524258
1.535454
1.547271
1.558155
1.569031
1.580645
1.591917
1.607037
1.627624
1.638441
1.6489
1.659511
1.670317
1.681175
1.692434
1.703129
1.713734
1.723603
1.734357
1.744916
1.755313
1.766678
1.777944
1.788944
1.799927
1.811237
1.822304
1.833374
1.844999
1.856356
1.868287
1.879017
1.889954
1.90043
1.912769
1.923117
1.933936
1.945138
1.956318
1.967337
1.978815
1.989831
2.001184
2.01279
2.02358
2.034358
2.04628
2.056973
2.067907
2.079328
2.090247
2.101297
2.113199
2.123845
2.135005
2.146638
2.157921
2.169858
2.181404
2.192876
2.204499
2.215914
2.227809
2.239291
2.256001
2.26755
2.278447
2.288817
2.299539
2.309249
2.319625
2.329911
2.340318
2.350549
2.36047
2.371078
2.382094
2.391859
2.403203
2.414472
2.425365
2.437214
2.448369
2.458931
2.471026
2.482337
2.492825
2.503795
2.514879
2.52596
2.537192
2.548303
2.559299
2.576216
2.590108
2.600647
2.61057
2.620786
2.631053
2.641564
2.651811
2.663072
2.673052
2.683449
2.694288
2.705741
2.717033
2.728228
2.738952
2.749357
2.760657
2.771726
2.783527
2.79644
2.808325
2.820106
2.834527
2.845124
2.855632
2.866853
2.877108
2.88755
2.8991
2.909385
2.925254
2.936485
2.947386
2.958152
2.968773
2.978907
2.989707
3.000751
3.010829
3.021461
3.032318
3.042573
3.052773
3.064111
3.074893
3.085019
3.095887
3.107024
3.11783
3.129872
3.140708
3.151461
3.163069
3.17374
3.184929
3.196267
3.207542
3.21835
3.230008
3.240811
3.25225
3.264172
3.275139
3.285489
3.296848
3.30792
3.319247
3.330542
3.341223
3.353243
3.365041
3.375471
3.387002
3.398433
3.410246
3.42208
3.433008
3.444078
3.455782
3.467052
3.479033
3.490208
3.501546
3.513202
3.524664
3.535327
3.547084
3.558159
3.569723
3.581873
3.596327
3.611945
3.623525
3.634329
3.645102
3.656223
3.667072
3.677771
3.690715
3.702307
3.713192
3.724566
3.736185
3.747627
3.758407
3.769136
3.779885
3.791592
3.802973
3.813919
3.825874
3.836652
3.849177
3.860051
3.871375
3.882753
3.893572
3.904373
3.915523
3.926219
3.937292
3.948003
3.958932
3.969952
3.980726
3.991824
4.002679
4.013329
4.024174
4.035565
4.046717
4.057981
4.06986
4.081038
4.092469
4.103232
4.114552
4.126607
4.137332
4.148934
4.159781
4.171116
4.182024
4.193102
4.204377
4.21616
4.226686
4.238269
4.250012
4.260609
4.272463
4.289044
4.300717
4.313583
4.324465
4.335559
4.346853
4.358054
4.368912
4.380341
4.391384
4.402543
4.413934
4.424941
4.436158
4.451305
4.462762
4.47404
4.485761
4.497386
4.509384
4.520629
4.53204
4.543395
4.55478
4.566772
4.577599
4.58986
4.60136
4.612485
4.623641
4.634993
4.646889
4.659884
4.670555
4.682126
4.693451
4.704285
4.715556
4.726345
4.737906
4.749247
4.760364
4.771405
4.78329
4.794708
4.806541
4.818843
4.829898
4.841055
4.852338
4.864482
4.876491
4.888572
4.900713
4.911398
4.922894
4.935191
4.946327
4.957816
4.969991
4.98666
4.999141
5.010385
5.021888
5.034226
5.046215
5.057582
5.070766
5.082294
5.093102
5.104546
5.116331
5.128897
5.139935
5.1514
5.162688
5.174386
5.185572
5.197153
5.208642
5.219916
5.231579
5.243028
5.254526
5.266551
5.278093
5.289949
5.301557
5.313389
5.324857
5.336022
5.347413
5.358545
5.369661
5.380753
5.392363
5.402792
5.41442
5.425164
5.436312
5.447383
5.458246
5.468832
5.480283
5.492045
5.50243
5.512573
5.522761
5.533094
5.543075
5.552924
5.564257
5.575144
5.586731
5.601898
5.612761
5.623543
5.634238
5.645541
5.657054
5.673652
5.686351
5.698359
5.709579
5.720778
5.732773
5.744361
5.755692
5.768014
5.779475
5.790951
5.802429
5.814566
5.82621
5.837386
5.848741
5.860096
5.871655
5.883754
5.89519
5.906976
5.920197
5.931912
5.943894
5.955193
5.966186
5.977585
5.988691
6.000064
6.010969
6.022075
6.037659
6.049736
6.060977
6.072613
6.084372
6.096648
6.107992
6.119425
6.131349
6.143786
6.156566
6.168461
6.179942
6.19129
6.202846
6.214202
6.225611
6.237436
6.249392
6.260382
6.271643
6.283095
6.293372
6.304664
6.316137
6.326623
6.337605
6.349033
6.359846
6.376925
6.388213
6.399554
6.409977
6.421278
6.433211
6.443782
6.454873
6.466568
6.477431
6.488533
6.500597
6.511678
6.522662
6.534192
6.544667
6.555722
6.567843
6.579658
6.591915
6.602908
6.614369
6.625962
6.636925
6.647966
6.659609
6.670609
6.682473
6.693805
6.704327
6.715622
6.725944
6.737078
6.748438
6.759573
6.771173
6.78231
6.792984
6.80397
6.816432
6.828185
6.839718
6.851407
6.862979
6.874761
6.886552
6.898728
6.910372
6.923036
6.935064
6.947135
6.959395
6.972184
6.984471
6.99595
7.008127
7.019799
7.03153
7.043456
7.055
7.072164
7.08418
7.0956
7.107143
7.118737
7.131
7.142725
7.154894
7.167162
7.178985
7.190774
7.203341
7.214864
7.226672
7.238497
7.250776
7.262175
7.273558
7.285501
7.296844
7.308836
7.320343
7.333277
7.344988
7.356569
7.368519
7.380762
7.392686
7.404467
7.416347
7.42788
7.440051
7.452312
7.463791
7.476274
7.48877
7.500641
7.51258
7.524899
7.536574
7.548828
7.559898
7.570932
7.583386
7.594588
7.605935
7.617412
7.629153
7.640206
7.65612
7.668556
7.680096
7.692711
7.704296
7.716797
7.728679
7.74072
7.753022
7.76942
7.782526
7.79431
7.805912
7.818111
7.8303
7.842854
7.854954
7.866949
7.878565
7.891649
7.903581
7.915949
7.927281
7.9392
7.952532
7.964773
7.976804
7.988564
8.000742
8.012365
8.024152
8.035825
8.04816
8.060794
8.072708
8.085292
8.09647
8.108174
8.119371
8.130751
8.142229
8.153701
8.165571
8.178043
8.189017
8.200508
8.211468
8.222734
8.234197
8.245381
8.256827
8.267919
8.278803
8.289796
8.300874
8.312284
8.323379
8.335016
8.34619
8.357386
8.368681
8.379987
8.391104
8.401581
8.412979
8.423768
8.434994
8.446188
8.457458
8.473521
8.484875
8.495719
8.507003
8.518108
8.529263
8.540409
8.551048
8.56269
8.573581
8.586287
8.597517
8.608264
8.618694
8.630108
8.640623
8.651246
8.66207
8.673747
8.685381
8.696348
8.707456
8.717959
8.728966
8.739915
8.750755
8.761241
8.771791
8.783415
8.793688
8.80435
8.815365
8.82696
8.838369
8.849331
8.859893
8.871013
8.882507
8.893425
8.904471
8.916225
8.926848
8.937945
8.949299
8.960807
8.972462
8.983952
8.995045
9.006218
9.018291
9.029208
9.040709
9.051763
9.06334
9.07437
9.085904
9.097417
9.108541
9.119801
9.131283
9.147758
9.158145
9.168432
9.17844
9.189687
9.200171
9.210011
9.220539
9.235179
9.246194
9.257075
9.269954
9.282102
9.294142
9.306131
9.318342
9.330269
9.342495
9.354987
9.367814
9.380681
9.393473
9.405731
9.418699
9.431134
9.443544
9.456032
9.468832
9.480873
9.493401
9.505971
9.518435
9.53126
9.54369
9.555269
9.567262
9.579326
9.590705
9.601826
9.612844
9.623818
9.634505
9.649908
9.661263
9.673063
9.68439
9.695322
9.705907
9.71687
9.727833
9.738568
9.753583
9.765038
9.776023
9.787143
9.798975
9.810133
9.821309
9.838404
9.851731
9.863075
9.874883
9.887327
9.899261
9.910188
9.92179
9.93346
9.944283
9.955817
9.96786
9.979605
9.992107
10.0043
10.01719
10.02833
10.04031
10.05186
10.06443
10.07573
10.08818
10.10015
10.11311
10.12601
10.13805
10.14982
10.1609
10.17289
10.18469
10.19608
10.20754
10.21978
10.23166
10.24269
10.25396
10.26571
10.27818
10.28955
10.30147
10.31241
10.32359
10.33497
10.34648
10.35796
10.369
10.37988
10.39181
10.40289
10.41453
10.42643
10.43761
10.45043
10.46153
10.47306
10.48431
10.49545
10.50684
10.51795
10.53471
10.54676
10.55768
10.56879
10.58
10.59119
10.60231
10.61352
10.62502
10.63605
10.64729
10.65824
10.66903
10.68029
10.69156
10.70277
10.71382
10.72484
10.73576
10.74722
10.75846
10.76914
10.78081
10.79225
10.80298
10.81444
10.82524
10.83639
10.84796
10.85853
10.86994
10.88102
10.89256
10.90326
10.91491
10.92566
10.93688
10.94806
10.95936
10.9703
10.98191
10.99279
11.00386
11.01506
11.02636
11.03775
11.04934
11.08269
11.09465
11.10635
11.11654
11.12684
11.13794
11.14917
11.1635
11.17353
11.18361
11.19443
11.20506
11.21607
11.22719
11.2386
11.24977
11.26486
11.27548
11.2866
11.29742
11.31086
11.32206
11.33348
11.34459
11.35591
11.36703
11.37825
11.39003
11.40087
11.41148
11.42307
11.43432
11.44594
11.45726
11.46818
11.4793
11.49055
11.50157
11.51338
11.52454
11.53566
11.54764
11.5587
11.56949
11.58155
11.59246
11.60273
11.61358
11.62402
11.63469
11.64964
11.65973
11.67031
11.68228
11.69424
11.70612
11.7177
11.72996
11.74172
11.75822
11.77096
11.78416
11.79617
11.8088
11.82051
11.83307
11.8452
11.85941
11.87148
11.8841
11.8973
11.91011
11.9236
11.9359
11.94847
11.96001
11.97176
11.9835
11.99486
12.01202
12.02373
12.03499
12.04631
12.05826
12.0695
12.08086
12.09281
12.10409
12.11559
12.12662
12.13884
12.15048
12.16213
12.17324
12.18438
12.1959
12.20743
12.21896
12.23042
12.24147
12.25317
12.2652
12.27738
12.28905
12.30049
12.31236
12.32327
12.3348
12.34679
12.35764
12.3689
12.38053
12.39249
12.40403
12.41558
12.42693
12.43863
12.45012
12.46153
12.47372
12.48478
12.49624
12.50771
12.51902
12.53069
12.54367
12.55714
12.57046
12.5829
12.59324
12.60402
12.61503
12.62637
12.63812
12.64952
12.66168
12.67334
12.6846
12.70073
12.71302
12.72394
12.73562
12.7467
12.75751
12.76865
12.78038
12.79124
12.80246
12.81396
12.82487
12.83625
12.84754
12.85819
12.87107
12.88258
12.89292
12.90457
12.91601
12.92691
12.93835
12.94962
12.96032
12.97177
12.98324
12.99494
13.00628
13.01855
13.02979
13.04113
13.05246
13.06464
13.07621
13.08794
13.10015
13.11157
13.12298
13.13443
13.14591
13.15763
13.16917
13.18068
13.19341
13.20484
13.21682
13.22742
13.23873
13.25128
13.26212
13.27347
13.28502
13.29647
13.30752
13.31863
13.3298
13.34117
13.35253
13.36418
13.37509
13.39084
13.4032
13.41485
13.42596
13.43683
13.44837
13.45946
13.4709
13.48256
13.49475
13.50675
13.51803
13.52905
13.54018
13.55081
13.56221
13.57298
13.58416
13.59563
13.60638
13.61755
13.62916
13.64007
13.65488
13.66618
13.67682
13.68803
13.69866
13.70922
13.72053
13.73209
13.74884
13.76132
13.77357
13.78637
13.79937
13.81131
13.82411
13.83653
13.84903
13.8614
13.87514
13.88771
13.90066
13.91347
13.9258
13.93809
13.9506
13.96279
13.97514
13.98709
14.00079
14.01289
14.02597
14.03818
14.0511
14.06358
14.07592
14.08824
14.10607
14.11909
14.1315
14.14317
14.15529
14.16757
14.17989
14.19234
14.20449
14.21816
14.2314
14.24451
14.25814
14.27089
14.28428
14.29897
14.31292
14.32644
14.33989
14.3533
14.36669
14.38007
14.39458
14.40835
14.42144
14.43528
14.44931
14.46262
14.47569
14.48929
14.50281
14.51737
14.53087
14.54424
14.55701
14.58231
14.59619
14.60894
14.62159
14.6346
14.64704
14.66015
14.67276
14.68685
14.70007
14.71315
14.72609
14.74028
14.75351
14.76806
14.78038
14.79315
14.80628
14.81969
14.83276
14.85047
14.86347
14.8772
14.8937
14.90731
14.92086
14.93382
14.94695
14.96025
14.97423
14.98729
15.00124
15.01424
15.0271
15.04071
15.05379
15.06733
15.08057
15.09332
15.10625
15.1194
15.13296
15.14643
15.16006
15.17431
15.18703
15.20034
15.21319
15.22588
15.23833
15.25142
15.26466
15.27728
15.29006
15.3023
15.31501
15.32743
15.34015
15.35254
TARGET DESTROYED 
15.36563
15.38739
15.40072
15.41298
15.42542
15.43755
15.4507
15.47196
15.48674
15.50034
15.51273
15.52359
15.5342
15.55004
15.56593
15.58371
15.59516
15.60743
15.61893
15.63051
15.64242
15.65938
15.67214
15.6848
15.69751
15.70964
15.72273
15.73541
15.7483
15.76036
15.77265
15.78558
15.79882
15.81077
15.82374
15.83587
15.84848
15.86047
15.8733
15.88561
15.89868
15.91119
15.92333
15.93447
15.94582
15.95741
15.96928
15.98089
15.99306
16.00497
16.01731
16.02848
16.04012
16.05303
16.06481
16.07566
16.0867
16.09838
16.1096
16.12096
16.1322
16.14306
16.15469
16.16578
16.17694
16.18817
16.19979
16.21047
16.22171
16.23332
16.24726
16.25877
16.27574
16.28777
16.30018
16.31149
16.3233
16.33486
16.34629
16.35788
16.36926
16.38171
16.39297
16.40516
16.41706
16.42884
16.44065
16.45285
16.46482
16.47709
16.48935
16.50086
16.51236
16.52466
16.53608
16.54781
16.55915
16.57062
16.58299
16.59465
16.60727
16.61863
16.63033
16.64265
16.6542
16.66615
16.67857
16.69074
16.70168
16.71322
16.72449
16.73561
16.74706
16.75837
16.77268
16.78768
16.80247
16.81896
16.83424
16.84719
16.85873
16.87063
16.88281
16.8932
16.90548
16.91646
16.92671
16.93784
16.94847
16.95834
16.96994
16.98599
16.99728
17.00782
17.01903
17.0296
17.03993
17.05042
17.06036
17.07143
17.08219
17.09221
17.10374
17.11486
17.1252
17.13618
17.14772
17.1596
17.17106
17.18179
17.19243
17.20424
17.21485
17.22579
17.23657
17.24864
17.25902
17.27071
17.28259
17.29274
17.30385
17.31493
17.32598
17.33752
17.34907
17.36064
17.37274
17.38311
17.39471
17.40599
17.41731
17.42893
17.43989
17.45144
17.4633
17.47426
17.4855
17.49735
17.50858
17.51964
17.53125
17.54222
17.55368
17.56571
17.57646
17.58827
17.5991
17.61012
17.62146
17.6325
17.64712
17.66316
17.67398
17.68468
17.69488
17.7057
17.71743
17.72813
17.73915
17.75042
17.76167
17.77349
17.78403
TARGET DESTROYED 
17.79575
17.81033
17.82161
17.83278
17.84286
17.85371
17.86497
17.87514
17.88546
17.89622
17.90734
17.91867
17.93
17.94764
17.95967
17.96985
17.98112
17.99131
18.00187
18.0129
18.02327
18.03405
18.04406
18.05485
18.06525
18.0752
18.08604
18.09723
18.10838
18.11912
18.13046
18.14132
18.15261
18.16391
18.17542
18.18608
18.19741
18.20828
18.21958
18.23108
18.24263
18.25336
18.26448
18.27558
18.28699
18.29809
18.309
18.32446
18.33467
18.34476
18.35488
18.36504
18.37649
18.38764
18.39948
18.41069
18.42214
18.43362
18.44519
18.45641
18.46813
18.47921
18.49067
18.50175
18.51276
18.52374
18.53498
18.54658
18.55743
18.56835
18.58022
18.59058
18.60187
18.61321
18.62456
18.63519
18.64666
18.65764
18.66903
18.68038
18.6914
18.70271
18.71427
18.72536
18.7367
18.74824
18.75932
18.77073
18.78214
18.79337
18.80449
18.81615
18.82732
18.8387
18.84996
18.86168
18.87254
18.8835
18.8949
18.90579
18.91754
18.92853
18.93927
18.95041
18.96209
18.97297
18.98428
19.00079
19.01165
19.02259
19.0336
19.04385
19.05554
19.06613
19.07636
19.08668
19.0976
19.1076
19.11827
19.1292
19.13924
19.14959
19.15954
19.17036
19.18206
19.19242
19.20435
19.21523
19.22529
19.23601
19.24728
19.25838
19.26947
19.28096
19.29196
19.30321
19.31467
19.32554
19.33674
19.34859
19.35885
19.36997
19.38143
19.39251
19.40371
19.41496
19.42584
19.4374
19.44835
19.45938
19.47071
19.48191
19.49329
19.50425
19.51585
19.5274
19.53885
19.55032
19.56188
19.57335
19.58502
19.59653
19.60777
19.61901
19.63077
19.64217
19.65778
19.67335
19.68561
19.69661
19.70706
19.7179
19.72832
19.73876
19.74992
19.76095
19.77213
19.78346
19.79545
19.80639
19.81703
19.82804
19.83915
19.85059
19.86163
19.87289
19.88435
19.89551
19.90659
19.9175
19.93117
19.94172
19.95368
19.96452
19.97536
19.98598
19.99676
20.007
20.01798
20.02943
20.04025
20.05165
20.06313
20.0739
20.08554
20.09643
20.10733
20.11854
20.13025
20.14081
20.15224
20.16375
20.17515
20.18628
20.19801
20.20932
20.22087
20.2327
20.24411
20.25551
20.26704
20.27858
20.28982
20.30121
20.31293
20.32338
20.33478
20.35128
20.3622
20.37264
20.38321
20.3932
20.40407
20.41448
20.42516
20.43575
20.44665
20.45759
20.46813
20.47917
20.49078
20.50159
20.52454
20.53534
20.54645
20.55664
20.56723
20.57805
20.58969
20.6007
20.61134
20.62145
20.63261
20.64347
20.65473
20.66589
20.6773
20.68897
20.69943
20.71036
20.72156
20.73295
TARGET DESTROYED 
20.74492
20.75987
20.77747
20.78897
20.7998
20.81114
20.82238
20.83333
20.84463
20.85566
20.867
20.87805
20.88944
20.90031
20.91215
20.92297
20.93433
20.94513
20.95669
20.96829
20.97866
20.98958
21.0008
21.01695
21.02681
21.03735
21.0484
21.05843
21.06919
21.0795
21.09017
21.10136
21.11324
21.12379
21.13519
21.14644
21.15721
21.16858
21.17983
21.19086
21.20205
21.21417
21.2249
21.2354
21.24687
21.25775
21.26901
21.2807
21.29207
21.30352
21.31538
21.32699
21.33812
21.34911
21.36048
21.3714
21.3832
21.39438
21.40559
21.41691
21.42829
21.43959
21.45101
21.46254
21.47362
21.48489
21.4965
21.50751
21.51884
21.53067
21.54198
21.55284
21.56463
21.57563
21.58701
21.59829
21.60903
21.62016
21.63131
21.64257
21.65772
21.66825
21.6789
21.69475
21.70569
21.71632
21.72688
21.73823
21.74942
21.76032
21.77158
21.78292
21.79395
21.80516
21.81631
21.8274
21.83853
21.85006
21.86144
21.87208
21.8834
21.89454
21.906
21.91687
21.92847
21.93992
21.95084
21.96151
21.97259
21.98391
21.99535
22.00642
22.01741
22.02862
22.03958
22.05101
22.06249
22.07343
22.08471
22.09558
22.1068
22.11813
22.12957
22.14022
22.15145
22.16348
22.17432
22.1859
22.19768
22.20875
22.22039
22.23216
22.24338
22.25495
22.26632
22.27792
22.28941
22.30079
22.31265
22.3239
22.33502
22.34674
22.35759
22.3733
22.3843
22.39444
22.40471
22.41544
22.42679
22.43721
22.44746
22.45771
22.46884
22.47971
22.48992
22.50057
22.51064
22.52137
22.53164
22.54242
22.55344
22.56474
22.57642
22.58782
22.59819
22.60947
22.62064
22.63214
22.64283
22.65389
22.66526
22.67664
22.68787
22.69874
22.70995
22.72111
22.73218
22.74352
22.75472
22.76635
22.77674
22.7883
22.79933
22.81077
22.82265
22.83363
22.84527
22.85654
22.86792
22.87947
22.89079
22.90221
22.9138
22.92535
22.93755
22.94828
22.95916
22.97058
22.98231
22.99326
23.00487
23.01617
23.02764
23.03872
23.05455
23.06546
23.07583
23.08608
23.0962
23.10682
23.11738
23.12865
23.13985
23.15049
23.16103
23.17196
23.18244
23.19255
23.2043
23.21517
23.22533
23.23626
23.25222
23.26301
23.27341
23.28389
23.2941
23.30431
23.31458
23.32556
23.33634
23.34701
23.35886
23.36937
23.38066
23.39174
23.40393
23.41469
23.42504
23.43652
23.44775
23.45916
23.47037
23.48165
23.49282
23.50437
23.51511
23.52647
23.53742
23.54879
23.56074
23.57146
23.58225
23.59361
23.60439
23.61593
23.62719
23.63852
23.65259
23.66271
23.67274
23.68429
23.69602
23.70687
23.71814
23.73029
23.74086
23.7606
23.7716
23.78223
23.79372
23.80443
23.81582
23.8273
23.83835
23.84915
23.86051
23.87148
23.88309
23.89397
23.92516
23.93697
23.94775
23.95878
23.96961
23.97992
23.99018
24.00091
24.01111
24.02153
24.03247
24.04305
24.05368
24.06419
24.07417
24.08446
24.09527
24.10617
24.11741
24.12861
24.13974
TARGET DESTROYED 
24.15108
24.16656
24.17688
24.18786
24.19844
24.21514
24.22664
24.2374
24.24794
24.25807
24.26839
24.2789
24.28928
24.30051
24.31102
24.32163
24.3325
24.34265
24.35371
24.36444
24.37481
24.38543
24.39992
24.41046
24.42129
24.43151
24.44139
24.4523
24.4639
24.47491
24.48602
24.49727
24.50863
24.51954
24.53071
24.54177
24.55307
24.56455
24.57535
24.5864
24.59782
24.60895
24.62027
24.63108
24.64231
24.6536
24.66512
24.67647
24.68795
24.69932
24.71094
24.72233
24.73401
24.74568
24.75661
24.76825
24.78024
24.79069
24.80272
24.81383
24.82534
24.83637
24.84769
24.85898
24.87022
24.88172
24.89304
24.90434
24.91547
24.92662
24.9375
24.94926
24.95984
24.97162
24.98305
24.99344
25.00466
25.01616
25.02722
25.038
25.04972
25.06059
25.07165
25.08719
25.09825
25.10887
25.11978
25.13063
25.14209
25.153
25.16329
25.17332
25.18405
25.19522
25.20541
25.21577
25.22632
25.23661
25.2469
25.25712
25.26796
25.27909
25.29089
25.30178
25.313
25.32369
25.33471
25.34649
25.35723
25.36822
25.37969
25.39076
25.40183
25.41332
25.42412
25.43531
25.44674
25.45777
25.46967
25.48037
25.49183
25.50254
25.5137
25.52466
25.53579
25.54719
25.55824
25.56982
25.5815
25.59284
25.60415
25.61562
25.62695
25.63916
25.65301
25.6625
25.67259
25.68433
25.6958
25.70712
25.71822
25.72984
25.74065
25.7548
25.76577
25.78086
25.79112
25.80198
25.81186
25.82203
25.83289
25.84343
25.85394
25.86463
25.87555
25.88592
25.89623
25.90589
25.91682
25.92689
25.938
25.97675
25.98865
25.99945
26.01003
26.02043
26.03064
26.04033
26.05102
26.0609
26.07215
26.08329
26.09421
26.10541
26.11684
26.12782
26.13904
26.1503
26.16145
26.17306
26.18365
26.19492
26.20601
26.21736
26.22896
26.23955
26.25179
26.26262
26.27307
26.28416
26.29551
26.30663
26.31781
26.32921
26.34013
26.35127
26.36266
26.37423
26.38502
26.39619
26.40718
26.41816
26.42967
26.44072
26.45184
26.46377
26.47866
26.48981
26.50042
26.51068
26.52061
26.53056
26.54138
26.5522
26.56377
26.57466
26.58622
26.59725
26.60914
26.62106
26.63326
26.64409
26.65518
26.6663
26.67754
26.68886
26.70012
26.71112
26.72214
26.73345
26.74473
26.75576
26.76773
26.77804
26.78946
26.80047
26.8121
26.82282
26.83411
26.84538
26.85665
26.86777
26.8796
26.89051
26.90188
26.91336
26.92446
26.93603
26.94779
26.95841
26.97141
26.98223
26.99408
27.00477
27.01553
27.02644
27.03755
27.04907
27.06004
27.07161
27.08241
27.09335
27.1045
27.11584
27.1269
27.13788
27.14931
27.16512
27.17558
27.18665
27.19639
27.20717
27.2177
27.22833
27.23895
27.24951
27.25975
27.27058
27.2808
27.29064
27.30133
27.31224
27.32313
27.33438
27.34563
27.35651
27.36788
27.37906
27.39019
27.40114
27.41258
27.42346
27.43531
27.44593
27.45704
27.46839
27.47959
27.4909
27.50229
27.51309
27.52417
27.5354
27.54672
27.55754
27.56895
27.58065
27.59189
27.60321
27.61456
27.62589
27.63733
27.65154
27.66267
27.67236
27.68336
27.69441
27.70598
27.71737
27.72914
27.74024
27.75149
TARGET DESTROYED 
27.76328
27.77769
27.78852
27.79915
27.81036
27.833
27.84539
27.85538
27.86595
27.87626
27.88646
27.8968
27.90642
27.91668
27.92813
27.93847
27.94943
27.95984
27.97111
27.98208
27.99375
28.00544
28.01616
28.02679
28.03791
28.04962
28.06038
28.07138
28.08259
28.09364
28.10514
28.11626
28.12738
28.13886
28.14974
28.16081
28.17203
28.18362
28.19422
28.20546
28.21664
28.22786
28.23899
28.25363
28.26466
28.27495
28.28526
28.29505
28.30606
28.31721
28.32884
28.33985
28.35059
28.36197
28.37304
28.38455
28.3964
28.40773
28.41946
28.43127
28.44309
28.45447
28.46567
28.47678
28.48791
28.49915
28.5146
28.52434
28.53511
28.54539
28.55561
28.56575
28.57676
28.5895
28.59969
28.61003
28.62119
28.63255
28.64356
28.65487
28.66673
28.67709
28.6883
28.69963
28.71059
28.72165
28.73307
28.74405
28.75552
28.76644
28.77758
28.78881
28.80004
28.8112
28.82239
28.83341
28.84479
28.85575
28.86696
28.87845
28.89018
28.90093
28.91288
28.92368
28.93509
28.94668
28.9578
28.96881
28.98103
28.99154
29.00336
29.01882
29.02928
29.0396
29.05023
29.0603
29.07055
29.0815
29.09156
29.10161
29.11211
29.12347
29.1342
29.14563
29.15668
29.16775
29.17908
29.19025
29.20566
29.21617
29.22688
29.23736
29.24743
29.25745
29.26884
29.27954
29.29051
29.30174
29.31327
29.32403
29.33523
29.34666
29.35762
29.36885
29.38044
29.39161
29.40265
29.41408
29.42517
29.43681
29.44813
29.45876
29.4705
29.48146
29.4923
29.50346
29.51495
29.52581
29.53719
29.54815
29.55935
29.5706
29.58217
29.59324
29.60461
29.61594
29.62732
29.63874
29.65299
29.6644
29.67448
29.68617
29.69612
29.70625
29.71699
29.72837
29.73949
29.7506
29.76195
29.77288
29.78398
29.79685
29.80731
29.81749
29.82883
29.83995
29.85193
29.8624
29.87394
29.89021
29.90158
29.91212
29.92289
29.93357
29.94434
29.95537
29.96597
29.97614
29.98669
29.99672
30.00746
30.01946
30.02954
30.04071
30.05112
30.06117
30.07161
30.08248
30.09346
30.10497
30.11553
30.12643
30.13772
30.14913
30.16048
30.17132
30.18279
30.19388
30.2051
30.21619
30.22711
30.23842
30.24976
30.26074
30.27264
30.28358
30.29527
30.30545
30.31685
30.32773
30.3391
30.3506
30.36242
30.37395
30.38484
30.39644
30.4079
30.41917
30.43071
30.44204
30.45345
30.46517
30.47638
30.48763
30.4996
30.51027
30.52176
30.53325
30.54519
30.55597
30.56855
30.58498
30.59561
30.60728
30.61815
30.62982
30.64072
30.65192
30.66324
30.67414
30.68616
30.6965
30.70761
30.71883
30.7303
30.74116
30.75237
30.76402
30.77477
30.78594
30.79702
30.8082
30.81941
30.83066
30.8424
30.85313
30.86423
30.87539
30.88719
30.89764
30.90868
30.91975
30.9312
30.94246
30.95349
30.96498
30.97642
30.98769
30.99934
31.0105
31.02223
31.03353
31.04599
31.05605
31.06768
31.07896
31.09025
31.10235
31.11344
31.12478
31.13595
31.148
31.15856
31.17017
31.18156
31.19291
31.2039
31.2152
31.22644
31.23729
31.24968
31.26009
31.27525
31.28569
31.29622
31.30602
31.31672
31.3272
31.33731
31.34796
31.35814
31.36856
31.38008
31.39043
31.40149
31.41352
31.42389
31.43492
31.44637
31.45725
31.46851
31.48001
31.49122
31.50205
31.51391
31.52467
31.53564
31.54684
31.55805
31.56919
31.58073
31.59126
31.60265
31.61458
31.62486
31.63598
31.64966
31.65969
31.67033
31.6817
31.69273
31.70411
31.71692
31.72744
31.73804
31.74993
31.76081
31.77221
31.78395
31.79552
31.80651
31.81754
31.82909
31.84007
31.85133
31.86262
31.87378
31.88511
31.89622
31.90724
31.91844
31.92963
31.9406
31.9565
31.9681
31.97848
31.98944
32.00165
32.01234
32.02267
32.03514
32.04568
32.05565
32.06629
32.07729
32.08815
32.09937
32.11
32.12017
32.1311
32.14133
32.15212
32.16251
32.17294
32.18374
32.19441
32.20509
32.21547
32.22654
32.23778
32.24921
32.26007
32.27139
32.28257
32.29351
32.30481
32.31608
32.32718
32.33851
32.34985
32.36055
32.37206
32.38335
32.39414
32.40541
32.41645
32.42755
32.43887
32.45001
32.46132
32.47268
32.48453
32.49554
32.50702
32.51822
32.53011
32.54115
32.55277
32.56449
32.57561
32.58741
32.59867
32.60972
32.6212
32.63685
32.64776
32.65859
32.66909
32.6801
32.69117
32.70145
32.7118
32.72245
32.733
32.74297
32.75361
32.76497
32.77577
32.78714
32.79825
32.80962
32.82065
32.83186
32.84306
32.85423
32.86545
32.87801
32.88807
32.89937
32.91003
32.92149
32.93242
32.94345
32.95456
32.9664
32.97703
32.98821
32.99947
33.01046
33.02174
33.03362
33.04404
33.05542
33.06685
33.07822
33.08939
33.1009
33.11248
33.1243
33.13477
33.14664
33.15776
33.16909
33.18044
33.19172
33.20373
33.21511
33.22659
33.23743
33.25377
33.2661
33.27766
33.2886
33.29941
33.31487
33.32552
33.33641
33.34766
33.35792
33.36847
33.37998
33.39084
33.40181
33.41252
33.42349
33.43436
33.44487
33.45601
33.46711
33.4777
33.48918
33.50055
33.51134
33.52237
33.53397
33.54512
33.55591
33.56717
33.57866
33.58979
33.6007
33.61182
33.62356
33.63406
33.64841
33.65897
33.66941
33.68036
33.69181
33.7035
33.71468
33.72566
33.73717
33.74995
33.76056
33.77176
33.78313
33.79424
33.80534
33.81698
33.82871
33.83914
33.85016
33.86169
33.87292
33.8841
33.89502
33.90664
33.91729
33.92916
33.94046
33.9511
33.96329
33.97491
33.9861
34.00193
34.01289
34.02356
34.03445
34.04602
34.05741
34.06818
34.07858
34.08937
34.10008
34.11163
34.12271
34.13396
34.14447
34.15517
34.1676
34.17807
34.18874
34.19929
34.20982
34.22028
34.23095
34.24098
34.25145
34.26125
34.2723
34.28247
34.29297
34.3041
34.31531
34.32962
34.34067
34.35082
34.36057
34.37117
34.38255
34.39619
