0.02
0.04
0.14
0.1731789
0.1905061
0.2031806
0.2153339
0.2268828
0.2399975
0.2518562
0.2629646
0.2738722
0.2893454
0.3016039
0.3125949
0.3228564
0.3336106
0.3439763
0.3551364
0.365191
0.3754287
0.3857781
0.3969398
0.4080761
0.4191659
0.4305685
0.4417356
0.4526553
0.4637128
0.474894
0.486148
0.4975984
0.5085429
0.5194989
0.5310289
0.5419239
0.5532181
0.5644256
0.5753819
0.5866158
0.5984768
0.6090149
0.6201246
0.6314005
0.6425124
0.6535698
0.664905
0.6759755
0.6918812
0.7028536
0.7139902
0.724416
0.7352671
0.7457198
0.7564204
0.7674079
0.7779068
0.7890867
0.8000395
0.8102981
0.8211384
0.8321958
0.8434643
0.8545845
0.8660589
0.8769361
0.888355
0.9017164
0.9130914
0.9240471
0.935911
0.9464253
0.9574795
0.9687338
0.980206
0.9909272
1.002278
1.013471
1.024413
1.035525
1.046899
1.058
1.070384
1.081151
1.092111
1.108453
1.119178
1.130495
1.140787
1.151522
1.162493
1.173261
1.184743
1.195209
1.205203
1.215608
1.226113
1.237242
1.247849
1.257861
1.268941
1.280158
1.291304
1.302354
1.313714
1.325018
1.335914
1.347105
1.358236
1.36939
1.381117
1.391643
1.403173
1.4142
1.425081
1.436408
1.447697
1.458967
1.469906
1.481651
1.492583
1.503897
1.519992
1.531068
1.541616
1.552119
1.562767
1.57376
1.584411
1.594972
1.605402
1.616148
1.627653
1.63874
1.650144
1.661059
1.672218
1.68361
1.694573
1.70588
1.717471
1.728228
1.739218
1.750348
1.761542
1.772646
1.783855
1.795216
1.80691
1.817634
1.828776
1.839915
1.851062
1.862268
1.873304
1.884444
1.896289
1.907458
1.919067
1.930197
1.946251
1.956764
1.967862
1.978916
1.989519
2.000937
2.011873
2.022475
2.033415
2.043989
2.054872
2.065816
2.081285
2.091906
2.102662
2.113723
2.124558
2.135237
2.146105
2.157095
2.167917
2.178682
2.18942
2.200907
2.212554
2.223487
2.235135
2.246746
2.25768
2.268742
2.280048
2.290526
2.301709
2.312844
2.323394
2.334295
2.345263
2.36205
2.374131
2.385035
2.396337
2.407304
2.418693
2.429803
2.440829
2.452311
2.463761
2.474433
2.485548
2.497653
2.508066
2.519099
2.530356
2.541359
2.552604
2.563904
2.574891
2.585872
2.597414
2.609142
2.62022
2.631252
2.642134
2.653553
2.664479
2.675203
2.686708
2.698004
2.708953
2.720123
2.731319
2.742362
2.753641
2.76476
2.781493
2.791938
2.802699
2.813594
2.824491
2.835411
2.846519
2.857458
2.868089
2.881807
2.892544
2.903021
2.913946
2.92442
2.935604
2.94682
2.957416
2.968383
2.979444
2.990772
3.001874
3.012914
3.023765
3.035468
3.047575
3.059215
3.070099
3.081251
3.092924
3.10407
3.116337
3.12762
3.139009
3.151153
3.162303
3.173564
3.185098
3.201375
3.212216
3.223257
3.23494
3.246933
3.258034
3.269376
3.280578
3.291854
3.303169
3.315119
3.325877
3.337435
3.349091
3.360316
3.371668
3.383575
3.394304
3.406117
3.41795
3.429142
3.440386
3.452521
3.463919
3.474925
3.486339
3.497936
3.509521
3.520727
3.532568
3.543557
3.554785
3.566909
3.577953
3.589406
3.601102
3.612356
3.624789
3.641059
3.65258
3.66465
3.675838
3.687849
3.699528
3.711202
3.722775
3.734573
3.746051
3.757857
3.770135
3.781534
3.792642
3.803975
3.815653
3.826825
3.838531
3.850039
3.861493
3.873347
3.884654
3.895754
3.906842
3.917989
3.928964
3.940242
3.951546
3.962539
3.973542
3.984699
3.995726
4.006831
4.018554
4.030616
4.04199
4.053105
4.069065
4.080559
4.091975
4.103649
4.115521
4.127856
4.139736
4.151099
4.162501
4.174231
4.185787
4.197041
4.208461
4.220309
4.231784
4.242821
4.253851
4.265967
4.276974
4.288507
4.299776
4.311543
4.322483
4.334057
4.345434
4.358229
4.369635
4.380836
4.391856
4.4037
4.415174
4.42601
4.4379
4.44938
4.460749
4.472645
4.485376
4.501432
4.513243
4.52509
4.536917
4.54836
4.559251
4.570168
4.581593
4.592741
4.60419
4.615963
4.627084
4.638111
4.650046
4.661813
4.673322
4.684618
4.695617
4.706737
4.718143
4.730844
4.741712
4.753062
4.764273
4.775247
4.786755
4.798473
4.809364
4.82121
4.832859
4.843453
4.854854
4.86602
4.877059
4.888414
4.899675
4.910868
4.926552
4.937455
4.949425
4.960853
4.973048
4.984469
4.995309
5.006072
5.017782
5.028959
5.040247
5.05153
5.062892
5.074051
5.085178
5.096688
5.107873
5.119096
5.13071
5.142149
5.153572
5.165014
5.177594
5.188588
5.199657
5.210845
5.222113
5.233796
5.246672
5.258007
5.269014
5.280055
5.291449
5.302688
5.313849
5.324826
5.336099
5.353488
5.364699
5.375436
5.386391
5.397395
5.408421
5.419668
5.430964
5.442099
5.453534
5.465135
5.476247
5.487527
5.500294
5.512883
5.523805
5.536304
5.547921
5.559118
5.570607
5.582081
5.593884
5.605304
5.617048
5.628145
5.642152
5.653815
5.665712
5.676187
5.687689
5.698992
5.710728
5.72226
5.733918
5.744666
5.755672
5.767436
5.778759
5.794199
5.804885
5.815963
5.82653
5.83744
5.848329
5.859471
5.870607
5.88174
5.892433
5.903996
5.914933
5.92613
5.93783
5.949496
5.960011
5.971077
5.982191
5.992648
6.003996
6.01502
6.026253
6.037423
6.048923
6.059961
6.070911
6.082105
6.093554
6.104487
6.115602
6.126924
6.138576
6.149461
6.16035
6.171465
6.182784
6.193754
6.209363
6.220491
6.231606
6.242809
6.253903
6.264672
6.275126
6.285958
6.297233
6.307868
6.318935
6.330153
6.340971
6.352099
6.363084
6.374846
6.38648
6.397702
6.408686
6.420209
6.431159
6.442111
6.453303
6.464693
6.475656
6.487466
6.498649
6.509259
6.520292
6.532417
6.542905
6.553775
6.565094
6.576102
6.58743
6.598557
6.610027
6.625187
6.636099
6.646989
6.658209
6.669106
6.679874
6.690753
6.702083
6.712762
6.723363
6.733945
6.744557
6.75518
6.766283
6.777344
6.788699
6.799987
6.811026
6.822105
6.833294
6.84475
6.855675
6.866801
6.878209
6.889187
6.900771
6.911531
6.923475
6.934275
6.945107
6.956609
6.96756
6.978734
6.989867
7.001308
7.012857
7.023931
7.03985
7.050941
7.062336
7.073208
7.084163
7.095208
7.106027
7.117088
7.129946
7.140784
7.152003
7.163203
7.174209
7.185029
7.195849
7.206869
7.218148
7.229008
7.241725
7.252759
7.264524
7.275205
7.286232
7.297152
7.30834
7.319487
7.330828
7.341252
7.352911
7.36376
7.375233
7.386419
7.397356
7.407977
7.418956
7.430003
7.440987
7.451738
7.467648
7.479311
7.489841
7.501426
7.512645
7.523209
7.53424
7.545717
7.556636
7.567891
7.579452
7.590038
7.601184
7.61312
7.623831
7.634906
7.646461
7.657031
7.668591
7.679839
7.690934
7.702403
7.713044
7.724206
7.736193
7.746894
7.758082
7.769015
7.780461
7.791086
7.802602
7.814096
7.824762
7.8363
7.847468
7.858213
7.869508
7.885076
7.896763
7.907525
7.918332
7.928957
7.94147
7.952623
7.963556
7.97441
7.985048
7.995782
8.007712
8.01967
8.031923
8.043984
8.056375
8.068625
8.081448
8.093305
8.105082
8.117208
8.129695
8.142899
8.155562
8.168294
8.180613
8.192508
8.204655
8.216602
8.228471
8.241138
8.253938
8.26608
8.278421
8.289168
8.300507
8.312053
8.327651
8.338767
8.350415
8.361664
8.372882
8.384269
8.395139
8.406643
8.418068
8.429295
8.440246
8.45143
8.462957
8.474059
8.485065
8.496604
8.507784
8.519064
8.530708
8.541341
8.553836
8.56598
8.576791
8.588224
8.599888
8.611074
8.622269
8.633683
8.645146
8.655893
8.66711
8.678261
8.689422
8.700549
8.711694
8.723454
8.734396
8.750719
8.763244
8.774094
8.785507
8.796595
8.807694
8.818897
8.83044
8.841472
8.852973
8.864021
8.874873
8.886351
8.898163
8.909566
8.92117
8.932825
8.944221
8.956442
8.968596
8.98067
8.991892
9.004264
9.016326
9.028106
9.039998
9.051855
9.063471
9.07576
9.087533
9.107027
9.11853
9.130388
9.142783
9.154959
9.166926
9.179186
9.190581
9.207126
9.218968
9.230851
9.243351
9.254832
9.266209
9.276942
9.288037
9.300098
9.311971
9.32278
9.334545
9.346244
9.357988
9.369124
9.380527
9.392015
9.403562
9.414749
9.425965
9.43707
9.448435
9.459733
9.471242
9.483793
9.495602
9.506939
9.5186
9.530754
9.541937
9.553246
9.564998
9.576661
9.588074
9.599579
9.612058
9.623287
9.639628
9.65159
9.662699
9.673781
9.685008
9.69639
9.707774
9.719697
9.731364
9.742934
9.754216
9.766286
9.777463
9.789948
9.801827
9.813167
9.824265
9.835589
9.84768
9.858883
9.870826
9.882981
9.894882
9.906493
9.918713
9.930591
9.941956
9.953846
9.966523
9.977956
9.989915
10.00214
10.0142
10.02552
10.03752
10.04977
10.06217
10.07914
10.09074
10.10288
10.1151
10.12654
10.13865
10.15073
10.16272
10.18709
10.20294
10.21524
10.22689
10.23939
10.25178
10.26414
10.27613
10.28837
10.30025
10.31233
10.32426
10.33622
10.34896
10.36095
10.37282
10.38477
10.39674
10.40894
10.42114
10.43357
10.44577
10.45776
10.47004
10.48215
10.49429
10.50549
10.51699
10.52866
10.54573
10.55808
10.56976
10.58147
10.59287
10.60463
10.6165
10.62852
10.6397
10.65148
10.66292
10.67426
10.68579
10.69702
10.70881
10.72055
10.73187
10.74363
10.75498
10.76698
10.77888
10.79085
10.80275
10.8149
10.82595
10.83762
10.8495
10.86055
10.87213
10.88373
10.89474
10.9062
10.91778
10.93001
10.94136
10.95273
10.9646
10.97558
10.992
11.00348
11.01542
11.02694
11.0386
11.05008
11.06145
11.073
11.08453
11.09659
11.10869
11.12074
11.13286
11.14465
11.15769
11.16965
11.18154
11.19348
11.20591
11.21803
11.23061
11.24315
11.25549
11.26735
11.27899
11.29122
11.30332
11.31662
11.32887
11.34086
11.35354
11.3659
11.37759
11.3894
11.40125
11.41348
11.42556
11.44306
11.45493
11.46713
11.47918
11.49138
11.50402
11.51669
11.52892
11.54091
11.553
11.5654
11.57798
11.58997
11.60179
11.61356
11.62627
11.63904
11.6513
11.66395
11.67628
11.68845
11.70063
11.71316
11.72484
11.73634
11.74784
11.75897
11.77025
11.78221
11.79378
11.80561
11.81758
11.82974
11.84147
11.85312
11.86509
11.87643
11.89238
11.90408
11.91567
11.92687
11.93847
11.95016
11.96159
11.97359
11.98633
11.99866
12.01004
12.02114
12.03297
12.04381
12.05475
12.06598
12.077
12.08783
12.09908
12.1101
12.12112
12.13243
12.14401
12.15526
12.16691
12.17764
12.18882
12.19984
12.21076
12.22188
12.23314
12.2444
12.25553
12.26657
12.28317
12.29466
12.3063
12.32204
12.33332
12.34479
12.35664
12.36769
12.37896
12.38987
12.40104
12.4123
12.42293
12.43444
12.44606
12.45705
12.46836
12.47999
12.49066
12.50213
12.51359
12.52457
12.53575
12.54774
12.55836
12.56934
12.58058
12.59208
12.60343
12.61462
12.6262
12.63787
12.65122
12.66272
12.67385
12.68553
12.69695
12.70837
12.72028
12.73162
12.74254
12.75926
12.77055
12.78197
12.79275
12.80438
12.81614
12.82718
12.83979
12.85116
12.86251
12.87427
12.88621
12.89775
12.90851
12.92088
12.93427
12.94775
12.96101
12.97551
12.9887
13.00276
13.01682
13.03069
13.04347
13.05648
13.06929
13.08277
13.09621
13.10915
13.12257
13.13615
13.14963
13.16311
13.17577
13.18941
13.2026
13.21648
13.2339
13.2473
13.25989
13.2721
13.28486
13.29774
13.30971
13.3228
13.33564
13.34822
13.36082
13.37384
13.38685
13.39991
13.41242
13.42551
13.43868
13.45143
13.46443
13.47691
13.48985
13.50323
13.51624
13.52879
13.54133
13.55428
13.5668
13.57937
13.59185
13.60489
13.6178
13.63083
13.64428
13.65818
13.67216
13.68362
13.69593
13.71266
13.72457
13.73583
13.74736
13.75885
13.77026
13.78231
13.79375
13.80567
13.81729
13.8306
13.8425
13.86815
13.88041
13.89182
13.90354
13.9156
13.9267
13.9384
13.95006
13.96213
13.97446
13.98744
14.00048
14.01312
14.02582
14.03797
14.05069
14.06395
14.07658
14.08949
14.10223
14.11487
14.12766
14.14047
14.15381
14.16739
14.1851
14.19793
14.21165
14.22501
14.23834
14.25161
14.26529
14.27889
14.29162
14.30411
14.31705
14.33
14.34227
14.35652
14.36803
14.3799
14.39117
14.4031
14.41513
14.42625
14.4376
14.44918
14.46071
14.47236
14.48409
14.49622
14.50763
14.5193
14.53173
14.54327
14.55507
14.56666
14.57873
14.59015
14.60217
14.6141
14.62555
14.63725
14.65399
14.66569
14.67928
14.69213
14.70536
14.71824
14.73146
14.74461
14.75786
14.7708
14.78384
14.79701
14.81018
14.82406
14.83723
14.85045
14.86316
14.87674
14.89026
14.91854
14.94686
14.97539
15.0033
15.0315
15.05949
15.08744
15.11592
15.13009
15.15232
15.17458
15.19709
15.22001
15.24154
15.26393
15.28638
15.30857
15.33094
15.35338
15.37557
15.39815
15.42039
15.44281
15.46503
TARGET DESTROYED 
15.48728
15.50965
15.53261
15.55435
15.57679
15.59956
15.62153
15.64366
15.66633
15.68831
15.71072
15.733
15.75568
15.7777
15.8002
15.82276
15.84489
15.85643
15.86813
15.88658
15.89855
15.9104
15.9219
15.93414
15.94633
15.95832
15.96998
15.98249
15.99369
16.00539
16.02167
16.03349
16.04585
16.05704
16.06898
16.08058
16.09201
16.10357
16.11552
16.12723
16.1393
16.15155
16.16307
16.17518
16.18682
16.19901
16.21052
16.22225
16.23384
16.24629
16.25803
16.26912
16.28135
16.29247
16.304
16.31591
16.32795
16.33949
16.35223
16.36389
16.37556
16.38902
16.40204
16.41492
16.42763
16.4406
16.45342
16.47138
16.48408
16.49709
16.51006
16.52308
16.53676
16.54977
16.56278
16.57547
16.58903
16.60293
16.61657
16.63013
16.64365
16.65725
16.67077
16.68425
16.69861
16.71231
16.72449
16.73643
16.74851
16.76077
16.77329
16.78516
16.79804
16.81021
16.82222
16.83423
16.84637
16.85871
16.87071
16.88267
16.89497
16.90717
16.91915
16.93164
16.94459
16.96146
16.97433
16.987
17.00009
17.01285
17.0251
17.03758
17.04944
17.06063
17.07197
17.08353
17.09594
17.1081
17.11982
17.13118
17.14262
17.15469
17.16727
17.17967
17.19147
17.20299
17.21567
17.22678
17.23879
17.25064
17.26375
17.27601
17.28846
17.29996
17.31233
17.32379
17.33529
17.3475
17.35955
17.37202
17.38458
17.3964
17.41321
17.42539
17.43716
17.4497
17.46203
17.47404
17.48603
17.49812
17.50965
17.5213
17.5335
17.54508
17.55764
17.56963
17.58213
17.59457
17.60687
17.61886
17.63183
17.64353
17.65493
17.66694
17.67885
17.69098
17.70337
17.71579
17.7274
TARGET DESTROYED 
17.7447
17.75669
17.76894
17.78219
17.79584
17.8094
17.82123
17.83348
17.84562
17.86235
17.87437
17.88622
17.89844
17.91058
17.92235
17.93453
17.9469
17.95886
17.97102
17.98314
17.99479
18.00694
18.01932
18.0317
18.04374
18.05591
18.06792
18.08029
18.09276
18.10442
18.11686
18.12892
18.1411
18.15305
18.16535
18.17781
18.19007
18.20166
18.21288
18.224
18.23593
18.24764
18.25841
18.26954
18.28031
18.29123
18.30216
18.31766
18.32814
18.33945
18.35104
18.36206
18.37273
18.38375
18.39423
18.40562
18.41669
18.42775
18.43918
18.45024
18.46105
18.47204
18.48293
18.49378
18.50476
18.51629
18.52733
18.53861
18.55006
18.5623
18.57345
18.58568
18.59727
18.60909
18.62048
18.63277
18.64389
18.65532
18.66714
18.67843
18.6898
18.70142
18.71346
18.7246
18.74054
18.75247
18.76509
18.77625
18.78735
18.79994
18.81122
18.82299
18.83555
18.84707
18.85896
18.87079
18.8828
18.89403
18.90601
18.91734
18.92884
18.94011
18.95158
18.96299
18.97418
18.98642
18.9996
19.01082
19.02271
19.03454
19.04677
19.05807
19.06981
19.08151
19.0929
19.10476
19.11634
19.12896
19.13995
19.15121
19.16336
19.18039
19.19199
19.20381
19.21551
19.22691
19.23895
19.25127
19.26325
19.27435
19.28552
19.29696
19.30796
19.32026
19.33254
19.34385
19.35556
19.36716
19.37873
19.39013
19.40193
19.41335
19.425
19.43727
19.44891
19.46076
19.47215
19.48404
19.49547
19.50702
19.51892
19.53091
19.54199
19.55375
19.56529
19.57623
19.58782
19.59934
19.61543
19.62674
19.63852
19.65033
19.66223
19.67394
19.68627
19.69849
19.71033
19.72152
19.73323
19.74388
19.75471
19.76564
19.77618
19.78797
19.79962
19.81056
19.82147
19.83244
19.84347
19.85461
19.86616
19.87694
19.88822
19.89948
19.91055
19.92203
19.93293
19.94409
19.95549
19.96635
19.97742
19.98885
20.00098
20.01219
20.02346
20.03989
20.05111
20.06275
20.07392
20.08519
20.09618
20.10756
20.11888
20.13044
20.14213
20.15388
20.166
20.17835
20.19019
20.20154
20.21319
20.22436
20.23621
20.24863
20.26067
20.2735
20.28611
20.29999
20.31225
20.32484
20.33609
20.34743
20.35991
20.37095
20.38237
20.39376
20.40502
20.41695
20.42828
20.43977
20.45124
20.46346
20.48015
20.49182
20.50285
20.51544
20.52688
20.53947
20.5517
20.56313
20.57489
20.58675
20.59898
20.61031
20.62141
20.63279
20.64347
20.65485
20.66603
20.67767
20.6894
20.70138
20.71242
TARGET DESTROYED 
20.72837
20.74087
20.75307
20.76446
20.77581
20.78717
20.79972
20.81072
20.82175
20.83347
20.844
20.8554
20.86654
20.87745
20.88868
20.90041
20.91658
20.92823
20.94019
20.95202
20.96356
20.97535
20.98782
21.0008
21.01289
21.02471
21.0367
21.04974
21.06157
21.07351
21.08605
21.09818
21.11071
21.12359
21.13593
21.14836
21.15988
21.17242
21.18474
21.19697
21.20929
21.22128
21.23328
21.24571
21.2576
21.26861
21.28027
21.29161
21.30295
21.31502
21.32654
21.33799
21.35032
21.36669
21.37899
21.39009
21.40221
21.41414
21.42556
21.43696
21.44858
21.45987
21.47128
21.48292
21.49424
21.50626
21.51809
21.53016
21.54172
21.55302
21.5643
21.5761
21.58762
21.5999
21.61147
21.62299
21.63464
21.64742
21.65882
21.67051
21.68276
21.69423
21.7057
21.71739
21.72913
21.74106
21.7532
21.76466
21.77591
21.78741
21.8038
21.81544
21.82705
21.83866
21.85041
21.86215
21.8739
21.8854
21.89735
21.90887
21.92107
21.93259
21.94444
21.95577
21.96716
21.97908
21.99035
22.00229
22.01414
22.02606
22.03756
22.04942
22.06071
22.07239
22.08473
22.09664
22.10938
22.12099
22.13367
22.1454
22.15686
22.16813
22.17968
22.19106
22.20181
22.21267
22.22353
22.23961
22.25095
22.26172
22.27401
22.2849
22.29603
22.30696
22.31823
22.32981
22.3405
22.3528
22.36386
22.37493
22.3865
22.3979
22.40999
22.42146
22.43327
22.44465
22.4562
22.46829
22.47978
22.49111
22.50281
22.51428
22.5255
22.53701
22.54854
22.56012
22.57179
22.58355
22.5954
22.6065
22.61825
22.62961
22.64108
22.65272
22.66861
22.68066
22.69184
22.70329
22.7152
22.72621
22.73738
22.74937
22.76049
22.77158
22.78343
22.79469
22.80589
22.81753
22.82872
22.8399
22.85154
22.86345
22.87511
22.88659
22.89848
22.91
22.92143
22.93334
22.94455
22.95614
22.96867
22.98025
22.9913
23.00361
23.01581
23.02676
23.03805
23.05016
23.06221
23.07342
23.08498
23.1018
23.1138
23.12494
TARGET DESTROYED 
23.1502
23.16207
23.17367
23.18567
23.19798
23.20888
23.22048
23.24193
23.2547
23.2663
23.27757
23.28935
23.30079
23.31217
23.32335
23.33515
23.34657
23.35798
23.36891
23.38096
23.39136
23.40204
23.41306
23.42386
23.4352
23.446
23.45733
23.46848
23.47935
23.49104
23.50216
23.51804
23.53001
23.5409
23.55194
23.56313
23.57423
23.58588
23.59666
23.60775
23.61898
23.6301
23.64118
23.65231
23.66376
23.67457
23.68579
23.6976
23.70824
23.71929
23.73073
23.74175
23.75296
23.76412
23.77516
23.78641
23.79767
23.8088
23.81987
23.83131
23.84226
23.85364
23.86463
23.87564
23.88677
23.89823
23.90939
23.92048
23.93203
23.94835
23.95968
23.97141
23.98284
23.99453
24.0071
24.01825
24.02929
24.04041
24.05176
24.06301
24.07423
24.08557
24.09676
24.10802
24.11903
24.13033
24.14158
24.15328
24.16467
24.176
24.18768
24.20027
24.21174
24.22276
24.23393
24.24586
24.25673
24.26781
24.27899
24.29038
24.30159
24.31294
24.32384
24.33538
24.3463
24.35762
24.3735
24.38486
24.39639
24.40752
24.41872
24.43032
24.44168
24.45329
24.46465
24.47631
24.48734
24.49899
24.50988
24.52126
24.53284
24.54367
24.55491
24.56604
24.57667
24.58747
24.59875
24.61003
24.62062
24.63211
24.64267
24.65407
24.66486
24.67541
24.68587
24.6967
24.70774
24.71843
24.72948
24.74043
24.75116
24.76197
24.77239
24.78386
24.80015
24.81204
24.82294
24.83401
24.84492
24.85622
24.86714
24.87824
24.8892
24.90028
24.91663
24.92706
24.93795
24.94868
24.95934
24.97089
24.98202
24.99271
25.00392
25.01542
25.0264
25.06088
25.08055
25.09142
25.10249
25.11353
25.12493
25.13592
25.14686
25.1582
25.16892
25.18013
25.19097
25.20277
25.21364
25.22465
25.23627
25.24766
25.26272
25.27384
25.2846
25.29534
25.30567
25.31667
25.32799
25.33904
25.35049
25.36145
25.37253
25.3838
25.39512
25.40623
25.41716
25.42847
25.44024
25.45134
25.46233
25.47381
25.48511
25.49626
25.5075
25.51893
25.53065
25.54247
25.55436
25.56655
25.57791
25.58925
25.60117
25.61283
25.62446
25.63661
25.64799
25.65959
25.67133
25.68298
25.69985
25.71111
25.72317
25.7345
25.74578
25.75686
25.76824
25.77898
25.78992
25.80143
25.81236
25.82316
25.83449
25.84672
25.85745
25.86845
25.88006
25.89054
25.90173
25.91225
25.92317
25.9345
25.94574
25.95686
25.9682
25.97875
25.98943
26.00039
26.01176
26.02258
26.03492
26.04804
26.05998
26.07295
26.08543
26.09808
26.11012
26.127
26.13939
26.152
26.16437
26.17683
26.18972
26.20296
26.21593
26.22847
26.24131
26.25393
26.2664
26.279
26.29165
26.30373
26.31654
26.32902
26.34177
26.35484
26.36696
26.37886
26.39065
26.40331
26.41568
26.42793
26.44063
26.45381
26.46763
26.48005
26.49237
26.50515
26.51826
26.53115
26.54355
26.55617
26.56885
26.58146
26.59399
26.61196
26.62461
26.64157
26.65449
26.66784
26.68021
26.69233
26.70548
26.71794
26.73083
26.74339
26.75588
26.76889
26.78201
26.7946
26.80757
26.81977
26.83254
26.84513
26.8577
26.87025
26.88284
26.89563
26.90809
26.92065
26.93325
26.94573
26.95862
26.97138
TARGET DESTROYED 
26.99015
27.00367
27.01699
27.03049
27.04327
27.05655
27.06959
27.08286
27.10054
27.11432
27.12934
27.14298
27.15663
27.16938
27.18236
27.19516
27.20927
27.22264
27.23659
27.25075
27.26352
27.27633
27.28973
27.3025
27.3159
27.32913
27.34176
27.35502
27.36786
27.38097
27.39366
27.40684
27.41948
27.43292
27.44583
27.459
27.47189
27.48503
27.49899
27.51204
27.52502
27.53808
27.55067
27.56365
27.57609
27.58931
27.60709
27.61983
27.63317
27.64656
27.6597
27.67239
27.68519
27.69876
27.71201
27.72533
27.73859
27.75173
27.76497
27.77623
27.78765
27.79935
27.81043
27.82199
27.8343
27.84531
27.85677
27.86875
27.88057
27.89194
27.90411
27.9159
27.92714
27.93896
27.95092
27.96302
27.97515
27.98634
27.99758
28.00886
28.021
28.03281
28.04388
28.06042
28.07155
28.08334
28.09468
28.10655
28.11809
28.12965
28.14071
28.152
28.1637
28.17542
28.18737
28.19976
28.21175
28.22342
28.23512
28.24732
28.25837
28.27034
28.28215
28.29348
28.30514
28.31736
28.32892
28.34058
28.35266
28.36453
28.37582
28.38734
28.39961
28.41086
28.42205
28.43334
28.44437
28.45589
28.46755
28.47888
28.49034
28.50714
28.5196
28.53225
28.54354
28.55606
28.56732
28.57877
28.59033
28.60211
28.61407
28.62531
28.63647
28.64819
28.65936
28.67211
28.68401
28.69549
28.7069
28.71851
28.73077
28.74196
28.75393
28.76576
28.77691
28.78855
28.79994
28.81177
28.82418
28.83563
28.84734
28.85857
28.86983
28.88119
28.89239
28.90412
28.91545
28.92641
28.93803
28.95542
28.96738
28.9805
28.99168
29.00354
29.01541
29.027
29.03899
29.0509
29.06292
29.07454
29.08615
29.0981
29.10928
29.12091
29.13304
29.1454
29.15694
29.1683
29.1798
29.19141
29.20386
29.21593
29.22723
29.23964
29.2514
29.26296
29.27472
29.28673
29.29877
29.31017
29.32152
29.33331
29.34542
29.3578
29.36927
29.38094
29.39746
29.40927
29.42074
29.4322
29.44405
29.4557
29.46711
29.47861
29.49049
29.50206
29.51389
29.5256
29.53734
29.5495
29.56152
29.57285
29.58455
29.59702
29.60864
29.62013
29.63241
29.64384
29.65612
29.66847
29.6802
29.69176
29.70364
29.71593
29.72767
29.74006
29.75217
29.76399
29.77542
29.78765
29.80011
29.81149
29.82364
29.83559
29.8519
29.86317
29.87508
29.88705
29.89902
29.91051
29.92208
29.93343
29.94456
29.95667
29.96858
29.98075
29.99228
30.00455
30.01647
30.02933
30.04153
30.05344
30.06584
30.07829
30.09089
30.10251
30.11465
30.12655
30.13826
30.15007
30.16174
30.17309
30.18505
30.19717
30.2092
30.2214
30.23296
30.24454
30.25623
30.2682
30.2801
30.29131
30.30805
30.31952
30.33203
30.34343
30.35499
30.36651
30.37815
30.3897
30.4015
30.41382
30.42499
30.43712
30.44921
30.46073
30.47255
30.48438
30.49662
30.50812
30.51982
30.53294
30.54521
30.5571
30.57093
TARGET DESTROYED 
30.59072
30.60452
30.61822
30.63183
30.64522
30.6588
30.67169
30.68523
30.70021
30.71408
30.72734
30.74077
30.75417
30.76717
30.78527
30.7982
30.81104
30.82383
30.84168
30.8538
30.86602
30.87799
30.8896
30.90157
30.91345
30.92522
30.93757
30.94909
30.96054
30.97263
30.98479
30.99697
31.01666
31.02918
31.0406
31.05225
31.06407
31.07595
31.08825
31.10029
31.11224
31.12387
31.13618
31.14829
31.15987
31.17183
31.18361
31.1954
31.20724
31.23231
31.24593
31.25781
31.27392
31.28577
31.2976
31.30901
31.32069
31.33283
31.34419
31.35623
31.36795
31.37992
31.3914
31.40345
31.41551
31.4267
31.43906
31.45083
31.46239
31.47433
31.48639
31.4984
31.50978
31.52217
31.5338
31.54611
31.55757
31.56941
31.58156
31.59303
31.60546
31.61756
31.62931
31.64125
31.65341
31.66532
31.6769
31.68923
31.70106
31.71736
31.72919
31.7408
31.75246
31.76462
31.77655
31.78815
31.79995
31.81221
31.8238
31.83543
31.8474
31.85897
31.87087
31.88289
31.89481
31.90687
31.91852
31.93064
31.94211
31.9546
31.9664
31.9777
31.9903
32.00253
32.01484
32.02651
32.03876
32.05071
32.06302
32.07451
32.08627
32.09838
32.10883
32.11926
32.13037
32.1422
32.15419
32.17094
32.18274
32.1942
32.20643
32.21857
32.23094
32.2434
32.25515
32.26681
32.27872
32.2902
32.30202
32.31396
32.32568
32.33831
32.35119
32.36325
32.37477
32.38643
32.39877
32.41006
32.422
32.43378
32.44541
32.4569
32.46848
32.48005
32.49099
32.50272
32.51426
32.5251
32.53597
32.54795
32.5591
32.57049
32.58196
32.5929
32.60427
32.62075
32.63331
32.6442
32.65545
32.66666
32.67753
32.68884
32.70013
32.71139
32.7224
32.73364
32.74463
32.75595
32.76753
32.77844
32.78963
32.80074
32.8118
32.82286
32.83422
32.84565
32.85637
32.86769
32.87907
32.89002
32.90152
32.91273
32.92384
32.93489
32.94613
32.9571
32.96837
32.97982
32.99069
33.00217
33.01321
33.02465
33.04168
33.05331
33.06459
33.07567
33.08693
33.09834
33.10949
33.12101
33.13284
33.14402
33.15574
33.167
33.17837
33.18966
33.20075
33.21218
33.22313
33.23525
33.24777
33.2588
33.26995
33.28104
33.29196
33.30318
33.31468
33.32565
33.33702
33.3483
33.35942
33.37053
33.38157
33.39249
33.40382
33.41485
33.42605
33.43734
33.44905
33.45996
33.47538
33.48637
33.49812
33.50951
33.52043
33.53224
33.54311
33.55436
33.56621
33.57751
33.58852
33.60012
33.61087
33.62184
33.63308
33.644
33.65574
33.66734
33.67876
33.68975
33.701
33.71249
33.7239
33.73532
33.74646
33.75763
33.76889
33.78033
33.79159
33.8027
33.81417
33.82557
33.8371
33.84859
33.86044
33.87289
33.88559
33.89708
33.91319
33.92441
33.9357
33.94677
33.95874
33.97062
33.98191
33.99323
34.00479
34.01619
34.02753
34.03899
34.05073
34.06322
34.074
34.08501
34.09678
34.10786
34.11879
34.13014
34.14128
34.15245
34.16382
34.17537
34.18641
34.19791
34.20917
34.22033
34.23209
34.24336
34.25434
34.2657
34.27669
34.28809
34.29954
34.31052
34.32198
34.33808
34.34957
34.36083
34.37286
34.38437
34.39539
TARGET DESTROYED 
34.41095
34.42311
34.43452
34.44601
34.45842
34.47242
34.48673
34.50126
34.51205
34.52306
34.5341
34.54433
34.5555
34.56653
34.57754
34.58801
34.59907
34.60992
34.62124
34.63239
34.64357
34.65483
34.66588
34.67703
34.68839
34.70087
34.71279
34.72444
34.73755
34.75004
34.76389
34.77683
34.79705
34.81009
34.82405
34.83698
34.85268
34.86777
34.883
34.89769
34.91166
34.92525
34.93859
34.95251
34.96603
34.97888
34.99144
35.00417
35.01777
35.03018
35.04261
35.05635
35.07049
35.08455
35.09566
35.10753
35.12169
35.13358
35.14478
35.15634
35.1687
35.1798
35.19203
35.20335
35.21593
35.22719
35.24054
35.25196
35.26475
35.28113
35.2931
35.30566
35.31774
35.32888
35.33993
35.35243
35.36459
35.3781
35.39132
35.40313
35.41486
35.42557
35.43643
35.44777
35.45883
35.46989
35.4813
35.49226
35.50352
35.51485
35.52584
35.53757
35.54902
35.55965
35.57074
35.58232
35.59296
35.60407
35.61552
35.62644
35.63816
35.64913
35.6599
35.67181
35.68286
35.69397
35.70527
35.72216
35.73378
35.74412
35.75505
35.76634
35.7772
35.78808
35.80059
35.81104
35.82196
35.83305
35.84354
35.85442
35.86522
35.87543
35.8868
35.89844
35.90882
35.91996
35.93077
35.94247
35.95334
35.96384
35.97438
35.98531
35.99593
36.00662
36.01768
36.02904
36.04012
36.05125
36.06302
36.0738
36.08471
36.09616
36.10747
36.11837
36.12975
36.1458
36.1572
36.16784
36.17833
36.18908
36.19979
36.21024
36.22143
36.24203
36.25397
36.26495
36.27552
36.28587
36.29678
36.30822
36.3191
36.33032
36.34121
36.35263
36.36359
36.37475
36.38607
36.39746
36.4084
36.41946
36.43103
36.44187
36.45297
36.46461
36.47539
36.4865
36.49796
36.5091
36.52364
36.5352
36.5457
36.55635
36.57187
36.58291
36.59344
36.60477
36.61615
36.6298
