0.02
0.04
0.14
0.1812651
0.1955045
0.2049739
0.2154811
0.2246602
0.2346442
0.2438218
0.2533871
0.2630298
0.2741151
0.2849793
0.2965625
0.3073546
0.3184043
0.3299593
0.3408264
0.3520073
0.3639062
0.3764605
0.3880353
0.3972414
0.4080386
0.4189869
0.4306786
0.4413115
0.4527507
0.4667392
0.4759267
0.4861452
0.4973963
0.5098315
0.5206698
0.5311315
0.5417449
0.5529979
0.5647518
0.5753498
0.5867787
0.5980382
0.6090898
0.620077
0.6313499
0.6425588
0.6537105
0.6650784
0.6760322
0.6872593
0.698643
0.7094672
0.7213477
0.7321636
0.743025
0.7542306
0.7656303
0.7775183
0.7879893
0.7990874
0.8100303
0.8212096
0.8328823
0.8438069
0.8547142
0.8659813
0.8771222
0.892903
0.9304644
0.9399236
0.9496185
0.958847
0.9683819
0.9780368
0.9888918
1.000295
1.011057
1.022187
1.033469
1.044608
1.055802
1.067026
1.07811
1.089753
1.100755
1.111532
1.122768
1.133885
1.145166
1.156255
1.173151
1.185196
1.194974
1.204647
1.214443
1.224618
1.234468
1.246111
1.256803
1.268074
1.27946
1.291261
1.301475
1.313189
1.323708
1.335132
1.346098
1.35727
1.370118
1.380514
1.390797
1.402247
1.413456
1.424354
1.435557
1.448055
1.45796
1.469101
1.481272
1.495519
1.505127
1.514947
1.524939
1.536116
1.548136
1.559346
1.570483
1.582228
1.593323
1.617843
1.628178
1.638894
1.649111
1.659109
1.670023
1.681498
1.692334
1.703528
1.715205
1.725853
1.737094
1.748517
1.759417
1.770562
1.782015
1.793046
1.804085
1.815739
1.826438
1.837916
1.848939
1.860009
1.871229
1.882542
1.894095
1.904512
1.916015
1.926995
1.938214
1.949347
1.960488
1.971746
1.982879
1.994314
2.005271
2.016423
2.028043
2.039523
2.050399
2.061037
2.072349
2.085921
2.097679
2.10859
2.122472
2.133588
2.143687
2.154138
2.164385
2.174422
2.185206
2.196305
2.20754
2.218885
2.231507
2.248453
2.258739
2.26973
2.2806
2.291386
2.302092
2.312307
2.323067
2.333805
2.343885
2.354485
2.364879
2.375013
2.385533
2.396242
2.407397
2.418392
2.429982
2.440963
2.452049
2.463446
2.474179
2.485625
2.497074
2.507857
2.519434
2.531047
2.541448
2.552568
2.563838
2.575205
2.585951
2.597483
2.608492
2.620482
2.630967
2.641795
2.653136
2.664592
2.675816
2.68751
2.698984
2.710081
2.721553
2.733146
2.744401
2.755912
2.767395
2.778867
2.790468
2.801194
2.81434
2.824917
2.836121
2.847268
2.85833
2.869787
2.881707
2.892392
2.903633
2.915144
2.932518
2.943393
2.955122
2.968024
2.98059
2.992241
3.004055
3.015948
3.028115
3.038218
3.048187
3.058663
3.068963
3.078919
3.089018
3.10048
3.112332
3.127164
3.139607
3.151795
3.162424
3.172632
3.184034
3.194474
3.205105
3.215913
3.226231
3.239618
3.250602
3.260955
3.271965
3.283354
3.2953
3.306526
3.317921
3.328216
3.33993
3.351499
3.361909
3.372949
3.384291
3.395065
3.40604
3.417838
3.42798
3.43926
3.450602
3.460826
3.471713
3.482875
3.493641
3.503922
3.514119
3.524437
3.535839
3.5478
3.55869
3.570336
3.581421
3.592949
3.612967
3.624843
3.636356
3.647304
3.658509
3.669425
3.681403
3.692644
3.703943
3.715939
3.726198
3.737498
3.749132
3.759808
3.770623
3.781921
3.793025
3.803838
3.814909
3.826006
3.837342
3.848467
3.859303
3.870503
3.881902
3.892781
3.904458
3.916275
3.926423
3.937679
3.949467
3.960029
3.971073
3.982613
3.993715
4.005408
4.017173
4.027676
4.038566
4.049905
4.060756
4.07199
4.083354
4.093971
4.106113
4.118167
4.128916
4.139984
4.151755
4.16326
4.174708
4.185983
4.198118
4.209439
4.220895
4.232312
4.244222
4.255497
4.266418
4.277464
4.289104
4.305532
4.31772
4.328489
4.339918
4.35169
4.362535
4.373906
4.384767
4.395587
4.406885
4.41798
4.429171
4.440504
4.4517
4.462759
4.473845
4.484959
4.496171
4.507447
4.518935
4.530738
4.541406
4.551899
4.563556
4.574792
4.585519
4.597083
4.607978
4.619084
4.630466
4.641473
4.652519
4.664301
4.674863
4.686423
4.698755
4.713298
4.72409
4.735084
4.746141
4.757853
4.768445
4.779234
4.792146
4.802723
4.812986
4.823617
4.834414
4.84527
4.856683
4.868133
4.878912
4.889912
4.900952
4.912074
4.923365
4.934551
4.945733
4.956937
4.968239
4.983914
4.995035
5.005913
5.017241
5.027714
5.038112
5.049242
5.060138
5.070577
5.081829
5.092899
5.104589
5.118008
5.12817
5.138671
5.151117
5.161659
5.171986
5.183141
5.193564
5.20437
5.215841
5.225978
5.236516
5.247293
5.260596
5.271
5.281816
5.292859
5.303396
5.313996
5.324804
5.335331
5.346015
5.357432
5.368303
5.379626
5.390681
5.401751
5.413206
5.424867
5.435592
5.446602
5.457804
5.469101
5.480566
5.491123
5.502259
5.514233
5.525127
5.536513
5.54817
5.559106
5.570691
5.582173
5.593423
5.608028
5.618487
5.630003
5.641326
5.653082
5.669534
5.681453
5.693147
5.704059
5.71559
5.72658
5.737916
5.749576
5.760445
5.771523
5.78348
5.794808
5.80633
5.818998
5.830701
5.842703
5.853879
5.865497
5.876475
5.888564
5.900813
5.912023
5.923748
5.935582
5.947918
5.959254
5.970418
5.982204
5.994748
6.006591
6.018358
6.029577
6.042326
6.053827
6.065494
6.076766
6.089542
6.101951
6.11419
6.125391
6.136699
6.149649
6.160667
6.172123
6.184198
6.195223
6.207312
6.218375
6.229024
6.240343
6.251676
6.262973
6.274067
6.284912
6.296025
6.307483
6.318851
6.329526
6.34547
6.356531
6.372756
6.384327
6.395383
6.406727
6.418081
6.429163
6.440608
6.451806
6.463044
6.474784
6.485636
6.496119
6.507402
6.518806
6.529984
6.540435
6.55236
6.563145
6.573742
6.584731
6.596119
6.607429
6.618347
6.629804
6.64099
6.651964
6.662984
6.674133
6.685363
6.696791
6.708255
6.719127
6.730592
6.74232
6.754167
6.76545
6.776211
6.786772
6.797573
6.808364
6.820715
6.832185
6.843005
6.853612
6.86537
6.876025
6.887732
6.899214
6.910316
6.921748
6.933262
6.944836
6.956274
6.967859
6.979733
6.991088
7.003379
7.014483
7.025907
7.036709
7.048272
7.064329
7.07575
7.086988
7.098458
7.109775
7.121071
7.132694
7.143374
7.154393
7.165681
7.176966
7.188184
7.199697
7.210599
7.221586
7.232903
7.243919
7.255057
7.266849
7.277982
7.289198
7.300904
7.311687
7.322097
7.333725
7.344391
7.355574
7.366775
7.377867
7.389117
7.400332
7.411771
7.422585
7.434103
7.444804
7.456188
7.467427
7.478612
7.489996
7.500917
7.511921
7.5232
7.534215
7.545639
7.557169
7.568295
7.580611
7.591261
7.605837
7.617409
7.628883
7.640716
7.65173
7.662485
7.67308
7.684485
7.695156
7.705719
7.71742
7.727696
7.743363
7.7551
7.766407
7.777524
7.788217
7.799582
7.810111
7.82094
7.832307
7.842686
7.854075
7.864252
7.874279
7.88517
7.895198
7.906068
7.916976
7.927295
7.941732
7.953257
7.96482
7.975734
7.987058
8.001026
8.01205
8.023924
8.03476
8.045964
8.058854
8.072941
8.084878
8.09796
8.11043
8.122097
8.133514
8.144547
8.155616
8.167377
8.178576
8.190554
8.202132
8.213476
8.22491
8.236079
8.247251
8.258918
8.270085
8.282435
8.293965
8.306217
8.31804
8.328801
8.340195
8.352134
8.362997
8.375114
8.386342
8.39784
8.40972
8.421737
8.43838
8.450781
8.461905
8.47366
8.484751
8.495644
8.507343
8.518895
8.52999
8.541153
8.552099
8.563284
8.574806
8.586081
8.597099
8.608658
8.63478
8.647105
8.658812
8.670154
8.681859
8.692763
8.704915
8.717769
8.729929
8.740934
8.751886
8.762977
8.774189
8.785773
8.797359
8.808654
8.820206
8.831738
8.842783
8.853672
8.865148
8.876288
8.887924
8.899408
8.910272
8.92145
8.933445
8.944847
8.956155
8.968322
8.979497
8.991149
9.003139
9.015428
9.026135
9.037335
9.049688
9.061119
9.07226
9.08408
9.094944
9.108013
9.120494
9.137082
9.149055
9.160468
9.171582
9.18344
9.194301
9.205924
9.21806
9.228866
9.240466
9.251937
9.2638
9.275661
9.28935
9.300859
9.312195
9.323753
9.334776
9.34582
9.357587
9.369096
9.380035
9.391923
9.402822
9.414255
9.425317
9.436581
9.447923
9.458742
9.470263
9.4814
9.491932
9.503904
9.515123
9.52628
9.537199
9.547621
9.558063
9.568761
9.579008
9.589738
9.604509
9.616531
9.627406
9.639005
9.650681
9.661614
9.673535
9.684696
9.695817
9.707815
9.718917
9.730029
9.741467
9.752679
9.765014
9.776351
9.78758
9.799403
9.810561
9.821667
9.83897
9.850419
9.861417
9.872575
9.885307
9.896307
9.908221
9.919647
9.930828
9.942321
9.953952
9.965911
9.977268
9.988713
10.00123
10.01243
10.02418
10.03628
10.04775
10.05915
10.0701
10.08156
10.09259
10.10437
10.11598
10.12694
10.13803
10.14988
10.16107
10.1725
10.18435
10.19514
10.2068
10.21833
10.22939
10.24109
10.25241
10.26392
10.27516
10.2863
10.29947
10.31322
10.32541
10.33851
10.34985
10.36102
10.37239
10.38382
10.39438
10.40576
10.41726
10.42778
10.43861
10.44993
10.46084
10.47222
10.48402
10.49424
10.50544
10.52141
10.53233
10.54309
10.55387
10.56477
10.57526
10.58568
10.59607
10.60724
10.6183
10.62913
10.63996
10.6521
10.66222
10.67382
10.68582
10.69788
10.70871
10.71944
10.73004
10.74143
10.75237
10.76317
10.77425
10.78516
10.79645
10.80872
10.82021
10.83146
10.84237
10.85346
10.86504
10.87595
10.8873
10.89937
10.91006
10.92138
10.93492
10.94779
10.96084
10.97313
10.98586
10.99819
11.01071
11.02281
11.03518
11.04695
11.05914
11.07138
11.08283
11.09522
11.10797
11.12093
11.13258
11.14373
11.15485
11.16624
11.17731
11.18871
11.20031
11.21172
11.22304
11.23475
11.24596
11.2574
11.27447
11.28625
11.29921
11.31127
11.32329
11.33458
11.34464
11.35487
11.36576
11.37696
11.3882
11.39993
11.41047
11.4218
11.43501
11.4548
11.46647
11.47759
11.48851
11.50135
11.51117
11.5219
11.53326
11.54428
11.55546
11.56676
11.57781
11.58942
11.60547
11.61955
11.63032
11.64178
11.6532
11.66479
11.67578
11.68689
11.69891
11.70974
11.72083
11.73221
11.74389
11.75502
11.76671
11.77911
11.79058
11.80174
11.81273
11.82485
11.83644
11.84784
11.85843
11.8695
11.88018
11.8914
11.90267
11.91415
11.92502
11.93614
11.94792
11.95838
11.96986
11.98109
11.99186
12.00387
12.02028
12.03238
12.04324
12.05424
12.06546
12.07672
12.08809
12.09934
12.11032
12.12294
12.13546
12.14822
12.15884
12.17002
12.18157
12.19215
12.20376
12.21493
12.22552
12.23681
12.24814
12.25924
12.27058
12.28231
12.29297
12.304
12.31633
12.32727
12.33829
12.34938
12.36029
12.37129
12.38256
12.3931
12.405
12.41692
12.42754
12.43929
12.45109
12.46481
12.47781
12.49018
12.50216
12.51429
12.52673
12.53887
12.55045
12.56209
12.57383
12.58461
12.59543
12.60639
12.61667
12.62774
12.63887
12.65019
12.6614
12.6725
12.68388
12.69481
12.71148
12.72273
12.73343
12.74378
12.75498
12.76555
12.77627
12.7869
12.79845
12.8088
12.81944
12.83039
12.84158
12.85201
12.86296
12.87405
12.88519
12.89578
12.90687
12.9186
12.92959
12.94065
12.95173
12.96285
12.97396
12.98529
12.99685
13.00814
13.01942
13.03074
13.0422
TARGET DESTROYED 
13.05368
13.07426
13.08677
13.0997
13.11208
13.12463
13.13741
13.15097
13.17208
13.18649
13.19898
13.21058
13.22257
13.23499
13.24705
13.25961
13.27147
13.28366
13.29532
13.30871
13.32264
13.33574
13.34793
13.35979
13.37227
13.38952
13.40242
13.41474
13.42649
13.43929
13.45225
13.46569
13.47777
13.49023
13.50333
13.51525
13.52679
13.53881
13.5508
13.56229
13.57402
13.58596
13.59823
13.61431
13.62687
13.63958
13.65231
13.66548
13.67794
13.69032
13.70364
13.71706
13.72901
13.74137
13.75411
13.76679
13.77916
13.79135
13.80341
13.81459
13.82495
13.83532
13.84651
13.85718
13.8691
13.88015
13.89072
13.90202
13.91222
13.92348
13.93477
13.94575
13.95685
13.96815
13.97927
13.99087
14.00189
14.01306
14.02446
14.03501
14.04649
14.05758
14.06901
14.07998
14.09556
14.10718
14.11891
14.13079
14.14138
14.15239
14.16317
14.17431
14.18537
14.19619
14.20817
14.2194
14.23107
14.24223
14.25448
14.26636
14.27789
14.28963
14.30087
14.3118
14.3233
14.33538
14.34668
14.3575
14.3688
14.37985
14.39097
14.4022
14.41353
14.42613
14.4374
14.44869
14.45963
14.4708
14.48303
14.4935
14.50428
14.51577
14.52676
14.53826
14.54971
14.56004
14.57187
14.58328
14.59414
14.60511
14.61598
14.6272
14.63857
14.65001
14.66065
14.67204
14.68378
14.69448
14.70593
14.71689
14.72811
14.73905
14.75019
14.76117
14.77764
14.78916
14.80073
14.81186
14.82398
14.83532
14.8464
14.85771
14.86863
TARGET DESTROYED 
14.87987
14.89603
14.90773
14.92022
14.93468
14.94712
14.96003
14.97282
14.98526
14.99875
15.01222
15.02628
15.04013
15.06089
15.07652
15.08964
15.10443
15.11895
15.13276
15.14595
15.15899
15.17194
15.1854
15.19913
15.21262
15.22504
15.23791
15.25169
15.26546
15.27652
15.28741
15.29838
15.30959
15.32073
15.33279
15.34413
15.35588
15.36747
15.37866
15.38965
15.40039
15.41135
15.42217
15.43359
15.44435
15.45544
15.46713
15.48324
15.49483
15.50651
15.5184
15.53016
15.54099
15.55221
15.56361
15.57525
15.58718
15.59933
15.61625
15.62799
15.63995
15.65166
15.66334
15.6747
15.68631
15.69803
15.70958
15.72171
15.73314
15.74416
15.75642
15.76799
15.77927
15.79096
15.8026
15.8148
15.82678
15.83887
15.85035
15.86156
15.87309
15.88397
15.89465
15.90613
15.91724
15.92834
15.93958
15.95086
15.96251
15.97395
15.98521
15.99711
16.03603
16.0488
16.05974
16.07078
16.08192
16.0925
16.10414
16.11545
16.12642
16.1382
16.14919
16.16
16.17135
16.18285
16.19869
16.20982
16.22122
16.23212
16.24349
16.25502
16.26652
16.27841
16.29033
16.30353
16.31507
16.32593
16.33849
16.35119
16.36213
16.37357
16.38513
16.39634
16.40748
16.41872
16.43065
16.44161
16.45318
16.46483
16.47586
16.48758
16.49933
16.51017
16.52194
16.53337
16.54448
16.55709
16.568
16.57832
16.58998
16.60073
16.6119
16.62321
16.63379
16.64446
16.65577
16.66661
16.67697
16.68808
16.69887
16.70905
16.71987
16.73041
16.74146
16.75264
16.76367
16.77427
16.78499
16.79555
16.80684
16.81741
16.82849
16.84064
16.85151
16.86258
16.87819
16.88944
16.90083
16.9115
16.92288
16.93407
16.94445
16.95562
16.96725
16.97799
16.98998
17.00127
17.0122
17.02332
17.034
17.04453
17.05606
17.06706
TARGET DESTROYED 
17.07797
17.10683
17.11908
17.1302
17.14118
17.15247
17.16393
17.17497
17.18609
17.19811
17.20934
17.22717
17.24119
17.25202
17.26318
17.27454
17.286
17.29767
17.30828
17.31948
17.33067
17.3419
17.35472
17.36651
17.37757
17.38908
17.40038
17.41144
17.42223
17.43392
17.44481
17.456
17.46768
17.47898
17.49023
17.50132
17.51183
17.52298
17.53366
17.54398
17.55416
17.56515
17.58006
17.59083
17.60527
17.61727
17.62818
17.64004
17.65194
17.66301
17.67764
17.69251
17.70675
17.72137
17.73643
17.75134
17.76605
17.78098
17.79621
17.81091
17.82607
17.84038
17.85502
17.87036
17.88528
17.89996
17.91511
17.92992
17.94489
17.95982
17.97496
17.98927
18.00522
18.0204
18.03541
18.05041
18.06502
18.07977
18.09479
18.11014
18.12512
18.13939
18.15398
18.16906
18.18507
18.19986
18.21421
18.22909
18.2447
18.25994
18.27498
18.28909
18.30482
18.32039
18.34086
18.35574
18.3751
18.39131
18.40388
18.41588
18.42738
18.43952
18.45212
18.46402
18.47569
18.48809
18.50119
18.51345
18.52546
18.53773
18.55033
18.56204
18.57422
18.58654
18.59939
18.61181
18.6244
18.637
18.65019
18.66173
18.67403
18.68641
18.69772
18.70904
18.7201
18.73202
18.74291
18.75411
18.76534
18.776
18.78754
18.79907
18.81005
18.82208
18.83382
18.84448
18.856
18.86721
18.87802
18.88918
18.90026
18.91113
18.92258
18.93382
18.94498
18.95642
18.96755
18.97822
18.98986
19.00174
19.01331
19.02437
19.03653
19.05259
19.06392
19.07495
19.0865
TARGET DESTROYED 
19.09799
19.11427
19.12597
19.13721
19.14913
19.16022
19.17156
19.18249
19.19317
19.20512
19.21649
19.22723
19.23874
19.2501
19.26778
19.28037
19.2918
19.3028
19.31406
19.32517
19.33634
19.34794
19.35877
19.37004
19.38158
19.39227
19.40349
19.41462
19.42537
19.43673
19.44783
19.45908
19.47008
19.48182
19.49495
19.50619
19.51823
19.53105
19.54216
19.55306
19.56495
19.57546
19.58636
19.59806
19.61279
19.62464
19.6354
19.6463
19.65794
19.66948
19.68056
19.6912
19.70236
19.71361
19.72481
19.74058
19.752
19.76302
19.77392
19.78511
19.79654
19.80784
19.81891
19.83027
19.84126
19.85337
19.86466
19.87726
19.88855
19.8997
19.91047
19.9217
19.93314
19.94403
19.9551
19.96636
19.97762
19.98912
20.00056
20.01123
20.0227
20.03361
20.04451
20.05563
20.06693
20.07856
20.0909
20.10344
20.11445
20.12545
20.13672
20.1484
20.15986
20.17126
20.18238
20.19357
20.20525
20.21622
20.22665
20.23837
20.2495
20.26017
20.27137
20.28234
20.29299
20.30448
20.3154
20.32644
20.33887
20.35025
20.36149
20.37284
20.38394
20.39455
20.40671
20.41818
20.42892
20.44454
20.45583
20.46701
20.47901
20.49132
20.50272
20.51413
20.52473
20.53601
20.54758
20.55846
20.56955
20.58094
20.59177
20.60288
20.61459
20.62531
20.6365
20.64799
20.65907
20.66997
20.68258
20.69324
20.70443
20.71559
20.72631
20.7374
20.7491
20.76022
20.77108
20.78212
20.79317
20.80429
20.81574
20.82683
20.83821
20.84908
20.86001
20.87149
20.88252
20.8934
20.9048
20.91587
20.92681
20.93822
20.9498
20.96099
20.97252
20.98406
20.99584
21.0082
21.02001
21.03119
21.04186
21.053
21.06473
21.0767
21.08815
21.09927
21.11053
21.12263
21.13874
21.15053
21.16186
21.17311
21.18458
21.19538
21.20635
21.2177
21.22882
21.24008
21.25137
21.26306
21.27423
21.2852
21.29646
21.30784
21.31878
21.32997
21.34064
21.35247
21.36329
21.37428
21.38523
21.39643
21.40769
21.41895
21.43006
21.4412
21.45213
21.46365
21.4747
21.48574
21.49804
21.5082
21.51974
21.53091
21.54223
21.55375
21.56521
21.57664
TARGET DESTROYED 
21.58907
21.60818
21.62133
21.63299
21.64354
21.6546
21.66527
21.67567
21.688
21.69909
21.70992
21.72153
21.7327
21.74357
21.76131
21.77411
21.78549
21.79683
21.80806
21.82364
21.84158
21.85428
21.86537
21.87659
21.88808
21.89956
21.91038
21.92168
21.93269
21.94348
21.95452
21.96577
21.97758
21.98815
21.99988
22.01038
22.02154
22.0327
22.04393
22.0554
22.06624
22.07737
22.0884
22.09999
22.11134
22.1222
22.13323
22.14449
22.15574
22.1672
22.17852
22.18905
22.20083
22.21164
22.22261
22.23392
22.24494
22.25608
22.26737
22.27849
22.29029
22.30199
22.3128
22.32349
22.33422
22.34545
22.35657
22.369
22.37988
22.39093
22.40284
22.41547
22.426
22.43779
22.44937
22.46074
22.473
22.48399
22.49536
22.50679
22.5233
22.53468
22.54561
22.55694
22.56892
22.58026
22.59159
22.60266
22.61353
22.62473
22.63601
22.64773
22.65818
22.66972
22.68119
22.69166
22.70282
22.71431
22.72519
22.73656
22.74821
22.75892
22.76991
22.78157
22.7922
22.80396
22.81468
22.82567
22.83748
22.84827
22.85934
22.87053
22.8817
22.89283
22.90397
22.91533
22.92623
22.93758
22.94921
22.96007
22.97109
22.98237
22.99367
23.00519
23.01622
23.02756
23.0391
23.05075
23.06214
23.07374
23.08504
23.09668
23.10802
23.11934
23.13123
23.14246
23.15388
23.16555
23.17664
23.18802
23.19955
23.2105
23.22638
23.23772
23.24837
23.25937
23.27043
23.28147
23.2927
23.30561
23.3178
23.32877
23.34007
23.3522
23.36354
23.3746
23.38643
23.3974
23.40824
23.42049
23.43182
23.44263
23.45414
23.46589
23.47697
23.48835
23.49934
23.50963
23.52038
23.53122
23.54173
23.55239
23.56314
23.57426
23.5859
23.5968
23.61225
23.62404
23.63519
23.64612
23.65727
23.66855
23.67996
23.69111
23.70265
23.71375
23.72496
23.73635
23.74761
23.75882
23.77019
23.78117
23.79313
23.80424
23.81478
23.82547
23.83721
23.84813
23.85866
23.87008
23.88121
23.89183
23.90308
23.91901
23.93045
23.94202
23.95403
23.96531
23.97619
23.98762
23.99942
24.01003
TARGET DESTROYED 
24.02169
24.03694
24.04843
24.05909
24.07025
24.08178
24.09246
24.11049
24.12352
24.13558
24.14734
24.15805
24.16921
24.17994
24.19092
24.20194
24.21254
24.22329
24.23378
24.2449
24.2554
24.26676
24.27802
24.28944
24.30029
24.31168
24.32253
24.33369
24.3448
24.35629
24.36779
24.37847
24.38958
24.40083
24.41177
24.42308
24.4343
24.44571
24.45654
24.46774
24.47918
24.49018
24.50139
24.5125
24.52352
24.53481
24.5463
24.55818
24.56892
24.57954
24.59055
24.60177
24.61766
24.6286
24.63942
24.65067
24.6616
24.6724
24.68296
24.69387
24.70501
24.71652
24.72724
24.73841
24.74998
24.76084
24.77197
24.78342
24.79465
24.80549
24.81675
24.82802
24.83908
24.85148
24.86211
24.8732
24.88492
24.89544
24.90729
24.91838
24.92902
24.93989
24.95078
24.96296
24.97322
24.98442
24.99683
25.0087
25.01996
25.03074
25.04123
25.05233
25.0646
25.07556
25.08637
25.09806
25.10929
25.1202
25.13162
25.14295
25.15411
25.16585
25.17632
25.18805
25.19893
25.21045
25.22147
25.23227
25.24387
25.25461
25.26591
25.27741
25.28889
25.29995
25.31077
25.32148
25.33318
25.34958
25.36079
25.37212
25.3833
25.39497
25.40612
25.4182
25.44493
25.45648
25.46727
25.4784
25.48908
25.50032
25.51051
25.52096
25.53123
25.542
25.55254
25.5634
25.57382
25.58463
25.59627
25.61158
25.62278
25.63368
25.64462
25.65537
25.66668
25.67789
25.68838
25.69976
25.71041
25.72097
25.73168
25.74216
25.75277
25.76384
25.7747
25.78575
25.79728
25.80847
25.81967
25.83062
25.84174
25.85292
25.86423
25.87511
25.88689
25.89817
25.90893
25.92031
25.93105
25.94223
25.95356
25.96506
25.97595
25.98692
25.99862
26.00982
26.0212
26.03345
26.04492
26.05633
26.06836
26.08469
26.09547
26.10656
26.11732
26.12808
26.13906
26.14987
26.16045
26.17165
26.18313
26.19342
TARGET DESTROYED 
26.20436
26.22959
26.24104
26.25234
26.26355
26.27432
26.29471
26.30747
26.31812
26.32869
26.33933
26.35054
26.36178
26.37298
26.38426
26.39473
26.40554
26.41586
26.42697
26.43774
26.44881
26.45934
26.47043
26.48146
26.49172
26.50249
26.51291
26.52358
26.53473
26.54517
26.55648
26.56772
26.57919
26.59018
26.60148
26.6123
26.62357
26.63474
26.64576
26.65697
26.66832
26.67948
26.69058
26.70185
26.71305
26.7241
26.73567
26.7512
26.76266
26.77301
26.78381
26.79527
26.80586
26.81674
26.82728
26.83902
26.84994
26.86051
26.87156
26.88258
26.89361
26.90475
26.91657
26.92717
26.93833
26.94967
26.96057
26.97175
26.98361
26.99443
27.00658
27.01779
27.02838
27.03923
27.05038
27.06156
27.07232
27.0835
27.09469
27.10608
27.1173
27.1284
27.13981
27.15099
27.16247
27.17361
27.1851
27.19671
27.20821
27.21925
27.23096
27.24179
27.25313
27.26451
27.27569
27.28733
27.29862
27.30963
27.32133
27.33264
27.34444
27.35593
27.36929
27.38094
27.39223
27.40379
27.41509
27.42659
27.43925
27.45052
27.46175
27.47278
27.48867
27.50038
27.51147
27.52228
27.53292
27.5431
27.55358
27.56396
27.57446
27.58545
27.59541
27.60974
27.62095
27.63109
27.64101
27.65138
27.66281
27.67389
27.68489
27.69634
27.71073
27.72285
27.73433
27.74504
27.75672
27.76833
27.77913
27.79057
27.80169
27.81203
27.8229
27.83406
27.84491
27.85522
27.86619
27.87684
27.88729
27.89809
27.90874
27.92046
27.93186
27.94323
27.9544
27.9658
27.97713
27.9882
27.9993
28.01103
28.02182
28.03264
28.04383
28.05512
28.06626
28.0773
28.08896
28.10016
28.11115
28.12224
28.13365
28.14463
28.1553
28.167
28.17813
28.18938
28.20501
28.21606
28.22681
28.23809
28.24883
28.25963
28.27088
28.28123
28.29218
28.30477
28.31631
28.32755
28.33858
28.34963
28.36051
28.37208
28.38297
28.39392
28.40476
28.41586
28.42742
28.43942
28.4513
28.46205
28.47267
28.48404
28.49475
28.5055
28.51697
28.52732
28.53801
28.54913
28.56254
28.57444
28.58547
28.59544
28.60657
28.61801
28.62848
28.64167
