0.02
0.04
0.14
0.1786589
0.1927068
0.2044305
0.2146185
0.2240751
0.2338589
0.2480592
0.2575832
0.2670055
0.276618
0.287984
0.2996371
0.312131
0.3218748
0.3330762
0.3437907
0.3572239
0.3690647
0.3781168
0.3884023
0.3998043
0.4109303
0.4219396
0.4335642
0.4442171
0.4557072
0.4705943
0.4800599
0.4901764
0.5005726
0.5113423
0.5227009
0.533791
0.5447868
0.555936
0.5673793
0.579864
0.5908931
0.6007081
0.611975
0.6232428
0.6343759
0.6454856
0.6566617
0.6679049
0.6790348
0.6899697
0.7013318
0.7124405
0.7235948
0.7349429
0.745879
0.7569714
0.7688689
0.7794778
0.7906013
0.801891
0.8130539
0.8244045
0.8354132
0.846341
0.8575812
0.8687467
0.8805358
0.8965397
0.9061717
0.9184761
0.9291149
0.9403788
0.951511
0.9627679
0.9739886
0.9854611
0.9968705
1.007619
1.019175
1.029808
1.041055
1.052429
1.064195
1.074456
1.086284
1.097021
1.108414
1.12042
1.130428
1.147921
1.160149
1.170428
1.181965
1.192616
1.204495
1.215105
1.226261
1.237513
1.248964
1.259913
1.271088
1.282424
1.293211
1.304309
1.315801
1.326679
1.337857
1.349572
1.360421
1.371414
1.382708
1.39395
1.40491
1.418137
1.428751
1.438858
1.449809
1.461065
1.474084
1.483677
1.49483
1.505838
1.516804
1.527772
1.541888
1.552155
1.561619
1.573152
1.584602
1.599381
1.608865
1.618968
1.630278
1.641646
1.66102
1.671839
1.684352
1.695228
1.707653
1.717663
1.729021
1.739984
1.751264
1.762426
1.773563
1.784742
1.803704
1.81746
1.830045
1.840641
1.851801
1.863141
1.874118
1.885358
1.896594
1.907572
1.919318
1.930711
1.941199
1.952431
1.963345
1.974634
1.986158
1.997006
2.008009
2.019612
2.030509
2.041539
2.052827
2.064353
2.075194
2.086235
2.097343
2.108969
2.119797
2.131064
2.142029
2.153304
2.164452
2.176441
2.187535
2.198297
2.209219
2.220473
2.231912
2.242537
2.253679
2.268772
2.279996
2.290335
2.300581
2.310646
2.321674
2.333862
2.344699
2.3562
2.368022
2.379295
2.390852
2.401991
2.41311
2.424211
2.435514
2.446956
2.458541
2.469048
2.480394
2.491594
2.502465
2.513799
2.52513
2.536121
2.549487
2.562339
2.573607
2.58497
2.596421
2.608467
2.61882
2.628803
2.63943
2.650966
2.662219
2.671926
2.683017
2.693747
2.708198
2.719247
2.730058
2.740824
2.751375
2.762005
2.772547
2.783559
2.794542
2.805806
2.818217
2.829059
2.840036
2.850594
2.860796
2.8715
2.882125
2.892815
2.903324
2.914385
2.930877
2.943079
2.954241
2.965708
2.976459
2.988077
2.999085
3.009633
3.020298
3.031652
3.042703
3.053576
3.065243
3.075489
3.086863
3.097783
3.108925
3.120651
3.133681
3.144035
3.15558
3.166544
3.178137
3.189601
3.201051
3.211517
3.22275
3.23401
3.244541
3.255954
3.270782
3.28287
3.294207
3.306708
3.320406
3.334453
3.348761
3.36326
3.375436
3.387101
3.400103
3.412664
3.425413
3.438009
3.449862
3.462404
3.475216
3.48659
3.497796
3.508563
3.518917
3.52939
3.539625
3.549779
3.561894
3.573314
3.584068
3.599456
3.610414
3.621354
3.631746
3.641934
3.657046
3.667635
3.677719
3.688448
3.703506
3.714648
3.725106
3.736695
3.747709
3.758563
3.769679
3.780998
3.792225
3.80337
3.815037
3.826787
3.838027
3.84896
3.860146
3.87147
3.882257
3.894032
3.905535
3.916378
3.927563
3.939334
3.951965
3.962675
3.973899
3.985522
3.996636
4.007696
4.01879
4.029961
4.041162
4.052624
4.063475
4.074867
4.087477
4.098949
4.110036
4.122434
4.134425
4.14535
4.157527
4.169713
4.181305
4.192964
4.205674
4.216566
4.227527
4.239764
4.2509
4.261564
4.272947
4.285347
4.29556
4.306541
4.317312
4.332579
4.343258
4.354327
4.365716
4.376637
4.391418
4.402649
4.413754
4.425126
4.43649
4.447924
4.459319
4.471504
4.482739
4.49364
4.505774
4.517057
4.528102
4.539297
4.550382
4.561099
4.572632
4.583438
4.594495
4.605973
4.617098
4.628104
4.639471
4.650856
4.661489
4.67323
4.68433
4.695192
4.706241
4.717062
4.727725
4.738963
4.749989
4.760485
4.771904
4.783648
4.794612
4.80642
4.819137
4.830363
4.8412
4.852158
4.863328
4.874245
4.885059
4.896349
4.907659
4.919379
4.930639
4.941513
4.952649
4.96365
4.974508
4.986592
5.00263
5.013649
5.024903
5.036135
5.046945
5.05805
5.068856
5.079701
5.09115
5.102305
5.113267
5.124388
5.135704
5.147179
5.15811
5.169351
5.180498
5.191768
5.202652
5.213943
5.225304
5.236372
5.247388
5.25852
5.269725
5.281308
5.29218
5.30351
5.315322
5.325694
5.336878
5.348197
5.359117
5.370347
5.381359
5.392619
5.404132
5.415167
5.426064
5.438069
5.449421
5.460693
5.471768
5.484081
5.495008
5.505527
5.515769
5.527259
5.53892
5.550733
5.562613
5.573441
5.585533
5.600964
5.612841
5.62366
5.63479
5.646165
5.657387
5.668933
5.684973
5.696143
5.707349
5.718511
5.729363
5.740723
5.752149
5.763544
5.774892
5.785833
5.796576
5.807496
5.819618
5.830906
5.841914
5.852915
5.864354
5.875194
5.887158
5.898179
5.908239
5.918935
5.929185
5.939732
5.951141
5.962255
5.973338
5.988014
6.000075
6.010726
6.022336
6.034108
6.045016
6.056549
6.068271
6.080138
6.090994
6.102016
6.11298
6.124156
6.135021
6.146382
6.15799
6.168895
6.180156
6.191401
6.203061
6.214631
6.225508
6.237063
6.248398
6.25934
6.270744
6.282334
6.293616
6.30526
6.316672
6.32744
6.338935
6.350402
6.366353
6.378174
6.389784
6.401312
6.412735
6.423543
6.434844
6.446373
6.457808
6.468717
6.480912
6.493265
6.505433
6.516597
6.527412
6.538836
6.549945
6.560908
6.571815
6.583367
6.594347
6.605586
6.616645
6.627711
6.638958
6.649915
6.661407
6.672151
6.683362
6.695216
6.706454
6.717691
6.729199
6.740249
6.751824
6.762953
6.773717
6.784958
6.796154
6.806979
6.819616
6.830879
6.842173
6.853102
6.864412
6.875226
6.886003
6.897572
6.90848
6.920973
6.933347
6.945329
6.958022
6.969491
6.981512
6.993406
7.005684
7.017435
7.029204
7.041163
7.057676
7.069957
7.081967
7.093394
7.105735
7.117532
7.129741
7.140946
7.152674
7.164206
7.175909
7.188048
7.19957
7.211094
7.222991
7.234698
7.246884
7.258055
7.269334
7.281223
7.29286
7.304753
7.316929
7.328918
7.340459
7.352273
7.364003
7.375917
7.387819
7.399476
7.411169
7.423022
7.435356
7.447945
7.459195
7.471012
7.482907
7.495403
7.507073
7.519175
7.529995
7.540987
7.552391
7.563507
7.57492
7.586745
7.602808
7.614669
7.62664
7.638371
7.65028
7.661789
7.673503
7.685391
7.697163
7.70865
7.720936
7.732909
7.744664
7.761788
7.773633
7.784738
7.796443
7.807419
7.819571
7.832231
7.843914
7.855664
7.867373
7.879303
7.891119
7.90314
7.914562
7.926325
7.938412
7.950659
7.961666
7.973116
7.984118
7.995313
8.006388
8.018122
8.029408
8.040533
8.052146
8.063424
8.074684
8.086634
8.098294
8.110497
8.122066
8.133634
8.145185
8.156571
8.168014
8.179707
8.191163
8.202937
8.213977
8.225109
8.237189
8.248253
8.259446
8.271907
8.283777
8.295705
8.308078
8.319382
8.330887
8.34201
8.353562
8.364861
8.375807
8.387365
8.398532
8.409547
8.421431
8.433148
8.44425
8.460443
8.471614
8.4821
8.49304
8.505541
8.516685
8.527692
8.538386
8.55289
8.564978
8.575877
8.58764
8.598484
8.609578
8.620839
8.632076
8.642929
8.654183
8.665566
8.676424
8.687549
8.699218
8.71005
8.721412
8.732506
8.744029
8.755547
8.766617
8.777771
8.788744
8.799862
8.811122
8.822996
8.834662
8.845885
8.856743
8.867871
8.879244
8.890829
8.902328
8.913517
8.924985
8.936445
8.947161
8.958987
8.970449
8.981223
8.992405
9.004838
9.015841
9.027349
9.038952
9.050183
9.061897
9.073342
9.084313
9.095278
9.106784
9.118743
9.130193
9.141321
9.152626
9.168547
9.184155
9.196191
9.207619
9.219378
9.230624
9.242146
9.254338
9.265326
9.276683
9.288679
9.300673
9.312053
9.324496
9.335617
9.346725
9.357873
9.369507
9.38063
9.391685
9.413691
9.425568
9.437911
9.44862
9.459323
9.471123
9.481645
9.493144
9.503983
9.516868
9.528461
9.538974
9.549258
9.559658
9.570992
9.582376
9.592642
9.609025
9.620564
9.632333
9.643594
9.655065
9.665913
9.676589
9.68822
9.699141
9.710097
9.721918
9.732967
9.744198
9.755727
9.767207
9.77896
9.789868
9.80094
9.812592
9.828894
9.84059
9.851626
9.862785
9.873405
9.884263
9.895757
9.906891
9.918027
9.930751
9.943545
9.956729
9.969322
9.982623
9.994875
10.00762
10.0208
10.03409
10.04662
10.05887
10.07142
10.0844
10.0964
10.10899
10.12159
10.13379
10.14639
10.15893
10.17127
10.18424
10.19654
10.20823
10.22038
10.23318
10.24539
10.25764
10.27015
10.28352
10.29657
10.30868
10.32125
10.33434
10.34644
10.35862
10.37126
10.38389
10.39672
10.40919
10.42183
10.43495
10.44714
10.45947
10.47193
10.48495
10.49777
10.50985
10.52269
10.53948
10.55155
10.56308
10.5755
10.58744
10.59907
10.61
10.62159
10.6325
10.64357
10.65537
10.6666
10.67782
10.68988
10.70055
10.71275
10.72428
10.7351
10.74544
10.75699
10.76749
10.77794
10.78861
10.79967
10.8103
10.82176
10.83318
10.84336
10.85461
10.86615
10.87688
10.88815
10.89943
10.91076
10.92206
10.93284
10.94391
10.95516
10.96669
10.97772
10.98887
11.0007
11.01111
11.0222
11.03354
11.04494
11.05645
11.06833
11.07963
11.09111
11.10242
11.11408
11.12554
11.13757
11.14889
11.15995
11.17162
11.18392
11.19436
11.20616
11.21859
11.252
11.26295
11.27421
11.28596
11.29697
11.30832
11.31977
11.33498
11.34666
11.35833
11.37049
11.38295
11.3958
11.40917
11.42122
11.43725
11.44934
11.46039
11.47215
11.48371
11.49591
11.50674
11.51775
11.52963
11.54127
11.55208
11.56322
11.57433
11.58555
11.60107
11.61251
11.62361
11.63461
11.64534
11.65639
11.66803
11.67889
11.69088
11.70658
11.71813
11.72997
11.74134
11.75277
11.7645
11.7764
11.78852
11.80045
11.81261
11.82619
11.83789
11.85019
11.86185
11.87359
11.88555
11.89694
11.90898
11.92175
11.93389
11.94595
11.95798
11.97026
11.98308
11.9952
12.00858
12.02063
12.03321
12.04435
12.05644
12.06867
12.08051
12.09228
12.10443
12.11696
12.13444
12.14631
12.1583
12.17095
12.18262
12.19501
12.20684
12.21817
12.22973
12.24165
12.25408
12.26567
12.27755
12.28954
12.30121
12.31402
12.32585
12.3383
12.35061
12.36262
12.37446
12.38584
12.39709
12.40845
12.41949
12.43002
12.44124
12.45209
12.46294
12.47427
12.48628
12.49698
12.50851
12.51985
12.53024
12.54205
12.55331
12.56457
12.57533
12.58655
12.59706
12.6086
12.62015
12.63101
12.64261
12.65374
12.66427
12.67542
12.68636
12.69779
12.70886
12.72011
12.73178
12.74232
12.75369
12.76525
12.7758
12.78722
12.79853
12.80933
12.82673
12.83786
12.8495
12.86056
12.87122
12.8824
12.89315
12.90389
12.91453
12.92586
12.93682
12.9472
12.9583
12.96949
12.98034
12.99127
13.00223
13.01246
13.02311
13.03435
13.04505
13.05581
13.06686
13.07808
13.08926
13.10049
13.11229
13.12261
13.13392
13.14535
13.15646
13.16748
13.17828
13.18946
13.20078
13.21231
13.22342
13.23492
13.24627
13.25751
13.26936
13.28113
13.29191
13.30334
13.31528
13.32621
13.33725
13.34919
13.36012
13.37146
13.38298
13.39405
13.40543
13.4174
13.42843
13.44023
13.45117
13.46228
13.47317
13.48459
13.49551
13.51083
13.52122
13.53162
13.54136
13.55263
13.56254
13.57394
13.58539
13.60116
13.61309
13.62527
13.63712
13.64836
13.66002
13.67216
13.68423
13.69631
13.70876
13.72077
13.73241
13.74436
13.75607
13.76762
13.77922
13.79137
13.80345
13.81501
13.82838
13.83956
13.85079
13.86348
13.87561
13.88794
13.90001
13.9121
13.92449
13.93662
13.94915
13.96089
13.97287
13.98542
13.99676
14.00905
14.021
14.03317
14.04484
14.05734
14.07017
14.08308
14.09483
14.10666
14.11895
14.13107
14.14319
14.15583
14.16765
14.17959
14.192
14.2053
14.2226
14.23514
14.24634
14.25793
14.27038
14.28209
14.29365
14.30624
14.31818
14.32981
14.34095
14.35316
14.36603
14.37788
14.38961
14.40119
14.41312
14.42471
14.43648
14.44795
14.45968
14.47188
14.48356
14.49632
14.50831
14.5206
14.53367
14.54504
14.55694
14.5695
14.58058
14.59182
14.60376
14.61508
14.62644
14.63795
14.64896
14.66051
14.67214
14.68419
14.69562
14.70704
14.71985
14.73065
14.74204
14.75397
14.7654
14.77717
14.78833
14.80048
14.81193
14.82395
14.83546
14.84688
14.85916
14.87093
14.88253
14.89516
14.90722
14.92456
14.93676
14.94841
14.96052
14.97223
14.98419
14.99636
15.00833
15.02071
15.03229
15.04456
15.05612
15.06783
15.07976
15.09153
15.10457
15.11695
15.12873
15.14038
15.15275
15.16438
15.1761
15.18868
15.20016
15.21183
15.22348
15.23554
15.2469
15.25909
15.27128
15.28366
15.29564
15.30827
15.32126
15.33311
15.34486
15.35672
15.36919
15.38105
15.39257
15.40476
15.41718
15.42907
15.44106
15.45386
15.46585
15.47859
15.49112
15.50382
15.5167
15.52858
15.54132
15.55405
15.56737
15.57975
15.59095
15.6066
15.61872
15.6305
15.6425
15.65934
15.67025
15.68064
15.6914
15.70737
15.72013
15.73144
15.74351
15.75635
15.76957
15.78178
15.79294
15.8044
15.81659
15.82837
15.84002
15.85149
15.86261
15.87483
15.88612
15.89715
15.90832
15.922
15.93327
15.94462
15.95617
15.96864
15.98022
15.99154
16.00418
16.01577
16.02706
16.03861
16.04958
16.06085
16.07242
16.08512
16.09725
16.10919
16.12284
16.13515
16.14747
16.15986
16.17277
16.18481
16.19694
16.20908
16.22202
16.23472
16.24685
16.25944
16.27192
16.28402
16.29571
16.30785
16.32079
16.33434
16.3516
16.36374
16.3759
16.38866
16.40095
16.41252
16.4249
16.43707
16.44737
16.45855
16.46929
16.47993
16.49113
16.50276
16.51465
16.53202
16.54383
16.55476
16.56572
16.57819
16.58982
16.60068
16.61226
16.62325
16.63446
16.64508
16.65731
16.66979
16.68153
16.6943
16.70688
16.71936
16.73208
16.74564
16.75896
16.77253
16.78649
16.79985
16.81344
16.8274
16.84062
16.85404
16.86755
16.88039
16.89368
16.90717
16.92126
16.93458
16.9472
16.95976
16.97232
16.98454
16.99686
17.01005
17.02315
17.03601
17.04892
17.06845
17.08225
17.09533
17.10897
17.12194
17.1353
17.14863
17.16295
17.1759
17.18957
17.20271
17.21523
17.22854
17.24143
17.25477
17.26775
17.2798
17.29214
17.30457
17.31728
17.33006
17.34148
17.35327
17.36555
17.37795
17.38944
17.40128
17.41272
17.42422
17.43656
17.44891
17.46091
17.47323
17.48549
17.49682
17.50843
17.52052
17.53221
17.54404
17.55663
17.56796
17.5799
17.59179
17.6078
17.62044
17.63466
17.64828
17.66202
17.67564
17.69187
17.70821
17.72126
17.73462
17.74659
17.75893
17.77036
17.78118
17.79265
17.80908
17.82235
17.83395
17.84519
17.85625
17.86727
17.87864
17.89009
17.90183
17.91405
17.92533
17.93737
17.94903
17.96153
17.9732
17.98493
17.99656
18.00765
18.01978
18.03076
18.04188
18.05332
18.06437
18.07536
18.08727
18.09865
18.11045
18.12215
18.13353
18.1452
18.1563
18.16818
18.17972
18.19179
18.20382
18.21601
18.22717
18.23927
TARGET DESTROYED 
18.25118
18.2746
18.29684
18.31101
18.32404
18.33726
18.35001
18.36118
18.37232
18.38328
18.39446
18.40582
18.41674
18.42801
18.43928
18.45028
18.46136
18.47672
18.48839
18.49987
18.51106
18.52242
18.53389
18.54488
18.55602
18.56706
18.57864
18.59088
18.60237
18.61279
18.62364
18.63524
18.64645
18.65762
18.669
18.67916
18.69088
18.70216
18.71307
18.72416
18.73602
18.74644
18.75757
18.76889
18.7797
18.79112
18.80176
18.81249
18.82527
18.83591
18.84675
18.8572
18.86917
18.88035
18.8921
18.90374
18.9149
18.92711
18.93895
18.95064
18.96225
18.97338
18.986
18.99762
19.00896
19.0205
19.03166
19.04361
19.05494
19.06609
19.07827
19.09001
19.10175
19.11349
19.12566
19.13777
19.14915
19.16577
19.17776
19.18985
19.2016
19.2132
19.22506
19.23742
19.24897
19.26067
19.27234
19.28419
19.29646
19.30835
19.32022
19.33291
19.34435
19.35581
19.36735
19.37838
19.38971
19.40126
19.41147
19.4223
19.4332
19.44424
19.4554
19.46699
19.47795
19.48879
19.50026
19.51137
19.52276
19.53389
19.54492
19.55595
19.56719
19.57824
19.58959
19.60491
19.6156
19.62722
19.63826
19.64912
19.6597
19.67087
19.68175
19.69231
19.70361
19.7137
19.72435
19.73563
19.74572
19.75698
19.76824
19.77939
19.79052
19.8022
19.81384
19.8257
19.84197
19.85285
19.86342
19.87419
19.88542
19.89627
19.90745
19.91906
19.92982
19.9407
19.95163
19.96176
19.97296
19.98413
19.99451
20.00557
20.01621
20.02734
20.03811
20.04942
20.06012
20.07139
20.08289
20.09383
20.1048
20.11607
20.1273
20.1386
20.14994
20.16071
20.17182
20.18318
20.19421
20.2056
20.21704
20.22817
20.2396
20.25167
20.26228
20.27374
20.28533
20.29662
20.30803
20.31979
20.33033
20.34178
20.35326
20.36433
TARGET DESTROYED 
20.37613
20.39255
20.40459
20.41565
20.42725
20.43934
20.45077
20.46931
20.48183
20.49412
20.50551
20.52139
20.5336
20.54489
20.55581
20.56737
20.57855
20.58991
20.60234
20.61415
20.62568
20.63754
20.64868
20.66018
20.67142
20.68311
20.6954
20.70677
20.71747
20.72897
20.74
20.75111
20.76241
20.77342
20.78493
20.79563
20.80691
20.81908
20.8297
20.84103
20.85228
20.86367
20.87463
20.88599
20.89724
20.90871
20.92035
20.93136
20.9429
20.95373
20.96579
20.97815
20.99021
21.00315
21.0155
21.02812
21.04066
21.05368
21.06599
21.07831
21.09071
21.10366
21.11632
21.12877
21.14112
21.15375
21.16586
21.17808
21.1905
21.20814
21.22102
21.23429
21.24664
21.25979
21.27193
21.28477
21.29754
21.31021
21.32243
21.33506
21.34747
21.36014
21.37258
21.38547
21.3975
21.41069
21.42295
21.43526
21.44727
21.46066
21.47263
21.48561
21.49806
21.51066
21.52221
21.53477
21.54614
21.55803
21.56977
21.58128
21.59277
21.60925
21.62213
21.63448
21.64637
21.65931
21.67193
21.68414
21.6969
21.7093
21.72217
21.73469
21.74673
21.75896
21.77193
21.78445
21.79683
21.80937
21.82282
21.83622
21.84892
21.86118
21.87379
21.88627
21.89843
21.91116
21.92397
21.94115
21.95378
21.9661
21.97897
21.99137
22.00484
22.01791
22.03015
22.04275
22.05527
22.06776
22.08102
22.09351
22.10596
22.11862
22.13122
22.14401
22.15655
22.16949
22.18125
22.19374
22.20389
22.21429
22.22577
22.23712
22.24813
22.25911
22.27024
22.28181
22.29273
22.30367
22.31579
22.32636
22.33747
22.34882
22.35965
22.37057
22.38216
22.39371
22.40428
22.4157
22.42653
22.43782
22.44909
22.45998
22.47156
22.48255
22.49368
22.5049
22.51661
22.52787
22.53897
22.54978
22.56088
22.57231
22.58386
22.59399
22.60543
22.61664
22.62846
22.64386
22.6547
22.66566
22.67597
22.68702
22.69757
22.70846
22.71926
22.72994
22.74124
22.75229
22.76348
22.77456
22.78622
22.79729
22.80823
22.82002
22.83161
22.84255
22.85313
22.86404
22.87572
22.88626
22.89764
TARGET DESTROYED 
22.9088
22.92406
22.93547
22.94601
22.96394
22.97628
22.98748
22.99776
23.01826
23.02995
23.04091
23.0521
23.06339
23.07428
23.08549
23.0971
23.10826
23.11926
23.13032
23.14162
23.15254
23.16387
23.17489
23.18624
23.19737
23.20852
23.2199
23.23069
23.24201
23.25334
23.26434
23.27551
23.28666
23.29802
23.31419
23.32485
23.33566
23.34649
23.35754
23.36801
23.37839
23.38881
23.39954
23.41004
23.42078
23.43209
23.44312
23.45483
23.46567
23.47651
23.48769
23.49957
23.51025
23.52197
23.53356
23.54501
23.55641
23.56783
23.5789
23.58991
23.60425
23.61529
23.62615
23.6376
23.64817
23.6595
23.67009
23.68045
23.69169
23.70224
23.71367
23.72499
23.73637
23.7476
23.7592
23.77043
23.78214
23.79308
23.80514
23.81654
23.82808
23.8383
23.84935
23.8605
23.8714
23.88302
23.89367
23.90492
23.91638
23.9271
23.93856
23.9498
23.96076
23.972
23.98766
23.99826
24.00912
24.01952
24.02973
24.04085
24.05157
24.06225
24.07338
24.08434
24.09439
24.10497
24.11665
24.12853
24.13923
24.15054
24.16126
24.17214
24.18264
24.19379
24.20474
24.21542
24.22642
24.23782
24.24912
24.25982
24.27123
24.28254
24.29392
24.30509
24.31644
24.32708
24.33821
24.34993
24.36073
24.37198
24.38334
24.39456
24.40608
24.41751
24.42867
24.44004
24.45175
24.46275
24.47416
24.48608
24.49655
24.50885
24.51999
24.53098
24.54245
24.55355
24.56501
24.57613
24.5874
24.59926
24.61065
24.62234
24.63361
24.64516
24.65635
24.67257
24.6841
24.69487
24.70588
24.71669
24.72746
24.73874
24.75032
24.76108
24.77232
24.78362
24.79452
24.80579
24.81738
24.82861
24.83941
24.85065
24.86153
24.87282
24.88396
24.89508
24.90632
24.9176
24.9291
24.93968
24.95108
24.96204
24.97352
24.98503
24.99575
25.00692
25.02028
25.03064
25.04096
25.0516
25.06259
25.07407
25.08538
25.09686
25.10896
25.11965
25.13136
25.14271
25.15422
25.1655
25.17681
25.18827
25.20065
25.21102
25.22266
25.234
25.24565
25.2568
25.26841
25.27964
TARGET DESTROYED 
25.29072
25.30567
25.32309
25.34019
25.35205
25.36438
25.37535
25.38655
25.39781
25.40886
25.42016
25.43132
25.44238
25.45362
25.4651
25.47602
25.48718
25.49834
25.50942
25.52124
25.53224
25.54324
25.55422
25.56553
25.57646
25.58762
25.61258
25.62296
25.63287
25.64388
25.65458
25.66611
25.67696
25.68905
25.70343
25.71368
25.72456
25.73519
25.74573
25.75611
25.76659
25.77791
25.78904
25.80041
25.81864
25.82956
25.83996
25.85061
25.86205
25.87206
25.88274
25.89344
25.90404
25.91401
25.92523
25.93563
25.94588
25.95648
25.96762
25.97868
25.9897
26.00173
26.0123
26.02736
26.03869
26.04925
26.05949
26.07
26.08136
26.09253
26.10301
26.11323
26.1246
26.13495
26.1464
26.15731
26.16853
26.1798
26.19089
26.20225
26.21354
26.22482
26.23637
26.24815
26.2592
26.27051
26.28234
26.2934
26.30506
26.31718
26.32784
26.33915
26.3531
26.36362
26.37432
26.38477
26.39453
26.40629
26.41775
26.4295
26.44016
26.45141
26.46244
26.47409
26.48522
26.4964
26.50739
26.51879
26.52991
26.54099
26.55275
26.56374
26.57607
26.58642
26.59689
26.60817
26.61949
26.63063
26.64164
26.65318
26.664
26.67499
26.68676
26.69741
26.70877
26.72399
26.7354
26.7458
26.75675
26.76755
26.77809
26.7888
26.79917
26.80928
26.82145
26.8327
26.84344
26.85478
26.86516
26.87528
26.8857
26.89647
26.90779
26.91907
26.92989
26.94123
26.95239
26.96345
26.97478
26.98602
26.99705
27.00817
27.01976
27.03066
27.04175
27.05276
27.06411
27.0752
27.08649
27.09744
27.10901
27.11987
27.13143
27.14292
27.15401
27.16553
27.17657
27.18816
27.19967
27.21074
27.22228
27.23405
27.24469
27.25602
27.26797
27.27875
27.29002
27.30139
27.31283
27.32389
27.33536
27.34644
27.35765
27.36899
27.37991
27.39093
27.4024
27.41731
27.42785
27.43852
27.44962
27.45975
27.47032
27.48055
27.49143
27.50154
27.51118
27.52178
27.5332
27.54415
27.5553
27.56662
27.57859
27.58894
27.60354
27.61411
27.62449
27.63465
27.6451
27.65679
27.66825
27.67831
27.68947
27.70056
27.71167
27.7229
27.73453
27.74514
27.75625
27.76789
27.77858
27.78984
27.80126
27.81293
27.82403
27.83509
27.84632
27.85769
27.86912
27.88053
27.89183
27.903
27.91429
27.92547
27.93669
27.94779
27.95895
27.97085
27.98265
27.9928
28.00424
28.0167
28.0268
28.03836
28.05056
28.06094
28.07219
28.08495
28.10037
28.11192
28.12441
28.13514
28.14622
28.15795
28.16875
28.17993
28.19088
28.20215
28.21319
28.22442
28.23571
28.24692
28.25789
28.26931
28.28044
28.2914
28.30284
28.31373
28.32498
28.33627
28.34751
28.35865
28.36957
28.38076
28.3919
28.40335
28.41436
28.42547
28.4368
28.44828
28.45907
28.47068
28.48155
28.49285
28.50444
28.51609
28.52701
28.53856
28.55032
28.56142
28.57266
28.58419
28.59559
28.60678
28.61829
28.62936
28.64087
28.65248
28.66425
28.67569
28.68634
28.69777
28.70919
28.72022
28.73165
28.74245
28.75436
28.76493
28.77584
28.78736
28.80357
28.81409
28.82624
28.83709
28.84981
28.86036
28.87156
28.88309
28.89415
28.90602
28.91674
28.92745
28.93863
28.94994
28.96109
28.97219
28.98364
28.99443
29.00557
29.01708
29.02819
29.03929
29.05062
29.06198
29.0727
29.08414
29.09517
29.10623
29.11755
29.12849
29.13988
29.15096
29.16208
29.17317
29.18455
29.19571
29.20682
29.21915
29.22945
29.24046
29.25154
29.2626
29.27389
29.28578
29.2971
29.30873
29.31983
29.33194
29.34288
29.35433
29.36572
29.37808
29.38863
29.40044
29.41157
29.42287
29.43458
29.44591
29.45714
29.46877
29.47973
29.49555
29.50589
29.51575
29.52611
29.53642
29.54591
29.55639
29.56627
29.57689
29.58802
29.6027
29.61296
29.62372
29.63417
29.64443
29.65516
29.66681
29.67781
29.68961
29.70034
29.71091
TARGET DESTROYED 
29.72206
29.73694
29.74759
29.75817
29.76835
29.77905
29.78963
29.80054
29.81152
29.82282
29.83403
29.84519
29.86213
29.8742
29.88462
29.89505
29.90501
29.91572
29.92621
29.93666
29.94656
29.9582
29.96844
29.97827
29.98861
30.00041
30.0107
30.02209
30.03347
30.04459
30.05593
30.06692
30.078
30.08919
30.10054
30.11155
30.12272
30.13408
30.14948
30.16036
30.17047
30.18143
30.19199
30.20217
30.21251
30.224
30.23429
30.24568
30.25713
30.2685
30.27995
30.29117
30.30268
30.31415
30.32522
30.33764
30.34829
30.35969
30.37111
30.38234
30.39334
30.40442
30.41615
30.4268
30.43837
30.44964
30.46042
30.4717
30.48276
30.49388
30.50485
30.51663
30.52759
30.53899
30.55041
30.56252
30.57296
30.58448
30.59559
30.6068
30.61844
30.63002
30.64079
30.65216
30.66353
30.67478
30.6863
30.69723
30.70842
30.71965
30.7306
30.74198
30.75331
30.76418
30.77544
30.78672
30.79782
30.809
30.82038
30.83615
30.84607
30.85668
30.86744
30.87809
30.88828
30.89953
30.90942
30.92072
30.93152
30.94268
30.95308
30.9682
30.97896
30.9899
31.00022
31.01023
31.02161
31.03202
31.0423
31.05336
31.06338
31.07397
31.08448
31.09477
31.10558
31.11699
31.12784
31.1391
31.15063
31.16142
31.17252
31.18396
31.19496
31.20616
31.21727
31.22889
31.23981
31.25113
31.26184
31.27313
31.28488
31.29554
31.30662
31.31886
31.32927
31.34027
31.35143
31.36264
31.37408
31.38565
31.39692
31.40879
31.41987
31.43126
31.44283
31.45406
31.46553
31.4768
31.48833
31.50014
31.5111
31.52256
31.5376
31.54752
31.55756
31.56759
31.57798
31.58916
31.60349
31.61391
31.62525
31.63544
31.6451
31.65668
31.66717
31.67834
31.68988
31.70256
31.71224
31.72328
31.73437
31.74542
31.75642
31.76794
31.77898
31.79005
31.80144
31.81323
31.82446
31.83478
31.84586
31.85719
31.86848
31.87985
31.89072
31.90189
31.91311
31.92447
31.93569
31.94693
31.95796
31.96969
31.98221
31.99298
32.00306
32.01514
32.02576
32.03858
32.04881
32.0597
32.07107
32.08237
32.09355
32.1047
32.11598
32.12712
32.13813
32.14995
32.16034
32.17169
32.18322
32.1941
32.20553
32.22141
32.23208
32.24236
32.25292
32.26274
32.27349
32.28384
32.29394
32.30429
32.31493
32.3252
32.33585
32.34605
32.35653
32.36789
32.37918
32.39033
32.40129
32.41259
32.42371
32.43509
32.446
32.45712
32.46843
32.47963
32.49055
32.5022
32.51303
32.52426
32.53547
32.54663
32.55791
32.56886
32.58017
32.59111
32.60247
32.61398
32.62529
32.63667
32.64807
32.65972
32.67086
32.68239
32.69359
32.7055
32.71655
32.72784
32.73964
32.75093
32.76213
32.77336
32.78494
32.79625
32.8076
32.81934
32.83005
32.8419
32.85294
32.8642
32.8754
32.88659
32.90267
32.91359
32.9247
32.93558
32.94544
32.95624
32.96669
32.97701
32.98777
32.99866
33.00903
33.01935
33.02942
33.04074
33.05152
33.06196
33.07243
33.08282
33.09383
33.10494
33.11729
33.128
33.13867
33.14982
33.16075
33.17236
33.18324
33.19432
33.20558
33.21701
33.22792
33.23907
TARGET DESTROYED 
33.25067
33.26459
33.27565
33.28649
33.30309
33.31499
33.32577
33.33654
33.34668
33.35675
33.36727
33.3779
33.38832
33.3982
33.40843
33.41818
33.42912
33.44036
33.45131
33.46241
33.47367
33.4851
33.49594
33.50717
33.51832
33.53306
33.54308
33.55304
33.56303
33.57485
33.58523
33.59666
33.61595
33.62565
33.6354
33.64495
33.65467
33.66401
33.67483
33.68584
33.6969
33.71211
33.72297
33.7338
33.74422
33.75486
33.76445
33.77517
33.78642
33.79821
33.80861
33.82018
33.83103
33.84235
33.85369
33.86449
33.87587
33.88696
33.89816
33.9095
33.92069
33.93163
33.94307
33.95394
33.96529
33.97618
33.98731
33.99883
34.01084
34.02156
34.0327
34.0444
34.05562
34.06731
34.07836
34.08973
34.10166
34.11259
34.12401
34.13585
34.14706
34.15843
34.17624
34.18789
34.19997
34.2107
34.22219
34.23327
34.24424
34.25542
34.26691
34.27787
34.28913
34.30453
34.31513
34.32536
34.3362
34.34687
34.3573
34.36726
34.3791
34.39045
34.40102
34.41186
34.42318
34.43459
34.44563
34.45731
34.46791
34.47912
34.49048
34.50137
34.51236
34.52366
34.53558
34.54604
34.55757
34.56897
34.58036
34.59143
34.60289
34.6143
34.62568
34.63739
34.6489
34.65984
34.67154
34.68309
34.69417
34.70545
34.71702
34.72799
34.73957
34.75076
34.76214
34.77365
34.78453
34.79598
34.80728
34.81895
34.82998
34.84105
34.85267
34.86349
34.87477
34.88589
34.89706
34.90827
34.92018
34.93046
34.94175
34.95334
34.96611
34.97659
34.98676
34.99714
35.00875
35.01963
35.03557
35.04549
35.05595
35.06581
35.07603
35.08622
35.09608
35.1064
35.11718
35.12807
35.13948
35.15053
35.16241
35.17352
35.18426
35.19509
35.2064
35.21769
35.22853
35.23973
35.2513
35.26217
35.27331
35.28456
35.29603
35.30684
35.31833
35.32922
35.3402
35.35158
35.36274
35.37385
35.38511
35.39631
35.40771
35.41885
35.43024
35.44128
35.45287
35.46425
35.47611
35.48694
35.49848
35.50991
35.5209
35.53272
35.54341
35.55501
35.56677
35.57797
35.58934
35.60361
35.61355
35.62346
35.63396
35.64429
35.65546
35.66663
35.67767
35.68889
35.70029
35.71115
35.72253
35.73384
35.74464
35.76091
35.77168
35.78262
35.79289
35.80305
35.8138
35.82474
35.83483
35.84446
35.85522
35.86544
35.87649
35.88751
35.89904
35.9105
35.92117
35.93218
35.94346
35.95448
35.97343
35.98436
36.00491
36.01549
36.02547
36.03637
36.04666
36.05692
36.06733
36.07747
36.08807
36.09902
36.1098
36.12093
36.13242
36.14342
36.1544
36.16551
36.1768
36.18878
36.19945
36.21016
36.22908
36.23995
36.25035
36.25999
36.27004
36.28033
36.2905
36.30155
36.31111
36.32183
36.33324
36.34432
36.35539
36.36678
36.37789
36.38915
36.40061
36.4114
36.42233
36.43385
36.44479
36.45593
36.46739
36.47847
36.49393
36.50524
36.51513
36.52516
36.53548
36.54525
36.55676
36.56775
36.57884
36.59007
36.6012
36.61235
36.62418
36.63521
36.64645
36.65812
36.66949
36.6813
36.69229
36.70429
36.71563
36.72622
36.73773
36.74868
36.75991
36.77107
36.7828
36.79326
36.80468
36.81622
36.82697
36.83796
36.84961
36.8608
36.87181
36.88311
36.89423
36.90567
36.91726
36.9285
36.93967
36.95108
36.96245
36.97368
36.98524
36.99628
37.00776
37.01915
37.03072
37.04181
37.05283
37.06402
37.07516
37.08636
37.09758
37.10878
37.12006
37.13117
37.14239
37.15346
37.16455
37.17563
37.18743
37.19854
37.21351
37.22452
37.23496
37.24533
37.25546
37.26593
37.27633
37.28636
37.29811
37.30857
37.31891
37.32867
37.33955
37.35065
37.36163
37.37281
37.3841
37.39514
37.40636
37.41767
37.42878
37.43966
37.45107
37.46205
37.47324
37.48542
37.49591
37.50687
37.51819
37.53595
37.54602
37.55584
37.5654
37.57501
37.58557
37.5953
37.60962
37.61938
37.62911
37.64014
37.65147
37.66227
37.67353
37.68472
37.69591
37.71004
37.72068
37.73048
37.74081
37.7526
37.76294
37.77406
37.78549
37.7965
37.80799
37.8196
37.82981
37.84099
37.85221
37.86338
37.87452
37.88578
37.89716
37.90869
37.92437
37.93547
37.9459
37.9559
37.96593
37.97696
37.98849
38.00048
38.01163
38.02202
38.03349
38.04437
38.05559
38.06726
38.07829
38.08903
38.10044
38.11178
38.12275
38.13417
38.1449
38.1568
38.16732
38.17844
38.18961
38.20095
38.21189
38.22332
38.23434
38.2454
38.25663
38.26793
38.27942
38.29035
38.30177
38.31357
38.32428
38.33622
38.34764
38.35818
38.36963
38.38106
38.3927
38.40364
38.41484
38.42642
38.4381
38.44931
38.46032
38.47151
38.48277
38.4938
38.50488
38.51649
38.52734
38.53841
38.55
38.56078
38.57203
38.58355
38.59466
38.60555
38.61697
38.62779
38.63928
38.65045
38.66564
38.67605
38.68624
38.69649
38.70715
38.71799
38.72821
38.73833
38.74815
38.76033
38.77062
38.78094
38.79206
38.80327
38.81501
38.82661
38.83702
38.84819
38.85949
38.87031
38.88306
38.8932
38.90527
38.91584
38.92629
38.94251
38.95287
38.96226
38.9724
38.98254
38.99434
39.00461
39.01582
39.02662
39.03791
39.04938
39.06038
39.07136
39.08298
39.09362
39.10481
39.11628
39.12789
39.13844
39.14974
39.16064
39.17209
39.18332
39.19455
39.20534
39.21716
39.22768
39.23897
39.25095
39.2613
39.27261
39.28375
39.29484
39.30606
39.31792
39.32894
39.34019
39.35217
39.36317
39.3745
39.39047
39.40204
39.41228
39.42256
39.43298
39.4439
39.45442
39.46472
39.47453
39.4855
39.49628
39.50739
39.51863
39.52994
39.54089
39.55249
39.56307
39.5744
39.58569
39.59675
39.61129
39.62176
39.63166
39.64191
39.6527
39.66372
39.67485
39.68626
39.69719
39.70858
39.71965
39.73087
39.74184
39.75307
39.76489
39.77628
39.78723
39.79872
39.81086
39.82373
39.83403
39.84452
39.85518
39.86668
39.87743
39.88884
39.90006
39.91107
39.92251
39.93372
39.94449
39.95563
39.96706
39.9784
39.98943
40.00114
40.01186
40.02343
40.03472
40.04591
40.05694
40.0685
40.07931
40.09045
40.10602
40.1165
40.12629
40.13661
40.14689
40.15751
40.16742
40.17809
40.18964
40.2006
40.21148
40.22261
40.23415
40.2451
40.25626
40.26744
40.27876
40.28966
40.30109
40.3132
40.32346
40.33474
40.34548
40.35672
40.36804
40.3791
40.39022
40.40175
40.41266
40.42368
40.43515
40.44601
40.45724
40.46901
40.47985
40.49112
40.50252
40.51376
40.52496
40.53642
40.54789
40.55917
40.57054
40.58181
40.59298
40.60463
40.61596
40.62741
40.63835
40.65001
40.66078
40.67201
40.68337
40.69513
40.70571
40.71679
40.72791
40.73933
40.7508
40.76132
40.77285
40.78439
40.79478
40.80603
40.81737
40.83264
40.8428
40.85318
40.86357
40.87349
40.88345
40.89292
40.90339
40.91472
40.9258
40.93715
40.94862
40.95938
40.97044
40.9817
40.99289
41.00417
41.01648
41.0264
41.03755
41.04899
41.0601
41.07224
41.08253
41.09347
41.10465
41.11603
41.12844
41.13887
41.14968
41.16036
41.17144
41.18336
41.19402
41.20511
41.21657
41.22786
41.23905
41.25087
41.26192
41.2731
41.28484
41.29572
41.30714
41.31881
41.32987
41.34128
41.35346
41.36377
41.3756
41.38655
41.39808
41.41036
41.42114
41.43174
41.44286
41.45372
41.46554
41.47608
41.48769
41.49887
41.50971
41.52095
41.5325
41.54298
41.55459
41.56606
41.58112
41.59114
41.60495
41.61551
41.62752
41.63872
41.65031
41.66128
41.67218
41.68361
41.69454
41.70577
41.7177
41.7282
41.73975
41.75066
41.76154
41.77274
41.78492
41.7951
41.80619
41.81769
41.82894
41.83987
41.85133
41.86214
41.87356
41.88442
41.89587
41.90782
41.91864
41.92924
41.94022
41.95163
41.96286
41.97392
41.98523
41.99657
42.00754
42.0186
42.03014
42.04141
42.0529
42.06422
42.07566
42.08706
42.09895
42.11021
42.12151
42.13356
42.14429
42.15585
42.16764
42.17884
42.19056
42.20212
42.21294
42.2243
42.23577
42.24701
42.25814
42.26929
42.28496
42.29546
42.3055
42.31562
42.32584
42.33603
42.34677
42.35673
42.36734
42.37729
42.38831
42.39995
42.41057
42.42172
42.433
42.44422
42.45543
42.46652
42.47762
42.48878
42.50063
42.51107
42.52242
42.53363
42.54456
42.55606
42.5673
42.5781
42.58924
42.60083
42.61178
42.62276
42.63419
42.64502
42.65699
42.66784
42.67911
42.69046
42.70187
42.71311
42.72519
42.73604
42.74733
42.75863
42.77013
42.7822
42.79278
42.80409
42.81647
42.82666
42.83847
42.84977
42.86092
42.87236
42.88374
42.89474
42.90609
42.91737
42.92843
42.93941
42.95078
42.96178
42.97309
42.98456
42.99611
43.01129
43.02225
43.03223
43.04206
43.05199
43.06219
43.07207
43.0826
43.09238
43.1024
43.11365
43.12511
43.13605
43.14701
43.15841
43.16955
43.18072
43.19183
43.20309
43.21413
43.22529
43.23655
43.24764
43.25877
43.26999
43.28205
43.29222
43.30349
43.31524
43.32584
43.337
43.34853
43.35944
43.37048
43.38181
43.39315
43.40439
43.41609
43.42725
43.43904
43.45043
43.46146
43.47281
43.48534
43.49615
43.50692
43.51864
43.53072
43.54126
43.55268
43.56411
43.57534
43.587
43.599
43.61348
43.62429
43.63501
43.64482
43.65583
43.66565
43.67577
43.68646
43.69613
43.70676
43.71796
43.73319
43.7432
43.7541
43.76398
43.77402
43.78503
43.79649
43.8073
43.81873
43.82967
43.84116
43.8521
43.86314
43.87442
43.88541
43.89664
43.90803
43.91947
43.93023
43.94146
43.95258
43.96373
43.97481
43.98625
43.99745
44.00875
44.02011
44.03145
44.04287
44.05433
44.06595
44.07663
44.08828
44.09949
44.11092
44.12222
44.13363
44.14462
44.15604
44.16743
44.1781
44.18987
44.20102
44.21241
44.22406
44.23513
44.24632
44.25745
44.26906
44.27959
44.29084
44.30272
44.31332
44.32458
44.33558
44.34671
44.35793
44.36942
44.38046
44.39151
44.40393
44.4146
44.42489
44.43629
44.44716
44.46267
44.47324
44.48362
44.49374
44.50475
44.51468
44.526
44.53763
44.54762
44.55798
44.56925
44.57978
44.59028
44.60066
44.61157
44.62307
44.63476
44.64513
44.65748
44.66792
44.67882
44.69059
44.70125
44.71224
44.72328
44.73465
44.74598
44.75697
44.76838
44.77942
44.79049
44.80364
44.81667
44.8271
44.83814
44.84919
44.85867
44.86892
44.88047
44.89171
44.90322
44.91443
44.9264
44.93801
44.94913
44.96004
44.97137
44.98243
44.99395
45.00516
45.0166
45.0271
45.03829
45.04982
45.06082
45.07177
45.08326
45.09388
45.10522
45.11646
45.12759
45.13863
45.15003
45.16127
45.17705
45.18849
45.19884
45.20878
45.21983
45.23019
45.24009
45.25027
45.25977
45.27036
45.28476
45.2957
45.30574
45.31665
45.32669
45.33735
45.3489
45.36233
