0.02
0.04
0.14
0.1791722
0.1950573
0.2068006
0.2168394
0.2263034
0.2365742
0.2470936
0.2582466
0.2694795
0.2805555
0.2922054
0.3050808
0.3140619
0.325513
0.3367006
0.3479466
0.3590586
0.3705879
0.3810146
0.3946098
0.4057952
0.4147671
0.4294833
0.4384792
0.448237
0.459851
0.4707018
0.4816104
0.4929793
0.5048159
0.5159846
0.5279091
0.5387724
0.5486072
0.559886
0.5714329
0.5822154
0.5936016
0.6052243
0.6158207
0.6270068
0.6383185
0.649017
0.6606367
0.6718478
0.6836783
0.6950905
0.7052753
0.7161402
0.7274925
0.7387754
0.7497596
0.7611359
0.7724653
0.7832423
0.7946269
0.805759
0.8166534
0.8280807
0.8393367
0.8502789
0.8615558
0.8727434
0.886443
0.8995929
0.9108608
0.9220369
0.932957
0.9441161
0.9563268
0.9663509
0.9778314
0.9889718
1.000012
1.011556
1.022751
1.033526
1.044747
1.055897
1.067361
1.07846
1.089549
1.10061
1.111768
1.123129
1.134078
1.145235
1.156841
1.167338
1.178706
1.189847
1.201006
1.212395
1.223591
1.234609
1.245622
1.256861
1.268042
1.279374
1.290652
1.30208
1.313156
1.324631
1.335634
1.346693
1.357889
1.368986
1.380082
1.3918
1.402632
1.413677
1.424904
1.435911
1.447125
1.458444
1.469928
1.480653
1.492012
1.503316
1.514247
1.525515
1.53694
1.547957
1.559056
1.570461
1.581215
1.600116
1.610047
1.621795
1.632075
1.643525
1.654823
1.665571
1.67678
1.688661
1.699451
1.717001
1.727038
1.737089
1.746851
1.756464
1.766244
1.777424
1.78871
1.799671
1.810882
1.822197
1.839839
1.852203
1.862699
1.872274
1.882255
1.892118
1.901734
1.914694
1.925172
1.93496
1.945726
1.957637
1.968408
1.980087
1.992483
2.005979
2.018911
2.032054
2.043022
2.054368
2.065041
2.077686
2.088724
2.099265
2.109752
2.120677
2.131076
2.142246
2.152593
2.163629
2.174776
2.184937
2.195845
2.206919
2.217655
2.228963
2.240065
2.250284
2.261378
2.271889
2.282524
2.29342
2.303015
2.314838
2.326853
2.337587
2.347989
2.359668
2.369772
2.380556
2.39268
2.402792
2.414127
2.425324
2.436423
2.447836
2.45905
2.470342
2.481067
2.492364
2.503756
2.51534
2.526173
2.537269
2.548648
2.560318
2.571996
2.583262
2.595312
2.610805
2.621099
2.631134
2.641747
2.651864
2.663045
2.674238
2.684417
2.695074
2.70651
2.717526
2.728999
2.740179
2.750977
2.762326
2.773963
2.784972
2.795711
2.807054
2.818194
2.829308
2.84073
2.851519
2.86277
2.873872
2.88531
2.896196
2.908168
2.918597
2.929993
2.941242
2.952812
2.963334
2.974604
2.985848
2.9975
3.008577
3.020386
3.031613
3.042884
3.054645
3.065583
3.076927
3.088694
3.099434
3.110667
3.12252
3.133689
3.144807
3.156235
3.16732
3.178472
3.189748
3.200946
3.212229
3.223432
3.234416
3.245836
3.256634
3.267983
3.278973
3.290397
3.301279
3.312838
3.323954
3.334874
3.346133
3.357382
3.368268
3.379849
3.390791
3.402092
3.413337
3.424361
3.435533
3.446646
3.457801
3.468958
3.480107
3.491396
3.502406
3.514857
3.525094
3.5361
3.547112
3.558683
3.570835
3.580876
3.596539
3.606978
3.616829
3.627298
3.637016
3.647153
3.657082
3.667126
3.677497
3.689665
3.699849
3.711253
3.72242
3.733888
3.74555
3.755704
3.766938
3.778061
3.789422
3.801114
3.812273
3.822837
3.834018
3.84504
3.856445
3.867478
3.878564
3.889745
3.900743
3.911901
3.923283
3.934278
3.945629
3.956774
3.96875
3.979215
3.990736
4.001964
4.013588
4.025042
4.036348
4.048717
4.059252
4.07041
4.082954
4.093024
4.104709
4.115748
4.127681
4.138555
4.149564
4.161213
4.172868
4.18411
4.194953
4.206275
4.217241
4.228411
4.240054
4.250857
4.261892
4.273211
4.28628
4.29676
4.307481
4.317791
4.329498
4.340301
4.351367
4.362453
4.373948
4.384817
4.3961
4.407108
4.418348
4.429512
4.440684
4.451759
4.463058
4.474311
4.485456
4.496726
4.50773
4.519131
4.529975
4.541234
4.552421
4.563625
4.574867
4.585937
4.602199
4.613462
4.625175
4.636008
4.648913
4.659786
4.67068
4.681667
4.692963
4.704128
4.715012
4.726416
4.737828
4.748556
4.759957
4.771124
4.782169
4.793378
4.804963
4.815534
4.826972
4.838291
4.849146
4.860399
4.871691
4.882648
4.894016
4.905143
4.916062
4.927393
4.939014
4.949516
4.961064
4.972017
4.98316
4.994456
5.006523
5.017501
5.02789
5.039149
5.0505
5.061353
5.072676
5.084065
5.095646
5.106979
5.118582
5.129752
5.141389
5.152751
5.164235
5.176245
5.187904
5.198691
5.210361
5.221914
5.232679
5.244252
5.256064
5.267241
5.278723
5.289896
5.30095
5.312003
5.323398
5.335626
5.346547
5.357076
5.367807
5.379132
5.390798
5.401473
5.412582
5.424
5.435358
5.446056
5.457118
5.468726
5.479537
5.490618
5.50202
5.513151
5.524271
5.535604
5.546998
5.558064
5.568776
5.580104
5.591735
5.602575
5.613746
5.625174
5.635989
5.64698
5.658261
5.669574
5.680754
5.696548
5.707486
5.717961
5.728755
5.739337
5.75053
5.761673
5.772813
5.783252
5.794004
5.804477
5.815208
5.825924
5.837678
5.848924
5.860321
5.871047
5.881763
5.893579
5.904702
5.915471
5.926237
5.936965
5.948061
5.959003
5.969453
5.980171
5.990834
6.001482
6.01219
6.022967
6.033698
6.044713
6.056116
6.066982
6.077888
6.089043
6.100075
6.111688
6.123003
6.133892
6.145044
6.156164
6.167271
6.178793
6.190145
6.201616
6.213077
6.224437
6.235293
6.24635
6.258015
6.269278
6.280416
6.29187
6.30409
6.314491
6.32611
6.33755
6.348647
6.360001
6.37185
6.382608
6.394331
6.405727
6.416968
6.427969
6.439862
6.450981
6.462068
6.473583
6.485277
6.496116
6.50775
6.51831
6.529879
6.540898
6.55181
6.563447
6.574149
6.585338
6.596705
6.608061
6.618978
6.630541
6.642994
6.654026
6.665175
6.676288
6.687569
6.6989
6.710479
6.722236
6.733505
6.744921
6.760248
6.770934
6.781528
6.792747
6.804033
6.815004
6.826455
6.838081
6.848985
6.860444
6.871654
6.882329
6.893317
6.904592
6.915812
6.927209
6.938687
6.949985
6.960848
6.971626
6.982781
6.994131
7.005652
7.016069
7.02733
7.038865
7.049727
7.060795
7.072451
7.083219
7.094258
7.105465
7.116519
7.127929
7.13923
7.151175
7.162496
7.173913
7.184866
7.196445
7.207723
7.219055
7.230035
7.241255
7.252562
7.263722
7.275384
7.288238
7.300147
7.311656
7.323666
7.334885
7.346599
7.357936
7.368999
7.380724
7.393884
7.404691
7.415977
7.427629
7.439476
7.451631
7.463295
7.475389
7.485966
7.497658
7.509399
7.520635
7.533061
7.546082
7.557923
7.569475
7.581655
7.593113
7.604538
7.615606
7.627424
7.638781
7.650118
7.661208
7.673395
7.684775
7.699018
7.710579
7.721231
7.731822
7.743339
7.759048
7.770955
7.782348
7.793724
7.805221
7.816202
7.827303
7.839731
7.850628
7.862164
7.873146
7.883927
7.895389
7.907524
7.918489
7.930277
7.941899
7.954561
7.965401
7.977107
7.988508
7.999214
8.010287
8.021743
8.032615
8.043806
8.055131
8.066004
8.078497
8.089124
8.099664
8.111466
8.122461
8.133382
8.144249
8.155597
8.166512
8.177691
8.189065
8.200185
8.211093
8.222489
8.233681
8.245084
8.256449
8.267589
8.278138
8.298941
8.309978
8.320944
8.331583
8.342291
8.352702
8.363278
8.374347
8.38493
8.397202
8.409087
8.419448
8.429931
8.440806
8.45128
8.462542
8.473568
8.483958
8.494571
8.505561
8.517851
8.529022
8.54056
8.551204
8.562245
8.573416
8.584215
8.59572
8.607292
8.61807
8.628927
8.639287
8.649898
8.660479
8.671108
8.68155
8.69233
8.703884
8.714993
8.726266
8.737522
8.748674
8.760209
8.776386
8.787654
8.798377
8.810095
8.82106
8.832815
8.844059
8.855618
8.865774
8.877065
8.887464
8.897798
8.908433
8.918332
8.928985
8.940233
8.950927
8.961792
8.972412
8.982529
8.993434
9.005753
9.015811
9.026649
9.038341
9.050511
9.062084
9.073282
9.084901
9.096576
9.10774
9.118349
9.129572
9.141477
9.152323
9.163748
9.174982
9.185914
9.197077
9.208039
9.21873
9.229746
9.240607
9.251988
9.262866
9.274204
9.28455
9.296016
9.307439
9.319218
9.330286
9.341744
9.353341
9.364623
9.376063
9.387669
9.399014
9.410533
9.421801
9.432422
9.443599
9.45505
9.46648
9.477436
9.488248
9.49946
9.510581
9.522014
9.532991
9.544346
9.555689
9.566888
9.577945
9.589462
9.600539
9.611886
9.623371
9.634845
9.645662
9.656953
9.668275
9.67921
9.690862
9.701646
9.712811
9.724228
9.735331
9.746438
9.757628
9.768689
9.780047
9.79592
9.806439
9.816607
9.827122
9.837323
9.84785
9.858648
9.868422
9.879083
9.889032
9.899259
9.910016
9.921933
9.932431
9.943916
9.955113
9.96565
9.978143
9.990031
10.00189
10.0135
10.0262
10.03847
10.04985
10.06122
10.0727
10.08408
10.09725
10.10948
10.12141
10.13285
10.14441
10.15577
10.16668
10.17826
10.18987
10.20114
10.21252
10.22428
10.23542
10.24729
10.25951
10.27074
10.2818
10.29348
10.30526
10.31684
10.3543
10.36687
10.37832
10.39002
10.40096
10.41319
10.42696
10.43998
10.45179
10.46344
10.4748
10.48615
10.49799
10.50971
10.52103
10.53301
10.54809
10.56065
10.57332
10.5849
10.59671
10.60847
10.62036
10.63837
10.6495
10.6611
10.67261
10.68377
10.69599
10.70767
10.71952
10.73109
10.7428
10.75491
10.76608
10.77728
10.78888
10.80026
10.81202
10.82412
10.83687
10.85405
10.86568
10.87736
10.88913
10.90049
10.91296
10.92515
10.93705
10.94857
10.9606
10.97329
10.98546
10.99689
11.00903
11.02147
11.03315
11.04516
11.05672
11.06853
11.0806
11.0935
11.1058
11.11741
11.12906
11.1411
11.15226
11.16419
11.17605
11.18781
11.19954
11.2112
11.22342
11.23533
11.24733
11.25934
11.27215
11.2839
11.29636
11.30895
11.32129
11.33285
11.345
11.35728
11.36873
11.38073
11.39309
11.40497
11.41704
11.4284
TARGET DESTROYED 
11.44003
11.45914
11.47158
11.48336
11.49525
11.50687
11.51848
11.5313
11.54508
11.55737
11.56859
11.5802
11.59215
11.60376
11.616
11.62755
11.63897
11.65022
11.66196
11.67417
11.68514
11.69689
11.70827
11.71947
11.73118
11.74297
11.75456
11.76572
11.77765
11.78967
11.8011
11.81274
11.825
11.83709
11.84856
11.86017
11.87171
11.88318
11.89473
11.90616
11.91817
11.93068
11.94324
11.95979
11.97145
11.98336
11.99496
12.00741
12.01855
12.02991
12.04263
12.0545
12.06581
12.07721
12.08868
12.10009
12.11245
12.12448
12.13656
12.14883
12.16118
12.17347
12.18511
12.19742
12.21005
12.22305
12.23523
12.24794
12.26095
12.27345
12.28547
12.29806
12.31024
12.32177
12.33335
12.3456
12.35746
12.36888
12.38099
12.39329
12.40489
12.41663
12.4288
12.44055
12.45198
12.4639
12.47583
12.48731
12.49933
12.51104
12.52326
12.53459
12.54818
12.56049
12.57211
12.58364
12.59551
12.60791
12.61979
12.63158
12.64368
12.65506
12.66655
12.67857
12.69039
12.70134
12.71299
12.72442
12.7354
12.74717
12.7589
12.76984
12.7813
12.79228
12.80359
12.81464
12.83853
12.8615
12.87338
12.88535
12.89736
12.91108
12.92501
12.93888
12.95117
12.96331
12.97633
12.98689
12.99749
13.0083
13.01873
13.03075
13.04655
13.05891
13.07052
13.0812
13.09262
13.10382
13.11512
13.12606
13.13719
13.14824
13.15959
13.17104
TARGET DESTROYED 
13.18188
13.19628
13.20716
13.21693
13.2271
13.23847
13.24934
13.26016
13.27118
13.28249
13.29365
13.30483
13.31632
13.32706
13.3384
13.34936
13.36054
13.37195
13.38296
13.39498
13.40597
13.41715
13.42837
13.43954
13.45074
13.46211
13.47379
13.48499
13.49673
13.50891
13.52105
13.53257
13.54505
13.55696
13.568
13.58009
13.59149
13.60268
13.61408
13.62607
13.63744
13.64845
13.66141
13.67545
13.68948
13.70485
13.7213
13.73811
13.75225
13.76591
13.77975
13.79295
13.80638
13.82014
13.83481
13.84876
13.86275
13.87747
13.89189
13.9059
13.91938
13.93307
13.94657
13.95946
13.9732
13.98653
13.99938
14.01317
14.02622
14.04309
14.05696
14.07053
14.08717
14.10211
14.11283
14.12905
14.14013
14.15069
14.16322
14.17418
14.18446
14.1959
14.20676
14.21721
14.22816
14.23894
14.24978
14.26144
14.27248
14.2832
14.29397
14.30539
14.31885
14.33197
14.34356
14.35493
14.36561
14.37706
14.38825
14.39931
14.4103
14.42183
14.43278
14.44407
14.45533
14.46619
14.47764
14.48888
14.50006
14.51097
14.52224
14.53345
14.54449
14.55585
14.56668
14.57852
14.58938
14.60016
14.61149
14.62286
14.63403
14.64504
14.65646
14.66749
14.67854
14.68997
14.70082
14.71202
14.72331
14.73434
14.74548
14.75683
14.76806
14.77907
14.79049
14.80139
14.81246
14.82407
14.83548
14.84704
14.85869
14.87039
14.88154
14.89332
14.90485
14.91631
14.92814
14.93965
TARGET DESTROYED 
14.95071
14.96543
14.9766
14.98592
14.99549
15.00639
15.01764
15.02857
15.04019
15.05086
15.06242
15.07364
15.08442
15.09563
15.1072
15.11841
15.13072
15.14154
15.15133
15.16254
15.17706
15.18697
15.19682
15.20724
15.2182
15.2296
15.24049
15.25166
15.26331
15.27421
15.28512
15.29641
15.30756
15.31881
15.33018
15.3412
15.35207
15.36335
15.37467
15.38588
15.39679
15.40808
15.41977
15.43049
15.44161
15.45358
15.46408
15.47517
15.48646
15.49744
15.50867
15.51986
15.53082
15.54281
15.55375
15.56503
15.57659
15.58782
15.59853
15.61036
15.62159
15.63265
15.644
15.65584
15.66654
15.67757
15.689
15.69993
15.71095
15.72235
15.73384
15.74465
15.75594
15.76757
15.77808
15.78958
15.80047
15.8116
15.82306
15.83415
15.84537
15.8566
15.86754
15.87863
15.89011
15.90098
15.91208
15.92344
15.9345
15.94573
15.95673
15.96796
15.97924
15.99166
16.00165
16.01258
16.02388
16.03509
16.0466
16.05727
16.06838
16.07971
16.09087
16.10213
16.11327
16.12474
16.14259
16.15395
16.16506
16.17675
16.18801
16.1993
16.21032
16.22149
16.23232
16.24372
16.25533
16.26629
16.27747
16.28885
16.29966
16.31078
16.3222
16.33304
16.34434
16.35559
16.36567
16.37679
16.38764
16.39878
16.40994
16.42162
16.43255
16.44333
16.4549
16.46558
16.47681
16.48831
16.49967
16.51082
16.52195
16.53338
16.54434
16.55585
16.56709
16.5786
16.59
16.60142
16.61276
16.62427
16.63612
16.64704
16.65848
16.67035
16.68108
16.69278
16.70445
16.71576
16.7272
16.73862
16.74981
16.76113
16.77246
16.78343
16.79449
16.80587
16.81688
16.82852
16.83999
16.85041
16.86156
16.87287
16.88397
16.89518
16.90644
16.91728
16.92849
16.94048
16.95211
16.96397
16.97611
16.98829
16.99991
17.0118
17.02356
17.03541
17.0475
17.05962
17.07098
17.08242
17.0941
17.10603
17.1173
17.12954
17.14224
17.15576
17.1676
17.17995
17.1921
17.2035
17.21535
17.22945
17.24162
17.25199
17.2702
17.28922
17.3093
17.32796
17.3461
TARGET DESTROYED 
17.36408
17.39597
17.41443
17.43274
17.45117
17.47042
17.49068
17.51077
17.52869
17.54807
17.56686
17.58475
17.60267
17.62111
17.64001
17.6581
17.67695
17.69485
17.71508
17.73416
17.75443
17.77401
17.79264
17.81106
17.82926
17.84736
17.86567
17.88404
17.90189
17.92005
17.9388
17.95736
17.97571
17.99409
18.01185
18.03016
18.04865
18.06627
18.08468
18.10271
18.12074
18.13931
18.15879
18.17682
18.19587
18.21382
18.2324
18.25028
18.26807
18.28609
18.30412
18.3223
18.34082
18.35988
18.37785
18.39593
18.4143
18.43254
18.4509
18.46906
18.48885
18.50754
18.52552
18.54373
18.56151
18.57934
18.59772
18.61605
18.63368
18.65165
18.66959
18.6881
18.70649
18.72527
18.74822
18.76607
18.78493
18.80268
18.82137
18.84024
18.85873
18.87733
18.89596
18.91476
18.93274
18.95167
18.96938
18.98784
19.00646
19.02456
19.04317
19.06129
19.07979
19.09807
19.11628
19.13415
19.15193
19.17077
19.18949
19.20797
19.2263
19.24484
19.26282
19.28159
19.30578
19.32397
19.34272
19.36083
19.37899
19.39799
19.41607
19.43384
19.45166
19.47007
19.48909
19.50795
19.52649
19.54519
19.56341
19.58155
19.59976
19.61753
19.63661
19.6568
19.67694
19.69607
19.7154
19.73438
19.75378
19.77309
19.79213
19.81153
19.83113
19.85039
19.87041
19.8908
19.91071
19.92982
19.95073
19.97328
19.99551
20.01773
20.04144
20.06235
20.08471
TARGET DESTROYED 
20.10724
20.14105
20.16094
20.18083
20.20114
20.22363
20.24512
20.26529
20.28576
20.30832
20.33049
20.35342
20.37539
20.39767
20.42172
20.44238
20.46507
20.48707
20.50963
20.53163
20.5541
20.57635
20.59863
20.62118
20.64372
20.66455
20.68504
20.70593
20.72634
20.74716
20.76728
20.78779
20.80738
20.82722
20.84767
20.86823
20.88912
20.91134
20.93361
20.95591
20.97849
21.00067
21.02312
21.04533
21.06783
21.09024
21.11247
21.13527
21.15739
21.17965
21.20185
21.22426
21.24652
21.26929
21.29155
21.31355
21.33569
21.35924
21.38057
21.40298
21.42516
21.44783
21.47015
21.49238
21.51448
21.53694
21.55944
21.57896
21.599
21.61866
21.63788
21.65763
21.67716
21.69657
21.7159
21.73515
21.75658
21.77689
21.79591
21.81524
21.83545
21.85507
21.87418
21.89437
21.9171
21.93932
21.96363
21.98374
22.00632
22.02835
22.05083
22.07351
22.0953
22.11783
22.14094
22.16229
22.1847
22.20759
22.22964
22.25162
22.2744
22.29732
22.3188
22.34129
22.36422
22.38605
22.40834
22.43041
22.45293
22.47527
22.49742
22.51972
22.54279
22.56454
22.58698
22.60687
22.62717
22.64648
22.66557
22.68468
22.70476
22.72439
22.74365
22.76355
22.78265
22.80187
22.82181
22.84386
22.86638
22.88876
22.9108
22.93328
22.9556
22.97793
23.00009
23.023
23.0449
TARGET DESTROYED 
23.06714
23.10069
23.12068
23.14055
23.15994
23.17909
23.20161
23.22373
23.24599
23.2684
23.29074
23.31298
23.33556
23.35755
23.37977
23.40231
23.42482
23.44722
23.46912
23.49201
23.514
23.53657
23.55806
23.57837
23.59906
23.6181
23.63757
23.65781
23.67719
23.70086
23.72128
23.74179
23.76099
23.78087
23.79994
23.81939
23.83849
23.86016
23.88257
23.90504
23.92732
23.94969
23.9728
23.9943
24.0165
24.03925
24.06118
24.0836
24.10633
24.12885
24.15096
24.17316
24.19531
24.21765
24.24002
24.26224
24.28488
24.30716
24.32929
24.35165
24.374
24.39636
24.41867
24.44172
24.46352
24.4858
24.50594
24.52549
24.54504
24.56416
24.58312
24.60247
24.62267
24.64286
24.66257
24.68208
24.70077
24.72135
24.74105
24.76098
24.78063
24.79947
24.8193
24.83919
24.85932
24.87892
24.89881
24.91854
24.93822
24.95788
24.97729
24.99961
25.02195
25.04425
25.06646
25.08957
25.11216
25.13363
25.15607
25.17833
25.20073
25.22309
25.24541
25.26807
25.29003
25.31224
25.33456
25.35737
25.37945
25.40194
25.42418
25.44648
25.46895
25.49109
25.51341
25.53591
25.55817
25.58022
25.60281
25.62726
25.64742
25.66989
25.68956
25.70967
25.72917
25.74808
25.7675
25.78729
25.80651
25.82685
25.84822
25.86813
25.88779
25.90728
25.92687
25.94669
25.96581
25.98446
26.00421
26.0249
26.04496
TARGET DESTROYED 
26.06384
26.09715
26.11724
26.13649
26.15599
26.17562
26.19651
26.21719
26.23761
26.25716
26.27697
26.29623
26.31755
26.34026
26.36218
26.3846
26.40704
26.42926
26.45154
26.47442
26.49667
26.51854
26.54105
26.5637
26.58576
26.60833
26.63039
26.6528
26.67513
26.69738
26.7209
26.74233
26.76485
26.78704
26.80979
26.83177
26.85439
26.87652
26.89862
26.91833
26.93864
26.95935
26.97914
26.99907
27.02044
27.04192
27.06134
27.08529
27.10554
27.12545
27.14661
27.16628
27.18568
27.20545
27.22732
27.2473
27.26713
27.28997
27.3124
27.33436
27.35695
27.37883
27.40129
27.42423
27.44606
27.46864
27.49072
27.51278
27.53521
27.55745
27.57992
27.60201
27.62537
27.64679
27.66968
27.69162
27.7167
27.73767
27.75844
27.78144
27.804
27.82851
