0.02
0.04
0.14
0.1783137
0.1900396
0.1995758
0.2099865
0.219522
0.2379001
0.247988
0.2580923
0.2675393
0.2792469
0.2887051
0.2987171
0.3089879
0.3205053
0.3313503
0.343253
0.3536486
0.364751
0.3764144
0.387269
0.3981394
0.4095125
0.4240586
0.4333519
0.4454263
0.4545957
0.4654802
0.4766201
0.4876573
0.4988674
0.5101112
0.5215138
0.5323344
0.5437199
0.5548251
0.5658883
0.577118
0.5883977
0.5997018
0.6106029
0.621693
0.6328903
0.6437176
0.6551924
0.6661465
0.6773252
0.6884711
0.7002071
0.7108593
0.7220389
0.7332295
0.7442067
0.7555884
0.7665098
0.7779326
0.7890378
0.8002847
0.811499
0.8224217
0.8335949
0.8448557
0.8559188
0.8671466
0.8783839
0.8944628
0.9069622
0.9168211
0.9280425
0.9391076
0.9503594
0.9616221
0.9726279
0.9843442
0.9949916
1.006516
1.017517
1.028524
1.03981
1.050989
1.062207
1.073425
1.08451
1.095445
1.107065
1.118001
1.12916
1.140591
1.151289
1.16256
1.173948
1.184768
1.19612
1.207546
1.218655
1.229499
1.241036
1.252018
1.263308
1.274447
1.285591
1.296913
1.308041
1.318956
1.330051
1.341566
1.352627
1.3641
1.37517
1.385872
1.39705
1.408694
1.419516
1.431126
1.442131
1.453229
1.464071
1.475711
1.486394
1.497571
1.509343
1.519798
1.531344
1.543117
1.553298
1.564481
1.578989
1.588464
1.597866
1.608214
1.619008
1.630081
1.641517
1.652688
1.663615
1.675285
1.686117
1.697182
1.708784
1.719515
1.730716
1.742303
1.753093
1.764276
1.775566
1.787113
1.79819
1.809203
1.820146
1.831239
1.842907
1.85346
1.864671
1.876176
1.886909
1.898211
1.909883
1.920478
1.932393
1.942931
1.954338
1.965634
1.976927
1.988148
2.000006
2.010812
2.022083
2.033556
2.04472
2.056135
2.067278
2.078335
2.089671
2.100755
2.111998
2.123454
2.134383
2.145419
2.15705
2.168589
2.17885
2.190721
2.201142
2.212612
2.224571
2.235124
2.246072
2.257353
2.268174
2.279414
2.291094
2.301802
2.313161
2.324528
2.335599
2.346321
2.358108
2.368731
2.380244
2.391574
2.402493
2.4135
2.425132
2.442321
2.45224
2.464867
2.475817
2.487127
2.498065
2.509306
2.520405
2.531621
2.542811
2.55394
2.564913
2.576361
2.587452
2.598583
2.609738
2.621145
2.632084
2.643604
2.654415
2.665803
2.676731
2.688028
2.702497
2.712486
2.722445
2.733327
2.743789
2.754934
2.766184
2.777598
2.788468
2.799723
2.811046
2.822701
2.833971
2.845263
2.856699
2.868132
2.879525
2.89144
2.902307
2.914114
2.925183
2.937142
2.948178
2.959231
2.970778
2.981749
2.993052
3.004269
3.015193
3.026474
3.037624
3.049222
3.059878
3.070978
3.082549
3.094081
3.104925
3.11635
3.129073
3.139451
3.151067
3.162143
3.172878
3.184153
3.195368
3.206779
3.217598
3.228995
3.240208
3.25142
TARGET DESTROYED 
3.266746
3.277234
3.286793
3.296859
3.306744
3.31648
3.326494
3.33767
3.348696
3.360082
3.371023
3.382389
3.393601
3.405588
3.416827
3.428218
3.437984
3.449243
3.460536
3.471644
3.482819
3.493981
3.505286
3.516267
3.527557
3.538664
3.549713
3.561776
3.572052
3.583335
3.594592
3.60563
3.61668
3.627881
3.63936
3.650928
3.66187
3.674083
3.684497
3.695769
3.70763
3.718914
3.729958
3.741462
3.75259
3.763901
3.775656
3.786636
3.797935
3.809663
3.825616
3.835285
3.845853
3.856203
3.86627
3.877265
3.887334
3.897898
3.907947
3.918121
3.928339
3.939658
3.951005
3.962098
3.973181
3.984232
3.995398
4.006874
4.017694
4.029247
4.040368
4.051623
4.062502
4.073857
4.084803
4.095956
4.107452
4.118349
4.129514
4.140998
4.151929
4.162951
4.174326
4.185595
4.196461
4.207981
4.219211
4.230699
4.242196
4.25353
4.264957
4.27618
4.287553
4.298943
4.31028
4.321863
4.333213
4.344505
4.356165
4.36712
4.378488
4.390561
4.401411
4.413153
4.424404
4.435463
4.446388
4.458071
4.468797
4.480087
4.491647
4.502549
4.513501
4.524987
4.536042
4.546914
4.558306
4.569297
4.580301
4.592091
4.602772
4.613915
4.625418
4.636312
4.647409
4.659146
4.669839
4.68117
4.692237
4.703709
4.714507
4.726556
4.736928
4.747924
4.760043
4.770544
4.781481
4.792728
4.803928
4.816006
4.826374
4.837398
4.848594
4.859719
4.871091
4.882018
4.8933
4.904486
4.915452
4.926764
4.937868
4.953316
4.964596
4.975341
4.985576
4.99609
5.006539
5.01663
5.026964
5.037091
5.04781
5.05884
5.068555
5.078833
5.089449
5.100503
5.112125
5.12295
5.134303
5.145284
5.156444
5.167704
5.178666
5.190224
5.201137
5.212228
5.223576
5.234918
5.245723
5.257208
5.268024
5.279232
5.290916
5.301658
5.312732
5.324228
5.335106
5.346501
5.357941
5.369309
5.380279
5.392127
5.403329
5.414596
5.426083
5.437554
5.449194
5.460202
5.471671
5.483186
5.494496
5.506232
5.517427
5.528472
5.540406
5.551475
5.562926
5.574888
5.585642
5.597169
5.608726
5.619225
5.630388
5.642156
5.65295
5.664019
5.675322
5.686418
5.697501
5.70901
5.719816
5.730863
5.742317
5.753199
5.764875
5.775781
5.786921
5.797889
5.809535
5.820491
5.831435
5.842872
5.853795
5.864905
5.876558
5.887341
5.898444
5.90975
5.921402
5.932227
5.943324
5.954534
5.965883
5.977931
5.987897
5.999288
6.010213
6.021369
6.033217
6.044179
6.056324
6.067258
6.078234
6.093232
6.103925
6.114638
6.125103
6.135223
6.146567
6.157174
6.167583
6.178394
6.188576
6.199032
6.209814
6.220608
6.231447
6.241927
6.252024
6.2624
6.273522
6.284579
6.295779
6.306952
6.317905
6.329262
TARGET DESTROYED 
6.344869
6.355894
6.367129
6.377479
6.387964
6.400472
6.412777
6.423199
6.433772
6.445164
6.455657
6.466307
6.476798
6.487039
6.498063
6.508447
6.519013
6.530458
6.54255
6.553473
6.564538
6.576447
6.58719
6.598429
6.609936
6.620857
6.632123
6.643508
6.654466
6.665496
6.677038
6.687718
6.699206
6.71036
6.721299
6.733196
6.744562
6.75525
6.766802
6.777991
6.789369
6.800642
6.811656
6.823061
6.834276
6.845692
6.857488
6.868413
6.879734
6.891372
6.902291
6.913801
6.925299
6.936461
6.947953
6.959513
6.971015
6.984066
6.995265
7.005946
7.017108
7.028733
7.039728
7.051184
7.062786
7.074172
7.085237
7.096415
7.108303
7.119385
7.130553
7.141643
7.1525
7.164366
7.175836
7.186563
7.202089
7.213145
7.224203
7.234901
7.246032
7.257115
7.267835
7.278808
7.289922
7.301175
7.312373
7.323912
7.335391
7.346465
7.358022
7.368725
7.380156
7.39123
7.402324
7.413168
7.425002
7.435879
7.447028
7.458061
7.468909
7.479863
7.491238
7.502112
7.513303
7.524863
7.535682
7.5467
7.55842
7.569493
7.5811
7.591959
7.602525
7.613794
7.625018
7.636071
7.647481
7.658601
7.669729
7.680814
7.69209
7.703288
7.714244
7.725924
7.737528
7.749013
7.760461
7.772409
7.783684
7.795141
7.807314
7.818419
7.829585
7.841793
7.853359
7.865857
7.879027
7.891631
7.903837
7.916217
7.929003
7.942274
7.954991
7.967718
7.98132
7.995196
8.007571
8.020123
8.033147
8.0461
8.059215
8.071985
8.084277
8.096858
8.109729
8.122916
8.135473
8.148402
8.161394
8.174296
8.186869
8.199007
8.21178
8.2245
8.236786
8.248948
8.261761
8.274388
8.286998
8.299684
8.312729
8.3256
8.338086
8.35044
8.36286
8.376888
8.389242
8.401988
8.418724
8.43153
8.444432
8.457064
8.468599
8.480631
8.491014
8.501806
8.51301
8.523597
8.534554
8.545425
8.555558
8.566727
8.577376
8.587339
8.597693
8.608143
8.619033
8.630277
8.641591
8.652647
8.663745
8.675346
8.686238
8.697174
8.708634
8.719708
8.730692
8.742487
8.75316
8.764294
8.775397
8.786723
8.797758
8.809075
8.820107
8.831218
8.842939
8.853676
8.864808
8.876005
8.887283
8.898405
8.909538
8.921163
8.9324
8.943856
8.955359
8.966751
8.978471
8.990626
9.001496
9.013057
9.02486
9.036029
9.047631
9.059771
9.070525
9.081847
9.093581
9.105
9.116766
9.128817
9.140693
9.152159
9.164335
9.176259
9.187828
9.199925
9.212005
9.22317
9.234809
9.246284
9.258399
9.269732
9.281619
9.293232
9.304729
9.316215
9.327809
9.339267
9.351267
9.363208
9.374581
9.386621
9.398017
9.410008
9.421126
9.432026
9.443496
9.453236
9.463538
9.474724
9.48574
9.49675
9.508477
9.519469
9.535178
9.546525
9.562163
9.573916
9.585133
9.596266
9.607386
9.618377
9.62962
9.641093
9.65174
9.662815
9.674288
9.685332
9.696743
9.708002
9.718925
9.730302
9.741732
9.752852
9.764287
9.775504
9.787217
9.79908
9.81028
9.821057
9.832884
9.844888
9.855914
9.86734
9.878501
9.889623
9.90081
9.912391
9.923656
9.93463
9.946034
9.957452
9.968478
9.979852
9.99125
10.00346
10.01524
10.02642
10.03758
10.04919
10.06032
10.07121
10.08248
10.09354
10.1046
10.11616
TARGET DESTROYED 
10.13365
10.14584
10.15907
10.17246
10.1835
10.19502
10.20591
10.21689
10.22792
10.23937
10.2504
10.26219
10.27323
10.28453
10.29612
10.30761
10.31879
10.32975
10.34089
10.35291
10.36455
10.37606
10.38701
10.39841
10.40994
10.42113
10.43231
10.44366
10.45514
10.46636
10.47777
10.48867
10.50097
10.51235
10.52385
10.53521
10.5465
10.55787
10.56902
10.58055
10.59204
10.60356
10.61502
10.62676
10.63791
10.64954
10.66089
10.67201
10.68349
10.69519
10.71113
10.72181
10.7328
10.74411
10.75575
10.76773
10.77927
10.79058
10.80191
10.81369
10.82574
10.83694
10.84877
10.86045
10.8722
10.88376
10.89577
10.90833
10.9204
10.93206
10.94434
10.95548
10.96734
10.9789
10.99083
11.00286
11.01508
11.02737
11.03932
11.05146
11.06348
11.07525
11.08778
11.09949
11.11125
11.12344
11.13489
11.14675
11.15834
11.17016
11.18168
11.19401
11.20541
11.21741
11.22964
11.24186
11.25343
11.26574
11.27746
11.28886
11.30048
11.31233
11.32399
11.33558
11.34785
11.35982
11.37176
11.3839
11.39609
11.40848
11.42039
11.43265
11.44567
11.45717
11.4692
11.48111
11.49248
11.50336
11.51454
11.52575
11.53671
11.54825
11.55938
11.5697
11.58115
11.59306
11.60348
11.61462
11.6257
11.63645
11.64769
11.65919
11.6696
11.68075
11.69218
11.7028
11.71366
11.72476
11.7355
11.74671
11.75795
11.76892
11.78005
11.7915
11.80247
11.81365
11.82511
11.8359
11.84784
11.85869
11.8694
11.88065
11.89581
11.90637
11.91706
11.92788
11.93833
11.94966
11.96134
11.97247
11.98378
11.99515
12.00659
12.01836
12.02887
12.03975
12.05117
12.0623
12.07333
12.0843
12.0956
12.10695
12.11787
12.12896
12.14078
12.1513
12.163
12.17424
12.18497
12.19605
12.20739
12.21864
12.22957
12.241
12.25195
12.26335
12.27474
12.28617
12.29735
12.3087
12.32001
12.33113
12.3428
12.35387
12.36515
12.37671
12.38799
12.39933
12.41051
12.42176
12.43288
12.44409
12.45535
12.46679
12.47957
12.49492
12.507
12.51918
12.53131
12.5438
12.556
12.56849
12.58066
12.59325
12.60505
12.6171
12.62908
12.64125
12.65324
12.66542
12.67804
12.68867
12.69968
12.71092
12.72165
12.73292
12.74381
12.75437
12.76534
12.77621
12.78659
12.79724
12.80803
12.81883
12.83001
12.8419
12.85245
12.86392
12.87489
12.88594
12.89706
12.91014
12.92115
12.93196
12.94261
12.9541
12.96463
12.97555
12.98652
12.99745
TARGET DESTROYED 
13.01329
13.02488
13.04084
13.05265
13.06476
13.07589
13.087
13.09841
13.10978
13.1219
13.13427
13.14521
13.15568
13.16659
13.17722
13.18828
13.19892
13.20988
13.22102
13.2324
13.24321
13.25488
13.26605
13.27692
13.28818
13.29908
13.3103
13.32144
13.33269
13.34721
13.35813
13.36885
13.37973
13.3907
13.40123
13.41192
13.42263
13.43316
13.44437
13.45572
13.46665
13.47793
13.48908
13.5002
13.51146
13.52265
13.53395
13.54603
13.55747
13.5685
13.5802
13.59181
13.60335
13.61465
13.62628
13.63776
13.64893
13.66009
13.6714
13.68302
13.694
13.70512
13.71627
13.72739
13.73888
13.75011
13.76125
13.77317
13.78399
13.79545
13.80692
13.818
13.82907
13.84078
13.85141
13.86262
13.8741
13.88497
13.89633
13.90793
13.91842
13.92959
13.94123
13.95238
13.96332
13.97476
13.98561
13.99669
14.00829
14.01912
14.03175
14.04218
14.05273
14.06369
14.07488
14.087
14.09726
14.10857
14.11957
14.13067
14.14219
14.15352
14.17028
14.18209
14.19423
14.20546
14.2166
14.22793
14.23922
14.25058
14.26192
14.27297
14.28426
14.29601
14.30754
14.31889
14.33044
14.34231
14.35382
14.36506
14.37686
14.38835
14.39983
14.41148
14.42227
14.43362
14.44493
14.45706
14.46811
14.4791
14.4899
14.5015
14.51268
14.52365
14.53463
14.5455
14.55643
14.56749
14.57869
14.58951
14.60049
14.61194
14.62299
14.634
14.6455
14.65632
14.6672
14.67875
14.68923
14.70017
14.71196
14.72383
14.73533
14.74674
14.75792
14.76814
14.77873
14.78897
14.79943
14.80976
14.81987
14.83058
14.84111
14.85202
14.86293
14.87481
14.8852
14.89654
14.90784
14.91879
14.92993
14.9417
14.95271
14.96374
14.97502
14.98601
14.99705
15.0098
15.02216
15.03426
15.04737
15.06076
15.07311
15.08355
15.09358
15.10347
15.11334
15.12379
15.13367
15.14366
15.15366
15.16448
15.17569
15.18696
15.19809
15.20939
15.22063
15.23913
15.24901
15.25898
15.26911
15.27908
15.28883
15.30396
15.314
15.32376
15.33392
15.34445
15.35482
15.36578
15.37688
15.38789
15.39912
15.41043
15.42165
15.43271
15.4437
15.45513
15.46609
15.47741
15.48858
15.49953
15.51086
15.52225
15.53351
15.54475
15.55554
15.56659
15.57788
15.58914
15.60026
15.61176
15.62241
15.63398
15.64541
15.65714
15.6683
15.67956
15.69139
15.70273
15.7139
15.72619
15.73703
15.74825
15.75985
15.77136
15.78279
15.79392
15.80515
15.81662
15.82848
15.83992
15.85119
15.86248
15.87358
15.88452
15.89672
15.9097
15.92183
15.93245
15.94414
15.9557
15.96731
15.97863
15.99151
16.00247
16.01337
16.02477
16.03592
16.04713
16.06018
16.07082
16.0822
16.09324
16.10341
16.11398
16.12545
16.13659
16.14767
16.15876
16.17293
16.18629
16.20009
16.21391
16.22842
16.24125
16.25298
16.2662
16.27882
16.29045
16.30261
16.31542
16.32762
16.33931
16.35173
16.36482
16.37758
16.38943
16.40181
16.41432
16.4272
16.4391
16.45119
16.46366
16.48065
16.49234
16.50365
16.51634
16.52765
16.53849
16.55046
16.56263
16.57306
16.58419
16.59498
16.60549
16.61741
16.62842
16.63895
16.65005
16.66145
16.67297
16.68372
16.69483
16.70613
16.71733
16.72819
16.73988
16.75055
16.76213
16.77327
16.7842
16.79625
16.80661
16.81775
16.83046
16.84264
16.85521
16.86708
16.87953
16.89272
16.90432
16.91606
16.92843
16.941
16.95316
16.9653
16.97893
16.99096
17.00342
17.0155
17.02731
17.03937
17.05263
17.06558
17.07771
17.08894
17.10058
17.11252
17.125
17.13744
17.14992
17.162
17.17425
17.18641
17.1983
17.21059
17.22241
17.23441
17.24665
17.25928
17.2711
17.28319
17.29558
17.30712
17.31888
17.3315
17.34368
17.35505
17.3667
17.37852
17.39023
17.40154
17.41301
17.42614
17.43843
17.45051
17.46322
17.47551
17.48808
17.49964
17.51139
17.52323
17.53555
17.5482
17.56069
17.57249
17.58495
17.5973
17.60963
17.62182
17.63372
17.64635
17.65709
17.66918
17.68588
17.69828
17.70909
17.71915
17.7296
17.73994
17.75006
17.7609
17.77154
17.78196
17.79433
17.80676
17.81937
17.83198
17.8443
17.85661
17.86887
17.88118
17.89423
17.90623
17.91857
17.93065
17.943
17.9549
17.96759
17.97977
17.99223
18.00423
18.01663
18.02896
18.04181
18.05442
18.0678
18.0805
18.09254
18.10424
18.11673
18.12886
18.14213
18.15426
18.16687
18.17911
18.192
18.20476
18.21742
18.23003
18.24261
18.25498
18.26731
18.27961
18.29257
18.30441
18.31693
18.3296
18.34219
18.35423
18.36679
18.37948
18.39266
18.40476
18.41687
18.42903
18.4396
18.45047
18.46104
18.47113
18.48207
18.49328
18.50437
18.5155
18.52672
18.53792
18.54909
18.56024
18.57154
18.58258
18.59378
18.60516
18.61616
18.62726
18.63854
18.64948
18.66072
18.67222
18.68316
18.69432
18.70543
18.71669
18.72852
18.74137
18.75217
18.76285
18.77383
18.78449
18.79577
18.80622
18.81709
18.82836
18.83971
18.85079
18.86176
18.87323
18.8881
18.89928
18.91026
18.92108
18.93169
18.94275
18.95352
18.96508
18.97724
18.98904
19.00116
19.01277
19.02486
19.0367
19.04882
19.06104
19.07334
19.08521
19.09758
19.11051
19.12293
19.13588
19.14823
19.16133
19.17433
19.18722
19.20034
19.21358
19.22709
19.2394
19.25273
19.26527
19.27831
19.29074
19.30374
19.31589
19.32861
19.34026
19.35273
19.3651
19.37737
19.38963
19.40173
19.41382
19.4268
19.43806
19.44954
19.46226
19.47479
19.48743
19.49893
19.51041
19.52226
19.53468
19.54681
19.56041
19.57178
19.58405
19.59614
19.60879
19.62142
19.63479
19.65021
19.66576
19.67785
19.69003
19.70199
19.71447
19.7272
19.73919
19.75155
19.76416
19.77639
19.78909
19.80183
19.81389
19.82603
19.83804
19.85051
19.86286
19.8756
19.88736
19.89918
19.91184
19.92313
19.93406
19.94561
19.95703
19.96821
19.98005
19.9915
20.01015
20.02186
20.03327
20.0443
20.06003
