0.02
0.04
0.14
0.1780965
0.1900364
0.2016029
0.2137004
0.224539
0.2351408
0.2462695
0.257416
0.2683217
0.279901
0.2910758
0.3034613
0.3134187
0.3240963
0.3352903
0.346657
0.357546
0.3703049
0.3805295
0.3912587
0.4022715
0.413337
0.4248156
0.4359541
0.4473189
0.4584674
0.4705465
0.4803396
0.4964137
0.5064513
0.5161023
0.5257614
0.5365624
0.5474918
0.5585492
0.5698161
0.5808392
0.5921509
0.6042269
0.6145477
0.6256552
0.6370767
0.6480115
0.6591561
0.6705645
0.6814333
0.6925535
0.7041094
0.715309
0.7261825
0.7377856
0.7485693
0.7599597
0.7709231
0.7819179
0.7933382
0.8047061
0.8155168
0.8267936
0.8381064
0.8489726
0.8600678
0.8716263
0.8826664
0.8963823
0.9078202
0.919302
0.9302083
0.9417751
0.9532614
0.9644529
0.9762138
0.9879929
0.999604
1.00979
1.021697
1.032418
1.043809
1.05547
1.066276
1.077834
1.088987
1.099703
1.111122
1.122754
1.133127
1.144824
1.156668
1.166643
1.177739
1.189079
1.200116
1.211383
1.222592
1.234288
1.245613
1.256233
1.267321
1.278373
1.289678
1.300851
1.311993
1.323646
1.334326
1.345541
1.356948
1.367698
1.384509
1.397363
1.407473
1.418699
1.429851
1.441118
1.453117
1.463306
1.47511
1.490124
1.49975
1.509263
1.519124
1.53036
1.541742
1.552862
1.563859
1.575257
1.588106
1.604509
1.613962
1.623764
1.633423
1.648587
1.659858
1.669514
1.679409
1.689235
1.698665
1.709098
1.72065
1.731301
1.742563
1.75378
1.76503
1.776057
1.787603
1.798394
1.809559
1.821459
1.831916
1.843045
1.854962
1.865581
1.87671
1.888181
1.899969
1.90992
1.923498
1.934202
1.943958
1.955742
1.966148
1.977406
1.988683
1.999756
2.011296
2.02252
2.033704
2.045122
2.056627
2.06775
2.079468
2.092375
2.10278
2.113529
2.125392
2.136369
2.147611
2.159564
2.170973
2.181859
2.193323
2.204881
2.21601
2.227482
2.239118
2.251194
2.261627
2.272633
2.283957
2.294926
2.306249
2.317286
2.328603
2.339678
2.350861
2.361754
2.373242
2.384365
2.395522
2.406581
2.417854
2.430044
2.440352
2.451255
2.462459
2.476312
2.489992
2.502168
2.514462
2.526422
2.537857
2.548245
2.558675
2.569209
2.580391
2.593114
2.604009
2.614469
2.625705
2.636403
2.647583
2.663198
2.673888
2.683763
2.694153
2.704705
2.715059
2.725582
2.737008
2.747874
2.759044
2.770439
2.781486
2.79267
2.804481
2.815282
2.826327
2.837547
2.848541
2.860027
2.870991
2.88184
2.893271
2.904672
2.915481
2.926551
2.938313
2.948967
2.96037
2.971787
2.982405
2.993919
3.005798
3.017533
3.028525
3.039974
3.051574
3.063372
3.074467
3.086168
3.097455
3.108792
3.120547
3.13163
3.143203
3.154169
3.165438
3.176802
3.188569
3.199578
3.210811
3.222268
3.233477
3.244282
3.255825
3.26672
3.278144
3.289097
3.300215
3.311629
3.322824
3.333817
3.345028
3.356401
3.367356
3.378597
3.389617
3.400636
3.411894
3.423044
3.434538
3.445539
3.456678
3.467659
3.478875
3.490232
3.501291
3.512804
3.523511
3.534883
3.545834
3.557309
3.568298
3.579525
3.59091
3.601793
3.61294
3.624028
3.635346
3.646507
3.657748
3.66886
3.679952
3.69134
3.702289
3.713273
3.724772
3.742174
3.753035
3.765075
3.776173
3.787508
3.798387
3.809606
3.821217
3.831917
3.843324
3.854681
3.865535
3.876747
3.888255
3.89935
3.91094
3.92238
3.932602
3.943554
3.955691
3.966046
3.977202
3.988459
3.999587
4.010829
4.022151
4.03298
4.044289
4.055989
4.066496
4.078196
4.089289
4.100028
4.111474
4.122791
4.134156
4.145686
4.156985
4.168294
4.179667
4.191154
4.20282
4.214093
4.225343
4.236828
4.247922
4.259473
4.271118
4.282091
4.293539
4.305059
4.316277
4.327517
4.339272
4.35007
4.361681
4.372958
4.383763
4.394885
4.406788
4.417301
4.42847
4.440041
4.451122
4.461648
4.473207
4.484262
4.495427
4.506739
4.517735
4.529012
4.540014
4.551236
4.562719
4.573953
4.58488
4.595814
4.607057
4.618048
4.629467
4.640571
4.651771
4.662981
4.674222
4.68569
4.696265
4.707765
4.718995
4.729883
4.74112
4.75228
4.76339
4.774725
4.785877
4.796934
4.80841
4.819439
4.835383
4.846601
4.85759
4.867954
4.878791
4.889672
4.900101
4.91049
4.920952
4.931454
4.942354
4.952541
4.963656
4.974417
4.985909
4.996839
5.008123
5.018791
5.02951
5.040353
5.050908
5.061642
5.072825
5.083322
5.094141
5.105009
5.116105
5.127122
5.138521
5.149718
5.161025
5.172225
5.182961
5.194052
5.205643
5.216452
5.227843
5.238713
5.250168
5.261588
5.272563
5.284068
5.295099
5.306535
5.317402
5.328938
5.340342
5.351869
5.363087
5.374774
5.38634
5.397634
5.409218
5.42085
5.432077
5.443265
5.456197
5.466754
5.478016
5.489276
5.5003
5.51188
5.523006
5.534037
5.545413
5.556775
5.567679
5.579288
5.590192
5.601239
5.612548
5.624295
5.634752
5.645844
5.657073
5.66827
5.679476
5.690403
5.701795
5.712913
5.724567
5.735338
5.746431
5.757469
5.768694
5.779994
5.791019
5.802196
5.813367
5.824744
5.835731
5.847081
5.858148
5.869199
5.880358
5.89176
5.907784
5.917907
5.928744
5.940416
5.950758
5.961369
5.971848
5.981767
5.992633
6.00279
6.012976
6.023505
6.034613
6.045269
6.055827
6.066062
6.07666
6.087778
6.099287
6.110016
6.121596
6.132271
6.143987
6.155109
6.165977
6.177099
6.188448
6.199399
6.210899
6.221992
6.233651
6.244698
6.25562
6.267183
6.277663
6.288981
6.299992
6.311072
6.322468
6.333381
6.344469
6.355947
6.36708
6.378474
6.39028
6.401392
6.413038
6.424407
6.436017
6.447187
6.459128
6.470303
6.481699
6.493059
6.504836
6.516391
6.527485
6.539092
6.55042
6.561851
6.57327
6.584013
6.595444
6.60653
6.61767
6.628833
6.63999
6.651206
6.662249
6.673546
6.68469
6.695735
6.707041
6.71806
6.729601
6.740389
6.751614
6.762936
6.773932
6.785277
6.796447
6.807446
6.818878
6.829849
6.840922
6.852068
6.863365
6.874618
6.885985
6.896845
6.908232
6.919288
6.930706
6.942078
6.954248
6.964888
6.980895
6.992354
7.00462
7.015316
7.026387
7.038338
7.048956
7.060074
7.071453
7.082519
7.093506
7.104785
7.115847
7.127058
7.138436
7.150386
7.161642
7.17241
7.183292
7.194462
7.205294
7.216444
7.227597
7.238831
7.250175
7.261744
7.272452
7.283359
7.294748
7.305916
7.317407
7.328386
7.339485
7.35063
7.362106
7.373149
7.384691
7.39638
7.40745
7.418755
7.430269
7.441706
7.453367
7.46506
7.477278
7.489558
7.500888
7.512767
7.524415
7.535262
7.546922
7.558494
7.56953
7.580911
7.592765
7.603556
7.614995
7.626452
7.637343
7.650395
7.663081
7.674116
7.685512
7.696898
7.707885
7.718936
7.729942
7.741275
7.752183
7.76351
7.77491
7.786386
7.797716
7.80875
7.819532
7.831275
7.842751
7.853403
7.864988
7.876234
7.886865
7.898155
7.9097
7.920497
7.931009
7.941824
7.95346
7.964271
7.975814
7.986708
7.997732
8.008884
8.02081
8.031683
8.042724
8.053807
8.070737
8.081539
8.09274
8.103804
8.114701
8.126781
8.137753
8.150885
8.161964
8.172834
8.183744
8.195121
8.205994
8.216614
8.228626
8.239861
8.25066
8.263132
8.27432
8.285304
8.296653
8.307973
8.319246
8.330487
8.341705
8.352547
8.363926
8.375707
8.386621
8.397764
8.409142
8.420964
8.431873
8.44486
8.455867
8.466866
8.479566
8.491095
8.502176
8.513568
8.525193
8.53668
8.547779
8.558812
8.569551
8.581658
8.593273
8.604376
8.616005
8.62721
8.638439
8.649946
8.660901
8.671687
8.682367
8.693847
8.705685
8.716205
8.727187
8.73851
8.749621
8.760727
8.771743
8.782715
8.793864
8.804801
8.816006
8.827102
8.839022
8.849849
8.861144
8.872342
8.883265
8.894466
8.905466
8.91655
8.927748
8.939156
8.950776
8.961827
8.972913
8.983762
8.994744
9.005967
9.016711
9.028238
9.039546
9.050399
9.061604
9.073354
9.084398
9.095542
9.106834
9.118383
9.129596
9.14095
9.158907
9.170245
9.181826
9.19291
9.204551
9.215292
9.227019
9.238066
9.249504
9.261065
9.272161
9.283708
9.294767
9.305789
9.317249
9.328257
9.33929
9.350015
9.361645
9.372633
9.38401
9.395344
9.406883
9.417865
9.428759
9.440324
9.451453
9.462672
9.473976
9.487402
9.498999
9.510251
9.521527
9.532491
9.543835
9.555639
9.56713
9.578291
9.589673
9.600554
9.611764
9.623123
9.634032
9.645529
9.657336
9.66817
9.679338
9.691375
9.702773
9.714306
9.726354
9.737268
9.748597
9.759828
9.771065
9.782353
9.793815
9.805132
9.815989
9.827044
9.838056
9.849649
9.86094
9.871996
9.883062
9.894132
9.905241
9.915987
9.927111
9.938128
9.948944
9.960094
9.971527
9.98265
9.993543
10.00449
10.01646
10.02777
10.03908
10.0509
10.06212
10.07333
10.0842
10.09524
10.10649
10.11741
10.12876
10.14077
10.15338
10.16482
10.17642
10.18759
10.19836
10.20933
10.22132
10.23796
10.24893
10.26143
10.27245
10.28348
10.2948
10.30597
10.31693
10.32816
10.33946
10.35023
10.36141
10.37226
10.38307
10.39403
10.40561
10.41697
10.42814
10.43922
10.4503
10.46156
10.47309
10.48476
10.49662
10.50782
10.51931
10.53078
10.5419
10.55319
10.56475
10.57633
10.58733
10.59786
10.60909
10.61964
10.63013
10.64117
10.65204
10.663
10.67393
10.68477
10.69619
10.70711
10.718
10.72882
10.74036
10.77612
10.78756
10.79892
10.81056
10.82191
10.83257
10.84416
10.85521
10.86637
10.87749
10.88885
10.90024
10.91163
10.92313
10.93557
10.94912
10.9622
10.97412
10.98532
10.99656
11.00792
11.01891
11.03017
11.04175
11.05282
11.06785
11.07939
11.09186
11.10344
11.1145
11.12547
11.13671
11.14885
11.16081
11.17149
11.18214
11.19331
11.20482
11.21592
11.22712
11.23842
11.25012
11.26265
11.27441
11.29168
11.30441
11.31611
11.32744
11.33848
11.34977
11.36164
11.37314
11.38463
11.39546
11.40682
11.41802
11.42906
11.44001
11.45117
11.46229
11.47355
11.48436
11.49573
11.50954
11.52106
11.53217
11.5436
11.5547
11.56569
11.57692
11.58814
11.59949
11.61152
11.62303
11.63391
11.64471
11.65621
11.66713
11.67798
11.68916
11.69996
11.71144
11.72269
11.73367
11.74501
11.75627
11.76706
11.77855
11.78983
11.80086
11.81164
11.8227
11.83368
11.84508
11.85641
11.86725
11.8782
11.88946
11.9003
11.91147
TARGET DESTROYED 
11.92231
11.94273
11.95384
11.96528
11.97631
11.98765
11.99844
12.00961
12.02091
12.03185
12.04366
12.06408
12.07625
12.08749
12.09837
12.10953
12.12027
12.1311
12.14227
12.15387
12.1649
12.17571
12.1865
12.19785
12.20888
12.22037
12.23125
12.24283
12.25394
12.26575
12.28197
12.29371
12.30484
12.31551
12.32662
12.33809
12.34921
12.3605
12.37108
12.382
12.39331
12.40467
12.41617
12.42739
12.43854
12.44974
12.46121
12.47251
12.48357
12.49486
12.50684
12.51853
12.52992
12.54139
12.55268
12.56488
12.57618
12.58871
12.5999
12.61107
12.6227
12.63378
12.64559
12.65678
12.66747
12.67881
12.68999
12.70046
12.7117
12.72349
12.73472
12.74578
12.75685
12.76765
12.77872
12.79016
12.8007
12.81229
12.8234
12.83421
12.84557
12.85657
12.86781
12.87888
12.89008
12.90131
12.91249
12.92378
12.9349
12.94595
12.95708
12.96854
12.97969
12.99081
13.00167
13.01313
13.02424
13.03528
13.04672
13.05814
13.06972
13.08113
13.09308
13.10447
13.11584
13.12747
13.13941
13.15029
13.16177
13.17312
TARGET DESTROYED 
13.18461
13.20033
13.21145
13.22249
13.23359
13.24461
13.25626
13.26732
13.27831
13.29596
13.30838
13.31876
13.33516
13.34606
13.35691
13.36742
13.37821
13.38954
13.40027
13.41153
13.42271
13.43349
13.44461
13.45583
13.46641
13.47717
13.48816
13.49861
13.50955
13.52157
13.53257
13.54371
13.5547
13.56584
13.57683
13.58854
13.59969
13.61122
13.62269
13.6334
13.6446
13.65585
13.66677
13.67803
13.68922
13.70027
13.71175
13.72263
13.73344
13.74508
13.7566
13.76841
13.78059
13.79236
13.8031
13.81463
13.82592
13.83719
13.84859
13.86007
13.87148
13.8827
13.89355
13.90481
13.91633
13.9272
13.93856
13.94945
13.96056
13.97188
13.98266
13.99375
14.00465
14.0157
14.02692
14.03821
14.04911
14.06058
14.07215
14.08351
14.09458
14.10596
14.11686
14.12777
14.13906
14.15028
14.16198
14.17357
14.18598
14.19723
14.20801
14.21962
14.23047
14.24182
14.25308
14.26518
14.27623
14.28743
14.29823
14.30957
14.32074
14.33136
14.34251
14.3537
14.3647
14.37587
14.38695
14.39801
14.41445
14.42605
14.43691
14.44804
14.45952
14.47058
14.48156
14.49287
14.50475
14.51614
14.52888
14.54008
14.55106
14.5627
14.57419
14.5853
14.59705
14.60887
14.61996
14.63132
14.64264
14.65541
14.66687
14.67806
14.68966
14.70047
14.71155
14.72264
14.73359
14.74495
14.75623
14.7673
14.77935
14.79068
14.80185
14.8133
14.82477
14.8361
14.84773
14.85931
14.87063
14.8822
14.89382
14.90561
14.91676
14.92811
14.93969
14.9511
14.96247
14.97441
14.98571
14.99632
15.007
15.01714
TARGET DESTROYED 
15.02788
15.04371
15.05515
15.06618
15.07719
15.08841
15.09974
15.11107
15.12252
15.13342
15.14524
15.15722
15.17568
15.18813
15.20039
15.2116
15.22289
15.23411
15.24546
15.25678
15.26845
15.28055
15.29159
15.30282
15.31427
15.32547
15.33684
15.34815
15.35966
15.37122
15.38219
15.39369
15.40519
15.41639
15.42808
15.44008
15.45113
15.4628
15.47522
15.4922
15.50432
15.51571
15.52695
15.5397
15.5507
15.56274
15.57453
15.58565
15.59757
15.6098
15.62137
15.63316
15.64799
15.66105
15.67174
15.68252
15.6938
15.70519
15.71612
15.72722
15.73882
15.74965
15.76188
15.77248
15.78365
15.79429
15.80581
15.8167
15.82776
15.83918
15.85013
15.86131
15.87367
15.88399
15.89476
15.90631
15.91707
15.92844
15.93999
15.95059
15.96188
15.97312
15.98465
15.99545
16.00663
16.0176
16.0289
16.04015
16.0513
16.06268
16.07349
16.08475
16.09604
16.10709
16.11836
16.1302
16.14159
16.1529
16.16444
16.17605
16.18773
16.19892
16.21041
16.22245
16.23345
16.24487
16.25706
16.26827
16.27913
16.2908
16.30198
16.31341
16.32415
16.33548
16.34678
16.35764
16.36889
16.38003
16.39171
16.40239
16.41377
16.42533
16.43591
16.4471
16.45818
16.4697
16.48102
16.49177
16.50304
16.51418
16.52539
16.53846
16.55213
16.56549
16.5785
16.59659
16.60938
16.62261
16.63506
16.64823
16.66139
16.67441
16.6872
16.70034
16.71272
16.726
16.73915
16.75189
16.76514
16.77796
16.78907
16.80012
16.81094
16.82226
16.83348
16.84482
16.85635
16.86737
16.87915
16.89059
16.9019
16.91316
16.92489
16.936
16.94732
TARGET DESTROYED 
16.95887
16.97664
16.9885
17.00069
17.01204
17.02337
17.03463
17.05288
17.0659
17.07757
17.09084
17.10225
17.11397
17.12574
17.13789
17.15056
17.16241
17.1748
17.18666
17.19816
17.21033
17.22293
17.23579
17.24778
17.26001
17.27169
17.28322
17.29473
17.30674
17.31851
17.33034
17.34245
17.35419
17.36626
17.37862
17.39092
17.40278
17.41383
17.42506
17.43652
17.448
17.45901
17.46995
17.48277
17.49572
17.50897
17.52215
17.53475
17.54796
17.56138
17.57452
17.58775
17.60079
17.61345
17.62703
17.63962
17.65215
17.6648
17.67773
17.69108
17.7037
17.71623
17.72883
17.74702
17.76043
17.77348
17.78578
17.79901
17.81299
17.82641
17.83874
17.85156
17.86438
17.87757
17.89057
17.90288
17.91594
17.92821
17.94091
17.95376
17.96682
17.98003
17.99345
18.00637
18.01853
18.03146
18.04453
18.058
18.06975
18.08196
18.09421
18.10718
18.11955
18.13207
18.14453
18.15727
18.16944
18.18164
18.19384
18.20593
18.21823
18.22992
18.2414
18.25213
18.26427
18.27609
18.28762
18.29942
18.3107
18.32205
18.33357
18.34499
18.35657
18.36756
18.37851
18.39018
18.40211
18.41492
18.42778
18.44045
18.45285
18.46508
18.47749
18.49035
18.50204
18.51435
18.5272
18.53958
18.55153
18.5645
18.57701
18.58949
18.60163
18.6138
18.6269
18.63966
18.6519
18.66381
18.67652
18.68946
18.70132
18.714
18.72639
18.73882
18.75106
18.76344
18.77531
18.78674
18.79905
18.81082
18.82245
18.83365
18.84526
18.85695
18.86818
18.87955
18.89104
18.90273
18.91527
18.9269
18.93859
18.95507
18.96673
18.97822
18.99006
TARGET DESTROYED 
19.00081
19.01762
19.02896
19.04042
19.05119
19.06298
19.08054
19.09282
19.10356
19.11454
19.12538
19.13627
19.14832
19.1597
19.17154
19.18292
19.19404
19.20534
19.21602
19.22744
19.23851
19.24948
19.26189
19.27296
19.2837
19.29436
19.30513
19.31621
19.32843
19.33941
19.35034
19.36181
19.37342
19.38429
19.39521
19.40615
19.425
19.43586
19.44675
19.45801
19.46918
19.48048
19.49201
19.50283
19.51386
19.5254
19.53621
19.54755
19.55843
19.56993
19.58138
19.59258
19.60384
19.615
19.62592
19.63695
19.64793
19.65958
19.67088
19.68209
19.69349
19.70511
19.71575
19.72706
19.73785
19.74852
19.75998
19.77197
19.78368
19.79486
19.80598
19.81698
19.82851
19.84036
19.85117
19.86247
19.87389
19.88475
19.89517
19.90493
19.91626
19.92727
19.93894
19.95036
19.96184
19.97363
19.9855
19.99685
20.00812
20.01991
20.0365
20.0464
20.05615
20.06651
20.07598
20.08703
20.09794
20.10964
20.12045
20.13142
20.14288
20.15443
20.1649
20.17639
20.18746
20.19858
20.20975
20.2215
20.23194
20.24364
20.25493
20.26599
20.27679
20.28827
20.29905
20.31054
20.3217
20.33256
20.34374
20.35518
20.36609
20.37734
20.38858
20.39967
20.41128
20.42239
20.43372
20.44491
20.45639
20.4678
20.47842
20.49007
20.5012
20.51274
20.52394
20.53541
20.54651
20.55753
20.56918
20.58121
20.59129
20.60228
20.61364
20.62513
20.63585
20.64706
20.65812
20.66927
20.68048
20.69166
20.70282
20.71407
20.72525
20.73628
20.74754
20.75857
20.77009
20.78111
20.79221
20.80371
20.8147
20.82594
20.83694
20.84809
20.85927
20.87093
20.88148
20.89266
20.90401
20.91504
20.92606
20.93821
20.94849
20.95964
20.97123
20.98204
20.99332
21.00516
21.0155
21.02665
21.0382
21.04906
21.06016
21.07184
21.08278
21.0947
21.10549
TARGET DESTROYED 
21.11665
21.13813
21.14959
21.16058
21.17126
21.18177
21.19343
21.20473
21.21542
21.22719
21.23809
21.24868
21.26688
21.27863
21.29005
21.30099
21.31227
21.32345
21.33448
21.34573
21.35696
21.36801
21.37922
21.39064
21.4017
21.41287
21.42399
21.43512
21.44655
21.45734
21.46848
21.4797
21.4909
21.50199
21.51316
21.52453
21.53553
21.54686
21.55849
21.56912
21.5806
21.59162
21.60255
21.61395
21.62511
21.63616
21.64734
21.65857
21.66998
21.68124
21.69182
21.70323
21.7146
21.72548
21.73677
21.748
21.75965
21.77152
21.78256
21.79408
21.80587
21.81712
21.82861
21.84031
21.85177
21.86331
21.87509
21.88651
21.8972
21.9089
21.92068
21.93146
21.95527
21.96577
21.97675
21.98735
21.99794
22.00911
22.01935
22.02995
22.0407
22.05084
22.06138
22.07238
22.08372
22.09496
22.10577
22.11642
22.12766
22.13883
22.15011
22.1611
22.17246
22.1838
22.19481
22.20589
22.21694
22.22814
22.23943
22.25057
22.26184
22.27289
22.28402
22.30153
22.31456
22.32533
22.33632
22.3474
22.35815
22.36835
22.37955
22.39022
22.40051
22.41167
22.4226
22.43321
22.44588
22.45707
22.46781
22.47862
22.49043
22.5013
22.51229
22.52312
22.53421
22.54544
22.55689
22.56747
22.57837
22.58988
22.60111
22.61292
22.62427
22.63521
22.64653
22.65746
22.66823
22.67904
22.69008
22.7008
22.71159
22.72234
22.73272
22.74312
22.75397
22.7652
22.77662
22.78812
22.79951
22.81023
22.82193
22.83306
22.84492
22.85588
22.8675
22.87807
22.88917
22.90018
22.91138
22.92257
22.93368
22.94476
22.95642
22.96712
22.9784
22.98962
23.001
23.01217
23.02345
23.03479
23.04687
23.05796
23.06869
23.0801
23.0916
23.10285
23.11511
23.12602
23.1371
23.14812
23.15965
23.17119
23.18216
23.19405
23.20566
23.21627
23.22741
23.23845
23.24947
23.26594
23.27722
23.28851
23.29969
23.31157
23.3231
23.33402
23.34605
23.35695
23.36919
23.38129
23.3941
23.40718
23.41971
23.43241
23.4431
23.45375
23.46468
23.47517
23.48567
23.49613
23.51161
23.52398
23.53504
23.54618
23.55752
23.56867
23.5801
TARGET DESTROYED 
23.59128
23.61866
23.62988
23.64092
23.65112
23.66169
23.67216
23.68266
23.69337
23.70424
23.7145
23.725
23.73652
23.75693
23.76888
23.78132
23.79181
23.80318
23.8142
23.82578
23.8368
23.84783
23.85893
23.8703
23.88115
23.89264
23.90389
23.91497
23.92592
23.93781
23.94874
23.95947
23.9708
23.98184
23.99289
24.00443
24.01538
24.0267
24.03787
24.04947
24.06001
24.07164
24.08278
24.09358
24.1055
24.116
24.12706
24.13872
24.14978
24.16107
24.1719
24.18293
24.1945
24.20569
24.21685
24.22763
24.23892
24.25076
24.26185
24.2732
24.28487
24.29638
24.3078
24.31923
24.3316
24.34273
24.35402
24.36568
24.37718
24.38876
24.40004
24.41124
24.42366
24.43426
24.44549
24.45734
24.46803
24.47881
24.49035
24.50229
24.51339
24.52457
24.53471
24.54573
24.55748
24.56779
24.57907
24.59513
24.60581
24.61668
24.6272
24.63738
24.6474
24.65812
24.668
24.67831
24.68884
24.69869
24.70946
24.72038
24.73085
24.74145
24.75331
24.76439
24.77518
24.78609
24.79714
24.80873
24.81951
24.83097
24.84185
24.8531
24.86415
24.87552
24.88672
24.89765
24.90876
24.9202
24.93129
24.94232
24.95437
24.96519
24.97624
24.98779
24.99851
25.00952
25.02079
25.03201
25.04354
25.05539
25.06636
25.07768
25.08947
25.10069
25.11202
25.12356
25.13501
25.14964
25.16175
25.17271
25.18353
25.19432
25.20547
25.21611
25.22978
