0.02
0.04
0.14
0.1754467
0.1878101
0.2011618
0.2127816
0.2247347
0.2358203
0.2464911
0.2564338
0.267033
0.2798911
0.2901696
0.3008151
0.3115953
0.3226084
0.3343453
0.345199
0.3564232
0.3680872
0.378561
0.3895604
0.4011423
0.412158
0.423223
0.4348338
0.4493431
0.4587217
0.4684917
0.4790644
0.4899951
0.501489
0.5124531
0.5238588
0.5348989
0.5461649
0.5571831
0.5682723
0.5794647
0.5906854
0.6021005
0.613078
0.6240244
0.635564
0.6464273
0.6575693
0.6687086
0.6800226
0.6914158
0.7021486
0.7136885
0.724734
0.7357927
0.7469637
0.7583082
0.769421
0.7806357
0.7920286
0.8027527
0.8142554
0.8253176
0.8366213
0.8486652
0.858613
0.8698991
0.8811785
0.8966902
0.9076729
0.9192294
0.9305916
0.941682
0.9531748
0.9652539
0.9754202
0.9866973
0.9980884
1.009306
1.020116
1.031249
1.042358
1.053564
1.065166
1.076367
1.087017
1.098116
1.109309
1.120575
1.131905
1.142749
1.154305
1.165566
1.176478
1.187561
1.199164
1.209839
1.221046
1.232998
1.243396
1.255357
1.266393
1.277012
1.288252
1.299478
1.311245
1.322108
1.333453
1.34409
1.357484
1.367137
1.376644
1.388241
1.399375
1.410179
1.421468
1.433243
1.443867
1.455044
1.466305
1.477785
1.48827
1.499968
1.511032
1.52204
1.533393
1.544695
1.555548
1.566785
1.577973
1.589182
1.600602
1.6155
1.62501
1.634832
1.644139
1.654002
1.665778
1.67657
1.687521
1.699226
1.709834
1.721186
1.732643
1.743644
1.75471
1.766066
1.777079
1.788162
1.79969
1.810484
1.821716
1.832999
1.844135
1.855533
1.866424
1.877771
1.888731
1.900033
1.91116
1.922189
1.933802
1.944743
1.955782
1.966949
1.978882
1.989535
2.000903
2.012746
2.023488
2.035168
2.04613
2.057616
2.068984
2.080095
2.091585
2.103039
2.114459
2.125623
2.136874
2.148293
2.159655
2.171164
2.181939
2.192791
2.204067
2.215479
2.226294
2.237441
2.249093
2.259847
2.271129
2.282655
2.293429
2.304608
2.316212
2.326974
2.33891
TARGET DESTROYED 
2.354868
2.365172
2.386308
2.396525
2.406841
2.418067
2.427943
2.438302
2.448927
2.45892
2.469517
2.481101
2.492885
2.504362
2.515115
2.524989
2.535478
2.54563
2.55656
2.56768
2.578914
2.590077
2.601141
2.612347
2.623501
2.635069
2.646009
2.657256
2.668031
2.67931
2.690633
2.701802
2.71309
2.724032
2.735878
2.7509
2.761459
2.772055
2.782657
2.793031
2.804523
2.814349
2.824767
2.835831
2.847228
2.858074
2.869236
2.880467
2.891523
2.903084
2.913878
2.925147
2.936466
2.947814
2.958801
2.970382
2.982507
2.993945
3.005363
3.016776
3.027828
3.039075
3.050301
3.06124
3.072363
3.083496
3.09511
3.106118
3.117711
3.128708
3.139963
3.15136
3.162714
3.173806
3.185474
3.196612
3.2085
3.219448
3.230581
3.241935
3.253401
3.26522
3.276038
3.287715
3.298836
3.310518
3.321201
3.332365
3.343555
3.357669
3.368926
3.379169
3.389629
3.400446
3.410504
3.420914
3.430865
3.441466
3.452994
3.463969
3.475282
3.486851
3.497497
3.508885
3.519872
3.531215
3.542032
3.553246
3.564801
3.576168
3.586897
3.598128
3.609077
3.620328
3.631869
3.642619
3.654032
3.665576
3.676096
3.687386
3.698782
3.709585
3.720958
3.732619
3.743515
3.754746
3.766115
3.777367
3.788596
3.800175
3.811285
3.822536
3.833832
3.845457
3.856663
3.86823
3.879394
3.895255
3.906482
3.917328
3.927367
3.938104
3.949132
3.959252
3.969892
3.981197
3.991655
TARGET DESTROYED 
4.006844
4.017961
4.028483
4.039073
4.05041
4.062338
4.074249
4.086694
4.098186
4.109124
4.120113
4.131414
4.142585
4.153739
4.165595
4.176305
4.18724
4.198878
4.209831
4.220845
4.232123
4.24337
4.25434
4.266006
4.277079
4.287842
4.299214
4.310175
4.321191
4.332747
4.344049
4.355167
4.366575
4.377602
4.388257
4.399849
4.410839
4.421779
4.433372
4.444325
4.455417
4.466929
4.478118
4.488916
4.500292
4.511278
4.522671
4.533905
4.544925
4.556727
4.567847
4.579443
4.590985
4.602391
4.613837
4.625463
4.637035
4.648463
4.659657
4.671141
4.683262
4.694852
4.7058
4.717174
4.728463
4.739416
4.750735
4.762232
4.772981
4.784381
4.79589
4.806926
4.81783
4.829112
4.840163
4.851312
4.862385
4.873593
4.884899
4.896036
4.907173
4.91823
4.929467
4.940402
4.952018
4.962898
4.974071
4.985535
4.99675
5.007625
5.018687
5.034956
5.045911
5.056779
5.067391
5.077788
5.08889
5.100089
5.111305
5.122077
5.132802
5.143628
5.155241
5.166162
5.17681
5.188326
5.198987
5.209769
5.221128
5.231622
5.242182
5.253891
5.264644
5.275347
5.295816
5.306917
5.317846
5.328143
5.338796
5.350106
5.360633
5.371892
5.382529
5.393612
5.404962
5.416329
5.427372
5.438289
5.449862
5.461066
5.471925
5.483082
5.494237
5.505649
5.516665
5.528115
5.538826
5.550292
5.561257
5.572516
5.583749
5.594723
5.606201
5.617393
5.628276
5.639409
5.650781
5.661769
5.672874
5.684066
5.695962
5.706787
5.717866
5.728768
5.740223
5.751032
5.762298
5.773704
5.785895
5.797212
5.808128
5.819055
5.82964
5.840898
5.852608
5.864163
5.875963
5.887506
5.899454
5.910736
5.922049
5.933924
5.945415
5.95706
5.968403
5.979594
5.990635
6.00169
6.012938
6.024035
6.035255
6.046502
6.057634
6.068642
6.08008
6.091343
6.102425
6.11362
6.124696
6.136186
6.147068
6.15808
6.169241
6.180659
6.196728
6.208106
6.219115
6.230546
6.242867
6.254281
6.265421
6.276865
6.288207
6.300272
6.31115
6.321929
6.333328
6.344764
6.356766
TARGET DESTROYED 
6.372952
6.384304
6.395602
6.408204
6.420428
6.432816
6.443608
6.454847
6.466171
6.477812
6.488901
6.500011
6.510639
6.521815
6.533073
6.544192
6.555436
6.566685
6.577758
6.589224
6.600377
6.611279
6.622799
6.634892
6.645481
6.656472
6.667907
6.678608
6.689312
6.701077
6.711984
6.72285
6.734224
6.745564
6.756195
6.76769
6.778841
6.790206
6.80179
6.812827
6.823604
6.8345
6.845673
6.856819
6.8684
6.879464
6.89026
6.902291
6.913237
6.924666
6.936582
6.947815
6.959421
6.970708
6.98246
6.993886
7.005754
7.017208
7.028507
7.039677
7.05128
7.062688
7.07412
7.086045
7.097637
7.109739
7.121241
7.132822
7.143827
7.154932
7.16675
7.177697
7.189336
7.201001
7.212324
7.223485
7.234541
7.245381
7.256132
7.26724
7.278508
7.289855
7.301759
7.313032
7.324181
7.340694
7.352288
7.364601
7.375849
7.386997
7.398386
7.409393
7.420825
7.431842
7.442974
7.454809
7.466654
7.477877
7.489124
7.500844
7.512775
7.523918
7.535687
7.546626
7.557471
7.568784
7.580012
7.591194
7.602805
7.613828
7.625289
7.637196
7.647869
7.658791
7.67061
7.682299
7.695182
7.706287
7.718269
7.730227
7.741105
7.752126
7.762981
7.774239
7.785706
7.797451
7.808588
7.820078
7.831404
7.842537
7.854099
7.865542
7.876313
7.887537
7.898762
7.91011
7.921332
7.932825
7.943933
7.955066
7.966991
7.978747
7.989523
8.000772
8.012012
8.022905
8.034746
8.046763
8.058034
8.069813
8.081325
8.093148
8.1045
8.116131
8.127301
8.138778
8.151159
8.162243
8.1732
8.183909
8.193831
8.204345
8.214691
8.224961
8.235539
8.245585
8.255699
8.265904
8.27621
8.286701
8.298098
8.309416
8.320184
8.331446
8.342437
8.354486
8.365698
8.375944
8.387014
8.398541
8.409554
8.420608
8.432106
8.443088
8.454491
8.465655
8.476408
8.491312
8.501599
8.511642
8.521706
8.532435
8.543393
8.554733
8.566287
8.577218
8.588142
8.599522
8.610866
8.621869
8.633471
8.644956
8.656219
8.667984
8.679422
8.691492
8.702186
8.713892
8.725393
8.736506
8.748553
8.758877
8.770268
8.781477
8.792651
8.803487
8.815187
8.826036
8.837125
8.848567
8.859417
8.871341
8.882418
8.893355
8.905131
8.916251
8.927633
8.938724
8.950256
8.961517
8.972617
8.984295
TARGET DESTROYED 
8.999358
9.009786
9.020674
9.031465
9.042062
9.052598
9.062811
9.07362
9.08433
9.095621
9.106928
9.117648
9.128174
9.138817
9.149057
9.159659
9.170565
9.181405
9.192439
9.20366
9.214961
9.226044
9.237259
9.248448
9.259324
9.270626
9.28185
9.292842
9.304029
9.315527
9.326712
9.337664
9.348994
9.360163
9.371568
9.382601
9.394071
9.404816
9.416398
9.42786
9.438828
9.450595
9.461971
9.473123
9.484541
9.4959
9.507239
9.51867
9.53001
9.541261
9.552842
9.564068
9.575547
9.586712
9.59824
9.609343
9.62509
9.636373
9.64652
9.657017
9.667412
9.67758
9.688034
9.698943
9.709752
9.721092
9.732123
9.742358
9.752651
9.762941
9.773275
9.783872
9.795182
9.806066
9.817029
9.828189
9.839505
9.850557
9.861915
9.872781
9.884018
9.895325
9.906185
9.917544
9.928899
9.939762
9.951035
9.963042
9.974058
9.985161
9.995684
10.00683
10.01815
10.02944
10.04118
10.05229
10.06352
10.07517
10.08686
10.09797
10.10926
10.12078
10.13217
10.1435
10.15505
10.16671
10.17802
10.18888
10.20065
10.2119
10.22354
10.23521
10.24651
10.25718
10.26907
10.27983
10.29105
10.30212
10.31326
10.32444
10.33611
10.34696
10.35781
10.36946
10.38025
10.39186
10.40295
10.41442
10.42506
10.43617
10.44723
10.45842
10.46951
10.48085
10.49223
10.50358
10.51452
10.52556
10.53686
10.54806
10.55928
10.57025
10.58143
10.5927
10.60383
10.61622
10.6263
10.63704
10.64881
10.6598
10.67116
10.68252
10.69464
10.70477
10.71572
10.7281
10.73831
10.74922
10.76471
10.77568
10.78651
10.79762
10.80829
10.81895
10.82918
10.83951
10.85009
10.86042
10.87135
10.88172
10.89135
10.90231
10.9129
10.92345
10.9347
10.94514
10.95619
10.96794
10.97949
10.98985
11.00098
11.01214
11.02328
11.03478
11.04571
11.05676
11.06783
11.07909
11.09036
11.10187
11.1126
11.12409
11.13499
11.14606
11.15728
11.16835
11.17966
11.1909
11.20219
11.21346
11.22424
11.236
11.24723
11.25886
11.27014
11.28203
11.29305
11.30463
11.31617
11.32785
11.3388
11.35048
11.36284
11.37468
11.38568
11.39612
11.40743
11.41919
11.43128
11.44225
11.45278
11.46382
11.47502
11.48623
11.49728
11.50841
11.5197
11.53095
11.54195
11.55326
11.56458
11.57559
11.58675
11.59826
11.60884
11.62015
11.63161
11.64253
11.65369
11.66522
11.67598
11.68736
11.6986
11.71103
11.72171
11.7328
11.74337
11.75455
11.7658
11.77646
11.78833
11.79943
11.81053
11.82164
11.83257
11.84403
11.85486
11.86629
11.87808
11.88868
11.89996
11.91655
11.9271
11.93799
11.94855
11.95901
11.97026
11.98133
11.99175
12.0026
12.01357
12.0241
12.03506
12.04548
12.05587
12.06708
12.07729
12.08793
12.09817
12.10884
12.1197
12.13041
12.14086
12.15216
12.16267
12.17379
12.18492
12.19612
12.20725
12.21875
12.22996
12.24076
12.25202
12.26301
12.27417
12.28567
12.29664
12.30791
12.31901
12.33012
12.34116
12.35252
12.3636
12.37544
12.38653
12.39723
12.40835
12.41981
12.43175
12.44273
12.45431
12.46603
12.47773
12.48844
12.49996
12.5118
12.52276
12.53475
12.54606
12.55778
12.56943
12.58104
12.5927
12.60427
12.6161
12.62797
12.63987
12.65174
12.66302
12.67454
12.68651
12.69918
12.71062
12.72204
12.73374
12.74539
12.75689
12.7687
12.7804
12.79169
12.80402
12.81546
12.82708
12.83918
12.85096
12.86264
12.87441
12.88484
12.89506
TARGET DESTROYED 
12.90962
12.92034
12.93069
12.94077
12.95137
12.96165
12.97189
12.98269
12.9934
13.0051
13.01673
13.02702
13.04226
13.05255
13.06303
13.07286
13.08318
13.09273
13.10305
13.11279
13.12338
13.13453
13.14588
13.1567
13.16781
13.17927
13.19026
13.20141
13.21297
13.22367
13.23494
13.24621
13.25717
13.26841
13.27966
13.29101
13.30207
13.31345
13.32417
13.33558
13.34669
13.35763
13.36909
13.38047
13.3911
13.40252
13.41356
13.42469
13.43603
13.44718
13.45844
13.46971
13.48162
13.49279
13.50415
13.51589
13.52722
13.53843
13.55021
13.56136
13.57297
13.58485
13.59572
13.60743
13.61883
13.63007
13.64131
13.6701
13.68023
13.69293
13.70515
13.71534
13.72641
13.73769
13.74887
13.76003
13.77126
13.78229
13.79356
13.80461
13.81608
13.82709
13.83799
13.84934
13.86045
13.87151
13.88276
13.89437
13.90545
13.91658
13.92823
13.93852
13.94985
13.96101
13.97199
13.98368
13.99457
14.00565
14.01721
14.02803
14.03913
14.05052
14.06156
14.0729
14.08415
14.09508
14.106
14.11736
14.12872
14.13968
14.15115
14.16198
14.17408
14.18474
14.19967
14.21016
14.22017
14.23042
14.24065
14.25181
14.26346
14.27524
14.28713
14.29948
14.30979
14.32109
14.33247
14.34338
14.35462
14.36613
14.37697
14.38806
14.39973
14.41051
14.42142
14.43293
14.44397
14.45511
14.46639
14.47744
14.48863
14.49993
14.51106
14.52222
14.53358
14.54458
14.55587
14.5672
14.57821
14.59038
14.60096
14.61243
14.62335
14.63507
14.64624
14.65753
14.66878
14.68025
14.69145
14.70292
14.71474
14.72564
14.73653
14.74782
14.75916
14.77012
14.78141
14.79278
14.80421
14.81495
14.82595
14.8371
14.8485
14.85982
14.87117
14.88236
14.89291
14.90425
14.91589
14.92644
14.93774
14.94895
14.95997
14.97192
14.98242
14.99858
15.00875
15.01895
15.02895
15.03866
15.04848
15.05869
15.06909
15.0791
15.08955
15.10034
15.1116
15.12366
15.13421
15.14554
15.15636
15.16756
15.17911
15.18963
15.20121
15.21265
15.22378
15.23493
15.24565
15.25686
15.26835
15.27924
15.29105
15.30164
15.31258
15.32386
15.33994
15.35054
15.36093
15.37161
15.38264
15.39319
15.4041
15.41412
15.42559
15.43681
15.44853
15.45978
15.47109
15.48274
15.49393
15.50545
15.51651
15.52738
15.53856
15.55007
15.56061
15.57187
15.58329
15.59483
15.6064
15.61711
15.62803
15.63903
15.65138
15.66123
15.6724
15.68378
15.69503
15.70655
15.71751
15.72874
15.74001
15.75142
15.76253
15.77432
15.78541
15.79652
15.80795
15.8192
15.83067
15.84177
15.85368
15.86488
15.87604
15.88701
15.89833
15.90943
15.92063
15.93243
15.94347
15.95395
15.96638
15.97934
15.99115
16.00332
16.01534
16.03753
16.0505
16.06162
16.07209
16.08348
16.0947
16.10588
16.11734
16.1281
16.13896
16.15052
16.16157
16.17252
16.18391
16.19512
16.20604
16.21739
16.22877
16.23965
16.25102
16.26252
16.27354
16.28439
16.29557
16.30676
16.31781
16.32884
16.3399
16.35139
16.36249
16.37377
16.38523
16.39601
16.4072
16.41843
16.43015
16.44117
16.45205
16.46295
16.47405
16.48539
16.50082
16.51168
16.52228
16.53378
16.54459
16.55585
16.56649
16.57693
16.5882
16.59964
16.6101
16.62097
16.63134
16.64262
16.65448
16.66635
16.67783
16.68956
16.70182
16.71295
16.72473
16.73652
16.74821
16.7601
16.77182
16.78363
16.7961
16.80814
16.82061
16.83236
16.84402
16.85557
16.867
16.87825
16.88945
16.90196
16.91347
16.925
16.93663
16.94872
16.96039
16.97204
16.98381
16.99564
17.00822
17.01987
17.0319
17.04379
17.05537
17.06685
17.07811
17.08972
17.10209
17.11392
17.12562
17.1374
17.14969
17.16153
17.17293
17.18485
17.19691
17.2085
17.22015
17.2317
17.24279
17.25458
17.26737
17.27845
17.28944
17.30075
17.31237
17.32363
17.33535
17.34664
17.35804
17.3698
17.38096
17.39268
17.40473
17.41704
17.42865
17.44002
17.45192
17.46353
17.47483
17.48635
17.49784
17.50914
17.52129
17.5336
17.54503
17.5577
17.56968
17.58169
17.594
17.60581
17.61794
17.62939
17.64137
17.65368
17.66582
17.67796
17.69475
17.70664
17.71917
17.73107
17.74285
17.75488
17.76693
17.77862
17.79051
17.80277
17.81477
17.82629
17.83783
17.84995
17.86233
17.87436
17.88609
17.89796
17.91057
17.92297
17.93471
17.9464
17.95833
17.97104
17.98265
17.99438
18.00609
18.01823
18.03
18.04305
18.05575
18.06813
18.08039
18.09251
18.10493
18.11633
18.12724
18.13836
18.15058
18.16114
18.17209
18.1834
18.19464
18.2057
18.21717
18.22816
18.23893
18.25049
18.26154
18.27238
18.28382
18.29506
18.30647
18.31734
18.32826
18.33993
18.35116
TARGET DESTROYED 
18.369
18.38134
18.39425
18.40663
18.41885
18.43084
18.44259
18.45556
18.46792
18.48129
18.49432
18.50619
18.51846
18.52978
18.54136
18.55322
18.56514
18.57749
18.58962
18.60156
18.61332
18.62573
18.63812
18.65026
18.6618
18.67387
18.68605
18.69793
18.71019
18.72225
18.73453
18.74519
18.75621
18.76734
18.77815
18.78896
18.80145
18.81196
18.82329
18.83436
18.84534
18.8565
18.86745
18.87793
18.89371
18.90567
18.91702
18.92767
18.9389
18.95016
18.96092
18.97186
18.9837
18.99496
19.00583
19.01799
19.03098
19.04327
19.05565
19.06769
19.07971
19.09211
19.10521
19.11756
19.12981
19.14253
19.15572
19.16803
19.18053
19.19258
19.20572
19.21811
19.23053
19.24324
19.2559
19.26816
19.28091
19.2932
19.30545
19.31771
19.33016
19.34262
19.35495
19.36724
19.37895
19.39124
19.40529
19.41809
19.43051
19.44294
19.45615
19.46947
19.48258
19.49526
19.50842
19.52111
19.53407
19.54696
19.55868
19.57158
19.5835
19.59578
19.60757
19.6196
19.63029
19.64084
19.65195
19.66282
19.67393
19.68515
19.69649
19.70748
19.71903
19.73087
19.74187
19.75306
19.76431
19.77528
19.7865
19.79842
19.80936
19.82042
19.83185
19.84273
19.85374
19.86463
19.87681
19.88826
19.89981
19.91096
19.92169
19.93292
19.94363
19.95498
19.96603
19.97704
19.98806
19.9994
20.01097
20.02203
20.03316
20.04422
20.05511
20.06635
20.07709
20.08852
20.10544
20.11687
20.12782
20.13909
20.15004
20.1613
20.17246
20.18413
20.19571
20.20738
20.21911
20.23029
20.24164
20.25457
20.26736
20.27993
20.29237
20.30532
20.31789
20.33053
20.34316
20.35606
20.36915
20.38163
20.39474
20.40754
20.42067
20.43336
20.44588
20.45801
20.47157
20.48442
20.49553
20.50663
20.51773
20.52863
20.54025
20.55125
20.56299
20.57336
20.58472
20.59596
20.60703
20.61825
20.62949
20.64063
20.65188
20.66281
20.6739
20.68505
20.69626
20.70748
20.71877
20.72983
20.74096
20.75216
20.76335
20.77461
20.78606
20.79675
20.80809
20.8192
20.8306
20.84225
20.85288
20.86371
20.87517
20.88615
20.89858
20.90956
20.91974
20.93105
20.94215
20.95358
20.96602
20.97696
20.98831
21.00003
21.01143
21.02273
21.03438
21.04592
21.05709
21.06856
21.08004
21.09153
21.10328
21.11475
21.12613
21.13669
21.14811
21.1591
21.17039
21.18159
21.19384
21.20465
21.21545
21.2262
21.23741
21.24872
21.25986
21.27102
21.28251
21.29918
21.31013
21.32262
21.33395
21.34499
21.35632
21.36724
21.37833
21.38951
21.40146
21.41251
21.42318
21.43488
21.44563
21.45649
21.46787
21.47926
21.48998
21.50128
21.51239
21.52426
21.53513
21.54609
21.55718
21.56842
21.57941
21.59109
21.60177
21.61284
21.62404
21.63539
21.64649
21.65755
21.66893
21.68029
21.69176
21.70303
21.71488
21.72595
21.7374
21.74894
21.76024
21.77136
21.78321
21.79427
21.80549
21.81705
21.82822
21.83951
21.85087
21.86238
21.87389
21.8851
21.89663
21.90783
21.91875
21.93009
21.94132
21.95279
21.96362
21.97474
21.98612
21.99717
22.00865
22.0209
22.03253
22.04402
22.05597
22.06808
22.07946
22.09097
22.10258
22.1151
22.1265
22.13791
22.14942
22.16108
22.1726
22.18478
22.19637
22.20794
22.22009
22.23186
22.24339
22.25518
22.26702
22.27889
22.29108
22.30379
22.31705
22.32943
22.34159
22.35417
22.3669
22.37915
22.39127
22.40451
22.4167
22.42888
22.44133
22.45347
22.46604
22.48269
22.49561
22.50743
22.51963
22.53241
22.54532
22.55697
22.56928
22.58189
22.59464
22.6065
22.61891
22.63072
22.64306
22.65583
22.66849
22.6806
22.69286
22.70552
22.71814
22.73023
22.74284
22.75545
22.76795
22.77994
22.79199
22.80521
22.8175
22.82984
22.84196
22.85501
22.86721
22.8798
22.89192
22.9053
22.91774
22.93042
22.94147
22.9526
22.96376
22.97491
22.98596
22.99728
23.00871
23.01986
23.03125
23.04203
23.0531
23.06468
23.07567
23.08669
23.09793
23.10887
23.12012
23.1315
23.14259
23.15362
23.16549
23.17605
23.18722
23.19867
23.20959
23.22067
23.2319
23.24334
23.25426
23.2657
23.27673
23.28758
23.29924
23.31017
23.32135
23.33262
23.34361
23.3551
23.36609
23.37712
23.38859
23.40043
23.41193
23.42297
23.43459
23.44606
23.4575
23.46903
23.48077
23.49194
23.50336
23.51513
23.52635
23.53851
23.54952
23.56078
23.57179
23.5835
23.59467
23.60573
23.61703
23.62814
23.63915
23.65021
23.66622
23.67676
23.68735
23.69836
23.70869
23.71932
23.72998
23.74084
23.75127
23.76153
23.77216
23.78275
23.79428
23.80538
23.81597
23.82603
23.83671
23.84697
23.85761
23.86881
23.87968
23.89073
23.90228
23.91313
23.92441
23.93564
23.94742
23.95774
23.96933
23.98024
23.99136
24.00251
24.01379
24.02504
24.03629
24.0473
24.05892
24.06949
24.08084
24.09201
24.10363
24.11473
24.12625
24.13757
24.14946
24.16039
24.1717
24.1842
24.1948
24.20615
24.21795
24.22893
24.24059
24.25193
24.26328
24.29338
24.30418
24.31575
24.32653
24.33765
24.34916
24.36007
24.37107
24.38282
24.39405
24.40553
24.4178
24.42904
24.4406
24.46578
24.47727
24.489
24.5008
24.5124
24.52399
24.53653
24.5481
24.55988
24.57262
24.58429
24.59541
24.60674
24.61873
24.63001
24.64169
24.65327
24.66518
24.67593
24.68749
24.69888
24.70956
24.72139
24.73302
24.74418
24.75501
24.7663
24.77703
24.7878
24.79969
24.81086
24.82193
24.83697
24.84822
24.8591
24.86996
24.88074
24.89172
24.90378
24.91522
24.92585
24.9377
24.94958
24.96055
24.97164
24.98285
24.99374
25.00521
25.01679
25.02794
25.03894
25.05032
25.06135
25.07211
25.08323
25.09398
25.10595
25.11727
25.12856
25.14022
25.1522
25.16443
25.17587
25.18801
25.19881
25.21029
25.22162
25.23229
25.24343
25.25527
25.2666
25.27815
25.28939
25.30161
25.31598
25.32749
25.339
25.35037
25.36199
25.37299
25.38492
25.39628
25.40771
25.42007
25.43294
25.44661
