0.02
0.04
0.14
0.1703623
0.1822381
0.1936397
0.2049319
0.2165215
0.2277108
0.2395808
0.2515143
0.2621116
0.2731751
0.2832958
0.2964012
0.3064359
0.3165629
0.3276367
0.338721
0.3503347
0.3613408
0.3764159
0.3866215
0.3961243
0.4059489
0.4169954
0.4281166
0.439755
0.4507155
0.4620135
0.4728643
0.4839824
0.4951569
0.5063955
0.5174186
0.5287387
0.539867
0.551242
0.5620303
0.5732949
0.5845258
0.5954546
0.6070076
0.6182187
0.6289764
0.6403036
0.651558
0.6626327
0.6737937
0.6849814
0.6960301
0.7074558
0.7186104
0.7295651
0.7417887
0.7528284
0.7638191
0.7742172
0.7857626
0.7966506
0.8091568
0.8196923
0.8301004
0.8413252
0.8528468
0.8635144
0.8749109
0.8908618
0.9024103
0.9132817
0.9244995
0.9360194
0.9468904
0.9579039
0.9694729
0.980104
0.9918726
1.003801
1.015093
1.025406
1.036185
1.047785
1.05875
1.069833
1.082812
1.092661
1.103097
1.114389
1.126682
1.13766
1.148154
1.159109
1.170166
1.185219
1.194825
1.204585
1.21432
1.224053
1.235137
1.246233
1.257299
1.268814
1.279724
1.290936
1.302644
1.313146
1.324259
1.335429
1.346663
1.358384
1.369529
1.380733
1.391661
1.402516
1.413773
1.424901
1.436148
1.447633
1.458441
1.469773
1.480574
1.492175
1.502974
1.514256
1.525442
1.536541
1.548213
1.559341
1.570393
1.582184
1.593172
1.604685
1.616186
1.627024
1.638412
1.649926
1.661524
1.672286
1.684031
1.695105
1.706465
1.717902
1.728782
1.73998
1.752457
1.763583
1.774703
1.786782
1.796766
1.807476
1.818492
1.828918
1.840016
1.85176
1.862795
1.873676
1.884805
1.895933
1.907095
1.918676
1.929369
1.940934
1.952003
1.962833
1.974096
1.989418
1.99966
2.010187
2.020289
2.030136
2.039943
2.049944
2.060863
2.072396
2.083573
2.094359
2.106866
2.116987
2.127985
2.139238
2.15046
2.161618
2.17292
2.183969
2.195028
2.205927
2.217596
2.228446
2.239799
2.250983
2.26185
2.273173
2.284438
2.295463
2.30682
2.317851
2.329299
2.340117
2.351375
2.362477
2.373733
2.385255
2.396473
2.407826
2.419299
2.431075
2.441791
2.453445
2.464479
2.475629
2.487989
2.498743
2.5097
2.521182
2.532815
2.543964
2.555332
2.566532
2.577617
2.588684
2.600135
2.610953
2.622171
2.633599
2.64499
2.65563
2.667676
2.679092
2.690017
2.700777
2.712336
2.722745
2.734377
2.745129
2.756339
2.771593
2.782246
2.793909
2.805403
2.816118
2.826652
2.837397
2.847891
2.858272
2.869416
2.880001
2.890448
TARGET DESTROYED 
2.901447
2.920225
2.930717
2.941425
2.952575
2.963985
2.983417
2.995025
3.005831
3.015787
3.025836
3.036664
3.046865
3.057145
3.067741
3.078383
3.088882
3.099592
3.109984
3.121312
3.131725
3.142372
3.153447
3.16474
3.175665
3.186896
3.198024
3.20928
3.220315
3.23239
3.243116
3.253874
3.265469
3.27664
3.287461
3.298825
3.309742
3.32091
3.33218
3.34334
3.354449
3.366041
3.376727
3.388053
3.399973
3.410702
3.421429
3.433284
3.444652
3.455894
3.46727
3.478545
3.490928
3.501612
3.513009
3.524401
3.539901
3.550413
3.561094
3.571433
3.581618
3.592677
3.60358
3.61482
3.625582
3.636772
3.648045
3.659142
3.670209
3.681345
3.693147
3.704125
3.714937
3.726176
3.737239
3.748973
3.759643
3.770869
3.782201
3.792996
3.804293
3.815609
3.826496
3.837845
3.849225
3.860035
3.871202
3.882751
3.893475
3.905057
3.916504
3.92775
3.938946
3.950346
3.961425
3.972888
3.984468
3.995244
4.006525
4.018476
4.030551
4.041079
4.052106
4.063921
4.074293
4.086412
4.096539
4.108037
4.119673
4.130198
4.141311
4.152505
4.163586
4.174788
4.186136
4.197204
4.208328
4.219823
4.23053
4.241887
4.253095
4.2641
4.275348
4.287208
4.298193
4.309096
4.3205
4.33601
4.347194
4.358349
4.370188
4.382666
TARGET DESTROYED 
4.393589
4.409934
4.421403
4.433179
4.443656
4.456201
4.467219
4.477859
4.4887
4.499599
4.510437
4.521811
4.540303
4.552546
4.563225
4.57394
4.584745
4.595283
4.605761
4.616786
4.627826
4.639045
4.650203
4.66146
4.672827
4.684145
4.694861
4.70647
4.717107
4.728372
4.740417
4.751379
4.761702
4.773599
4.784373
4.795581
4.806429
4.818314
4.829157
4.840249
4.851467
4.862363
4.873469
4.884973
4.895895
4.907309
4.918359
4.929446
4.940474
4.951715
4.962907
4.974086
4.985454
4.996467
5.007662
5.019251
5.03002
5.041252
5.052288
5.063541
5.075186
5.086796
5.098456
5.116667
5.127245
5.138651
5.14947
5.160345
5.171379
5.182164
5.192818
5.203766
5.214341
5.225113
5.236272
5.246843
5.258338
5.269365
5.280092
5.291344
5.302712
5.313496
5.324663
5.336152
5.346531
5.357866
5.369443
5.379897
5.391305
5.401924
5.412858
5.4236
5.434214
5.446425
5.457521
5.468441
5.478823
5.489855
5.500876
5.51157
5.523249
5.534059
5.544984
5.557495
5.568202
5.578437
5.589683
5.601592
5.612501
5.624024
5.635217
5.646502
5.657722
5.669136
5.679892
5.691151
5.7026
5.71374
5.724942
5.736352
5.74754
5.759305
5.771171
5.781938
5.792888
5.805038
5.816123
5.827332
5.838559
5.850634
5.8616
5.872931
5.883975
5.894791
5.906044
5.923141
5.934329
5.946726
5.957905
5.969161
5.980189
5.99175
6.003116
6.014002
6.024851
6.036235
6.04734
6.05889
6.0708
6.082064
6.093123
6.104953
6.116075
6.127282
6.138551
6.149868
6.163651
6.174735
6.185875
6.196794
6.207966
6.219051
6.230208
6.241803
6.252908
6.264055
6.275525
6.287529
6.298887
6.310401
6.321395
6.332306
6.343244
6.354517
6.365277
6.376249
6.387337
6.398715
6.409116
6.419737
6.429713
6.44044
6.451742
6.46233
6.473218
6.483685
6.494506
6.505764
6.517156
6.52822
TARGET DESTROYED 
6.538689
6.555277
6.573375
6.58626
6.596479
6.607095
6.618381
6.628726
6.639211
6.650094
6.660633
6.671869
6.683204
6.694217
6.709716
6.720476
6.73064
6.741223
6.752033
6.762606
6.77284
6.783965
6.794751
6.806145
6.817604
6.828336
6.839528
6.850865
6.86193
6.872971
6.884404
6.895432
6.906519
6.917984
6.92879
6.939973
6.951312
6.962201
6.973612
6.984817
6.995751
7.007033
7.018544
7.029974
7.040505
7.051757
7.062802
7.074146
7.085878
7.097011
7.108352
7.119968
7.13179
7.143095
7.154726
7.166592
7.178773
7.189471
7.201291
7.212154
7.223987
7.235515
7.246494
7.258677
7.269807
7.280882
7.292706
7.304092
7.31558
7.327051
7.33896
7.350592
7.361621
7.373213
7.384613
7.396384
7.407786
7.419175
7.431493
7.443484
7.45532
7.467306
7.478401
7.49078
7.507484
7.518955
7.530427
7.542177
7.554733
7.566957
7.578022
7.589194
7.600605
7.61192
7.623197
7.634506
7.645802
7.657145
7.669102
7.680238
7.691633
7.703698
7.714931
7.726151
7.737737
7.74907
7.760448
7.771945
7.783413
7.794741
7.806899
7.81848
7.829528
7.841396
7.853134
7.864764
7.876161
7.887677
7.898995
7.910648
7.922842
7.934339
7.945323
7.956463
7.96804
7.978853
7.990241
8.001362
8.012226
8.023868
8.035383
8.046526
8.05785
8.06905
8.080457
8.092403
8.103768
8.115394
8.126928
8.138276
8.149707
8.161022
8.17219
8.183437
8.194992
8.206628
8.218572
8.230212
8.241935
8.253172
8.263806
8.274954
8.286515
8.297841
8.309311
8.325536
8.336418
8.347402
8.35866
8.369943
8.38089
8.392471
8.403569
8.414744
8.425756
8.437435
8.44891
8.460229
8.471321
8.482209
8.493459
8.504179
8.515251
8.527124
8.538552
8.549318
8.560561
8.571884
8.582531
8.593941
8.60515
8.616653
TARGET DESTROYED 
8.62748
8.643445
8.654965
8.66626
8.678229
8.689347
8.700347
8.711954
8.722798
8.734368
8.745888
8.764253
8.777088
8.788368
8.799811
8.811698
8.823313
8.835278
8.846605
8.85833
8.870736
8.882387
8.895568
8.907318
8.918777
8.930131
8.94237
8.954623
8.966862
8.978398
8.98989
9.002058
9.013564
9.025316
9.037667
9.04935
9.061107
9.073215
9.08493
9.095761
9.106933
9.118224
9.129506
9.145301
9.15618
9.167255
9.178053
9.1886
9.199102
9.209723
9.221008
9.231656
9.242703
9.253341
9.264126
9.274573
9.285636
9.296866
9.308132
9.319727
9.330326
9.341573
9.352651
9.363831
9.375637
9.386933
9.398217
9.409492
9.420867
9.4323
9.442434
9.453942
9.464402
9.476005
9.486782
9.498052
9.509016
9.520226
9.531752
9.542552
9.554144
9.565178
9.576609
9.588691
9.600091
9.611313
9.622973
9.634465
9.645776
9.657452
9.668864
9.68074
9.693232
9.703756
9.715462
9.726249
9.737504
9.748829
9.759615
9.77094
9.782118
9.793275
9.80444
9.81582
9.826773
9.838099
9.849599
9.860271
9.871352
9.883033
9.893609
9.905104
9.91638
9.927423
9.938471
9.954007
9.964984
9.975849
9.986471
9.996524
10.00745
10.01785
10.02841
10.03973
10.04993
10.06019
10.07134
10.08189
10.09202
10.10245
10.11265
10.12333
10.13459
10.14595
10.15688
10.16857
10.17978
10.19033
10.20163
10.21276
10.22388
10.23527
10.24623
10.25738
10.26866
10.27992
10.29097
10.3024
10.31321
10.32489
10.33572
10.34689
10.35823
10.3697
10.38179
10.39239
10.40389
10.41533
10.42687
10.4382
10.44961
10.46088
10.47222
10.48402
10.49496
10.50648
10.51799
10.52939
10.5406
10.55242
10.56303
10.57489
10.58669
10.59728
10.60881
10.61983
10.6311
10.64247
10.6532
10.6646
10.67568
10.68705
10.69798
10.70928
10.72043
10.73156
10.74263
10.75908
10.76969
10.78024
10.79127
10.80234
10.81293
10.82391
10.8351
10.84565
10.85661
10.86755
10.8787
10.88967
10.90042
10.91125
10.92225
10.93301
10.944
10.95508
10.9659
10.97666
10.98744
10.99863
11.01015
11.02091
11.03151
11.04232
11.05414
11.06516
11.0761
11.0877
11.09818
11.10953
11.12056
11.13093
11.14187
11.15258
11.16344
11.17397
11.18508
11.19622
11.20732
11.21824
11.22921
11.24041
11.25177
11.26356
11.27456
11.28637
11.29752
11.30881
11.32055
11.33201
11.34312
11.35459
11.36608
11.37725
11.38867
11.40005
11.41111
11.42265
11.43353
11.44481
11.45603
11.46754
11.47861
11.49023
TARGET DESTROYED 
11.50124
11.51646
11.52731
11.53838
11.55529
11.56639
11.57828
11.59479
11.60543
11.6168
11.62758
11.63839
11.6494
11.65988
11.67049
11.68087
11.69177
11.70294
11.71305
11.72333
11.73423
11.74521
11.75606
11.76637
11.77669
11.78794
11.79923
11.80999
11.82143
11.83254
11.84359
11.85471
11.86668
11.87698
11.8884
11.89986
11.91048
11.92181
11.93307
11.94412
11.9553
11.96681
11.978
11.98889
12.00011
12.01122
12.02225
12.03423
12.04584
12.05675
12.06844
12.07997
12.0912
12.1031
12.1141
12.1255
12.13707
12.14859
12.15983
12.17111
12.18287
12.19447
12.20544
12.21702
12.22799
12.23948
12.25104
12.26207
12.27362
12.28488
12.2961
12.30931
12.32194
12.33416
12.34568
12.3624
12.37418
12.38601
12.3975
12.40934
12.42137
12.43376
12.4458
12.45803
12.47003
12.48159
12.49336
12.50556
12.51785
12.52949
12.54176
12.55405
12.56607
12.57781
12.58985
12.60215
12.61473
12.62686
12.63898
12.65097
12.66267
12.67491
12.68682
12.69882
12.71105
12.723
12.73526
12.74748
12.75952
12.77151
12.78336
12.79495
12.80694
12.81961
12.8314
12.84436
12.85616
12.86841
12.8801
12.89178
12.90389
12.91601
12.92754
12.93872
12.95012
12.96109
12.97259
12.98415
12.99545
13.00653
13.01834
13.02968
13.0411
13.05305
13.06393
13.07589
13.08755
13.09965
13.11065
13.12214
13.13363
13.14514
13.1565
13.16812
13.17951
13.1911
13.20318
13.21914
13.23045
13.24252
13.25451
13.2665
13.27804
13.28954
13.30165
13.31256
13.32439
13.33622
13.34786
13.35991
13.37176
13.3834
13.39494
13.40752
13.41954
13.43069
13.44236
13.45484
13.46715
13.47847
13.48972
13.50174
13.51288
13.52458
13.53445
13.54456
13.55498
13.56508
13.57516
13.5861
13.59715
13.60876
13.61959
13.63067
13.6419
13.65301
13.66419
13.67534
13.68665
13.69823
13.70892
13.72025
13.73134
13.74256
13.75363
13.76509
13.77594
13.7872
13.79851
13.80957
13.82078
13.83175
13.84298
13.85401
13.86617
13.87712
13.88858
13.90039
13.91186
13.92327
13.9347
13.94596
13.95753
13.96886
13.98041
13.99145
14.00287
14.0146
14.02552
14.03716
14.05264
14.06289
14.0729
14.0842
14.0944
14.1045
14.1139
14.12463
14.13594
14.14733
14.15814
14.16958
14.18053
14.19146
14.20296
14.21388
14.22502
14.23678
14.24778
14.25875
14.26983
14.28096
14.29213
14.3034
14.31448
14.32566
14.33707
14.3481
14.35966
14.37058
14.38236
14.3931
14.4039
14.4152
14.42639
14.43808
14.44943
14.46048
14.47188
14.4834
14.49438
14.50623
14.51717
14.5287
14.53957
14.55167
14.56273
14.57382
TARGET DESTROYED 
14.58505
14.60164
14.61308
14.62451
14.6354
14.64748
14.65841
14.66978
14.68097
14.69301
14.70584
14.72309
14.73518
14.74776
14.75886
14.77026
14.78113
14.79291
14.80454
14.81595
14.82745
14.83941
14.85101
14.86754
14.87897
14.89048
14.90167
14.91339
14.9249
14.93688
14.94915
14.96049
14.97161
14.98258
14.99396
15.00588
15.01767
15.02851
15.03967
15.05091
15.06134
15.07223
15.08337
15.09427
15.1052
15.11687
15.12762
15.13865
15.15025
15.1613
15.17243
15.18369
15.19453
15.20584
15.21709
15.22812
15.23916
15.25053
15.26151
15.27284
15.28411
15.29503
15.3063
15.3186
15.33033
15.34227
15.35425
15.36621
15.37759
15.38934
15.40152
15.41395
15.42584
15.43784
15.45029
15.46295
15.4751
15.48753
15.50037
15.5126
15.52542
15.53819
15.55069
15.56315
15.57503
15.58711
15.59888
15.6107
15.62274
15.63419
15.64516
15.65681
15.66817
15.67896
15.69022
15.70144
15.71208
15.72365
15.7356
15.75184
15.76451
15.77606
15.78776
15.79907
15.81104
15.82261
15.83456
15.8456
15.8572
15.86871
15.87954
15.89131
15.90384
15.91612
15.92808
15.94057
15.95334
15.9652
15.97736
15.98958
16.00142
16.01313
16.02491
16.03768
16.05027
16.06227
16.07435
16.08691
16.09989
16.11227
16.12502
16.13738
16.15016
16.16255
16.17447
16.1851
16.19504
16.20582
16.21613
16.22595
16.23646
16.24926
16.26182
16.2747
16.28807
16.30076
16.31342
16.32579
16.33962
16.35323
16.36699
16.37994
16.39261
16.40522
16.41799
16.43085
16.44344
16.45692
16.4682
16.4792
16.49117
16.50263
16.51528
16.5281
16.5398
16.5526
16.56498
16.57688
16.58906
16.60105
16.61419
16.62628
16.63815
16.65004
16.66179
16.67378
16.69081
16.70319
16.71585
16.72764
16.73952
16.74998
16.76101
16.77136
16.78138
16.79263
16.80307
16.8143
16.82525
16.83718
16.84854
16.85997
16.87138
16.88312
16.89463
16.90614
16.91764
16.92907
16.941
16.95233
16.96449
16.97604
16.98731
16.9991
17.01069
17.02217
17.03383
17.0451
17.05631
17.06853
17.07956
17.09081
17.10242
17.11354
17.12543
17.13727
17.14968
17.16111
17.17269
17.18437
17.19594
17.20746
17.21892
17.23006
17.24144
17.25279
17.26305
17.27349
17.28417
17.29448
17.30554
17.31709
17.32794
17.33922
17.35099
17.36167
17.37286
17.38395
17.39538
17.4061
17.41756
17.4286
17.43975
17.45089
17.46255
17.47349
17.48443
17.49555
17.51446
17.52509
17.53537
17.54525
17.55615
17.57087
17.58144
17.59163
17.60183
17.61187
17.62225
17.63323
17.64331
17.65366
17.66382
17.67492
17.68538
17.69652
17.70785
17.71908
17.73031
17.74133
17.75253
17.76365
17.77528
17.78729
17.7986
17.81033
17.82187
17.83383
17.84534
17.85717
17.86964
17.88092
17.89277
17.90485
17.91641
17.92778
17.93921
17.95097
17.96254
17.97402
17.98662
17.99909
18.01131
18.02367
18.03687
18.04929
18.06172
18.07412
18.08636
18.099
18.11196
18.12439
18.13675
TARGET DESTROYED 
18.1491
18.17785
18.19014
18.20257
18.2143
18.22673
18.23927
18.25167
18.2641
18.2774
18.29064
18.31065
18.32276
18.33486
18.34757
18.35975
18.3718
18.3841
18.39641
18.4138
18.42585
18.43797
18.45158
18.46363
18.47641
18.48862
18.50073
18.51236
18.52391
18.53538
18.54659
18.55855
18.5708
18.58262
18.59429
18.60655
18.61908
18.62878
18.63886
18.6485
18.65843
18.66842
18.67953
18.69068
18.70189
18.71298
18.7244
18.73541
18.74654
18.75833
18.76907
18.77999
18.79127
18.80248
18.81359
18.82468
18.83591
18.84699
18.85824
18.86949
18.88108
18.89164
18.90289
18.91429
18.92545
18.93649
18.9476
18.95928
18.9701
18.98156
18.99293
19.00443
19.01602
19.02704
19.03878
19.0502
19.06201
19.07384
19.0843
19.0956
19.10693
19.11849
19.13
19.14129
19.15267
19.1641
19.17544
19.18659
19.19814
19.2095
19.22054
19.23221
19.24306
19.25415
19.26574
19.27629
19.29113
19.30156
19.31157
19.32187
19.33115
19.34153
19.35293
19.36405
19.37519
19.38661
19.39761
19.40883
19.41991
19.43236
19.44267
19.45426
19.46512
19.47568
19.48685
19.49818
19.5091
19.52037
19.53145
19.54296
19.55427
19.56513
19.57638
19.58743
19.5988
19.61004
19.62138
19.63214
19.64312
19.65472
19.66603
19.67719
19.68855
19.70026
19.7111
19.72252
19.73405
19.74495
19.75668
19.76787
19.77903
19.79033
19.80199
19.81255
19.82373
19.83502
19.84608
19.85755
19.86859
19.87967
19.89067
19.90213
19.91322
19.92425
19.93555
19.94663
19.95802
19.9691
19.98006
19.99151
20.00265
20.01385
20.02468
20.03604
20.04723
20.05851
20.06962
20.08073
20.09181
20.10312
20.11433
20.12535
20.14126
20.15143
20.16124
20.17148
20.18181
20.19155
20.20874
20.21947
20.22943
20.23958
20.24926
20.25936
20.26914
20.27902
20.28947
20.29983
20.31313
