0.02
0.04
0.14
0.1834603
0.195022
0.2050753
0.2163229
0.2277666
0.2385346
0.2496549
0.2611203
0.2720051
0.2833173
0.2951892
0.3055122
0.3168779
0.3282898
0.3391871
0.3502365
0.3615031
0.3725428
0.3837035
0.3951751
0.4075567
0.4171661
0.4288481
0.4396979
0.4510953
0.4635399
0.4731383
0.4852117
0.4958196
0.5113143
0.5212967
0.5307777
0.5400684
0.551496
0.562538
0.57359
0.5849293
0.5960006
0.6074689
0.618481
0.6295946
0.6406754
0.6520674
0.6630654
0.6742361
0.6876699
0.6994132
0.7090725
0.7193161
0.7301325
0.7413102
0.7525377
0.7639065
0.7746633
0.7860419
0.7977056
0.8080797
0.8197632
0.8307177
0.8417289
0.8530025
0.8641189
0.8754109
0.8866453
0.9019765
0.9143748
0.924841
0.9341763
0.945687
0.9569773
0.9685009
0.9796529
0.9907411
1.002241
1.013359
1.024304
1.035727
1.047045
1.05811
1.06965
1.080602
1.092012
1.103103
1.114263
1.125684
1.136866
1.147933
1.159819
1.170179
1.181573
1.19291
1.203852
1.214831
1.226516
1.237257
1.248624
1.259792
1.271264
1.282135
1.293591
1.304576
1.315958
1.327311
1.338358
1.349265
1.360738
1.371537
1.383136
1.394326
1.405362
1.416378
1.428045
1.438649
1.44999
1.461339
1.472235
1.484837
1.495159
1.505564
1.516857
1.528337
1.539612
1.550407
1.562093
1.572604
1.587549
1.597808
1.607874
1.617521
1.627677
1.637961
1.649291
1.663931
1.673527
1.683045
1.69451
1.713882
1.725084
1.735487
1.746646
1.757989
1.769046
1.780011
1.791322
1.802751
1.813656
1.824516
1.835926
1.847173
1.858178
1.869671
1.880768
1.897831
1.911289
1.922366
1.933816
1.944325
1.954924
1.965987
1.976964
1.987863
1.999618
2.011475
2.02283
2.03448
2.046643
2.058421
2.070713
2.081908
2.09316
2.105557
2.116093
2.126758
2.137469
2.148663
2.163676
2.175978
2.18792
2.198835
2.209416
2.219964
2.230695
2.241058
2.251718
2.262922
2.273525
2.284952
2.295713
2.305927
2.318918
2.33527
2.346596
2.356822
2.367803
2.378494
2.388819
2.399629
2.410629
2.421056
2.432046
2.443077
2.45346
2.464222
2.475819
2.486834
2.498384
2.509806
2.52089
2.532132
2.543468
2.554382
2.565248
2.57628
2.588185
2.59968
2.61092
2.621391
2.632553
2.643915
2.654609
2.665564
2.676952
2.687752
2.699041
2.710366
2.720989
2.732479
2.743971
2.754654
2.766438
2.777743
2.788901
2.800081
2.811773
2.82258
2.834565
2.845912
2.856909
2.867946
2.878992
2.889832
2.901111
2.912998
2.923917
2.935031
2.946585
2.957773
2.968946
2.97988
2.992116
3.003772
3.020215
3.031836
3.043012
3.054762
3.066229
3.077533
3.088686
3.100243
3.111695
3.122578
3.133658
3.144998
3.155673
3.167239
3.178265
3.189048
3.200382
3.211876
3.223061
3.234863
3.246102
3.257374
3.269156
3.280136
3.291913
3.302948
3.314201
3.325545
3.336803
3.347882
3.359307
3.370547
3.381729
3.393258
3.404277
3.416496
3.428885
3.439531
3.450814
3.462504
3.473889
3.485365
3.498215
3.510047
3.522599
3.53386
3.545196
3.556191
3.567994
3.578954
3.590234
3.601801
3.6129
3.623576
3.635159
3.646814
3.657053
3.667775
3.679047
3.689924
3.701241
3.712234
3.723748
3.734824
3.750732
3.765608
3.77721
3.787775
3.798399
3.80952
3.820195
3.831096
3.842149
3.853234
3.863919
3.874977
3.885713
3.897423
3.908289
3.918988
3.930127
3.940728
3.951409
3.962084
3.972984
3.984023
3.995687
4.006759
4.018551
4.029776
4.040736
4.051992
4.062405
4.074187
4.085751
4.096904
4.10779
4.11831
4.129436
4.139979
4.151039
4.162146
4.173106
4.184725
4.196312
4.207509
4.219666
4.230944
4.242479
4.253722
4.264986
4.276685
4.287811
4.298991
4.31107
4.322469
4.333756
4.345303
4.356782
4.368366
4.379798
4.390854
4.402416
4.418448
4.43022
4.441422
4.452845
4.4642
4.47573
4.48712
4.498625
4.51039
4.521498
4.533271
4.544497
4.555572
4.567029
4.578403
4.590011
4.602117
4.613698
4.62504
4.63631
4.648695
4.660711
4.672177
4.684378
4.695743
4.706875
4.718266
4.729467
4.740877
4.752605
4.764203
4.776328
4.78799
4.799328
4.810993
4.822207
4.83361
4.844837
4.855967
4.867317
4.879106
4.890238
4.902311
4.913775
4.924942
4.936506
4.947875
4.960254
4.971454
4.982882
4.994975
5.006239
5.018166
5.030739
5.0428
5.054532
5.065438
5.077232
5.088476
5.099991
5.111427
5.12836
5.139745
5.15154
5.163368
5.17597
5.187381
5.198226
5.211225
5.222783
5.234576
5.246757
5.258004
5.269848
5.281269
5.292033
5.302683
5.313787
5.324581
5.335405
5.3502
5.361746
5.372795
5.384547
5.395945
5.407216
5.418948
5.431256
5.444223
5.45526
5.466641
5.478411
5.489789
5.502129
5.514191
5.526308
5.538313
5.550277
5.562053
5.573997
5.587491
5.599484
5.611588
5.622758
5.635158
5.646737
5.657972
5.669024
5.679955
5.690874
5.702282
5.713317
5.723627
5.734612
5.746616
5.767749
5.7798
5.790932
5.802211
5.813096
5.824205
5.841139
5.852613
5.86421
5.875788
5.887435
5.899937
5.912858
5.92409
5.935351
5.94681
5.959332
5.970913
5.982552
5.994315
6.006021
6.017666
6.028994
6.040551
6.052855
6.064419
6.076374
6.087727
6.099629
6.111857
6.123036
6.134905
6.146583
6.158699
6.170364
6.181869
6.193357
6.20492
6.21653
6.228686
6.240244
6.251803
6.263399
6.274712
6.286034
6.297437
6.309195
6.321592
6.333295
6.344561
6.356047
6.36831
6.379703
6.391261
6.402547
6.413872
6.426042
6.438164
6.450147
6.461954
6.472878
6.484723
6.496487
6.508152
6.519681
6.53134
6.549156
6.560924
6.571936
6.583563
6.595527
6.606812
6.618524
6.630242
6.64162
6.653441
6.665637
6.677749
6.688841
6.701575
6.712914
6.724353
6.736108
6.748347
6.760153
6.771514
6.783388
6.795323
6.806641
6.818758
6.830459
6.84167
6.852712
6.864193
6.874837
6.886122
6.897401
6.909428
6.920949
6.933
6.949
6.960615
6.972615
6.984492
6.997228
7.009666
7.02185
7.033505
7.045456
7.057001
7.069355
7.080972
7.092444
7.103958
7.116126
7.128368
7.140705
7.153035
7.164766
7.176753
7.188334
7.199749
7.211006
7.22207
7.233566
7.244755
7.261771
7.273385
7.285354
7.296785
7.309071
7.321651
7.333245
7.34452
7.355743
7.367184
7.378872
7.390184
7.401685
7.413548
7.425103
7.437192
7.448335
7.460789
7.471984
7.483326
7.495111
7.506046
7.517728
7.52946
7.541161
7.552782
7.563986
7.575424
7.587893
7.599817
7.611045
7.622516
7.634043
7.645507
7.656253
7.666789
7.677768
7.688903
7.700113
7.711195
7.722323
7.733613
7.745155
7.760277
7.772272
7.782784
7.793667
7.8044
7.815416
7.826525
7.83784
7.848557
7.863806
7.874951
7.886306
7.898893
7.91185
7.923481
7.935654
7.9468
7.958685
7.97492
7.986634
7.998492
8.011657
8.023926
8.035342
8.046583
8.058774
8.070064
8.08112
8.092429
8.1042
8.116891
8.128584
8.13989
8.151468
8.162941
8.174309
8.185659
8.19694
8.208327
8.220044
8.231247
8.242711
8.254208
8.265642
8.276704
8.28788
8.299337
8.31066
8.322216
8.334319
8.345338
8.356514
8.36767
8.379026
8.390628
8.401794
8.412791
8.423966
8.435184
8.446598
8.457479
8.468143
8.479378
8.49004
8.500595
8.512256
8.523763
8.535725
8.551578
8.564308
8.576642
8.589738
8.603427
8.616019
8.628267
8.640202
8.652761
8.664927
8.682635
8.695385
8.70789
8.720474
8.732968
8.746884
8.759812
8.772503
8.785125
8.797478
8.809679
8.822147
8.834475
8.846988
8.859477
8.8715
8.884097
8.896501
8.909131
8.921675
8.934155
8.946896
8.959539
8.971658
8.983912
8.996439
9.009754
9.021832
9.034151
9.046753
9.059021
9.071243
9.085418
9.09789
9.110244
9.122046
9.13431
9.147119
9.159857
9.172368
9.184918
9.197766
9.21005
9.222369
9.234371
9.247136
9.259947
9.272249
9.284657
9.297268
9.309891
9.32218
9.335273
9.347787
9.360673
9.372757
9.385427
9.397776
9.415742
9.427904
9.439548
9.451607
9.463808
9.476448
9.487727
9.49959
9.511503
9.522913
9.534758
9.54634
9.557888
9.569668
9.58125
9.594669
9.606876
9.61913
9.631027
9.642941
9.65519
9.666927
9.678798
9.689621
9.700952
9.712249
9.723362
9.733897
9.745153
9.7611
9.773201
9.785123
9.796988
9.808558
9.82027
9.83243
9.844719
9.855957
9.867352
9.878733
9.890249
9.902064
9.914257
9.926542
9.938145
9.950107
9.961815
9.97413
9.985617
9.997437
10.00945
10.0215
10.03391
10.04631
10.05707
10.06839
10.08094
10.09315
10.10446
10.11539
10.12644
10.13774
10.15424
10.16557
10.17727
10.18844
10.1995
10.21045
10.22131
10.23284
10.24379
10.25454
10.2659
10.27698
10.2881
10.2991
10.30999
10.32123
10.33233
10.34372
10.35495
10.36605
10.37734
10.38899
10.40026
10.41185
10.42326
10.45605
10.468
10.4792
10.49016
10.50135
10.51277
10.52378
10.53842
10.54986
10.56219
10.57399
10.5854
10.5975
10.60819
10.61942
10.63464
10.65082
10.66265
10.67377
10.68475
10.69622
10.70824
10.71936
10.7311
10.74276
10.75455
10.76682
10.77879
10.79008
10.80114
10.8124
10.82379
10.83488
10.84658
10.85832
10.86997
10.88264
10.89495
10.90654
10.91837
10.92975
10.9411
10.95249
10.96974
10.9816
10.99349
11.00447
11.01651
11.02905
11.04013
11.05132
11.06246
11.07429
11.08528
11.09633
11.10817
11.11959
11.13121
11.14322
11.15459
11.16615
11.17747
11.18887
11.20069
11.21219
11.22344
11.2349
11.24612
11.25731
11.26895
11.28098
TARGET DESTROYED 
11.29271
11.31275
11.32501
11.33699
11.35674
11.36957
11.38177
11.39314
11.40418
11.41552
11.42733
11.43847
11.45039
11.46212
11.47347
11.48441
11.49588
11.50739
11.51862
11.53018
11.54292
11.555
11.56685
11.57863
11.59094
11.60329
11.6152
11.62741
11.63943
11.6571
11.66863
11.6801
11.69158
11.70387
11.71577
11.72744
11.739
11.75005
11.76604
11.7778
11.78883
11.80051
11.81205
11.82349
11.83465
11.84572
11.85655
11.87276
11.88484
11.89681
11.90832
11.91996
11.93247
11.9452
11.95678
11.96804
11.97891
11.99022
12.00172
12.01249
12.02421
12.03577
12.04803
12.05913
12.0705
12.0822
12.09334
12.10446
12.11602
12.12758
12.13874
12.15024
12.16163
12.17279
12.18472
12.1968
12.20825
12.21963
12.23174
12.24302
12.25455
12.26632
12.27803
12.29
12.30222
12.31342
12.32436
12.33605
12.34734
12.36331
12.37449
12.38564
12.39678
12.40805
12.41899
12.43069
12.44266
12.45393
12.46537
12.47701
12.48839
12.4997
12.51079
12.52216
12.53371
12.5447
12.55664
12.56769
12.57917
12.59925
12.61083
12.62171
12.63324
12.6449
12.65646
12.66789
12.68027
12.69163
12.70346
12.71535
12.72745
12.73849
12.75023
TARGET DESTROYED 
12.76223
12.77879
12.7912
12.80362
12.81592
12.82794
12.84054
12.85299
12.86536
12.87915
12.8913
12.90388
12.92322
12.93732
12.94997
12.96215
12.97464
12.98696
12.99989
13.01275
13.02607
13.03818
13.05034
13.06742
13.07999
13.09245
13.1044
13.11659
13.12939
13.14171
13.15397
13.16658
13.17933
13.19145
13.20367
13.21626
13.22892
13.24115
13.25291
13.26486
13.27727
13.28938
13.30161
13.3139
13.32617
13.33863
13.35134
13.36347
13.37517
13.38747
13.40032
13.41238
13.42449
13.43663
13.44938
13.46199
13.47402
13.48623
13.4991
13.51155
13.52373
13.53585
13.5481
13.56039
13.57238
13.58562
13.59834
13.61083
13.62282
13.63502
13.64757
13.65972
13.67122
13.68273
13.6942
13.70659
13.7182
13.72997
13.74148
13.75331
13.76868
13.77954
13.78999
13.80017
13.81567
13.82607
13.83701
13.84837
13.86435
13.87555
13.88662
13.89847
13.91083
13.9221
13.93353
13.94444
13.95594
13.96688
13.97772
13.98904
13.99992
14.01126
14.02373
14.03573
14.04787
14.05977
14.07166
14.08419
14.0962
14.10824
14.12036
14.13279
14.14605
14.15786
14.16944
14.18194
14.19365
14.20591
14.21809
14.23009
14.24266
14.25439
14.26658
14.27935
14.29106
14.30276
14.3148
14.32705
TARGET DESTROYED 
14.33925
14.35667
14.36909
14.38185
14.39378
14.4056
14.4188
14.43102
14.44309
14.45536
14.4676
14.48037
14.49816
14.51795
14.53144
14.54391
14.55582
14.5683
14.58095
14.59379
14.60571
14.61817
14.63052
14.64328
14.65551
14.66866
14.68033
14.69247
14.70443
14.71626
14.72821
14.74037
14.75266
14.76401
14.77684
14.7885
14.79982
14.81147
14.8227
14.83389
14.84512
14.85677
14.8684
14.87988
14.89148
14.90287
14.91498
14.92743
14.93874
14.95026
14.96199
14.97304
14.98435
14.99614
15.00765
15.01875
15.03065
15.04189
15.05409
15.06606
15.07719
15.08819
15.09952
15.1109
15.1224
15.13377
15.14501
15.15661
15.16785
15.1794
15.19105
15.20711
15.21885
15.22993
15.24107
15.25223
15.26352
15.27492
15.28686
15.29833
15.30912
15.32055
15.33197
15.34301
15.35381
15.36519
15.37721
15.38827
15.39897
15.40941
15.42075
15.43213
15.44291
15.4537
15.46506
15.47566
15.4862
15.49722
15.50803
15.5196
15.53037
15.54157
15.55242
15.56373
15.5746
15.5872
15.59898
15.61004
15.62178
15.6333
15.64519
15.65685
15.66952
15.68054
15.69199
15.70341
15.71448
15.72507
15.73599
15.74734
15.7625
15.77534
15.78728
15.7988
15.81023
15.82166
15.83333
15.84512
15.8566
15.86792
15.87935
15.89704
15.90956
15.92117
15.9335
15.9449
TARGET DESTROYED 
15.95726
15.9735
15.98519
15.99688
16.00833
16.01965
16.03161
16.0431
16.05521
16.06678
16.08424
16.09832
16.10969
16.12203
16.13418
16.1456
16.15717
16.16801
16.17939
16.19063
16.20201
16.21305
16.22558
16.23732
16.24823
16.25899
16.26985
16.28056
16.29108
16.30194
16.31231
16.32317
16.33433
16.34562
16.35662
16.36807
16.37926
16.39032
16.4013
16.41265
16.42358
16.43501
16.446
16.45752
16.4689
16.47999
16.49135
16.50279
16.51523
16.52741
16.53881
16.54949
16.56004
16.57104
16.58214
16.60086
16.61265
16.62503
16.63581
16.64711
16.6581
16.66971
16.68045
16.69199
16.7031
16.71428
16.7258
16.73653
16.74767
16.7589
16.77055
16.78199
16.79213
16.80371
16.81487
16.82589
16.83687
16.84886
16.85969
16.87056
16.88233
16.89362
16.90485
16.91669
16.92787
16.94
16.95115
16.96245
16.97376
16.98506
16.99647
17.0079
17.01932
17.03187
17.04348
17.05546
17.06713
17.07802
17.08991
17.10049
17.11087
17.12152
17.13201
17.14192
17.15234
17.16325
17.17402
17.18468
17.19604
17.20627
17.21696
17.22815
17.2391
17.2502
17.26161
17.2725
17.28875
17.30019
17.31059
17.32142
17.33308
17.34339
17.35377
17.36545
17.37574
17.3861
17.39699
17.40701
17.41815
17.42916
17.44006
17.45178
17.4634
17.47429
17.48545
17.49716
17.5084
17.51971
17.53119
17.54265
17.55369
17.56472
17.57646
17.58758
17.59871
17.60965
17.6206
17.63213
17.64333
17.65444
17.66547
17.67728
17.6883
17.69976
17.71117
17.7223
17.73353
17.74522
17.75905
17.76933
17.78137
17.79167
17.80228
17.81326
17.82389
17.83537
17.84647
17.85767
17.8691
TARGET DESTROYED 
17.88011
17.8949
17.90572
17.9161
17.92693
17.93734
17.94945
17.96639
17.98414
17.99584
18.00663
18.01687
18.02737
18.03867
18.04982
18.06004
18.07088
18.08202
18.09205
18.10285
18.11385
18.12391
18.13501
18.14559
18.15615
18.16632
18.1779
18.18873
18.19978
18.21115
18.22193
18.23311
18.2449
18.25587
18.26672
18.27796
18.28909
18.30058
18.31171
18.3224
18.33364
18.34504
18.3559
18.36766
18.37868
18.38944
18.40075
18.41238
18.42336
18.43422
18.4455
18.45659
18.46776
18.47908
18.4901
18.50121
18.51256
18.52375
18.53504
18.54679
18.55836
18.57029
18.58166
18.59379
18.60499
18.61703
18.6281
18.64034
18.65148
18.66275
18.68069
18.69133
18.70246
18.71331
18.72493
18.73604
18.74717
18.75812
18.76989
18.78099
18.79199
18.80275
18.81397
18.82514
18.83669
18.8478
18.85903
18.86999
18.8814
18.89229
18.90338
18.91459
18.92609
18.93698
18.94838
18.95942
18.97039
18.9815
18.99311
19.00396
19.015
19.02633
19.03798
19.04892
19.06023
19.07142
19.08297
19.0952
19.10587
19.11712
19.12862
19.14012
19.15153
19.16274
19.1743
19.18579
19.1973
19.20844
19.21987
19.2312
19.24305
19.25439
19.26525
19.27728
19.28818
19.29928
19.31071
19.32229
19.33298
19.34411
19.35525
19.37079
19.38194
19.39214
19.40271
19.41352
19.42377
19.43442
19.44541
19.45532
19.46642
19.47725
19.4877
19.49847
19.5095
19.52038
19.53126
19.54171
19.55195
19.56243
19.5737
19.58519
19.59594
19.60712
19.61845
19.62946
19.64066
19.65182
19.66336
19.67442
19.68574
19.69667
19.70778
19.7191
19.73043
19.74123
19.75268
19.76702
19.77776
19.789
19.79915
19.80958
19.82073
19.83179
19.84335
19.85463
19.86616
TARGET DESTROYED 
19.87779
19.89306
19.90352
19.91463
19.92462
19.93486
19.94553
19.9568
19.96782
19.97922
19.9986
20.01087
20.02202
20.03257
20.0431
20.05419
20.06991
20.08079
20.09157
20.10295
20.11398
20.12432
20.13615
20.14716
20.15735
20.16795
20.17827
20.18924
20.2001
20.21062
20.2214
20.23257
20.24419
20.25514
20.26607
20.27757
20.28861
20.29964
20.31113
20.32221
20.33303
20.34493
20.35586
20.36675
20.37805
20.38925
20.40058
20.41159
20.42242
20.43444
20.44548
20.45598
20.46722
20.47866
20.49002
20.50167
20.51306
20.52467
20.53653
20.54775
20.55913
20.57062
20.58281
20.59437
20.6056
20.61677
20.62787
20.63924
20.65067
20.66235
20.67308
20.68458
20.69568
20.70704
20.71906
20.73073
20.74094
20.75162
20.76282
20.7745
20.7857
20.8034
20.81449
20.82463
20.836
20.84708
20.85801
20.86966
20.88091
20.89147
20.90287
20.91415
20.92636
20.93739
20.94797
20.95966
20.96999
20.98131
20.99232
21.00332
21.01436
21.02579
21.03726
21.04853
21.05902
21.07067
21.08188
21.0929
21.10373
21.11489
21.1264
21.13747
21.14851
21.15999
21.17069
21.182
21.19383
21.20473
21.21651
21.22819
21.23891
21.25011
21.26168
21.27305
21.28459
21.29604
21.30741
21.31896
21.33025
21.3416
21.35311
21.36512
21.37562
21.38782
21.39882
21.41046
21.42128
21.43283
21.44415
21.45497
21.466
21.47784
21.48874
21.49968
21.51125
21.52205
21.53815
21.54915
21.56028
21.57141
21.58274
21.59407
21.60494
21.61551
21.62571
21.63674
21.64803
21.65847
21.66883
21.67913
21.68942
21.70047
21.71106
21.72101
21.73164
21.74127
21.75183
21.76595
21.77615
21.78613
21.79647
21.80763
21.81885
21.82997
21.84107
21.85226
21.86691
21.87829
21.8893
21.90029
21.91214
21.92286
21.93483
21.94584
21.95771
21.96874
21.9798
21.99032
22.00138
22.01301
22.02341
22.03442
22.04584
22.05715
22.06894
22.08
22.09029
22.10186
22.1129
22.12328
22.13487
22.14634
22.15708
22.16762
22.17855
22.18938
22.20041
22.2119
22.22262
22.23366
22.24526
22.26106
22.27217
22.2827
22.29378
22.30563
22.31723
22.32829
22.33962
22.35052
22.36124
22.37201
22.38283
22.39425
22.40523
22.41596
22.42676
22.43791
22.44874
22.45902
22.46994
22.4809
22.49153
22.50274
22.51387
22.52456
22.53575
22.5474
22.55874
22.56951
22.58016
22.59113
22.6027
22.61347
22.62476
22.63605
22.64709
22.6586
22.66947
22.6806
22.69164
22.70336
22.71417
22.7257
22.73716
22.74826
22.75977
22.77115
22.78245
22.79437
22.80532
22.81641
22.82797
22.83907
22.85049
22.86202
22.87304
22.88442
22.89565
22.90679
22.91839
22.92954
22.94077
22.95205
22.9634
22.97453
22.98555
23.00196
23.01317
23.02407
23.03479
23.04582
23.05695
23.06782
23.0787
23.08927
23.10093
23.11179
23.12247
23.13295
23.14356
23.1545
23.16486
23.17509
23.18595
TARGET DESTROYED 
23.19727
23.2224
23.23374
23.24433
23.25561
23.27485
23.28687
23.29777
23.30807
23.31875
23.3298
23.34053
23.35076
23.36144
23.37246
23.38269
23.394
23.4049
23.41632
23.42851
23.43919
23.44975
23.46101
23.47217
23.48417
23.49498
23.50543
23.51664
23.52786
23.54052
23.55121
23.56232
23.57285
23.58449
23.59615
23.60697
23.61793
23.62935
23.63972
23.65194
23.66285
23.67814
23.68844
23.69936
23.70961
23.71979
23.73058
23.74121
23.75193
23.76673
23.77804
23.79039
23.80127
23.81293
23.82328
23.83496
23.84623
23.8617
23.87338
23.88578
23.89737
23.90819
23.91955
23.93102
23.94257
23.9544
23.96686
23.97827
23.99034
24.00166
24.0143
24.02514
24.03855
24.05033
24.06192
24.07302
24.0841
24.09533
24.10633
24.11776
24.12897
24.13993
24.15114
24.16303
24.17398
24.18557
24.19778
24.21076
24.22205
24.23293
24.24431
24.25563
24.26705
24.27755
24.28798
24.29839
24.31003
24.32107
24.33216
24.34351
24.35533
24.36572
24.3768
24.38799
24.40317
24.41424
24.42408
24.43455
24.44507
24.4554
24.46598
24.4775
24.48886
24.49953
24.5112
24.52198
24.53297
24.54443
24.55522
24.5664
24.57812
24.58949
24.6004
24.61124
24.6223
24.63362
24.64478
24.65583
24.66743
24.6811
24.69255
24.70306
24.71353
24.72439
24.73594
24.7475
24.75935
24.77063
24.78482
