0.02
0.04
0.14
0.1828194
0.1992701
0.2091251
0.2183507
0.2279815
0.2383402
0.2495673
0.2606815
0.2716988
0.2828229
0.2940728
0.3054103
0.3164641
0.327493
0.3388985
0.3500806
0.3610296
0.3723167
0.3833115
0.39429
0.4056913
0.4169364
0.4278889
0.4393909
0.4511794
0.461917
0.4730671
0.4837669
0.4991836
0.5090778
0.5183926
0.5286345
0.5398315
0.5509556
0.5623877
0.5735
0.5842491
0.5955086
0.6069484
0.6177466
0.6290754
0.6402621
0.6513525
0.6623631
0.6737028
0.6848071
0.696099
0.7072918
0.7185994
0.7294691
0.7409955
0.7517896
0.7634087
0.7745338
0.7853423
0.7964751
0.8080833
0.8187179
0.8306771
0.8413579
0.8524041
0.8634547
0.8749609
0.886229
0.9006122
0.9114841
0.923323
0.9345757
0.9455337
0.9568782
0.9682063
0.9806114
0.9909522
1.002216
1.013524
1.024861
1.038648
1.050637
1.060401
1.069748
1.079854
1.090498
1.101416
1.112716
1.123669
1.13483
1.14775
1.15902
1.16851
1.179913
1.190952
1.202098
1.213196
1.224773
1.235554
1.246621
1.258144
1.269556
1.280011
1.291452
1.302581
1.313591
1.32473
1.335961
1.347396
1.35846
1.369571
1.380757
1.391935
1.403065
1.414314
1.425524
1.437106
1.447966
1.459856
1.471339
1.482362
1.493379
1.507489
1.516957
1.52673
1.537914
1.54913
1.560094
1.571363
1.582287
1.593354
1.605475
1.629634
1.641366
1.652045
1.662903
1.673359
1.683339
1.694038
1.705411
1.715356
1.726047
1.737552
1.747572
1.758076
1.768438
1.779455
1.790589
1.801762
1.81289
1.824154
1.835388
1.846311
1.857882
1.868865
1.880259
1.891611
1.902252
1.913559
1.924779
1.93597
1.946917
1.958387
1.969647
1.981061
1.991661
2.004288
2.014867
2.025573
2.036733
2.047487
2.059288
2.069781
2.080938
2.09217
2.103286
2.114598
2.125554
2.137254
2.148112
2.159304
2.171432
2.1825
2.194625
2.206099
2.217406
2.229062
2.240799
2.252452
2.263893
2.275662
2.288307
2.303777
2.314382
2.325314
2.33629
2.348324
2.366521
2.379706
2.390158
2.400422
2.411531
2.422405
2.432337
2.443144
2.454465
2.465782
2.477171
2.489805
2.501307
2.512914
2.524108
2.536727
2.54813
2.558724
2.56955
2.580614
2.591876
2.603022
2.614835
2.629729
2.643707
2.65699
2.668039
2.679407
2.691
2.701887
2.713445
2.724514
2.735447
2.746738
2.757924
2.769696
2.781104
2.793348
2.804756
2.816242
2.827168
2.839086
2.849847
2.860795
2.87282
2.883605
2.895995
2.907736
2.91873
2.929868
2.942065
2.952844
2.963797
2.974815
2.990768
3.003129
3.014327
3.02549
3.036512
3.047372
3.058068
3.069134
3.080096
3.091715
3.102726
3.113886
3.124721
3.13523
3.146418
3.157811
3.168308
3.179739
3.191361
3.202519
3.214162
3.225123
3.236203
3.247242
3.258847
3.270587
3.281645
3.293995
3.305473
3.316644
3.327588
3.33906
3.351197
3.362805
3.374389
3.385205
3.396677
3.408595
3.419999
3.43206
3.443945
3.455401
3.466246
3.478302
3.489609
3.500512
3.510796
3.522165
3.533137
3.544428
3.555727
3.5668
3.57822
3.59308
3.604544
3.616046
3.627162
3.639156
3.650227
3.662003
3.678692
3.69052
3.701211
3.712475
3.724012
3.735224
3.746578
3.757768
3.769059
3.780255
3.791099
3.80229
3.813716
3.824642
3.835876
3.847088
3.857983
3.86933
3.88044
3.891845
3.902622
3.914272
3.925289
3.936561
3.947892
3.959355
3.970878
3.981728
3.99317
4.004411
4.015412
4.026655
4.037938
4.048947
4.059981
4.071196
4.082245
4.093496
4.105179
4.116228
4.12658
4.137912
4.148194
4.159494
4.169696
4.180878
4.191947
4.20399
4.218554
4.229845
4.241262
4.252351
4.264249
4.275909
4.287391
4.300568
4.312011
4.323633
4.334486
4.346212
4.35902
4.375768
4.386951
4.398041
4.409595
4.420831
4.431835
4.443092
4.454442
4.465913
4.478057
4.49082
4.502037
4.513877
4.525593
4.537547
4.54966
4.560747
4.572199
4.584328
4.595855
4.607332
4.618797
4.630497
4.642517
4.654174
4.666547
4.678125
4.690938
4.703269
4.715245
4.726893
4.73858
4.751111
4.762598
4.774118
4.785538
4.797307
4.809218
4.821986
4.833367
4.846232
4.85801
4.869277
4.8807
4.89326
4.905004
4.916855
4.929458
4.941195
4.952081
4.964206
4.976092
4.988025
4.999285
5.011054
5.023105
5.03495
5.046536
5.057803
5.069704
5.086426
5.098318
5.109601
5.121619
5.132947
5.144324
5.156123
5.167437
5.178998
5.190598
5.201908
5.213674
5.225124
5.236395
5.247979
5.25939
5.270985
5.282601
5.294039
5.307052
5.318515
5.330755
5.342865
5.355382
5.367174
5.378585
5.389934
5.400842
5.41219
5.42348
5.43458
5.446278
5.457813
5.469443
5.481616
5.49297
5.503551
5.51435
5.525676
5.536428
5.547321
5.558446
5.569046
5.583657
5.596428
5.607543
5.619049
5.630624
5.64187
5.653319
5.664347
5.675966
5.688228
5.700318
5.711936
5.723224
5.734429
5.745342
5.756634
5.767214
5.778301
5.789886
5.80544
5.816282
5.826958
5.842164
5.852604
5.863216
5.874
5.884759
5.895123
5.905988
5.916681
5.927234
5.942557
5.954417
5.965689
5.977181
5.988935
5.999863
6.01174
6.024009
6.035294
6.046576
6.058191
6.069433
6.080523
6.092144
6.10342
6.115374
6.126829
6.138316
6.149583
6.161565
6.173108
6.184018
6.196167
6.207942
6.218969
6.230801
6.242448
6.253834
6.26509
6.276329
6.288411
6.29938
6.311782
6.324178
6.335462
6.348002
6.360156
6.371208
6.382478
6.393647
6.404543
6.415004
6.426096
6.437694
6.448464
6.46069
6.472561
6.488588
6.500008
6.511393
6.52261
6.534218
6.54559
6.556635
6.567792
6.579165
6.59048
6.60158
6.613425
6.625219
6.636398
6.647577
6.658575
6.669739
6.681039
6.692279
6.704007
6.715017
6.726357
6.739575
6.750707
6.762049
6.773769
6.785198
6.797101
6.809485
6.820944
6.831682
6.843233
6.854743
6.865838
6.877397
6.889048
6.89999
6.91172
6.923084
6.933782
6.944693
6.95543
6.965943
6.977668
6.989113
7.000283
7.011486
7.022859
7.033633
7.044592
7.05499
7.065973
7.076258
7.087385
7.098303
7.109247
7.119617
7.130347
7.140996
7.15245
7.16324
7.179287
7.191063
7.201471
7.212833
7.223719
7.234983
7.246525
7.257802
7.269688
7.281613
7.293263
7.305594
7.317701
7.330395
7.342068
7.353151
7.365385
7.375923
7.387141
7.398306
7.409131
7.420391
7.43174
7.447458
7.460034
7.472265
7.483451
7.494707
7.505627
7.516115
7.526776
7.538434
7.549008
7.560041
7.570607
7.581117
7.596283
7.608807
7.621625
7.63285
7.645169
7.656446
7.667471
7.678617
7.690679
7.70185
7.713166
7.724638
7.736487
7.74769
7.759003
7.77111
7.782495
7.79454
7.806039
7.817379
7.829152
7.840859
7.852139
7.863654
7.875078
7.892931
7.904774
7.915734
7.927329
7.939616
7.950648
7.962244
7.974102
7.985171
7.996434
8.007959
8.019649
8.031166
8.042801
8.054754
8.066016
8.077524
8.089548
8.100765
8.112821
8.1241
8.135378
8.147243
8.158693
8.170502
8.181847
8.193346
8.205206
8.217278
8.229545
8.241872
8.253671
8.265184
8.276936
8.288487
8.300113
8.311496
8.322891
8.334813
8.346675
8.358993
8.370693
8.381471
8.393709
8.405026
8.415962
8.427982
8.439798
8.450766
8.463408
8.475492
8.487899
8.498694
8.509903
8.521682
8.532607
8.544546
8.555947
8.567156
8.579223
8.595097
8.606994
8.61792
8.629792
8.641047
8.652322
8.663827
8.675103
8.687051
8.698722
8.710053
8.721949
8.733443
8.74504
8.756968
8.768276
8.78067
8.792197
8.803998
8.816609
8.82801
8.839919
8.851358
8.863082
8.874551
8.885714
8.897007
8.908577
8.919856
8.931174
8.943069
8.954288
8.965028
8.976716
8.988053
8.998582
9.009805
9.020901
9.031948
9.046784
9.058392
9.069991
9.081296
9.092612
9.104051
9.115279
9.126644
9.138764
9.149698
9.161658
9.173873
9.185142
9.196921
9.208774
9.219884
9.231205
9.242717
9.254169
9.265474
9.276706
9.294137
9.30611
9.317912
9.329551
9.342792
9.356481
9.368931
9.381864
9.393945
9.406821
9.418863
9.431106
9.444037
9.45693
9.469846
9.482524
9.494465
9.507043
9.518774
9.531765
9.543653
9.55505
9.56669
9.578911
9.595478
9.608284
9.621247
9.633836
9.647139
9.659444
9.673068
9.685506
9.698508
9.711712
9.724943
9.737667
9.75033
9.763004
9.775976
9.788726
9.800952
9.813574
9.826423
9.839273
9.852026
9.864503
9.877256
9.889633
9.901953
9.915117
9.928138
9.941647
9.954074
9.967149
9.979891
9.992389
10.00491
10.02347
10.03639
10.04912
10.06351
10.07594
10.08947
10.10174
10.11421
10.12636
10.13918
10.15159
10.16428
10.17695
10.1899
10.20203
10.21408
10.22653
10.23993
10.2523
10.2648
10.27772
10.2907
10.30313
10.31575
10.32818
10.34119
10.35502
10.36721
10.38009
10.39283
10.40568
10.4179
10.43057
10.4432
10.45627
10.46925
10.48164
10.49426
10.50711
10.51949
10.53257
10.545
10.5572
10.56886
10.58241
10.59418
10.6052
10.61618
10.62797
10.64011
10.65149
10.66308
10.67496
10.68604
10.69778
10.70947
10.72112
10.73254
10.74437
10.75595
10.76699
10.779
10.79071
10.80193
10.8137
10.82525
10.83761
10.85721
10.89416
10.9065
10.9178
10.92915
10.94059
10.95699
10.96993
10.98196
10.99407
11.00675
11.01897
11.03253
11.04614
11.05913
11.07294
11.0849
11.09824
11.11028
11.12309
11.13569
11.14844
11.16082
11.17362
11.18564
11.19848
11.21096
11.22414
11.23659
11.25094
11.26407
11.27727
11.28867
11.29943
11.31049
11.32126
11.33195
11.34358
11.35692
11.36747
11.38324
11.40054
11.41897
11.43364
11.4488
11.46171
11.47324
11.48469
11.49573
11.5058
11.51595
11.52646
11.53693
11.54704
11.55774
11.56812
11.5786
11.59786
11.60916
11.62
11.63135
11.64372
11.65504
11.66599
11.67774
11.68862
11.69989
11.71113
11.7222
11.73312
11.74441
11.75607
11.76686
11.7784
11.78986
11.80083
11.81209
11.82316
11.83422
11.84531
11.8567
11.8682
11.87993
11.89101
11.90281
11.9142
11.92621
11.94327
11.95554
11.96715
11.97963
11.99187
12.00429
12.01598
12.02827
12.04031
12.05211
12.06397
12.07639
12.0886
12.10046
12.11254
12.12408
12.13559
12.14684
12.15906
12.17109
12.18256
12.19526
12.20727
12.2194
12.23166
12.24416
12.25573
12.26859
12.2804
12.29781
12.30998
12.32184
12.33308
12.34466
12.3566
12.37112
12.38282
12.39464
12.40597
12.41723
12.42933
12.4414
12.45307
12.46507
12.47716
12.4885
12.50047
12.51227
12.52517
12.53689
12.54795
12.55943
12.57078
12.58242
12.59398
12.60522
12.61662
12.62839
12.64007
12.65205
12.66432
12.67584
12.68782
12.69962
12.71161
12.72324
12.73482
12.74649
12.75782
TARGET DESTROYED 
12.76934
12.78949
12.80137
12.81332
12.82489
12.83653
12.84894
12.86075
12.87199
12.88322
12.89495
12.91528
12.92889
12.94058
12.95191
12.96307
12.97975
12.99212
13.00346
13.01468
13.02636
13.03904
13.05032
13.06199
13.07374
13.08564
13.09737
13.1096
13.12191
13.13347
13.14595
13.1586
13.17082
13.18269
13.19495
13.20697
13.21856
13.23015
13.24207
13.25391
13.26577
13.27879
13.29092
13.30305
13.31522
13.32731
13.33989
13.35233
13.36552
13.37911
13.39098
13.40312
13.41526
13.42777
13.43965
13.45201
13.46427
13.47581
13.48783
13.49934
13.51067
13.5222
13.53354
13.54458
13.55621
13.56824
13.57923
13.59468
13.60614
13.61731
13.6285
13.64007
13.65215
13.66422
13.6762
13.6876
13.70883
13.7211
13.73274
13.74473
13.75643
13.76805
13.78035
13.79229
13.80476
13.81667
13.8295
13.8412
13.85297
13.86515
13.87753
13.89004
13.90189
13.91398
13.92611
13.9387
13.95031
13.96281
13.97535
13.98741
13.99974
14.01161
14.02349
14.03545
14.04722
14.05949
14.07203
14.08376
14.09571
TARGET DESTROYED 
14.10752
14.12481
14.13774
14.15751
14.17118
14.18294
14.19482
14.20737
14.21952
14.23114
14.24353
14.25628
14.26779
14.27985
14.29168
14.30355
14.31576
14.32782
14.33982
14.35245
14.36412
14.37684
14.38968
14.40644
14.41906
14.4308
14.44298
14.4547
14.4664
14.47799
14.49022
14.50192
14.51338
14.52487
14.53629
14.55168
14.56327
14.57497
14.58671
14.59877
14.6111
14.6228
14.63408
14.64608
14.6585
14.6703
14.68162
14.69415
14.70548
14.71721
14.72956
14.74287
14.75589
14.76838
14.78082
14.79367
14.80614
14.82182
14.83713
14.85197
14.8674
14.88243
14.89755
14.91286
14.92785
14.944
14.95957
14.97591
14.99135
15.00753
15.02262
15.03779
15.05067
15.06562
15.07835
15.09067
15.10405
15.11657
15.12944
15.14189
15.1602
15.1732
15.18582
15.20436
15.21789
15.23161
15.24483
15.25795
15.27106
15.28448
15.29749
15.3107
15.32419
15.33736
15.35171
15.36552
15.37918
15.39303
15.40597
15.41891
15.43175
15.44491
15.45754
15.47135
15.48465
TARGET DESTROYED 
15.49785
15.5173
15.5304
15.54937
15.56262
15.57462
15.58714
15.60456
15.61755
15.63035
15.64361
15.65784
15.67176
15.685
15.69843
15.71167
15.72464
15.73839
15.75107
15.76394
15.77673
15.79062
15.80195
15.81272
15.8244
15.83649
15.84788
15.86015
15.87186
15.88926
15.90276
15.91438
15.92651
15.93889
15.95045
15.96267
15.97496
15.98744
15.99941
16.01132
16.02336
16.03565
16.04811
16.06079
16.07259
16.08426
16.09706
16.10881
16.12089
16.13273
16.14645
16.15854
16.17039
16.18293
16.19654
16.20983
16.22321
16.23604
16.24947
16.26272
16.27631
16.28982
16.30331
16.31624
16.32915
16.34239
16.35644
16.36935
16.38176
16.39724
16.41105
16.42374
16.43659
16.45004
16.46386
16.47688
16.48938
16.50117
16.5127
16.52445
16.5374
16.54919
16.56185
16.57353
16.58589
16.59782
16.61038
16.62569
16.63782
16.64994
16.66293
16.67542
16.68805
16.70012
16.71215
16.72463
16.73644
16.74805
16.76029
16.77187
16.78435
16.79576
16.80789
16.82062
16.83285
16.84496
16.85764
16.86977
16.88145
16.89373
16.90535
16.91694
16.92926
16.94221
16.95466
16.96642
16.97848
16.99041
17.00265
17.01468
17.02665
17.03838
17.05009
17.06269
17.07436
17.08689
17.09924
17.11117
17.1231
17.13531
17.14731
17.15973
17.1718
17.18328
17.19538
17.20747
17.21931
17.23113
17.2439
17.25642
17.26876
17.28141
17.29383
TARGET DESTROYED 
17.30582
17.32413
17.34147
17.35429
17.36626
17.37835
17.39052
17.40335
17.41602
17.43513
17.44881
17.46163
17.47409
17.48726
17.49952
17.51242
17.52454
17.53666
17.54884
17.56101
17.57336
17.58543
17.60138
17.61352
17.62558
17.63782
17.64984
17.66246
17.67507
17.68693
17.70423
17.71715
17.73017
17.74301
17.75559
17.7686
17.78135
17.7937
17.80532
17.81728
17.82971
17.84274
17.85481
17.86666
17.87918
17.89168
17.9043
17.91612
17.92878
17.94086
17.95271
17.96465
17.9768
17.98901
18.00141
18.0131
18.02534
18.0381
18.05186
18.06537
18.08407
18.0982
18.11185
18.12512
18.13838
18.15163
18.16514
18.17876
18.1921
18.20627
18.2201
18.23332
18.24642
18.26033
18.27417
18.28769
18.30177
18.31524
18.32878
18.34234
18.35659
18.36966
18.38416
18.39822
18.41013
18.42277
18.43797
18.45302
18.46827
18.4838
18.49879
18.51452
18.52954
18.54418
18.55948
18.5744
18.59003
18.60572
18.62097
18.63572
18.65125
18.66714
18.68216
18.69722
18.71191
18.72742
18.74306
18.75836
18.77335
18.78836
18.80365
18.81936
18.83452
18.84947
18.86453
18.88298
18.89724
18.91115
18.9249
18.93893
TARGET DESTROYED 
18.95195
18.97335
18.99602
19.01145
19.02547
19.03919
19.0528
19.06717
19.08064
19.09417
19.10771
19.12122
19.13536
19.14963
19.16323
19.17456
19.18593
19.19726
19.20954
19.22105
19.23256
19.24397
19.25547
19.26768
19.27891
19.2904
19.30223
19.31344
19.32534
19.33735
19.34999
19.36134
19.37253
19.38348
19.39462
19.40664
19.41887
19.43115
19.44325
19.45485
19.46689
19.47873
19.49041
19.50138
19.51223
19.52329
19.53392
19.54457
19.55555
19.56592
19.57655
19.58702
19.60766
19.61915
19.63099
19.64411
19.65553
19.66876
19.68097
19.69339
19.70454
19.71572
19.72766
19.73948
19.75188
19.76478
19.77838
19.79184
19.80505
19.81782
19.8306
19.84366
19.85611
19.86859
19.8818
19.89472
19.90719
19.92045
19.93299
19.94556
19.95908
19.97326
19.98626
19.9989
20.01203
20.02474
20.03698
20.05001
20.06391
20.07657
20.0888
20.10207
20.11487
20.12755
20.14033
20.15295
20.16559
20.17797
20.19062
20.20269
20.21475
20.22661
20.23871
20.25078
20.26285
20.27504
20.28681
20.29937
20.31139
20.32332
20.34086
20.35317
20.36522
20.37729
20.38863
20.4004
20.412
20.42376
20.43602
20.448
20.46179
20.47355
20.48592
20.49858
20.51042
20.52265
20.53435
20.54521
20.55608
20.56709
20.57874
20.58967
20.60099
20.61196
20.62317
20.63428
20.64551
20.65675
20.6684
20.67904
20.69102
20.70172
20.71272
20.72366
20.73469
20.74583
20.75753
20.76977
20.7813
20.79322
20.80432
20.81548
20.82737
20.83848
20.85046
20.86135
20.87247
20.88437
20.89605
20.90742
20.91866
TARGET DESTROYED 
20.92981
20.94545
20.95783
20.96941
20.98038
20.99365
21.00608
21.02537
21.04494
21.05803
21.07002
21.08164
21.09357
21.10516
21.11719
21.12907
21.14107
21.15289
21.16493
21.17762
21.18979
21.20193
21.21379
21.2261
21.23839
21.25004
21.26168
21.27355
21.28522
21.29673
21.30956
21.32189
21.33385
21.34552
21.35869
21.37125
21.38279
21.39464
21.40646
21.41897
21.43078
21.44401
21.45597
21.46816
21.48065
21.49302
21.50552
21.5167
21.52752
21.53925
21.55036
21.56162
21.57282
21.58392
21.59992
21.61208
21.62379
21.63594
21.64765
21.66005
21.67199
21.68413
21.69591
21.70785
21.71973
21.73154
21.74383
21.75618
21.76828
21.78024
21.7931
21.81008
21.82307
21.83521
21.84689
21.85926
21.87156
21.88345
21.89531
21.90757
21.91956
21.93104
21.94372
21.95661
21.96872
21.98065
21.99297
22.00467
22.01669
22.02888
22.04124
22.05289
22.06487
22.07761
22.08919
22.10154
22.1132
22.12586
22.13772
22.14957
22.16164
22.17425
22.1868
22.19846
22.21041
22.22221
22.23463
22.24651
22.25998
22.27178
22.28486
22.29638
22.30918
22.32136
22.33339
22.34587
22.35889
22.37072
22.38304
22.39538
22.40767
22.42058
22.43326
22.44578
22.45902
22.47183
22.48422
22.49586
22.5082
22.52067
22.53362
22.5455
22.55764
22.56932
22.58662
22.59906
22.61123
22.62338
22.6353
22.6475
22.66019
22.67236
22.68542
22.69743
22.70964
22.72192
22.73409
22.74595
22.75783
22.77022
22.78193
22.79407
22.8062
22.81839
22.83067
22.84305
22.85539
22.86791
22.87949
22.89136
22.90346
22.91541
22.92783
22.94069
22.95268
22.96421
22.97681
22.98977
23.00166
23.01344
23.02561
23.03726
23.04897
23.06129
23.07312
23.08546
23.0979
23.11044
23.12261
23.13441
23.14597
23.15784
23.16968
23.1813
23.19393
23.20571
23.21827
23.23009
23.24253
23.25451
23.26632
23.2789
23.29099
23.30284
23.31524
23.32749
23.33915
23.35726
23.36945
23.38128
23.39329
23.40493
23.41709
23.42885
23.44086
23.45462
23.46735
23.47935
23.49131
23.50296
23.51405
23.52628
23.53947
23.55077
23.56181
23.57297
TARGET DESTROYED 
23.58449
23.61591
23.62732
23.63935
23.65033
23.6613
23.67267
23.68415
23.70912
23.72299
23.73493
23.7466
23.75891
23.77112
23.78364
23.79571
23.80717
23.81888
23.83035
23.84297
23.8546
23.86683
23.87904
23.89169
23.90368
23.91577
23.9276
23.93936
23.95205
23.96399
23.97634
23.98803
24.00103
24.01282
24.02505
24.03725
24.05433
24.06694
24.07897
24.0908
24.10352
24.11624
24.1293
24.14209
24.15507
24.16809
24.18105
24.19391
24.2066
24.21923
24.23163
24.24475
24.2575
24.27015
24.28269
24.29542
24.3083
24.32122
24.33421
24.34778
24.36101
24.3734
24.38628
24.3988
24.41131
24.42421
24.43708
24.44956
24.46463
24.47775
24.49032
24.50305
24.51675
24.5291
24.54276
24.5556
24.56884
24.58147
24.59409
24.60672
24.61958
24.63174
24.64516
24.65782
24.67078
24.68374
24.69634
24.70995
24.72355
24.73598
24.74852
24.76186
24.77443
24.78707
24.79996
24.81271
24.82537
24.8437
24.85668
24.8694
24.88167
24.89486
24.90763
24.91965
24.93261
24.94506
24.95722
24.96915
24.98137
24.99363
25.00526
25.01736
25.02934
25.04208
25.05389
25.06645
25.07875
25.09153
25.1033
25.11519
25.12734
25.13973
25.15473
25.16791
25.18032
25.19216
25.2035
25.2154
25.22753
25.23948
25.25231
25.2675
