0.02
0.04
0.14
0.1729107
0.1851824
0.1974614
0.2085974
0.2198409
0.2321558
0.2422835
0.2530836
0.264356
0.2755192
0.2867495
0.3006024
0.3088368
0.3200979
0.3334195
0.3430862
0.3537833
0.3648122
0.3760653
0.3872099
0.3984454
0.4096507
0.4210619
0.4320096
0.4451108
0.4550781
0.4654304
0.4765792
0.4876549
0.4987912
0.5102744
0.5213032
0.5329268
0.5437323
0.554843
0.5658667
0.5772507
0.5881448
0.5994223
0.6111133
0.6218235
0.6329031
0.6444687
0.6551857
0.6664779
0.6778773
0.6887965
0.6997778
0.7113152
0.7221621
0.7334149
0.7446417
0.7556528
0.7671754
0.7782521
0.7893303
0.8007281
0.8118705
0.822816
0.833907
0.845264
0.8562739
0.8674289
0.878895
0.8951843
0.9062074
0.9174502
0.9286715
0.9394113
0.9505107
0.962066
0.9729046
0.9840467
0.9955619
1.006413
1.017613
1.029042
1.039897
1.057103
1.068891
1.078102
1.086695
1.095409
1.10379
1.113451
1.124458
1.135644
1.146829
1.157923
1.169252
1.180407
1.191568
1.202648
1.214045
1.225279
1.239369
1.248422
1.258509
1.269661
1.280808
1.292097
1.303135
1.316036
1.325623
1.338532
1.34786
1.359115
1.370235
1.381748
1.392648
1.403816
1.415248
1.426124
1.437209
1.44864
1.460284
1.471479
1.482814
1.494473
1.505697
1.517135
1.528601
1.539998
1.551213
1.562934
1.574002
1.585483
1.596894
1.608464
1.619827
1.631181
1.642555
1.653618
1.664924
1.676543
1.687868
1.699154
1.710474
1.721456
1.732466
1.74407
1.75484
1.768886
1.778828
1.788218
1.799914
1.810935
1.821886
1.833095
1.844578
1.855541
1.866608
1.877898
1.888876
1.901983
1.911647
1.924838
1.933915
1.945041
1.95586
1.967119
1.978794
1.989457
2.000788
2.015608
2.024275
2.033399
2.044632
2.054526
2.065729
2.077142
2.08815
2.099383
2.111108
2.121593
2.132891
2.144258
2.155209
2.166385
2.177464
2.188555
2.199735
2.2111
2.222107
2.233244
2.244625
2.255626
2.267113
2.277978
2.289056
2.300329
2.311755
2.32287
2.333837
2.345181
2.356092
2.367305
2.379269
2.390054
2.401293
2.412706
2.42401
2.435122
2.446637
2.459759
2.471199
2.481016
2.496672
2.507475
2.518805
2.528289
2.537332
2.546419
2.555205
2.566601
2.576767
2.587786
2.598878
2.610082
2.621371
2.632588
2.643684
2.655067
2.66586
2.677064
2.688594
2.699408
2.711578
2.721823
2.733108
2.744184
2.755262
2.766459
2.777719
2.788883
2.800044
2.81147
2.822285
2.833527
2.844615
2.855743
2.866834
2.878495
2.889149
2.900347
2.912127
2.923242
2.934669
2.946287
2.95739
2.968913
2.980503
2.991929
3.003166
3.014746
3.02635
3.037651
3.048971
3.060668
3.071917
3.083019
3.094931
3.106391
3.117393
3.129111
3.139782
3.15121
3.162601
3.174578
3.184468
3.195791
3.207065
3.218124
3.229466
3.240445
3.251674
3.263251
3.273797
3.28542
3.296223
3.307439
3.318568
3.329775
3.340945
3.352187
3.3633
3.374509
3.38562
3.397455
3.408069
3.419406
3.430328
3.441747
3.452794
3.464331
3.478353
3.492388
3.505175
3.516141
3.530649
3.542081
3.553679
3.568862
3.584371
3.598464
3.6113
3.622731
3.632566
3.641971
3.650695
3.664207
3.673022
3.682554
3.693728
3.704481
3.715693
3.727152
3.738302
3.749233
3.760771
3.771723
3.782852
3.794299
3.805189
3.81622
3.82765
3.838737
3.849972
3.861192
3.872133
3.883256
3.894854
3.905617
3.916836
3.928061
3.939214
3.950361
3.961859
3.972701
3.983919
3.995241
4.006131
4.017431
4.028615
4.039713
4.051027
4.062563
4.073259
4.084348
4.09599
4.107321
4.118721
4.130442
4.142086
4.153492
4.165112
4.176937
4.188392
4.199741
4.212043
4.222714
4.234605
4.24589
4.256883
4.26791
4.279438
4.290376
4.30164
4.313092
4.323846
4.334997
4.346449
4.35745
4.368811
4.379989
4.390995
4.402166
4.413435
4.424531
4.435601
4.446953
4.458004
4.46922
4.48041
4.491359
4.502736
4.514076
4.525098
4.536135
4.547628
4.558424
4.569625
4.581037
4.592031
4.602995
4.61445
4.625393
4.636729
4.647696
4.659085
4.670217
4.681826
4.692541
4.703955
4.722303
4.732299
4.74367
4.754572
4.768982
4.77878
4.788156
4.79966
4.810577
4.821671
4.832995
4.844419
4.855132
4.866254
4.877953
4.888587
4.899708
4.911074
4.922766
4.933171
4.94465
4.955822
4.966867
4.978158
4.989218
5.000424
5.011716
5.023112
5.033769
5.045162
5.05614
5.067284
5.078825
5.089726
5.100849
5.112501
5.123466
5.13497
5.146617
5.15771
5.16922
5.180715
5.192086
5.203421
5.214885
5.226432
5.237781
5.24919
5.26095
5.27213
5.283617
5.295175
5.306749
5.317919
5.329252
5.340305
5.351464
5.3628
5.373877
5.384989
5.396406
5.407369
5.418571
5.429883
5.440773
5.452231
5.46352
5.474439
5.485639
5.496833
5.507893
5.518968
5.530344
5.541533
5.552543
5.563877
5.574923
5.585964
5.597211
5.60836
5.619659
5.631187
5.644061
5.656029
5.668629
5.681622
5.69387
5.706112
5.719522
5.732158
5.744741
5.757451
5.77032
5.782761
5.795099
5.80742
5.820801
5.833433
5.846692
5.859843
5.872382
5.884829
5.897832
5.91025
5.923012
5.935278
5.947474
5.964127
5.976283
5.988806
6.00183
6.014498
6.026631
6.03923
6.051523
6.064637
6.077467
6.090163
6.102827
6.115938
6.128293
6.140447
6.152828
6.165351
6.178155
6.190663
6.203221
6.215961
6.228583
6.240692
6.253072
6.265734
6.278388
6.29083
6.303071
6.315928
6.328315
6.340559
6.352494
6.364913
6.377699
6.389857
6.402312
6.414984
6.427026
6.44007
6.452431
6.464864
6.477741
6.490465
6.503375
6.516345
6.529208
6.541952
6.554193
6.566671
6.579237
6.591191
6.604163
6.616411
6.629261
6.642144
6.654757
6.667479
6.680301
6.692687
6.705154
6.717675
6.730971
6.743301
6.755413
6.767598
6.779841
6.792284
6.80534
6.817645
6.830164
6.84317
6.855717
6.867995
6.880649
6.893406
6.906297
6.919023
6.931569
6.944437
6.956801
6.969202
6.981777
6.995158
7.00776
7.020165
7.032762
7.045246
7.057613
7.070134
7.082799
7.096374
7.108942
7.121699
7.133918
7.146646
7.159009
7.171761
7.184665
7.19757
7.209992
7.22505
7.234577
7.245548
7.256531
7.267838
7.279118
7.290205
7.301412
7.312557
7.323747
7.33495
7.345995
7.357155
7.368457
7.379661
7.391026
7.402037
7.413148
7.424254
7.435385
7.446625
7.457911
7.468822
7.480132
7.491249
7.502346
7.513662
7.524746
7.53583
7.547154
7.558181
7.569267
7.580542
7.591711
7.602931
7.614314
7.625319
7.636406
7.647545
7.658775
7.66985
7.681103
7.692363
7.703365
7.714622
7.725801
7.736853
7.751179
7.761612
7.771593
7.78297
7.794866
7.806499
7.818036
7.829471
7.841358
7.852597
7.8637
7.874805
7.885953
7.897277
7.90832
7.919522
7.930863
7.942407
7.952859
7.964182
7.975341
7.986691
7.997654
8.008865
8.019925
8.03138
8.042583
8.053525
8.064654
8.075789
8.087264
8.0986
8.110308
8.120636
8.132269
8.143496
8.154573
8.165875
8.177169
8.188391
8.199756
8.211489
8.222172
8.233356
8.245012
8.255652
8.266768
8.278208
8.292153
8.301993
8.312247
8.321952
8.332732
8.344314
8.355124
8.369907
8.380604
8.390657
8.401297
8.411605
8.421661
8.432496
8.444145
8.45481
8.467402
8.480576
8.492964
8.505344
8.517682
8.529983
8.542513
8.555305
8.567686
8.580357
8.592667
8.605173
8.617799
8.630051
8.642723
8.655105
8.667843
8.681073
8.693501
8.706104
8.722849
8.735528
8.748653
8.761265
8.773634
8.786158
8.798612
8.811533
8.824201
8.837337
8.84969
8.862281
8.874442
8.887018
8.899456
8.911636
8.924657
8.937125
8.949466
8.962304
8.974681
8.987288
8.999507
9.011848
9.024313
9.036834
9.050291
9.063048
9.075284
9.087815
9.1007
9.113981
9.126826
9.139574
9.15259
9.165695
9.178859
9.191764
9.206734
9.222012
9.236899
9.25051
9.264497
9.277685
9.290806
9.304779
9.317623
9.330844
9.343979
9.356612
9.368972
9.381434
9.394114
9.40642
9.419013
9.432023
9.444757
9.456976
9.469597
9.48268
9.495372
9.508221
9.521325
9.534068
9.54694
9.559077
9.571407
9.583736
9.596647
9.60894
9.626567
9.639202
9.650397
9.661256
9.672088
9.683107
9.694697
9.705641
9.717133
9.728331
9.739183
9.751795
9.763277
9.774013
9.785081
9.796534
9.807677
9.81927
9.830405
9.841065
9.852303
9.865051
9.876507
9.887367
9.898449
9.909808
9.921367
9.932444
9.943722
9.95519
9.966208
9.977356
9.988186
9.999212
10.01016
10.02101
10.03241
10.0437
10.05464
10.06581
10.07681
10.08788
10.0993
10.11018
10.12125
10.13237
10.14367
10.15463
10.16577
10.17776
10.18865
10.19963
10.21065
10.22234
10.23348
10.24458
10.25554
10.26682
10.27823
10.28912
10.30072
10.31242
10.32374
10.3352
10.34689
10.35783
10.36878
10.38013
10.39134
10.4026
10.4138
10.42471
10.43582
10.44711
10.45811
10.46904
10.48048
10.4917
10.50304
10.51462
10.52663
10.53806
10.55039
10.56734
10.57855
10.58903
10.59986
10.61094
10.62098
10.63128
10.64186
10.6523
10.66346
10.6747
10.68577
10.69696
10.70822
10.71932
10.73084
10.74164
10.75321
10.764
10.7751
10.79017
10.82052
10.83126
10.84232
10.85329
10.86444
10.87575
10.8874
10.89878
10.91077
10.92163
10.93156
10.94267
10.95398
10.96536
10.97621
10.98749
10.99848
11.00961
11.02087
11.0322
11.04394
11.05456
11.06603
11.07697
11.08784
11.11802
11.13014
11.14065
11.15106
11.16221
11.1731
11.18348
11.19401
11.20426
11.21533
11.22563
11.23608
11.24675
11.25682
11.26733
11.27781
11.28893
11.30011
11.31165
11.3232
11.33374
11.34529
11.35603
11.3671
11.37868
11.38949
11.40062
11.4121
11.42348
11.43426
11.4456
11.45663
11.46787
11.47933
11.49026
11.50139
11.51262
11.52348
11.53464
11.54594
11.55705
11.56805
11.57963
11.59044
11.60216
11.61328
11.624
11.63517
11.65014
11.66758
11.68381
11.69947
11.7133
11.7249
11.7361
11.74691
11.75819
11.76979
11.78056
11.79155
11.80274
11.81401
11.82565
11.83613
11.84743
11.85852
11.86984
11.88121
11.89228
11.90333
11.91515
11.92993
11.93928
11.94866
11.95899
11.97038
11.98169
11.99274
12.00381
12.01514
12.02627
12.04175
12.05139
TARGET DESTROYED 
12.06144
12.07666
12.08713
12.09722
12.10646
12.11596
12.12699
12.14584
12.1566
12.16754
12.17756
12.18734
12.19719
12.20636
12.21636
12.22757
12.2383
12.24957
12.26095
12.27195
12.283
12.29456
12.30553
12.31816
12.33334
12.34776
12.36089
12.37522
12.38718
12.3983
12.40779
12.41732
12.42846
12.43949
12.45065
12.46228
12.47292
12.48399
12.49545
12.50656
12.5175
12.52891
12.54
12.55107
12.56247
12.57341
12.58466
12.59595
12.60708
12.61826
12.62938
12.64099
12.65179
12.66306
12.67411
12.68515
12.69636
12.70737
12.71873
12.72989
12.74104
12.75227
12.7633
12.77515
12.78571
12.79751
12.80811
12.81915
12.83039
12.84175
12.85313
12.86468
12.87641
12.8877
12.89928
12.9111
12.92238
12.93399
12.94555
12.95682
12.96898
12.97983
12.99128
13.00278
13.01425
13.02512
13.03643
13.04789
13.06234
13.07166
13.08139
13.0912
13.10175
13.11297
13.12407
13.13527
13.14642
13.15763
13.16874
TARGET DESTROYED 
13.18009
13.19459
13.20423
13.21375
13.22456
13.23627
13.24729
13.25827
13.26955
13.28052
13.29164
13.30287
13.31457
13.32524
13.33637
13.34738
13.35856
13.36971
13.381
13.39224
13.4035
13.41445
13.42574
13.43704
13.44834
13.45928
13.4705
13.48168
13.49296
13.50442
13.51528
13.52665
13.53753
13.54888
13.56047
13.57138
13.58273
13.59438
13.60518
13.61646
13.6283
13.6389
13.65046
13.66262
13.67309
13.68408
13.6956
13.70667
13.71802
13.72921
13.74005
13.75128
13.76264
13.77359
13.78482
13.79592
13.80716
13.81834
13.82988
13.84058
13.85185
13.86286
13.87437
13.88531
13.89648
13.90751
13.91893
13.92999
13.94109
13.95229
13.96362
13.97476
13.98589
13.99681
14.00809
14.01913
14.03076
14.0417
14.05295
14.06404
14.07519
14.08647
14.09771
14.10854
14.11994
14.1313
14.14237
14.15336
14.16486
14.17558
14.19036
14.20035
14.20992
14.21969
14.2308
14.24142
14.25246
14.26408
14.27476
14.28609
14.2972
14.30824
14.3194
14.33091
14.34204
14.35322
14.36409
14.37523
14.3864
14.39794
14.40879
14.41994
14.43117
14.44232
14.45354
14.46476
14.47576
14.48721
14.49853
14.50952
14.52056
14.53184
14.54298
14.55425
14.56545
TARGET DESTROYED 
14.57695
14.59118
14.60069
14.61037
14.62131
14.63245
14.64389
14.6551
14.66662
14.67768
14.68824
14.69928
14.71088
14.72195
14.73302
14.74419
14.75527
14.7666
14.77783
14.78887
14.80013
14.8117
14.82239
14.83364
14.84495
14.8557
14.86695
14.87837
14.88949
14.90042
14.91199
14.92287
14.93406
14.94543
14.95646
14.96785
14.9792
14.9901
15.00165
15.01309
15.02428
15.03555
15.04684
15.05806
15.06932
15.08049
15.09172
15.10263
15.11389
15.12557
15.13632
15.14747
15.15871
15.16983
15.18104
15.19199
15.20322
15.21451
15.22579
15.23711
15.24806
15.25912
15.27031
15.28172
15.29296
15.30743
15.3185
15.32891
15.33883
15.34897
15.35836
15.36843
15.37973
15.39117
15.40219
15.41339
15.42686
15.43746
15.44716
15.45796
15.46967
15.48037
15.49146
15.50285
15.51404
15.5255
15.53672
15.54814
15.559
15.57283
15.58607
15.59978
15.61374
15.62751
15.64089
15.65438
15.66773
15.68107
15.69481
15.70793
15.72141
15.73489
15.74796
15.76199
15.77526
15.78873
15.80365
15.81675
15.83002
15.84115
15.8526
15.86454
15.87585
15.88722
15.89767
15.9075
15.91854
15.92928
15.93919
15.9497
15.9602
15.97049
15.98085
15.99147
16.00276
16.01384
16.02487
16.03608
16.0475
16.05856
16.06973
16.08075
16.09213
16.10332
16.11459
16.12545
16.13653
16.1481
16.15924
16.17037
16.18137
16.19264
16.20441
16.21616
16.2281
16.23938
16.25112
16.26327
16.27447
16.28588
16.29755
16.30914
16.32128
16.3333
16.34513
16.35689
16.36861
16.38125
16.39401
16.40516
16.4166
16.42756
16.43833
16.44942
16.46067
16.47174
16.48281
16.49807
16.50876
16.51902
TARGET DESTROYED 
16.52963
16.54641
16.55807
16.56986
16.58055
16.59081
16.60102
16.61172
16.62188
16.6324
16.64274
16.65347
16.66426
16.67591
16.68637
16.69676
16.70667
16.71742
16.72877
16.73976
16.75104
16.76247
16.77327
16.78454
16.79572
16.80751
16.81808
16.82932
16.84043
16.85216
16.86263
16.87398
16.88491
16.89638
16.90738
16.91851
16.92967
16.94096
16.95207
16.96323
16.97428
16.98551
16.99691
17.00853
17.01983
17.03144
17.04289
17.05416
17.06564
17.07742
17.0886
17.1
17.11179
17.12306
17.13425
17.14605
17.15723
17.16892
17.18027
17.19139
17.20282
17.2139
17.22495
17.23632
17.24733
17.25865
17.26967
17.28105
17.29209
17.30345
17.31446
17.32589
17.33682
17.34803
17.35911
17.37038
17.38152
17.39311
17.40387
17.41519
17.42609
17.43745
17.44839
17.45987
17.47072
17.48238
17.49353
17.50426
17.51571
17.52687
17.53776
17.54896
17.5604
17.57134
17.58254
17.59455
17.60478
17.61828
17.62775
17.63937
17.64902
17.66079
17.67168
17.68297
17.69531
17.70495
17.71617
17.72784
17.73857
17.75135
17.76124
17.77213
17.7832
17.79493
17.8059
17.81701
17.82806
17.83906
17.85039
17.86171
17.87258
17.88374
17.89517
17.90636
17.91775
17.92855
17.93985
17.95098
17.9622
17.97311
17.98428
17.99563
18.00681
18.01808
18.02932
18.04048
18.05167
18.06339
18.07398
18.08512
18.09652
18.10761
18.1188
18.12992
18.14105
18.15225
18.1634
18.17454
18.18559
18.19687
18.20799
18.21959
18.23074
18.24156
18.25271
18.26414
18.27502
18.28632
18.29767
18.30858
18.31977
18.33112
18.34209
18.35332
18.36441
18.37567
18.3868
18.39804
18.40914
18.42043
18.43141
18.44272
18.4537
18.46493
18.47618
TARGET DESTROYED 
18.48729
18.50044
18.50977
18.52069
18.5319
18.54324
18.55432
18.56538
18.57726
18.5878
18.59885
18.61036
18.62138
18.63251
18.64397
18.65473
18.66603
18.67742
18.68831
18.70079
18.71111
18.72181
18.73315
18.74659
18.75531
18.76586
18.77743
18.78848
18.80261
18.81161
18.82116
18.83216
18.84371
18.8548
18.86561
18.87729
18.88837
18.89922
18.91139
18.92163
18.93278
18.94428
18.95494
18.96619
18.97779
18.98849
18.99971
19.01115
19.02195
19.03315
19.04491
19.05554
19.0669
19.07818
19.08914
19.10056
19.11176
19.12259
19.13407
19.14581
19.15605
19.16741
19.17871
19.18991
19.20147
19.21302
19.22386
19.23546
19.24697
19.25767
19.26891
19.28068
19.29159
19.30272
19.31398
19.32508
19.33616
19.34752
19.35871
19.36977
19.38107
19.39248
19.40314
19.41448
19.42563
19.43669
19.44784
19.45898
19.47029
19.48152
19.49434
19.50451
19.51505
19.52633
19.53727
19.54841
19.55971
19.57073
19.58195
19.59393
19.60429
19.61544
19.6268
19.63777
19.6488
19.66037
19.6714
19.68283
19.69394
19.70484
19.7159
19.72759
19.73833
19.75114
19.76091
19.77265
19.78296
19.79455
19.80529
19.81712
19.82898
19.83891
19.85
19.86199
19.87589
19.88517
19.89426
19.90458
19.91587
19.92708
19.93792
19.94901
19.96042
19.9714
19.98288
19.99392
20.00481
20.01679
20.02754
20.03838
20.04962
20.06114
20.07202
20.08321
20.0947
20.10546
20.11666
20.12804
20.13909
20.15015
20.16166
20.17288
20.18399
20.19492
20.20589
20.21698
TARGET DESTROYED 
20.22861
20.24206
20.25118
20.26326
20.27352
20.28493
20.29646
20.30744
20.31856
20.32978
20.34105
20.35223
20.36343
20.37431
20.38547
20.39696
20.40796
20.41913
20.43027
20.44144
20.45311
20.46382
20.475
20.48616
20.49745
20.50849
20.51951
20.53109
20.54204
20.55355
20.56441
20.57537
20.58689
20.59795
20.60939
20.6203
20.63169
20.6431
20.65415
20.66545
20.67662
20.68822
20.69997
20.71047
20.72111
20.73257
20.74374
20.75461
20.76616
20.77751
20.7882
20.79978
20.81118
20.82177
20.83324
20.84453
20.85519
20.86632
20.878
20.88879
20.90001
20.91152
20.92255
20.93347
20.94539
20.95563
20.96696
20.97832
20.98926
21.00317
21.01305
21.02189
21.03309
21.04461
21.05538
21.06666
21.07828
21.08898
21.10025
21.1117
21.12249
21.1337
21.14513
21.15604
21.16727
21.17854
21.1895
21.20075
21.21207
21.22358
21.2344
21.2455
21.25662
21.26783
21.27891
21.28985
21.30116
21.31273
21.32352
21.33464
21.34599
21.35707
21.36831
21.37962
21.391
21.40218
21.41372
21.42496
21.43623
21.44739
21.4587
21.46979
21.48101
21.49229
21.50331
21.51464
21.52565
21.53697
21.54799
21.55893
21.57012
21.58139
21.5929
21.60364
21.61473
21.62603
21.63702
21.64833
21.65944
21.67077
21.68192
21.69338
21.70449
21.71543
21.74087
21.74999
21.75983
21.76962
21.7791
21.78977
21.80017
21.81168
21.82215
21.83334
21.84527
21.85577
21.86678
21.87825
21.88918
21.90041
21.91171
21.92261
21.93393
21.94571
21.95607
21.96734
21.97866
21.9896
TARGET DESTROYED 
22.00097
22.01459
22.02485
22.03483
22.04568
22.05668
22.06779
22.07912
22.09013
22.10138
22.11261
22.12612
22.13552
22.14603
22.15707
22.16853
22.17955
22.19064
22.2019
22.21311
22.2243
22.23566
22.24653
22.25768
22.26884
22.28045
22.29217
22.30374
22.3155
22.32767
22.33861
22.35024
22.36224
22.37373
22.38493
22.39629
22.40743
22.41871
22.42983
22.44079
22.4522
22.46332
22.47445
22.48588
22.49687
22.50785
22.51943
22.53069
22.54204
22.55302
22.56429
22.57547
22.58652
22.59783
22.60893
22.61996
22.63136
22.64271
22.65368
22.665
22.67589
22.6872
22.69822
22.70951
22.72064
22.73183
22.74302
22.75411
22.76552
22.77652
22.78758
22.79923
22.81035
22.82115
22.83236
22.84369
22.85502
22.86576
22.87761
22.88816
22.89956
22.91086
22.92165
22.93284
22.94454
22.95533
22.96652
22.97791
22.9887
22.99981
23.01135
23.02222
23.03335
23.0447
23.05568
23.067
23.07825
23.08914
23.1004
23.11208
23.12273
23.13391
23.14526
23.1561
23.1676
23.17887
23.18959
23.20093
23.21243
23.22344
23.23499
23.2456
23.25895
23.26811
23.27909
23.28995
23.30113
23.3126
23.32351
23.33473
23.34619
23.35712
23.36826
23.37941
23.39113
23.40184
23.41371
23.42425
23.43534
23.44651
23.45764
23.46902
23.47993
23.49115
23.50249
23.51342
23.52471
23.53587
23.55112
23.56135
23.57021
23.57979
23.5904
23.60176
23.6158
