0.02
0.04
0.14
0.1827356
0.1975945
0.210571
0.2221853
0.2327226
0.2434143
0.2537255
0.2681375
0.2789085
0.290031
0.3029795
0.3135127
0.3255229
0.3364279
0.3477134
0.3587698
0.3700694
0.382709
0.3933115
0.4036244
0.4150087
0.4257911
0.4369432
0.4483647
0.4596274
0.4704182
0.481739
0.4929208
0.50419
0.5152538
0.526623
0.5373465
0.5492749
0.5598353
0.5710365
0.5822392
0.5935246
0.6049304
0.6156291
0.6267555
0.6380914
0.6529053
0.6637481
0.6745505
0.6848338
0.6953439
0.705896
0.7162752
0.7274379
0.7385498
0.7501471
0.761439
0.7720377
0.7836671
0.7946931
0.8056301
0.8168319
0.8278822
0.8405176
0.850833
0.8617406
0.8728253
0.8838166
0.8948948
0.9093726
0.9206533
0.931702
0.9428849
0.9539837
0.9650988
0.9763898
0.9877028
0.9989082
1.009943
1.022101
1.033604
1.0499
1.06109
1.071829
1.082324
1.09311
1.103446
1.114214
1.125168
1.136111
1.146715
1.157495
1.168425
1.178978
1.189432
1.20023
1.211777
1.223163
1.233695
1.244379
1.255639
1.266032
1.276741
1.287156
1.297596
1.30836
1.319392
1.331015
1.341911
1.352876
1.363944
1.375669
1.391701
1.402665
1.413813
1.4246
1.439421
1.45011
1.461061
1.471921
1.482563
1.494051
1.504715
1.515275
1.52654
1.537063
1.547552
1.558232
1.56902
1.579929
1.590576
1.601499
1.612244
1.623263
1.63395
1.644701
1.655113
1.666011
1.677855
1.688145
1.699519
1.710415
1.721506
1.732703
1.743915
1.755386
1.766061
1.777435
1.788494
1.80033
1.811294
1.825926
1.836599
1.847319
1.858568
1.86904
1.879716
1.890581
1.901302
1.912617
1.924348
1.935375
1.947088
1.958458
1.969662
1.981158
1.992922
2.004322
2.01488
2.026427
2.037524
2.048724
2.05972
2.07062
2.082109
2.093043
2.104131
2.115536
2.126903
2.137735
2.149763
2.160519
2.171212
2.182744
2.194062
2.209854
2.221238
2.232429
2.243516
2.254254
2.265065
2.276204
2.28695
2.297691
2.308424
2.319302
2.330102
2.340672
2.351714
2.362787
2.373531
2.384444
2.395356
2.406145
2.417014
2.428097
2.438615
2.450037
2.461824
2.473507
2.484202
2.495697
2.506365
2.517343
2.528104
2.539512
2.549937
2.561612
2.573008
2.586499
2.598969
2.616091
2.626807
2.637494
2.648548
2.659849
2.670815
2.682154
2.693295
2.704482
2.715595
2.726939
2.737897
2.749158
2.760324
2.771785
2.78262
2.79408
2.80508
2.816142
2.827424
2.83959
2.850421
2.862044
2.873046
2.884995
2.896371
2.906978
2.917967
2.929629
2.940738
2.951538
2.96261
2.974111
2.985118
3.00077
3.013079
3.023807
3.035706
3.046957
3.057705
3.068511
3.079911
3.091007
3.10224
3.113424
3.123933
3.135131
3.146542
3.157301
3.168119
3.179332
3.18983
3.20103
3.211998
3.223233
3.234452
3.245425
3.25625
3.266957
3.278169
3.289087
3.300336
3.311683
3.322401
3.334013
3.344966
3.356259
3.367222
3.37812
3.389019
3.404671
3.415864
3.427911
3.439224
3.450274
3.46174
3.473566
3.484606
3.496542
3.508841
3.519762
3.530986
3.542722
3.553996
3.564931
3.576076
3.587307
3.598712
3.610102
3.621242
3.632159
3.643359
3.654446
3.665798
3.677971
3.690008
3.701062
3.714489
3.727525
3.741868
3.754964
3.768297
3.782407
3.802361
3.815547
3.830308
3.841615
3.852944
3.864138
3.875526
3.887023
3.898797
3.91183
3.922698
3.933693
3.944835
3.955889
3.966815
3.977854
3.988927
4.000165
4.012527
4.024502
4.035351
4.04634
4.057667
4.069165
4.080794
4.092422
4.103405
4.114571
4.125772
4.136853
4.148368
4.159839
4.170943
4.182052
4.193193
4.208929
4.220009
4.23204
4.243819
4.255492
4.266528
4.277834
4.288649
4.299572
4.31059
4.321446
4.332479
4.343492
4.354646
4.365451
4.376466
4.387103
4.398358
4.409724
4.420657
4.431535
4.442759
4.454261
4.465333
4.477467
4.488513
4.50001
4.511252
4.522277
4.533137
4.543942
4.555329
4.566373
4.577574
4.588511
4.603898
4.614707
4.625811
4.637155
4.648236
4.659725
4.670432
4.681646
4.692811
4.704016
4.714902
4.726218
4.737982
4.748768
4.759613
4.770922
4.782131
4.793654
4.80487
4.815674
4.827182
4.837971
4.849114
4.861434
4.871962
4.883088
4.893847
4.905015
4.916232
4.927287
4.938439
4.949937
4.961458
4.972763
4.983449
4.998731
5.00992
5.021216
5.032722
5.043593
5.054193
5.065487
5.086242
5.097612
5.108797
5.119797
5.130926
5.142169
5.152679
5.163956
5.175374
5.185994
5.19725
5.208866
5.21938
5.230941
5.24193
5.25255
5.263654
5.274884
5.285754
5.296665
5.307375
5.318157
5.32961
5.340806
5.351809
5.36301
5.374515
TARGET DESTROYED 
5.395419
5.408052
5.419362
5.431545
5.443981
5.455453
5.46642
5.478813
5.490311
5.501787
5.512678
5.52409
5.535107
5.545914
5.55716
5.568239
5.579801
5.590955
5.602128
5.612918
5.623567
5.634288
5.645531
5.65646
5.667091
5.678564
5.689776
5.700383
5.711686
5.722596
5.733775
5.744862
5.756003
5.767125
5.778201
5.793725
5.804404
5.815311
5.826668
5.837137
5.848589
5.85986
5.870546
5.88249
5.893993
5.90461
5.915619
5.927269
5.93782
5.948889
5.960234
5.971456
5.982571
5.99392
6.004751
6.015604
6.027162
6.038692
6.049863
6.060647
6.071815
6.083663
6.094785
6.106062
6.117419
6.128414
6.13889
6.149692
6.160999
6.171834
6.186972
6.198118
6.210198
6.220747
6.232013
6.243305
6.253997
6.265002
6.276214
6.287508
6.298631
6.309992
6.321058
6.331975
6.342896
6.353655
6.365053
6.376101
6.387115
TARGET DESTROYED 
6.402401
6.413479
6.424403
6.43511
6.446319
6.457696
6.468742
6.480233
6.492039
6.503076
6.513891
6.525584
6.537433
6.549586
6.560464
6.571153
6.586732
6.598581
6.609562
6.620369
6.631392
6.642933
6.653607
6.664777
6.675963
6.686559
6.697919
6.709383
6.720254
6.731489
6.74258
6.753322
6.764588
6.775876
6.786837
6.798183
6.809348
6.82013
6.831468
6.842914
6.853521
6.864311
6.875319
6.886162
6.896913
6.908919
6.919556
6.93049
6.941685
6.952061
6.963114
6.978341
6.990135
7.000816
7.012103
7.023844
7.03583
7.047239
7.058204
7.069253
7.080485
7.091858
7.10319
7.115257
7.126984
7.139028
7.150238
7.162047
7.17271
7.183484
7.194725
7.206322
7.217162
7.228311
7.239555
7.250488
7.261929
7.273755
7.284569
7.295423
7.306991
7.318044
7.328954
7.340305
7.351027
7.362453
7.377777
7.388727
7.399537
7.411124
7.421754
7.432556
7.443627
7.45423
7.465953
7.477254
7.488224
7.49968
7.510578
7.522062
7.532961
7.544117
7.554914
7.565817
7.576906
7.588129
7.600279
7.611396
TARGET DESTROYED 
7.627131
7.639144
7.651212
7.662103
7.673019
7.684049
7.695554
7.706667
7.717549
7.729481
7.740879
7.753366
7.768448
7.779631
7.790934
7.802508
7.814088
7.825269
7.836547
7.847811
7.859353
7.870315
7.88179
7.892953
7.903923
7.915303
7.926486
7.938282
7.949547
7.961201
7.971845
7.983079
7.99438
8.00537
8.016353
8.028076
8.039137
8.05127
8.062471
8.073681
8.084629
8.096498
8.107618
8.118296
8.129914
8.14117
8.152211
8.167276
8.179134
8.19018
8.201372
8.212527
8.223533
8.234634
8.245937
8.256901
8.267371
8.278549
8.290052
8.301924
8.313421
8.325017
8.335788
8.347179
8.358516
8.369254
8.380876
8.392115
8.403107
8.414524
8.42574
8.436431
8.447188
8.458851
8.469484
8.480531
8.492916
8.504126
8.515085
8.526395
8.537019
8.548366
8.564122
8.576432
8.587725
8.599335
8.610155
8.62077
8.631963
8.643289
8.654067
8.665288
8.677177
8.687876
8.69938
8.710688
8.721418
8.732661
8.744268
8.75542
8.767026
8.77817
8.789187
8.800399
8.811468
8.822053
8.833235
8.844183
TARGET DESTROYED 
8.8592
8.870522
8.881326
8.893025
8.905107
8.917326
8.928783
8.939525
8.950602
8.965952
8.977168
8.988021
8.998852
9.010036
9.020784
9.031689
9.042642
9.054628
9.066176
9.077604
9.088226
9.09905
9.110145
9.120662
9.132012
9.143812
9.154819
9.16615
9.177773
9.188479
9.199636
9.21122
9.221809
9.232564
9.244271
9.25537
9.266129
9.277215
9.288381
9.299495
9.310441
9.321497
9.332474
9.343747
9.359681
9.371263
9.382671
9.393939
9.406472
9.417609
9.428712
9.440616
9.451682
9.462686
9.473831
9.484462
9.496654
9.508702
9.5202
9.531464
9.54266
9.553384
9.563941
9.575497
9.586277
9.597915
9.608933
9.619761
9.630833
9.642007
9.653312
9.664529
9.675738
9.687007
9.698123
9.709702
9.720448
9.731587
9.742631
9.758194
9.769275
9.780658
9.791714
9.802548
9.813604
9.824947
9.835627
9.846897
9.857828
9.868476
9.879749
9.891051
9.902018
9.913039
9.924031
9.935019
9.9459
9.956632
9.967504
9.978687
9.990409
10.00165
10.01263
10.02328
10.03397
10.04487
10.05598
10.06871
10.07988
10.091
10.10178
10.11269
10.12331
10.13449
10.14953
10.16071
10.17196
10.18345
10.1951
10.20603
10.21721
10.22847
10.23936
10.25011
10.26191
10.27267
10.28387
10.29502
10.30577
10.31691
10.32803
TARGET DESTROYED 
10.34339
10.3543
10.36606
10.37868
10.38965
10.40109
10.413
10.424
10.4352
10.44641
10.45753
10.46879
10.48098
10.49457
10.50506
10.51617
10.52723
10.54247
10.5534
10.56436
10.57554
10.5864
10.59808
10.60977
10.62086
10.63192
10.64316
10.6541
10.66516
10.67639
10.68723
10.69848
10.71005
10.72101
10.73213
10.74335
10.75431
10.76535
10.77686
10.78778
10.79931
10.81118
10.82195
10.83367
10.84497
10.8556
10.86694
10.87794
10.88849
10.89964
10.91078
10.92143
10.93699
10.94846
10.95991
10.97053
10.98131
10.9925
11.00374
11.01503
11.02629
11.03722
11.04825
11.05992
11.0719
11.08323
11.09448
11.10554
11.11669
11.12809
11.13921
11.15028
11.16163
11.17239
11.18349
11.19478
11.20604
11.21769
11.22944
11.24047
11.25195
11.26297
11.27403
11.28491
11.296
11.30785
11.3186
11.33415
11.34521
11.3563
11.36742
11.37829
11.3896
11.4008
11.41274
11.42446
11.43517
11.44611
11.45781
11.46841
11.47972
11.49158
11.50385
11.51493
11.52644
11.53706
11.5483
11.5594
11.57075
11.58188
11.59369
11.60463
11.61598
11.62752
11.63843
11.64947
11.66134
11.67224
11.68329
11.69463
11.70568
11.71675
11.73268
11.74383
11.75494
11.76627
11.77708
11.78788
11.79967
TARGET DESTROYED 
11.81535
11.82687
11.83796
11.84989
11.86153
11.87224
11.88421
11.89724
11.90952
11.92033
11.93128
11.94257
11.95338
11.96428
11.97582
11.98732
11.99823
12.00948
12.02119
12.03226
12.04409
12.05488
12.06592
12.07799
12.08909
12.09973
12.11119
12.12228
12.13772
12.14918
12.16049
12.17134
12.1824
12.19419
12.20485
12.21588
12.22705
12.2382
12.24992
12.26092
12.27187
12.28275
12.29474
12.30572
12.31696
12.32817
12.33901
12.35027
12.36118
12.37184
12.38263
12.39382
12.40445
12.41537
12.42662
12.43719
12.44851
12.46035
12.47083
12.48178
12.49368
12.50573
12.51748
12.53242
12.54386
12.55488
12.56593
12.57699
12.58801
12.59952
12.61061
12.62195
12.6334
12.64565
12.65765
12.66914
12.68031
12.69149
12.70275
12.71394
12.72616
12.7374
12.74821
12.75924
12.76993
12.78131
12.79327
12.80507
12.81634
12.82807
12.8391
12.85088
12.86234
12.87378
12.88513
12.90162
12.91498
12.92859
12.94669
12.95987
12.9733
12.98672
13.00016
13.01374
13.03325
13.04685
13.06035
13.07349
13.08775
13.10158
13.11485
13.12844
13.14144
13.15433
13.16772
13.18161
13.19359
13.20678
13.21869
13.2307
13.243
13.25535
TARGET DESTROYED 
13.27215
13.28511
13.29872
13.31223
13.32428
13.33638
13.34864
13.3608
13.37266
13.38489
13.40133
13.41412
13.42696
13.43944
13.45142
13.46356
13.47565
13.48836
13.50232
13.51444
13.52678
13.53928
13.55199
13.56404
13.57747
13.59122
13.60483
13.61831
13.63152
13.64525
13.65851
13.67109
13.68359
13.69652
13.70999
13.72294
13.73548
13.74875
13.76165
13.77434
13.7871
13.80051
13.81386
13.82702
13.83946
13.85636
13.86943
13.8827
13.89602
13.90966
13.92299
13.93539
13.94824
13.96134
13.97573
13.98798
14.00005
14.01285
14.02535
14.03755
14.05003
14.06295
14.07543
14.08905
14.10353
14.11731
14.1302
14.14395
14.15623
14.16888
14.18189
14.19581
14.2096
14.22239
14.23598
14.24838
14.26154
14.2745
14.28952
14.30486
14.32118
14.33389
14.34602
14.35852
14.37038
14.38292
14.39543
14.40781
14.42029
14.43281
14.44506
14.45879
14.47156
14.48414
14.49737
14.51095
14.52416
14.53724
14.54884
14.56085
14.57288
14.58572
14.59904
14.6111
14.62342
14.63487
14.65072
14.66611
14.68167
14.69699
14.71227
14.72753
14.74365
14.75896
14.77826
14.79389
14.80927
14.82463
14.84058
14.85604
14.87113
14.88633
14.90089
14.9165
14.93186
14.94801
14.96376
14.97953
14.99667
15.01213
15.02819
15.04447
15.0586
15.07181
15.08551
15.09935
15.11407
15.12797
15.14152
15.1554
15.16905
15.18202
15.19586
15.20965
15.22398
15.23845
15.2528
15.26646
15.28068
15.29879
15.31291
15.32653
15.34071
15.35487
15.36908
15.38261
15.39646
15.40977
15.42082
15.43178
15.4431
15.45371
15.46529
15.47748
15.48917
15.50085
15.51224
15.52323
15.53415
15.54515
15.5563
15.56815
15.5793
15.59058
15.60181
15.6126
15.62335
15.63456
15.64935
15.66169
15.67289
15.68374
15.69495
15.70651
15.72444
