0.02
0.04
0.14
0.1755455
0.1881758
0.1979936
0.2078483
0.2173739
0.2290431
0.2400411
0.2513741
0.2623346
0.27328
0.2839794
0.2953204
0.3084505
0.3216666
0.331145
0.3413266
0.3510636
0.3621733
0.3717819
0.3832336
0.3938451
0.4052364
0.4165164
0.4278077
0.4386733
0.4503013
0.461097
0.4720912
0.4879253
0.4972006
0.5070018
0.5168189
0.5279014
0.5392269
0.5507296
0.5614993
0.5725461
0.5840491
0.5954007
0.6066335
0.6177189
0.6286624
0.6403409
0.6510595
0.6620271
0.6733209
0.6846067
0.6956053
0.7069723
0.7180027
0.729447
0.7403809
0.7514986
0.7629054
0.7757602
0.7857064
0.7967346
0.8072788
0.818665
0.8297451
0.8408795
0.8532297
0.8631983
0.8744183
0.888558
0.9004787
0.9108239
0.9234795
0.9343665
0.9450021
0.956362
0.9679086
0.9792509
0.9906278
1.001781
1.013208
1.024319
1.035818
1.047253
1.058374
1.069737
1.080665
1.091471
1.103355
1.113915
1.124949
1.136215
1.147811
1.158627
1.170108
1.18115
1.192241
1.203114
1.214789
1.226678
1.236948
1.247918
1.259165
1.27061
1.282429
1.293357
1.304098
1.314938
1.327219
1.338509
1.348521
1.359684
1.370935
1.382254
1.393076
1.404172
1.415309
1.43206
1.444097
1.454805
1.466943
1.478242
1.488788
1.50026
1.511191
1.522331
1.534505
1.54469
1.555858
1.567343
1.58212
1.593216
1.603768
1.613435
1.628583
1.638938
1.648923
1.659971
1.669794
1.679424
1.698022
1.708516
1.718782
1.729352
1.739596
1.750077
1.760837
1.772268
1.783474
1.795218
1.805376
1.815533
1.825984
1.83644
1.846381
1.857359
1.868701
1.879604
1.890908
1.901955
1.913269
1.924085
1.935538
1.946693
1.957587
1.968937
1.980902
1.991513
2.002623
2.013976
2.026581
2.038762
2.049198
2.05936
2.070042
2.080513
2.09173
2.103161
2.114644
2.126195
2.138543
2.149263
2.160364
2.172001
2.183795
2.194762
2.206152
2.217545
2.229551
2.240123
2.251849
2.262925
2.27425
2.289244
2.30081
2.312418
2.322978
2.334075
2.344478
2.355719
2.366105
2.37632
2.387436
2.397698
2.407982
2.419137
2.429256
2.439513
2.449925
2.460727
2.472325
2.483674
2.494133
2.505477
2.516679
2.527632
2.538919
2.550228
2.561355
2.57247
2.584222
2.594622
2.605964
2.619286
2.631608
2.643213
2.656227
2.669432
2.680684
2.690946
2.701116
2.712188
2.722925
2.733666
2.744292
2.754707
2.765592
2.780655
2.790947
2.80213
2.812422
2.823178
2.833973
2.844039
2.854536
2.865063
2.879966
2.891596
2.902778
2.913783
2.924657
2.935905
2.952312
2.963534
2.974268
2.985439
2.996516
3.007704
3.018987
3.030173
3.04141
3.052561
3.06374
3.075256
3.086673
3.097549
3.108458
3.12048
3.131522
3.142281
3.153412
3.164118
3.175227
3.186632
3.198013
3.209043
3.221166
3.232175
3.24291
3.253928
3.264989
3.275852
3.28706
3.298127
3.309437
3.320538
3.331612
3.343494
3.355859
3.367488
3.379201
3.390074
3.40116
3.41206
3.423812
3.435131
3.445916
3.456275
3.467065
3.478701
3.489612
3.501107
3.512583
3.523959
3.535709
3.547167
3.558853
3.56989
3.585449
3.600377
3.610985
3.622025
3.639123
3.650878
3.66183
3.672441
3.683491
3.694131
3.704974
3.715554
3.725922
3.737546
3.748722
3.759141
3.770081
3.780367
3.791488
3.802475
3.812533
3.823115
3.834341
3.845352
3.856604
3.868213
3.879109
3.890412
3.901643
3.912381
3.923632
3.934989
3.946433
3.957155
3.968802
3.979746
3.991036
4.002427
4.013329
4.02413
4.035557
4.047463
4.058318
4.069765
4.081246
4.092688
4.104236
4.11556
4.127117
4.138563
4.150483
4.161278
4.172987
4.184635
4.195782
4.207425
4.218766
4.23034
4.24135
4.252544
4.263929
4.27462
4.286098
4.297307
4.308588
4.319805
4.330786
4.346197
4.356529
4.37118
4.382368
4.392773
4.404243
4.41505
4.426262
4.437575
4.44881
4.460541
4.471699
4.482513
4.493716
4.504735
4.516212
4.527537
4.53926
4.550187
4.561319
4.572455
4.583216
4.59407
4.605233
4.616422
4.627216
4.638669
4.650026
4.661103
4.67211
4.683607
4.694578
4.705356
4.717083
4.728166
4.739783
4.75236
4.763475
4.774199
4.785217
4.796588
4.807381
4.818999
4.829865
4.840955
4.851938
4.862771
4.874203
4.885714
4.897319
4.908849
4.920237
4.931829
4.944925
4.956678
4.967708
4.979421
4.990678
5.006516
5.018166
5.02975
5.041088
5.052486
5.063331
5.07451
5.085907
5.097354
5.108762
5.120444
5.131469
5.142751
5.154112
5.164725
5.175495
5.186602
5.197659
5.208734
5.220352
5.231269
5.24227
5.253774
5.26439
5.275869
5.287688
5.29814
5.309407
5.321479
5.331918
5.342602
5.353935
5.364901
5.376144
5.388287
5.399117
5.410285
5.421818
5.433695
5.444733
5.455971
5.46735
5.480238
5.491128
5.502007
5.513415
5.524274
5.535593
5.547225
5.558535
5.569909
5.581091
5.592769
5.608424
5.620297
5.631562
5.643164
5.655179
5.66689
5.677557
5.693029
5.704108
5.714953
5.725453
5.73732
5.748839
5.759538
5.771059
5.781929
5.793154
5.80495
5.815395
5.826281
5.837628
5.848022
5.859013
5.871033
5.882246
5.893682
5.904371
5.914518
5.92502
5.935292
5.945497
5.956384
5.967969
5.979158
5.993231
6.00446
6.014748
6.025563
6.037028
6.048114
6.058622
6.069818
6.080524
6.091311
6.102253
6.11378
6.125117
6.136792
6.148457
6.159642
6.170998
6.182684
6.193922
6.204923
6.216203
6.227906
6.238613
6.250178
6.260955
6.272331
6.283851
6.294671
6.306361
6.317521
6.329269
6.339913
6.351271
6.36781
6.378825
6.389674
6.400702
6.411381
6.422232
6.433205
6.443938
6.454603
6.465377
6.476258
6.488105
6.498627
6.509378
6.520792
6.5312
6.541755
6.55272
6.563456
6.575149
6.586552
6.596949
6.607623
6.619087
6.629775
6.641085
6.652339
6.662976
6.673579
6.684556
6.695789
6.706839
6.717907
6.728864
6.739518
6.749982
6.76153
6.771925
6.783422
6.794227
6.805303
6.817074
6.828079
6.839487
6.851112
6.862455
6.873411
6.885003
6.896379
6.907561
6.919254
6.930418
6.941665
6.953398
6.96458
6.975913
6.987036
6.998581
7.009727
7.021314
7.032524
7.049285
7.060139
7.071247
7.081551
7.092329
7.103895
7.114575
7.125026
7.13621
7.146936
7.158031
7.169213
7.179881
7.190998
7.202491
7.213008
7.22407
7.235275
7.245464
7.256174
7.266871
7.277966
7.288723
7.299346
7.311481
7.323757
7.335015
7.346018
7.35744
7.368937
7.379564
7.390916
7.402398
7.413229
7.425068
7.43632
7.446728
7.45735
7.468664
7.479516
7.490861
7.501688
7.512571
7.5225
7.532318
7.543691
7.554887
7.566371
7.577794
7.588818
7.603811
7.614939
7.625609
7.63729
7.648513
7.659346
7.670964
7.681659
7.692876
7.704167
7.716229
7.732747
7.744358
7.755463
7.766293
7.777512
7.788599
7.799981
7.811078
7.822228
7.833118
7.844346
7.855581
7.866845
7.878093
7.889191
7.900936
7.911819
7.923289
7.934399
7.945878
7.956962
7.96807
7.979803
7.990418
8.001484
8.012579
8.024041
8.035765
8.0463
8.057414
8.0689
8.079955
8.090908
8.102228
8.113963
8.125073
8.136393
8.147147
8.158025
8.169407
8.180316
8.19164
8.203544
8.21434
8.224941
8.236502
8.247648
8.258862
8.270994
8.282697
8.293604
8.305064
8.316814
8.328412
8.339591
8.350991
8.362442
8.373701
8.385816
8.397368
8.41327
8.425147
8.436878
8.448411
8.459723
8.47136
8.482371
8.493974
8.505018
8.516139
8.527703
8.53897
8.550243
8.561654
8.57341
8.585146
8.596265
8.607355
8.618774
8.629482
8.640752
8.652777
8.663673
8.674781
8.686303
8.696857
8.707806
8.719541
8.730528
8.742455
8.75423
8.765223
8.776584
8.787792
8.79882
8.810438
8.821466
8.832023
8.843084
8.854454
8.865393
8.876633
8.887774
8.898907
8.910167
8.922186
8.93352
8.945328
8.956627
8.968459
8.980202
8.991077
9.002465
9.013074
9.023917
9.035556
9.046313
9.057776
9.069386
9.079904
9.091595
9.107837
9.118571
9.128872
9.140035
9.151506
9.162767
9.17337
9.184669
9.199329
9.210254
9.221106
9.232104
9.242934
9.253921
9.264393
9.274611
9.285562
9.296585
9.308002
9.319236
9.330256
9.341213
9.353093
9.363804
9.374731
9.386005
9.39697
9.408021
9.419267
9.4305
9.44171
9.453153
9.463848
9.475052
9.486594
9.497898
9.50863
9.520235
9.530934
9.542335
9.553244
9.564425
9.57552
9.586904
9.601528
9.612502
9.623545
9.634829
9.645921
9.65659
9.667326
9.678311
9.689668
9.701402
9.71284
9.72401
9.735185
9.746388
9.757527
9.768711
9.784418
9.795938
9.806724
9.817887
9.828886
9.839609
9.850362
9.861428
9.872637
9.883119
9.894331
9.905144
9.916181
9.927103
9.938512
9.949928
9.961881
9.973203
9.984589
9.995731
10.00692
10.0189
10.02949
10.0412
10.05291
10.06356
10.0748
10.08646
10.09743
10.10911
10.12081
10.13115
10.14235
10.15392
10.16461
10.17542
10.18659
10.19737
10.20848
10.21995
10.2305
10.24134
10.25283
10.26379
10.27485
10.28611
10.29706
10.30838
10.31996
10.33118
10.34312
10.35473
10.36569
10.37681
10.3876
10.39888
10.40996
10.42123
10.43244
10.44343
10.45458
10.46999
10.48166
10.49219
10.50323
10.51396
10.52522
10.53715
10.548
10.55863
10.56994
10.58088
10.59211
10.60329
10.61466
10.62553
10.63712
10.64799
10.65909
10.67023
10.6814
10.69248
10.70378
10.715
10.72656
10.7378
10.74862
10.75966
10.77141
10.78189
10.7932
10.80428
10.81543
10.82671
10.83775
10.84914
10.85999
10.87136
10.88268
10.8937
10.90478
10.91622
10.92739
10.93838
10.9496
10.9607
10.97183
10.98346
10.99481
11.00641
11.01809
11.02968
11.04104
11.05281
11.06569
11.08576
11.0971
11.10887
11.11944
11.12964
11.13978
11.15091
11.1642
11.17474
11.18529
11.19562
11.20623
11.21787
11.22883
11.24007
11.25126
11.26245
11.28273
11.29428
11.3053
11.31628
11.32743
11.33846
11.34879
11.35957
11.37044
11.38144
11.39242
11.40413
11.41467
11.42532
11.43679
11.44728
11.45802
11.46903
11.47983
11.4907
11.50132
11.51138
11.52154
11.53148
11.54191
11.55293
11.56391
11.57525
11.58616
11.59737
11.61232
11.62346
11.63513
11.64571
11.6567
11.66746
11.67785
11.68882
11.70007
11.71074
11.72157
11.7322
11.74305
11.75397
11.76488
11.77604
11.78722
11.79838
11.80986
11.82112
11.83283
11.84409
11.85548
11.86739
11.87849
11.88998
11.90131
11.91271
11.92397
11.93524
11.95087
11.96171
11.97263
11.98427
11.99554
12.0062
12.01685
12.02771
12.03892
12.04978
12.06094
12.07164
12.08242
12.09336
12.10451
12.1155
12.12662
12.13711
12.14772
12.15837
12.16998
12.1808
12.19164
12.20318
12.21445
12.2252
12.23618
12.24726
12.25843
12.2696
TARGET DESTROYED 
12.28068
12.29957
12.31202
12.32319
12.33547
12.35544
12.36843
12.3793
12.39033
12.40226
12.41321
12.42392
12.43531
12.44649
12.45777
12.469
12.48017
12.49118
12.50252
12.51321
12.5244
12.53576
12.54686
12.55789
12.56949
12.58033
12.59152
12.60844
12.62037
12.63125
12.6425
12.65374
12.66455
12.67521
12.68631
12.69652
12.70673
12.71789
12.72845
12.73974
12.75038
12.76129
12.77159
12.78192
12.793
12.8035
12.81473
12.82605
12.8372
12.84837
12.85975
12.87094
12.88209
12.8932
12.90439
12.91564
12.92666
12.93776
12.94947
12.96008
12.97134
12.98299
12.99416
13.00511
13.01665
13.02899
13.04022
13.051
13.06202
13.07347
13.0849
13.09631
13.10777
13.11919
13.13065
13.14196
13.15312
13.16454
13.17585
13.18721
13.19925
13.20979
13.22143
13.23475
13.24625
13.25718
13.26907
13.28552
13.29692
13.30851
13.3201
13.33145
13.3431
13.35481
13.36607
13.37742
13.38925
13.40096
13.41251
13.42448
13.43673
13.44769
13.45932
13.471
13.48273
13.49401
TARGET DESTROYED 
13.50502
13.52078
13.53189
13.54288
13.55553
13.56842
13.58134
13.60196
13.62226
13.6365
13.65135
13.66539
13.67899
13.6914
13.7049
13.71838
13.7314
13.74531
13.75803
13.77199
13.7858
13.79867
13.8124
13.82509
13.83857
13.85228
13.8651
13.87839
13.89193
13.90564
13.91878
13.93125
13.94424
13.95754
13.97069
13.98361
13.99672
14.01443
14.02742
14.04039
14.05394
14.06633
14.07933
14.09227
14.10546
14.11807
14.13097
14.14332
14.15658
14.16998
14.18288
14.19553
14.20893
14.22196
14.23503
14.24826
14.26296
14.27545
14.28785
14.29996
14.31255
14.32487
14.33783
14.35097
14.36374
14.37583
14.38929
14.40113
14.41367
14.42597
14.43873
14.45191
14.465
14.47807
14.49052
14.5032
14.51589
14.5343
14.54668
14.55902
14.5718
14.58436
14.59674
14.60919
14.62289
14.6368
14.64989
14.66285
14.67594
14.68923
14.70235
14.71483
14.72741
14.73998
14.75783
14.77074
14.7829
14.7959
14.80791
14.82114
14.83431
14.84722
14.85981
14.87264
14.88551
14.89934
14.91206
14.92462
14.93817
14.94898
14.96028
14.97174
14.98243
14.99385
15.00513
15.01558
15.02694
15.03786
15.04898
15.06015
15.07227
15.08268
15.09416
15.10574
15.1166
15.12747
15.13894
15.15029
15.16122
15.17192
15.18307
15.19403
15.20531
15.21688
15.22798
15.23869
15.25022
15.2611
15.27207
15.28448
15.29574
TARGET DESTROYED 
15.30675
15.32237
15.33371
15.34556
15.35713
15.36837
15.37893
15.38946
15.40048
15.41118
15.42185
15.43216
15.44795
15.45916
15.47652
15.48909
15.50004
15.5096
15.51997
15.53006
15.54022
15.55168
15.56278
15.57378
15.58516
15.59634
15.6109
15.62205
15.6327
15.6455
15.65649
15.66742
15.67791
15.68844
15.69838
15.70936
15.72051
15.73091
15.74117
15.75262
15.76411
15.77498
15.78645
15.79726
15.80842
15.81967
15.83087
15.84201
15.85292
15.86431
15.87537
15.88651
15.89765
15.9089
15.92061
15.93154
15.94248
15.95358
15.96454
15.97607
15.98708
15.99827
16.01035
16.02105
16.03273
16.04432
16.05579
16.06753
16.07948
16.09123
16.103
16.11386
16.12936
16.14044
16.15179
16.16196
16.17256
16.18368
16.19397
16.20506
16.21546
16.22623
16.23708
16.24727
16.25776
16.26859
16.27895
16.2898
16.30097
16.31221
16.32343
16.33458
16.34606
16.35716
16.36827
16.37942
16.39046
16.40175
16.41326
16.42442
16.43539
16.44736
16.45827
16.46914
16.48028
16.49094
16.50214
16.5132
16.5244
16.53583
16.54756
16.55866
16.57001
16.5813
16.59245
16.60402
16.61533
16.62694
16.63822
16.65009
16.66067
16.67207
16.68393
16.69478
16.70651
16.71786
16.72921
16.74039
16.75201
16.76282
16.77382
16.78526
16.79638
16.81157
16.82268
16.83419
16.84443
16.85525
16.86618
16.87675
16.8876
16.89787
16.90868
16.91938
16.92969
16.94052
TARGET DESTROYED 
16.95219
16.96705
16.97874
16.98936
16.99992
17.01035
17.02095
17.03806
17.05006
17.0609
17.071
17.0819
17.09321
17.10413
17.11518
17.1265
17.13747
17.14882
17.15976
17.17129
17.18241
17.19354
17.20457
17.21581
17.22678
17.23815
17.24962
17.2641
17.27525
17.28588
17.29643
17.30747
17.31802
17.32854
17.33899
17.35063
17.36077
17.37212
17.38369
17.39446
17.40573
17.41742
17.4279
17.43927
17.45066
17.46209
17.4785
17.48953
17.50003
17.51019
17.52008
17.5299
17.53978
17.55113
17.56266
17.57426
17.58576
17.59724
17.61198
17.623
17.63463
17.64532
17.65576
17.66669
17.67676
17.68689
17.69742
17.70903
17.71985
17.73095
17.74203
17.75362
17.76459
17.77545
17.78706
17.79779
17.80904
17.82033
17.83144
17.84259
17.85409
17.86528
17.87682
17.88797
17.89975
17.9107
17.9222
17.93395
17.94506
17.95592
17.96733
17.97905
17.98974
18.00079
18.01236
18.02327
18.03478
18.04609
18.05727
18.06881
18.08024
18.09113
18.1029
18.11423
18.12504
18.13655
18.14778
18.15892
18.1743
18.18591
18.19637
18.20731
18.2181
18.22833
18.23886
18.24951
18.25978
18.2702
18.28039
18.29152
18.30181
18.31217
18.32282
18.33363
18.34444
18.35518
18.36646
18.37735
18.38873
18.40002
18.41122
18.42225
18.4339
18.44431
18.45562
18.46716
18.47833
18.48923
18.50066
18.51148
18.52272
18.53405
18.54565
18.55602
18.56797
18.57858
18.59027
18.60144
18.61257
18.62387
18.63557
18.64698
18.6581
18.66976
18.68113
18.6923
18.70376
18.71531
18.72679
18.73826
18.74975
18.76089
18.77232
18.78377
18.79496
18.80646
18.8243
18.83539
18.84685
18.85798
18.87376
18.88479
18.89519
TARGET DESTROYED 
18.90629
18.9215
18.93224
18.94267
18.95363
18.96344
18.97429
18.98557
18.9955
19.00592
19.01663
19.02677
19.03717
19.05437
19.06631
19.07692
19.08733
19.09751
19.10804
19.11919
19.1298
19.14024
19.1516
19.16215
19.17303
19.18479
19.19596
19.20643
19.21733
19.22774
19.23878
19.24996
19.26067
19.27126
19.28225
19.29349
19.30454
19.31569
19.32692
19.3382
19.34961
19.36183
19.37273
19.3835
19.39412
19.40503
19.41624
19.42743
19.43859
19.45
19.46106
19.47274
19.48462
19.49571
19.50721
19.51871
19.5299
19.54106
19.55265
19.56797
19.57849
19.58829
19.60318
19.61374
19.62518
19.6371
19.64771
19.65859
19.66903
19.67914
19.68921
19.70029
19.71012
19.72105
19.73138
19.74173
19.75182
19.7625
19.77353
19.78526
19.79617
19.80746
19.81873
19.82975
19.84067
19.85205
19.86329
19.87428
19.88548
19.89664
19.90764
19.91932
19.93041
19.94207
19.95288
19.96389
19.975
19.98626
19.99728
20.00853
20.01965
20.03078
20.04198
20.0537
20.06485
20.07644
20.08792
20.09925
20.11038
20.12194
20.13377
20.14488
20.1563
20.16784
20.17929
20.19035
20.20207
20.21311
20.22895
20.23989
20.25079
20.26122
20.27192
20.28248
20.29292
20.30352
20.31357
20.32397
20.33448
20.34507
20.3558
20.3672
20.37824
20.38952
20.40087
20.41178
20.42293
20.43447
20.44569
20.45944
20.47022
20.48054
20.49129
20.50159
20.51237
20.52349
20.53477
20.54598
20.55692
20.56843
20.57948
20.59044
20.60206
20.61317
20.62478
20.63565
20.64694
20.65841
20.66954
20.68204
20.69277
20.70379
20.71496
20.7264
20.73808
20.74932
20.76069
20.77171
20.78302
20.79391
20.805
20.81636
20.82754
20.83875
20.85074
20.86172
20.87268
20.88856
20.89952
20.90983
20.92509
20.93625
20.94673
20.95783
20.96884
20.98041
20.99105
21.00241
21.0136
21.02499
21.03627
21.04715
21.0585
21.06944
TARGET DESTROYED 
21.08091
21.09597
21.10647
21.11735
21.12752
21.13789
21.14862
21.15909
21.16992
21.18139
21.19268
21.20448
21.21444
21.22592
21.23732
21.25441
21.26661
21.27738
21.28805
21.29838
21.30863
21.31863
21.32925
21.33978
21.35026
21.36022
21.37089
21.38232
21.39348
21.40449
21.41577
21.42677
21.43816
21.44924
21.46026
21.4715
21.48307
21.49384
21.50494
21.51631
21.5273
21.5386
21.55023
21.56068
21.57188
21.58355
21.5942
21.60854
21.61938
21.63509
21.64639
21.65741
21.66784
21.67804
21.68827
21.69851
21.70896
21.71969
21.72974
21.74
21.75086
21.76225
21.7733
21.78448
21.79552
21.8066
21.81801
21.82896
21.84001
21.85171
21.86295
21.87405
21.8849
21.89604
21.9072
21.91839
21.92949
21.94069
21.95178
21.9631
21.9741
21.98557
21.99642
22.00763
22.01924
22.03038
22.04176
22.05362
22.06463
22.07588
22.08735
22.09888
22.11004
22.12156
22.13326
22.14451
22.1558
22.16754
22.17882
22.19003
22.20189
22.21271
22.22434
22.23577
22.24698
22.25841
22.26952
22.28092
22.29202
22.30301
22.31421
22.32526
22.33711
22.34777
22.36335
22.37549
22.38638
22.39711
22.40757
22.41903
22.42968
22.44116
22.45194
22.46252
22.47252
22.48299
22.49327
22.50344
22.5139
22.52408
22.53448
22.54444
22.55501
22.56629
22.57731
22.58864
22.59991
22.61091
22.62191
22.63332
22.64484
22.65585
22.66702
22.67797
22.68926
22.70051
22.71138
22.72268
22.73404
22.74503
22.75601
22.76737
22.77844
22.78964
22.80104
22.81193
22.82367
22.83439
22.84545
22.85659
22.86789
22.87912
22.89052
22.90208
22.9137
22.92492
22.93687
22.94789
22.95975
22.97099
22.98321
22.99379
23.00566
23.01668
23.02857
23.03956
23.05091
23.06281
23.07872
23.08936
23.09963
23.10982
23.12112
23.1314
23.1413
23.15156
23.1613
23.17225
23.18278
23.19255
23.20275
23.21413
23.22506
23.2364
23.24759
23.25911
23.27011
23.28117
23.29203
23.30335
23.31446
23.32581
23.33691
23.34863
23.35911
23.37071
23.38145
23.39272
23.4039
23.41562
23.42627
23.43797
23.44864
23.45975
23.47091
23.4821
23.49325
23.50478
23.51621
23.52765
23.53885
23.55072
23.56184
23.57312
23.58507
23.59609
23.60977
23.61961
23.63038
23.64157
23.65314
23.66452
23.67614
23.68734
23.69868
23.71303
23.72907
23.74043
23.75082
23.7613
23.77252
23.78398
23.79475
23.80618
23.82125
23.83152
23.84175
23.85179
23.86268
23.87309
23.88485
23.89578
23.90644
23.91782
23.92909
23.93997
23.95149
23.96242
23.97352
23.98497
23.99611
24.00708
24.01846
24.0295
24.04056
24.05222
24.06296
24.0742
24.08547
24.09667
24.10773
24.11908
24.13032
24.14106
24.15226
24.16364
24.17504
24.18657
24.19786
24.20964
24.22099
24.23238
24.24465
24.25521
24.26719
24.27835
24.28989
24.30163
24.31237
24.32417
24.33528
24.34714
24.35803
24.37002
24.38056
24.39167
24.40299
24.41424
24.42518
24.43647
24.44767
TARGET DESTROYED 
24.45876
24.4831
24.49402
24.50508
24.52059
24.54054
24.5527
24.56243
24.5729
24.58328
24.5935
24.60367
24.61356
24.62419
24.63437
24.64529
24.65569
24.6663
24.67746
24.68853
24.6998
24.71246
24.72273
24.73349
24.74509
24.75642
24.7669
24.77798
24.78909
24.80041
24.81215
24.82264
24.83393
24.84492
24.85592
24.86742
24.87837
24.8894
24.90084
24.91216
24.92294
24.9344
24.94525
24.95647
24.96785
24.979
24.99036
25.00123
25.01286
25.02364
25.03559
25.04694
25.05856
25.07046
25.08193
25.09325
25.10473
25.11655
25.12762
25.15992
25.17142
25.18208
25.19226
25.20262
25.21374
25.22964
25.24033
25.25007
25.26029
25.27019
25.28049
25.29165
25.30285
25.31462
25.32559
25.33659
25.34755
25.35944
25.37012
25.38091
25.39205
25.40343
25.41449
25.42555
25.43687
25.4482
25.4595
25.47071
25.48144
25.49265
25.50379
25.51501
25.52659
25.5375
25.54851
25.55988
25.57141
25.58257
25.59332
25.60736
25.61773
25.62805
25.63906
25.64971
25.66066
25.67155
25.68307
25.69378
25.70495
25.71636
25.72783
25.73921
25.75004
25.76219
25.77346
25.78557
25.79704
25.80894
25.82079
25.83214
25.84337
25.85592
25.86678
25.87682
25.88778
25.89999
25.91025
25.92123
25.93246
25.9483
25.95841
25.96897
25.97877
25.98944
26.00023
26.01028
26.02069
26.03136
26.04253
26.05342
26.06492
26.07571
26.0872
26.09834
26.10938
26.12071
26.1316
26.14333
26.15406
26.1649
26.17666
26.18764
26.1997
26.20991
26.22108
26.23223
26.24348
26.25525
26.26573
26.27707
26.28831
26.29954
26.3102
26.32144
26.33952
26.35339
26.36388
26.3751
26.38665
26.39742
26.41158
