0.02
0.04
0.14
0.1778142
0.1921248
0.2055831
0.2158796
0.2283777
0.239557
0.250882
0.2617373
0.2729454
0.2844648
0.2954898
0.3064099
0.3180014
0.3286421
0.3401323
0.3516811
0.3622339
0.3733882
0.3850949
0.4004402
0.4112076
0.4215355
0.4310533
0.4408577
0.4521127
0.4627364
0.4741765
0.4860497
0.4964328
0.5079101
0.519834
0.530066
0.5411827
0.55278
0.5633296
0.5745759
0.5859458
0.5972939
0.6083169
0.6194747
0.6303794
0.6415256
0.6529163
0.6638669
0.6750818
0.6864125
0.6976194
0.7089392
0.7200316
0.7310072
0.7420126
0.7534331
0.764829
0.7755544
0.7869457
0.7982491
0.809175
0.820438
0.8314213
0.8428916
0.853726
0.8650507
0.8762056
0.8872219
0.9037044
0.9142318
0.9258051
0.9369434
0.9481005
0.9593225
0.9703311
0.9814286
0.9927512
1.003975
1.015063
1.026553
1.037332
1.048491
1.059774
1.0711
1.082281
1.093341
1.104622
1.115764
1.127025
1.13801
1.149239
1.1605
1.171319
1.182774
1.193788
1.209572
1.219959
1.229691
1.240569
1.250556
1.2609
1.271199
1.280662
1.290789
1.302294
1.313237
1.324513
1.335771
1.346708
1.35794
1.369477
1.380306
1.391667
1.402691
1.413938
1.424973
1.436131
1.447163
1.458445
1.469694
1.480928
1.49192
1.503357
1.514203
1.52555
1.536681
1.548226
1.559021
1.570173
1.581615
1.592829
1.604068
1.615519
1.626815
1.638129
1.649864
1.660936
1.672282
1.683816
1.695423
1.707502
1.717635
1.729094
1.740701
1.752104
1.76322
1.774375
1.785981
1.797009
1.808161
1.8197
1.83069
1.841673
1.853283
1.864665
1.875292
1.886912
1.897782
1.908617
1.920346
1.931051
1.94302
1.954088
1.964435
1.97584
1.987127
2.002244
2.01268
2.024109
2.034498
2.04496
2.055802
2.066571
2.077156
2.087681
2.098473
2.10951
2.120923
2.131294
2.141382
2.151125
2.161287
2.172394
2.184865
2.194874
2.207427
2.217673
2.22832
2.239511
2.251165
2.26179
2.273105
2.284887
2.295303
2.306512
2.317903
2.328789
2.340477
2.351702
2.362239
2.373405
2.385098
2.396232
2.407302
2.418897
2.430093
2.441288
2.452999
2.4642
TARGET DESTROYED 
2.475672
2.494213
2.513846
2.525122
2.53552
2.545504
2.555807
2.565989
2.576722
2.587467
2.597607
2.607907
2.619314
2.629682
2.641088
2.652539
2.663303
2.674309
2.685842
2.6967
2.707884
2.719379
2.730388
2.741399
2.753472
2.768285
2.778517
2.789774
2.799554
2.809964
2.820187
2.830728
2.842163
2.853647
2.864614
2.875528
2.886971
2.897637
2.909172
2.920419
2.931325
2.942785
2.953736
2.965169
2.975986
2.987175
2.998399
3.009868
3.02072
3.031977
3.043079
3.054331
3.067078
3.077461
3.089078
3.100796
3.112228
3.123934
3.135151
3.146326
3.157753
3.169396
3.180414
3.191663
3.203078
3.214359
3.225682
3.237083
3.248238
3.25976
3.271122
3.282403
3.293449
3.304875
3.316013
3.327224
3.338357
3.349912
3.360613
3.371968
3.383111
3.394165
3.406645
3.417056
3.427675
3.43924
3.451539
3.46159
3.472371
3.483669
3.49488
3.507295
3.517937
3.528851
3.539764
3.551561
3.561956
3.5783
3.590076
3.600705
3.612025
3.624067
3.635313
3.646878
3.658935
3.669732
3.680782
3.691915
3.702798
3.713348
3.724896
3.735601
3.747004
3.758235
3.769432
3.780241
3.791526
3.802659
3.813861
3.825163
3.836449
3.847994
3.858854
3.869675
3.880981
3.892073
3.903507
3.914356
3.925833
3.936798
3.947851
3.95903
3.970281
3.981337
3.992388
4.003715
4.014986
4.026234
4.038313
4.04914
4.060106
4.071751
4.083031
4.093916
4.105459
4.117203
4.12855
4.139989
4.151657
4.162961
4.174513
4.1861
4.197289
4.208763
4.220723
4.231553
4.243005
4.254335
4.265621
4.276773
4.287756
4.298915
4.310356
4.321491
4.333236
4.343704
4.354978
4.366039
4.382406
4.39335
4.40495
4.415604
4.428425
4.439965
4.450784
4.461829
4.472776
4.484138
4.49524
4.506699
4.51799
4.52854
4.539932
4.551642
TARGET DESTROYED 
4.562192
4.577811
4.589279
4.600865
4.611927
4.623017
4.634661
4.645553
4.656491
4.667267
4.677886
4.6888
4.699719
4.717773
4.729946
4.740935
4.752222
4.76321
4.774356
4.785884
4.796595
4.807818
4.819369
4.83036
4.841515
4.852933
4.864335
4.875084
4.88609
4.89723
4.908604
4.919667
4.930604
4.942108
4.953183
4.9642
4.975527
4.986589
4.99799
5.009389
5.020412
5.031339
5.042426
5.053492
5.064777
5.075841
5.087505
5.098524
5.109651
5.120838
5.131968
5.143242
5.154357
5.170459
5.180972
5.192103
5.203111
5.214043
5.224714
5.235683
5.2465
5.25723
5.268112
5.279126
5.290234
5.301626
5.312586
5.324243
5.335162
5.346004
5.357325
5.369367
5.380215
5.391431
5.403391
5.414306
5.42556
5.436472
5.447807
5.459312
5.470323
5.482061
5.493183
5.505212
5.516338
5.528074
5.539152
5.549892
5.561343
5.573056
5.584518
5.596389
5.607653
5.619072
5.630125
5.641651
5.653612
5.665065
5.676236
5.687456
5.698588
5.710016
5.721555
5.732871
5.744138
5.755135
5.76598
5.777139
5.788728
5.799789
5.811258
5.822979
5.834973
5.846812
5.858473
5.869837
5.880455
5.891222
5.902899
5.913708
5.924832
5.936099
5.947114
5.959757
5.97104
5.986897
5.998137
6.009238
6.020892
6.031652
6.044518
6.056327
6.067784
6.07889
6.089894
6.1012
6.112749
6.123905
6.135491
6.146636
6.15786
6.169694
6.182082
6.193271
6.204751
6.215768
6.227268
6.23845
6.249897
6.261336
6.273711
6.285088
6.296486
6.307348
6.319395
6.330395
6.341821
6.353195
6.364451
6.375963
6.387329
6.398627
6.410247
6.421299
6.432428
6.444285
6.455366
6.46622
6.478892
6.490883
6.504035
6.515937
6.528877
6.53938
6.550626
6.561612
6.572946
6.584702
6.595022
6.606276
6.617617
6.628466
6.639807
6.651202
6.66194
6.673408
6.68461
6.69567
6.707183
6.718029
6.729125
6.740605
6.751873
6.762958
6.774278
6.786127
6.803251
6.814964
6.827248
6.838549
6.849602
6.86129
6.873468
6.885585
6.897697
6.908444
6.919584
6.930343
6.941909
6.952803
6.96357
6.97491
6.986278
6.997078
7.008585
7.020151
7.031097
7.042327
7.053877
7.064318
7.075391
7.087001
7.097775
7.109696
7.121368
TARGET DESTROYED 
7.1322
7.149101
7.160497
7.172256
7.183365
7.194746
7.206551
7.224173
7.236237
7.248123
7.260295
7.272351
7.283376
7.294957
7.306779
7.318195
7.329226
7.340742
7.352545
7.363762
7.375516
7.386745
7.399711
7.411318
7.422561
7.43369
7.445092
7.456254
7.467542
7.479056
7.490332
7.502388
7.514361
7.525844
7.537505
7.549005
7.560374
7.572225
7.584114
7.596035
7.612126
7.623518
7.63461
7.646601
7.658384
7.670094
7.681179
7.693788
7.705914
7.717181
7.728446
7.740619
7.752189
7.763319
7.774948
7.787652
7.79864
7.810442
7.822254
7.833537
7.84496
7.857222
7.869852
7.880894
7.89205
7.903446
7.913628
7.924311
7.93554
7.946523
7.957736
7.969173
7.980298
7.991228
8.002707
8.013504
8.024793
8.036034
8.047224
8.058218
8.069577
8.080689
8.091967
8.103264
8.11403
8.125403
8.136858
8.147958
8.158757
8.17026
8.181214
8.192722
8.203578
8.214581
8.225739
8.237449
8.24809
8.259636
8.270503
8.28159
8.29315
8.304292
8.31529
8.326856
8.338484
8.349822
8.36135
8.37312
8.384544
8.396079
8.407471
8.419253
8.434031
8.444437
8.454663
8.46458
8.47487
8.486259
8.497329
8.508455
8.519861
8.530845
8.541967
8.553158
8.56415
8.575573
8.587151
8.59827
8.608958
8.620252
8.6314
8.642632
8.654033
8.664987
8.676041
8.687179
8.698342
8.709815
8.720831
8.731847
8.742911
8.75461
8.765846
8.776456
8.787552
8.799006
8.810386
8.821665
8.83357
8.844079
8.855402
8.867184
8.878233
8.889384
8.901253
8.912349
8.923366
8.93556
8.94559
8.956844
8.968342
8.979524
8.990297
9.00197
9.012603
9.024027
9.035192
9.046413
9.057288
9.069385
9.080134
9.090771
9.102225
9.113349
9.124419
9.135876
9.146963
9.157838
9.169386
9.180254
9.191965
9.203108
9.213606
9.22957
9.240911
9.251529
9.262057
9.273149
9.283444
9.294313
9.305087
9.315772
9.326464
9.337584
9.347874
9.358742
9.369502
9.381186
9.392478
9.403702
9.414618
9.426067
9.437102
9.447286
9.457889
9.469007
9.48008
9.491517
9.503794
9.5149
9.526102
9.537554
9.548989
9.56002
9.571315
9.582543
9.593638
9.605432
9.616247
TARGET DESTROYED 
9.627292
9.643623
9.655676
9.667299
9.678124
9.689662
9.72973
9.742846
9.754948
9.767302
9.778443
9.789829
9.801729
9.812461
9.823884
9.834846
9.845993
9.85693
9.86806
9.879343
9.890779
9.901608
9.912465
9.923519
9.935225
9.946627
9.958001
9.968851
9.979887
9.990861
10.00234
10.01308
10.02458
10.03597
10.05223
10.06334
10.07509
10.08696
10.09882
10.11089
10.12318
10.13518
10.14721
10.15939
10.17135
10.18314
10.19498
10.20742
10.21957
10.23121
10.24285
10.25479
10.26503
10.2755
10.28589
10.29588
10.30629
10.31622
10.32664
10.33717
10.34812
10.35959
10.37052
10.38156
10.39284
10.40412
10.41516
10.42632
10.43761
10.44874
10.45983
10.47189
10.48227
10.49317
10.50497
10.51573
10.52706
10.53798
10.54906
10.56046
10.5716
10.58279
10.59384
10.60505
10.61666
10.62777
10.63884
10.65035
10.66162
10.67314
10.68479
10.6958
10.70733
10.719
10.73024
10.74166
10.75353
10.76434
10.77585
10.78748
10.79887
10.80994
10.82129
10.8374
10.85135
10.86149
10.87318
10.88845
10.89902
10.90915
10.91945
10.92917
10.94069
10.95158
10.96248
10.97403
10.98491
10.99581
11.00715
11.01855
11.02975
11.04061
11.05206
11.06316
11.07424
11.0855
11.09664
11.10749
11.11903
11.12993
11.14136
11.15293
11.16396
11.17472
11.18613
11.19691
11.20829
11.21946
11.23068
11.24174
11.25343
11.26404
11.27518
11.28661
11.29776
11.30919
11.3209
11.33211
11.34378
11.35518
11.36672
11.37789
11.38952
11.40106
11.4126
11.42375
11.43561
11.44654
11.45901
11.46975
11.48112
11.49243
11.50402
11.51468
11.5262
11.53706
11.54827
11.55937
11.57097
11.58212
11.59323
11.60416
11.61525
11.62731
11.63764
11.64907
11.65993
11.67126
11.6822
11.69812
11.71043
11.722
11.73324
11.74426
11.75584
11.76675
11.77781
11.78923
11.80041
11.8118
11.82266
11.83367
11.84486
11.85615
11.86728
11.87886
11.8899
11.90107
11.91202
11.92311
11.93451
11.94537
11.95666
11.9678
11.97905
11.99013
12.00172
12.01256
12.02352
TARGET DESTROYED 
12.036
12.05041
12.06096
12.07201
12.08222
12.09293
12.104
12.11531
12.12582
12.13595
12.14647
12.15787
12.16941
12.18102
12.19293
12.20957
12.22141
12.23134
12.24193
12.252
12.26182
12.27212
12.28247
12.29346
12.3037
12.31413
12.3252
12.33642
12.34767
12.35869
12.37011
12.38124
12.39222
12.40349
12.41457
12.42577
12.43692
12.44798
12.4593
12.47045
12.4817
12.49678
12.50812
12.51825
12.5283
12.53867
12.54873
12.55982
12.57097
12.5827
12.5936
12.60543
12.61663
12.62795
12.6398
12.65106
12.66265
12.674
12.68514
12.69647
12.70773
12.71928
12.73002
12.74111
12.75256
12.76366
12.77466
12.78633
12.79697
12.80808
12.81981
12.8305
12.8419
12.85328
12.86406
12.87569
12.88702
12.89819
12.90977
12.92076
12.93215
12.94371
12.95468
12.96628
12.97761
12.98862
13.00014
13.01132
13.02243
13.034
13.04505
13.05654
13.06747
13.0786
13.08963
13.10153
13.11208
13.12316
13.13481
13.14546
13.15661
13.16845
13.17884
13.19021
13.20169
13.21274
13.22375
13.23543
13.24604
13.25735
13.2688
13.27963
13.29085
13.30229
13.31797
13.32848
13.33943
13.35019
13.36069
13.37203
13.38273
13.39354
13.40559
13.41623
13.42728
13.43798
13.44844
13.45892
13.47
13.48115
13.49226
13.50327
13.51416
13.52527
13.53674
13.54848
13.56013
13.57155
13.58204
13.5929
13.60416
13.615
13.62577
13.63617
13.64704
13.65787
13.66855
13.67907
13.68977
13.69985
13.71021
13.72161
13.7326
13.74387
13.75507
13.76608
13.77717
13.78838
13.79974
13.81068
13.82227
13.83344
13.84457
13.85652
13.86699
13.87838
13.88975
13.90067
13.91208
13.92285
13.93462
13.94551
13.95701
13.96852
13.97993
13.99128
14.00278
14.01403
14.02536
14.03743
14.04849
14.05958
14.07126
14.08245
14.09387
14.10609
14.12213
14.13356
14.1444
14.15569
14.16713
14.1795
14.191
14.20209
14.21294
14.2245
14.23558
14.24626
14.25767
14.26906
14.2802
14.29103
14.30262
14.31348
14.32481
14.33596
14.34765
14.35843
14.36958
14.38076
14.39175
14.40315
14.41474
14.42549
14.43683
14.44822
14.47568
14.50539
14.53533
TARGET DESTROYED 
14.56428
14.61624
14.64588
14.67591
14.70548
14.74158
14.77214
14.80119
14.83004
14.8594
14.87199
14.89532
14.91662
14.93941
14.9616
14.98396
15.00607
15.02867
15.0511
15.07319
15.0955
15.11807
15.14059
15.1631
15.18532
15.20794
15.22951
15.25214
15.27419
15.29655
15.3191
15.34142
15.36364
15.38628
15.40813
15.43064
15.45293
15.47582
15.49808
15.52043
15.54208
15.56462
15.5871
15.59997
15.61314
15.62559
15.63912
15.65184
15.6637
15.6759
15.68877
15.70024
15.71249
15.72446
15.73639
15.7483
15.76084
15.77318
15.7858
15.79813
15.81063
15.8227
15.83495
15.84652
15.85853
15.8705
15.88247
15.89498
15.90738
15.91953
15.93163
15.94387
15.95594
15.96789
15.9799
15.99162
16.00363
16.0153
16.02728
16.03914
16.05083
16.06279
16.07458
16.08647
16.09848
16.11044
16.12322
16.13493
16.14627
16.15765
16.17043
16.18192
16.19402
16.20572
16.21752
16.22975
16.24176
16.25379
16.26566
16.27746
16.29016
16.30208
16.31345
16.32534
16.33716
16.34858
16.3605
16.37232
16.3846
16.39683
16.40946
16.42175
16.43375
16.44596
16.45798
16.47035
16.48183
16.49869
16.51143
16.52313
16.53533
16.54739
16.55927
16.57137
16.58415
16.59537
16.6076
16.61895
16.63074
16.64216
16.65425
16.66592
16.67776
16.68925
16.70147
16.71395
16.72625
16.73862
16.74982
16.76221
16.77507
16.78754
16.79921
16.81087
16.82327
16.83469
16.84644
16.85737
16.87103
16.88364
16.89869
16.91047
16.9225
16.9341
16.946
16.95766
16.96976
16.98143
16.99335
17.00567
17.01722
17.02905
17.04067
17.0525
17.06379
17.0754
17.08762
17.09906
17.11167
17.12281
17.13322
17.14404
17.1547
17.1652
17.17595
17.18653
17.19627
17.20661
17.21805
17.22875
17.24014
17.25112
17.2622
17.27398
17.28535
17.29566
17.30707
17.31837
17.32942
17.34087
17.35196
17.36301
17.37414
17.38536
17.39644
17.41325
17.42361
17.43341
17.44363
17.45411
17.46451
17.47506
17.48648
17.49823
17.51066
17.52286
17.5351
17.54693
17.55861
17.57079
17.58216
17.59466
17.60636
17.61832
17.63027
17.64214
17.65391
17.66547
17.67789
17.68979
17.70166
17.71324
17.72528
17.738
17.75001
17.76201
17.7742
17.7864
TARGET DESTROYED 
17.79857
17.82629
17.83842
17.85868
17.87235
17.88381
17.89549
17.90922
17.92162
17.93446
17.9461
17.95764
17.96968
17.98121
17.99341
18.00575
18.01762
18.02943
18.04121
18.05293
18.06436
18.07513
18.08562
18.09591
18.10683
18.11783
18.12829
18.13935
18.15005
18.16046
18.17136
18.18162
18.19201
18.2023
18.21239
18.22308
18.23429
18.25006
18.26088
18.27421
18.28528
18.29611
18.30762
18.31837
18.32946
18.34081
18.35223
18.36357
18.37436
18.38608
18.39706
18.40941
18.42154
18.43233
18.44355
18.45459
18.46564
18.47658
18.48786
18.50043
18.51185
18.52268
18.53358
18.54421
18.55569
18.56654
18.57742
18.58866
18.59989
18.61063
18.62157
18.63286
18.64428
18.65553
18.66619
18.67737
18.68861
18.69896
18.71003
18.72161
18.73208
18.74292
18.75465
18.76556
18.77657
18.78769
18.79801
18.80874
18.81938
18.83018
18.84077
18.85213
18.86345
18.87439
18.88563
18.89657
18.90814
18.91866
18.93051
18.94071
18.9509
18.96138
18.97198
18.98256
18.99351
19.00548
19.01597
19.02716
19.0383
19.04939
19.06052
19.07174
19.08394
19.09982
19.11126
19.12215
19.13306
19.14423
19.15536
19.16596
19.17806
19.18975
19.20097
19.21221
19.22367
19.23509
19.24571
19.25696
19.2676
19.27842
19.28967
19.3
19.31047
19.3219
19.33254
19.34333
19.35416
19.36454
19.37504
19.3864
19.39736
19.40911
19.42025
19.43067
19.44162
19.4528
19.46661
19.47902
19.49029
19.50095
19.51225
19.52325
19.53334
19.54365
19.5564
