0.02
0.04
0.14
0.177487
0.1901455
0.2015561
0.2128252
0.2249605
0.2352589
0.2465547
0.258193
0.2687558
0.2801189
0.291525
0.3025805
0.3141932
0.3253459
0.3360581
0.3480217
0.3585017
0.3693717
0.3807044
0.3918266
0.4036969
0.4140604
0.4251425
0.4366125
0.447717
0.4584825
0.4700561
0.4813772
0.4962662
0.506461
0.5158916
0.5262997
0.5378588
0.5480263
0.5590333
0.5706043
0.581601
0.5925798
0.604377
0.6153485
0.6264533
0.637548
0.6485492
0.6593596
0.6709806
0.682235
0.6928321
0.7044034
0.7153614
0.7269375
0.7379307
0.7487632
0.7600763
0.7714683
0.7825552
0.7936181
0.8047954
0.8159629
0.8268544
0.8383131
0.8494837
0.8605187
0.8719319
0.8827528
0.8972172
0.9082505
0.919997
0.9309299
0.9422193
0.9540674
0.9655996
0.977356
0.9879248
0.9993351
1.010182
1.022082
1.03315
1.044059
1.055458
1.066448
1.077905
1.089171
1.100047
1.111194
1.122471
1.133443
1.144651
1.155949
1.167045
1.178312
1.189596
1.20077
1.211586
1.223103
1.234224
1.245326
1.256274
1.267542
1.278655
1.28987
1.30106
1.312344
1.323577
1.334498
1.34574
1.357038
1.368217
1.379298
1.390632
1.401547
1.412605
1.424017
1.435423
1.446331
1.457444
1.468814
1.479784
1.491087
1.50213
1.51319
1.524475
1.535923
1.547066
1.558154
1.56993
1.580416
1.591714
1.60318
1.614219
1.625148
1.640293
1.651248
1.66142
1.671587
1.681385
1.691437
1.701294
1.711603
1.721808
1.732537
1.743739
1.755309
1.766153
1.777336
1.788534
1.799619
1.810869
1.822128
1.833045
1.844215
TARGET DESTROYED 
1.862818
1.882042
1.893696
1.904174
1.914489
1.924846
1.934249
1.944159
1.955119
1.966364
1.977659
1.988606
2.000156
2.01098
2.022719
2.033284
2.044506
2.055861
2.066797
2.077915
2.089207
2.100537
2.111481
2.122773
2.133814
2.145246
2.156304
2.167402
2.178661
2.189628
2.200861
2.212031
2.223447
2.234378
2.24548
2.25691
2.268758
2.279773
2.290413
2.301569
2.31254
2.324711
2.335676
2.346182
2.357558
2.368397
2.379872
2.39087
2.402294
2.413068
2.424236
2.4359
2.447464
2.458896
2.470862
2.48288
2.494202
2.506903
2.516938
2.529063
2.54028
2.552491
2.564058
2.574584
2.585563
2.59682
2.607936
2.619087
2.630759
2.641615
2.652815
2.663661
2.675039
2.686331
2.697449
2.708854
2.719818
2.734766
2.744941
2.755444
2.76568
2.77599
2.786503
2.796242
2.806787
2.816991
2.828073
2.839706
2.850399
2.861494
2.872912
2.883832
2.895115
2.906306
2.91749
2.928539
2.939872
2.95088
2.962977
2.973667
2.984418
2.995538
3.006785
3.017879
3.029079
3.040294
3.051334
3.062589
3.073707
3.084942
3.096249
3.107524
3.119041
3.130152
3.141376
3.152907
3.164242
3.175492
3.187145
3.198401
3.209522
3.221309
3.232189
3.243547
3.255249
3.266613
3.277803
3.288996
3.300865
3.311586
3.322888
3.33422
3.344973
3.356428
3.367724
3.378547
3.3898
3.401005
3.412219
TARGET DESTROYED 
3.427373
3.438278
3.455855
3.467229
3.477361
3.487705
3.49785
3.507899
3.519033
3.530076
3.541211
3.552802
3.5641
3.574798
3.586966
3.597818
3.608683
3.620114
3.631015
3.64176
3.653204
3.664289
3.676298
3.68654
3.697688
3.709004
3.720284
3.731528
3.742374
3.753973
3.764549
3.775752
3.78786
3.798222
3.809256
3.820808
3.837215
3.847277
3.857585
3.868305
3.878534
3.888899
3.898826
3.910239
3.922245
3.933109
3.943427
3.954452
3.965857
3.977154
3.988819
4.000681
4.01155
4.02285
4.033871
4.045011
4.056314
4.06769
4.07858
4.089639
4.100998
4.112163
4.123247
4.134581
4.145915
4.156834
4.167896
4.179103
4.19026
4.201632
4.213133
4.224921
4.235917
4.247159
4.25841
4.270296
4.281315
4.292509
4.305238
4.315357
4.32689
4.338412
4.349429
4.3606
4.372409
4.3837
4.394797
4.406193
4.417744
4.428584
4.439734
4.451312
4.462393
4.473901
4.48433
4.495557
4.506809
4.518244
4.529359
4.540654
4.551508
4.562429
4.574
4.584965
4.596354
4.607491
4.618284
4.629672
4.640744
4.651946
4.663456
4.674181
4.68553
4.697197
4.708017
4.719078
4.730061
4.741189
4.752685
4.763578
4.774998
4.786514
4.797616
4.808415
4.819578
4.830927
4.841774
4.853369
4.864559
4.875296
4.887207
4.898007
4.908905
4.92089
4.931549
4.942519
4.953755
4.964879
4.980424
4.990672
5.001039
5.011892
5.022635
5.032965
5.042847
5.053763
5.063757
5.073782
5.083605
5.094169
5.105507
5.11675
5.12766
5.138946
5.150215
5.162203
5.172767
5.183536
5.194758
5.206061
5.217429
5.228429
5.239648
5.250759
5.261742
5.273281
5.284123
5.295392
5.306756
5.317912
5.328761
5.340051
TARGET DESTROYED 
5.354849
5.366402
5.377075
5.387752
5.398278
5.408949
5.418981
5.430373
5.441776
5.453363
5.464858
5.47639
5.493585
5.505869
5.516045
5.526333
5.536278
5.546416
5.557444
5.567444
5.578067
5.588337
5.598846
5.609992
5.620344
5.631501
5.641681
5.65252
5.664142
5.674594
5.686074
5.697324
5.708163
5.719418
5.730492
5.74177
5.752956
5.764103
5.774982
5.786722
5.797681
5.808628
5.820016
5.830938
5.842101
5.853691
5.864543
5.875563
5.887164
5.898077
5.909318
5.920764
5.93147
5.942973
5.954388
5.965875
5.977147
5.988736
6.000252
6.011631
6.023353
6.034651
6.046017
6.057703
6.068458
6.084564
6.095149
6.105924
6.115772
6.125754
6.135911
6.145844
6.15725
6.168239
6.179578
6.190615
6.201878
6.212828
6.224032
6.235219
6.246623
6.257761
6.268648
6.279785
6.29101
6.302317
6.313428
6.324474
6.335803
6.347267
6.358337
6.369299
6.380484
6.39154
6.403248
6.41406
6.42499
6.436638
6.4477
6.45863
6.470176
6.481318
6.492721
6.504486
6.515643
6.526792
6.538487
6.549282
6.560702
6.57213
6.583255
6.594575
6.606679
6.61767
6.629779
6.640232
6.651255
6.662514
6.673773
6.684746
6.696483
6.707262
6.719315
6.729362
6.740712
6.751993
6.763087
6.77414
6.785267
6.796678
6.807683
6.818954
6.830195
6.841126
6.852815
6.864414
6.874807
6.88593
6.897498
6.908134
6.919533
6.930883
6.941699
6.952993
6.964287
6.975199
6.986553
6.997739
7.009217
7.020337
7.031566
7.042176
7.054039
7.064864
7.075844
7.087273
7.098399
7.109257
7.120834
7.131858
7.142788
7.154428
7.165514
7.176149
7.188122
7.198536
7.209897
7.225589
7.235767
7.245704
7.256466
7.266478
7.276644
7.287088
7.2972
7.306972
7.317821
7.328846
TARGET DESTROYED 
7.343619
7.361121
7.373698
7.383885
7.394718
7.405946
7.417038
7.428255
7.439563
7.450589
7.462025
7.472956
7.484349
7.495573
7.507318
7.517479
7.528685
7.539992
7.551272
7.562273
7.573775
7.5845
7.596041
7.60723
7.618161
7.629938
7.640593
7.651864
7.662714
7.674032
7.685145
7.696643
7.707542
7.718775
7.729996
7.741078
7.752231
7.763556
7.774565
7.785829
7.797133
7.808288
7.819254
7.830471
7.841905
7.853494
7.86536
7.876475
7.888029
7.89962
7.911081
7.922782
7.93399
7.945677
7.956767
7.968388
7.979781
7.991444
8.003208
8.014383
8.026057
8.036765
8.047603
8.058828
8.07005
8.081271
8.09214
8.103752
8.114871
8.125958
8.137472
8.148376
8.159105
8.170547
8.181666
8.192588
8.204512
8.215554
8.226168
8.237864
8.248874
8.259806
8.271261
8.282239
8.293441
8.304605
8.315883
8.326769
8.338327
8.34932
8.365079
8.376207
8.386338
8.396186
8.406621
8.416449
8.42659
8.436584
8.446854
8.456867
8.467141
8.478263
8.489463
8.500586
8.511707
8.523309
8.534027
8.545208
8.556548
8.567677
8.578621
8.590224
8.600994
8.612564
8.623982
8.634664
8.646019
8.657079
8.668402
8.6799
8.690681
8.70154
8.712659
8.724047
8.734928
8.746768
8.757586
8.768878
8.780267
8.791694
8.803438
8.81472
8.826023
8.837695
8.848819
8.860148
8.871709
8.883095
8.894296
8.90625
8.917328
8.92847
8.939951
8.951397
8.96266
8.974464
8.985762
8.998019
9.008379
9.020288
9.030677
9.041654
9.053347
9.064507
9.075057
9.086591
9.097594
9.108603
9.119981
9.131354
9.142755
9.153619
9.164486
9.175792
9.186974
9.198155
9.209184
9.220839
9.23145
9.242704
9.253953
9.264997
9.276427
9.287642
9.299028
9.310256
9.321404
9.333278
9.345266
9.356977
9.368325
9.380365
9.392067
9.404065
9.417085
9.429367
9.442603
9.455457
9.467535
9.479883
9.491418
9.502913
9.514018
9.525573
9.537878
9.554132
9.565485
9.576804
9.588567
9.600303
9.611598
9.62362
9.635488
9.647
9.658688
9.669979
9.681253
9.692884
9.70422
9.715895
9.727286
9.738858
9.750133
9.761209
9.774098
9.785102
9.796555
9.808113
9.819263
9.830379
9.841846
9.854593
9.866224
9.877685
9.889448
9.900703
9.911734
9.923723
9.935103
9.946738
9.958452
9.970181
9.981277
9.992859
10.0042
10.01572
10.02796
10.03931
10.05071
10.06224
10.07389
TARGET DESTROYED 
10.091
10.10255
10.11371
10.12533
10.13766
10.14892
10.16039
10.17205
10.19009
10.20206
10.21361
10.22566
10.23777
10.24891
10.26034
10.27135
10.28265
10.29418
10.30526
10.31638
10.32806
10.33982
10.3506
10.36176
10.37335
10.38473
10.39595
10.40805
10.41932
10.43061
10.44207
10.45309
10.4645
10.47596
10.48705
10.49873
10.511
10.5227
10.53347
10.54457
10.55591
10.567
10.5781
10.59003
10.60168
10.61239
10.62441
10.63633
10.64777
10.65884
10.67021
10.68155
10.69241
10.70358
10.71466
10.73168
10.74277
10.75377
10.76511
10.77638
10.78826
10.79961
10.81107
10.82248
10.83529
10.84627
10.85815
10.86922
10.88031
10.89151
10.90257
10.91389
10.92587
10.93718
10.94855
10.96018
10.9713
10.98253
10.99379
11.00524
11.01622
11.02915
11.04028
11.05152
11.06335
11.07464
11.08599
11.09696
11.10801
11.11872
11.13239
11.14348
11.15479
11.16604
11.17725
11.18823
11.19924
11.21108
11.22206
11.23302
11.24376
11.2549
11.26578
11.27713
11.28849
11.29938
11.3104
11.32162
11.33262
11.34347
11.35492
11.36606
11.377
11.38811
11.3992
11.40988
11.42096
11.43253
11.44353
11.45469
11.4662
11.47727
11.48865
11.4995
11.51038
11.52163
11.53236
11.54342
11.55552
11.56643
11.57724
11.58864
11.59954
11.61057
11.62195
11.63354
11.64455
11.65611
11.66719
11.67781
11.6888
11.69992
11.71107
11.72228
11.73299
11.74446
11.75557
11.76619
11.77708
11.78848
11.79923
11.80986
11.82098
11.8317
11.84303
11.85428
11.86628
11.8772
11.88834
11.89958
11.91618
11.92787
11.93927
11.95231
11.96348
11.97419
11.98562
11.99673
12.00789
12.01915
12.03081
12.0421
12.05289
12.06393
12.07523
12.08613
12.09772
12.10858
12.11981
12.13101
12.14257
12.15399
12.165
12.17603
12.18718
12.198
12.20947
12.2203
12.23132
12.24252
12.25411
12.26512
12.27632
12.28782
12.29921
12.31026
12.32153
12.33252
12.34351
12.35479
12.36617
12.37722
12.38896
12.39964
12.41051
12.42196
12.43324
12.44482
12.45632
12.4678
12.47946
12.49111
12.50223
12.51372
12.52608
12.53719
12.54833
12.55953
12.57117
12.58265
12.59367
12.60495
12.61647
12.62772
12.63995
12.65125
12.66363
12.67472
12.6858
12.69655
12.70762
12.71858
12.72987
12.74138
12.75291
12.76375
12.77509
12.78585
12.79727
12.80923
12.82053
12.83156
12.84318
12.85451
12.86585
12.87749
12.88842
12.89965
12.91045
12.92231
12.93501
12.94628
12.95759
12.96852
12.97976
12.99103
13.00246
13.01335
13.02456
13.03619
13.0469
13.05854
13.06964
13.08044
13.09659
13.10755
13.11818
13.12897
13.14045
13.15139
13.16315
13.17445
13.18525
13.19674
13.20791
13.21865
13.22976
13.24098
13.25163
13.26289
13.27426
TARGET DESTROYED 
13.29088
13.30207
13.31293
13.32461
13.34191
13.35395
13.3648
13.376
13.38747
13.39818
13.40945
13.42153
13.43304
13.44394
13.4553
13.46642
13.47756
13.48861
13.49957
13.51081
13.52217
13.53325
13.54442
13.55573
13.56665
13.57792
13.58931
13.60035
13.61163
13.6231
13.6347
13.64594
13.65721
13.66829
13.67916
13.69061
13.70158
13.7137
13.72495
13.73597
13.74685
13.7582
13.76955
13.78044
13.79192
13.80339
13.81454
13.82601
13.83764
13.84861
13.86036
13.87208
13.8843
13.89618
13.90719
13.91883
13.92975
13.94058
13.95184
13.96315
13.9743
13.98504
13.99624
14.00743
14.01855
14.02981
14.04143
14.05237
14.06327
14.07431
14.08543
14.09676
14.10826
14.11891
14.13025
14.14137
14.15241
14.16381
14.17515
14.18624
14.19732
14.20904
14.22034
14.23119
14.24191
14.25323
14.2646
14.27601
14.28672
14.29783
14.30898
14.32021
14.3363
14.34733
14.35853
14.36933
14.38052
14.39242
14.40321
14.41532
14.42586
14.43661
14.44737
14.45856
14.46911
14.47964
14.49045
14.50089
14.51149
14.52283
14.53386
14.54488
14.55616
14.56755
14.57851
14.58993
14.60088
14.61209
14.62316
14.63501
14.64678
14.65813
14.66997
14.68117
14.6925
14.70413
14.71542
14.72716
14.73923
14.75092
14.76195
14.77427
14.78515
14.79751
14.80887
14.82049
14.83197
14.84339
14.85483
14.86732
14.87856
14.8903
14.90131
14.91386
14.92434
14.93427
14.94564
14.95683
14.96777
14.97901
14.99041
15.00136
15.01316
15.02409
15.03508
15.04621
15.05736
15.06851
15.0796
15.09079
15.1019
15.11313
15.12418
15.13545
15.14678
15.15797
15.169
15.18019
15.19177
15.20257
15.2137
15.22505
15.23627
15.24725
15.25845
15.26983
15.281
15.29206
15.30299
15.31426
15.32565
15.33779
15.34905
15.3599
15.37187
15.38311
15.3945
15.40649
15.41739
15.42918
15.44038
15.45178
15.46342
15.47482
15.4866
15.49798
15.50917
15.52028
15.53142
15.54255
15.5539
15.56871
15.57897
15.59006
15.60118
15.61141
15.62759
15.63872
15.65379
15.66406
15.67462
15.68478
15.69497
15.70521
15.71632
15.72764
15.73881
15.74991
15.7613
15.7773
15.78918
15.79953
15.80971
15.82051
15.83095
15.84103
15.85108
15.86167
15.87335
15.88384
15.89523
15.90652
15.9176
15.92895
15.94006
15.95091
15.96191
15.97337
15.98436
15.9958
16.0071
16.01812
16.02917
16.04029
16.05132
16.06259
16.0738
16.08492
16.09616
16.10777
16.11884
16.1307
16.14175
16.15327
16.16449
16.17607
16.18769
16.19868
16.21007
16.22168
16.23276
16.24417
16.25567
16.26727
16.27838
16.29
16.30115
16.31262
16.32468
16.33615
16.34745
16.35857
16.37012
16.38139
16.39281
16.40615
16.41752
16.42933
16.44126
16.45247
16.46497
16.47614
16.48735
16.49863
16.51006
16.52117
16.53187
16.54338
16.55408
16.56555
16.57651
16.58809
16.59961
16.61054
16.62261
16.63301
16.64385
16.6563
16.66653
16.67747
16.68829
16.69938
16.71309
16.72475
16.73605
16.7482
16.76046
16.77282
16.7844
16.79677
16.8085
16.82033
16.83211
16.84463
16.85701
16.86795
16.87885
16.89012
16.90416
16.92376
16.93785
16.94946
16.96198
16.9736
16.98574
16.998
17.0108
17.024
17.03472
17.04552
17.05674
17.06802
17.0798
17.0903
17.10149
17.11281
17.12656
17.13952
17.15267
17.16302
17.17418
17.18426
17.19485
17.20672
17.21739
17.2278
17.239
17.24953
17.26076
17.27213
17.28347
17.29744
17.31132
17.32551
17.33648
17.3472
17.35834
17.36961
17.38087
17.39229
17.40349
17.41498
17.42615
17.43717
17.44864
17.46091
17.47239
17.48381
17.49533
17.50745
17.51898
17.5296
17.5412
17.55243
17.56275
17.57245
17.5822
17.59277
17.60413
17.61519
17.62633
17.63767
17.64862
17.65986
17.67111
17.68232
17.69415
17.70484
17.71567
17.72683
17.73813
17.7492
17.76023
17.77181
17.7827
17.79383
17.80541
17.81663
17.82755
17.83913
17.85033
17.86198
17.87343
17.88499
17.89713
17.90818
17.91996
17.93078
17.94221
17.95376
17.9647
17.97641
17.98773
17.999
18.01006
18.02198
18.03264
18.04422
18.05608
18.06703
18.07799
18.08939
18.10131
18.11156
18.12272
18.13404
18.14532
18.15631
18.16742
18.18266
18.19316
18.20303
18.21815
18.22825
18.24059
18.25485
