0.02
0.04
0.14
0.1767443
0.1875817
0.1980478
0.2094478
0.2208132
0.2316425
0.2427253
0.2540226
0.2651826
0.2762879
0.287369
0.2987915
0.3098261
0.3209242
0.3320541
0.3432716
0.3544916
0.3657415
0.3801246
0.3899017
0.3992611
0.4102306
0.421543
0.4329376
0.4444707
0.4557671
0.4660562
0.4775303
0.4887519
0.4996165
0.5110663
0.5219803
0.5332619
0.5445522
0.5561976
0.5672047
0.577803
0.5894468
0.6002498
0.6118189
0.6228608
0.6335442
0.6449667
0.6565081
0.6671026
0.67834
0.6895972
0.700789
0.7118801
0.7234306
0.7342063
0.745434
0.7565723
0.7678918
0.7789662
0.7903336
0.8012793
0.8124981
0.823652
0.8348172
0.8459815
0.8572169
0.8681774
0.8796358
0.8956762
0.9070682
0.9183514
0.9290264
0.9404486
0.9514043
0.9627652
0.9740038
0.985168
0.9961838
1.007786
1.018757
1.029684
1.040998
1.051962
1.063232
1.074839
1.085325
1.096919
1.107947
1.118851
1.13007
1.141726
1.152354
1.163565
1.175743
1.190646
1.200614
1.211322
1.220868
1.231076
1.241065
1.25088
1.260651
1.271648
1.283914
1.294568
1.304808
1.315973
1.327173
1.338318
1.349553
1.360688
1.371985
1.383099
1.394648
1.405521
1.416478
1.427787
1.43899
1.450114
1.461088
1.47287
1.483479
1.494754
1.506325
1.517151
1.528225
1.539754
1.550637
1.561765
1.573289
1.584564
1.595927
1.607544
1.61868
1.630063
1.642068
1.652675
1.664022
1.676399
1.686779
1.698579
1.709531
1.721142
1.732097
1.743868
1.755257
1.766384
1.777831
1.789362
1.800694
1.811362
1.822939
1.833707
1.845012
1.856824
1.867157
1.878588
1.890002
1.900906
1.912153
1.923471
1.934305
1.945842
1.957214
1.967953
1.984317
1.994496
2.004791
2.015197
2.025759
2.035711
2.045744
2.056134
2.066162
2.075994
2.085729
2.096976
2.108218
2.119216
2.130604
2.14174
2.152796
2.164167
2.175688
2.186252
2.197379
2.208792
2.220087
2.230823
2.242314
2.253196
2.264594
2.275682
2.286905
2.298222
2.309181
2.320229
2.331919
2.342666
2.353851
2.364976
2.376289
2.387764
2.398837
2.410195
2.421753
2.433106
2.44473
2.456108
2.468
2.478643
2.490544
2.501574
2.512896
2.524619
2.536137
2.547437
2.558715
2.570085
2.581115
2.592837
2.604208
2.615625
2.626945
2.638077
2.649562
2.660258
2.671701
2.682562
2.694416
2.705404
2.716138
2.727235
2.738708
2.749682
2.761894
2.772624
2.788406
2.799693
2.811141
2.821393
2.832078
2.84332
2.853533
2.864783
2.875868
2.886117
2.896604
2.907356
2.917874
2.928376
2.939525
2.950059
2.960743
2.97121
2.982068
2.993063
3.003619
3.014158
3.024654
3.035354
3.046406
3.05759
3.069776
3.080486
3.091176
3.102367
3.114229
3.124677
3.135861
3.147205
3.158364
3.169212
3.180474
3.192104
3.202613
3.214224
3.225725
3.236137
3.247597
3.259208
3.269768
3.281151
3.292948
3.303917
3.315321
3.326877
3.338462
3.349678
3.362243
3.372712
3.385395
3.396634
3.407126
3.418611
3.429472
3.441648
3.452476
3.464231
3.475841
3.48739
3.498467
3.509575
3.520388
3.531581
3.54344
3.553832
3.566091
3.581822
3.592245
3.602543
3.61292
3.62361
3.634358
3.645319
3.656191
3.667067
3.678213
3.688899
3.700305
3.7116
3.722392
3.73367
3.744886
3.755714
3.766753
3.777522
3.788254
3.798693
3.810314
3.820854
3.831877
3.843143
3.853944
3.864845
3.875604
3.887425
3.898415
3.909201
3.920138
3.930681
3.941967
3.952444
3.963638
3.975327
3.985944
3.996845
4.007918
4.019079
4.0302
4.041398
4.052441
4.063422
4.075156
4.086253
4.097104
4.108513
4.119915
4.131377
4.142766
4.153967
4.165622
4.176903
4.188546
4.199656
4.210949
4.222556
4.233534
4.245056
4.256566
4.26764
4.279237
4.290804
4.301394
4.312898
4.324585
4.335314
4.346882
4.362446
4.37315
4.383609
4.394434
4.404881
4.416136
4.427662
4.438468
4.449685
4.460793
4.471391
TARGET DESTROYED 
4.48245
4.501876
4.51512
4.534086
4.545665
4.556603
4.567315
4.578557
4.58946
4.600057
4.610686
4.621535
4.632614
4.643921
4.655032
4.666081
4.677354
4.68848
4.699785
4.710574
4.72259
4.733089
4.744369
4.755912
4.766433
4.777646
4.788817
4.800057
4.811236
4.822743
4.833608
4.844958
4.856652
4.867551
4.87841
4.889737
4.900619
4.911996
4.923007
4.939926
4.950352
4.961319
4.972217
4.983613
4.994621
5.005489
5.016231
5.027173
5.037639
5.048131
5.05916
5.070129
5.081273
5.091932
5.102631
5.113961
5.125813
5.142267
5.152777
5.164145
5.175262
5.185245
5.19604
5.206952
5.217795
5.228638
5.239367
5.250059
5.260895
5.271411
5.281895
5.292615
5.30389
5.314923
5.32602
5.337075
5.348241
5.359458
5.370575
5.38167
5.39311
5.404171
5.415318
5.42646
5.437574
5.448948
5.459908
5.471811
5.482357
5.4935
5.504921
5.515984
5.527377
5.538691
5.550575
5.561268
5.573086
5.584389
5.595496
5.607359
5.618278
5.629447
5.641205
5.652525
5.663682
5.675417
5.686347
5.697468
5.709198
5.720511
5.732065
5.74323
5.754589
5.765862
5.777199
5.787873
5.799137
5.810349
5.821527
5.833339
5.843948
5.855501
5.866522
5.877541
5.890244
5.900455
5.911705
5.927636
5.938194
5.948784
5.959991
5.970497
5.980956
5.992124
6.002329
6.013024
6.024373
6.034555
6.045341
6.056153
TARGET DESTROYED 
6.066563
6.082681
6.100007
6.111079
6.121655
6.132105
6.142919
6.153408
6.16434
6.17447
6.185032
6.196334
6.207927
6.219094
6.230453
6.241457
6.252574
6.263224
6.274713
6.285751
6.296726
6.308066
6.319177
6.330677
6.341501
6.352725
6.363845
6.375097
6.386138
6.397484
6.408668
6.419555
6.431256
6.442653
6.45302
6.464499
6.475646
6.486653
6.497759
6.508962
6.52013
6.531251
6.542468
6.554476
6.564874
6.576146
6.587279
6.598325
6.609545
6.62063
6.631866
6.643087
6.655135
6.666582
6.678089
6.689896
6.706614
6.717559
6.729152
6.740597
6.751625
6.762995
6.774064
6.785352
6.796587
6.808563
6.819985
6.831443
6.842953
6.855834
6.868551
6.880432
6.892181
6.903215
6.915378
6.926713
6.938184
6.949881
6.961496
6.972907
6.984299
6.995625
7.007316
7.018167
7.02959
7.041115
7.05223
7.063704
7.075183
7.086961
7.099825
7.112185
7.12371
7.134607
7.146103
7.15742
7.168562
7.180465
7.191829
7.202826
7.214461
7.225716
7.236799
7.248255
7.259845
7.271241
7.282505
7.293751
7.305634
7.317457
7.328872
7.340863
7.352456
7.364106
7.375635
7.386995
7.398118
7.409422
7.420516
7.432247
7.443857
7.455163
7.467065
7.478627
7.490597
7.502351
7.514419
7.53056
7.541891
7.55336
7.565568
7.576926
7.588636
7.599858
7.611187
7.622444
7.634038
7.64571
7.657414
7.668759
7.680233
7.692962
7.70435
7.716217
7.727771
7.738984
7.750007
7.761885
7.773556
7.784972
7.796728
7.808904
7.822039
7.833329
7.844666
7.856339
7.867875
7.881336
7.892718
7.90398
7.916487
7.928333
7.939199
7.949856
7.961493
7.972526
7.983353
7.994737
8.006381
8.016855
8.02826
8.039762
8.050761
8.061529
8.073247
8.083942
8.095244
8.106576
8.117865
8.129716
8.140529
8.151272
8.162452
8.173431
TARGET DESTROYED 
8.184604
8.200226
8.21172
8.223627
8.23592
8.247165
8.258821
8.269706
8.286376
8.297708
8.308471
8.319203
8.335485
8.34699
8.357795
8.368469
8.379991
8.391059
8.401607
8.41221
8.423295
8.434621
8.445943
8.456836
8.467567
8.478968
8.490836
8.501431
8.512884
8.524187
8.535208
8.545914
8.557302
8.567959
8.578689
8.589262
8.600168
8.610999
8.622133
8.632777
8.643667
8.654096
8.664963
8.676492
8.687228
8.698295
8.709671
8.720575
8.732018
8.743064
8.754358
8.76547
8.776529
8.787502
8.798845
8.810531
8.822317
8.833557
8.845284
8.857063
8.868177
8.879516
8.89135
8.902026
8.913882
8.925389
8.936459
8.947595
8.95876
8.969995
8.981268
8.992788
9.003948
9.015262
9.026526
9.037971
9.04948
9.060566
9.072438
9.083919
9.095701
9.108022
9.119671
9.136036
9.147867
9.16119
9.172571
9.184101
9.196292
9.208437
9.220396
9.232392
9.244123
9.255866
9.267942
9.279219
9.290641
9.301715
9.313264
9.326243
9.337799
9.349816
9.362864
9.374795
9.386303
9.397941
9.410049
9.421845
9.432525
9.443835
9.455511
9.466554
9.478003
9.489658
9.500316
9.511513
9.522378
9.533255
9.544333
9.555147
9.56703
9.577791
9.588788
9.60003
9.61099
9.621951
9.632633
9.643891
9.654493
9.665344
9.676914
9.68729
9.697971
9.709038
9.71979
9.730674
9.74178
9.752202
9.763226
9.774704
9.785913
9.796829
9.808303
9.820238
9.831573
9.842666
9.853422
9.865256
9.876719
9.887533
9.898931
9.910566
9.921567
9.932303
TARGET DESTROYED 
9.948404
9.964344
9.975987
9.987533
10.00318
10.01425
10.02539
10.03601
10.04708
10.05793
10.06882
10.0798
10.09238
10.10435
10.11584
10.12813
10.13981
10.15031
10.16158
10.17291
10.18386
10.19525
10.20722
10.21834
10.22934
10.23996
10.25131
10.26204
10.27369
10.28488
10.2962
10.30689
10.31797
10.32903
10.34042
10.35136
10.36271
10.37394
10.38501
10.39601
10.40748
10.4186
10.42963
10.4412
10.45225
10.46315
10.47451
10.48554
10.49687
10.50821
10.52026
10.53149
10.54291
10.55371
10.56507
10.57634
10.58781
10.59935
10.61096
10.62183
10.6327
10.6447
10.65646
10.66792
10.67918
10.69028
10.70133
10.71246
10.724
10.73532
10.74698
10.76416
10.77564
10.78747
10.79992
10.81182
10.82353
10.8348
10.84706
10.85899
10.87039
10.88293
10.89505
10.90737
10.91996
10.9318
10.94417
10.95557
10.9671
10.97847
10.99052
11.00202
11.01387
11.02583
11.03753
11.04966
11.0613
11.07308
11.08475
11.09651
11.10818
11.11992
11.13173
11.14399
11.15641
11.16778
11.18049
11.19372
11.20701
11.21921
11.23196
11.24476
11.25721
11.26967
11.2824
11.2952
11.30806
11.32042
11.33352
11.34598
11.35884
11.3713
11.38455
11.39727
11.40926
11.41983
11.43086
11.44245
11.45379
11.46484
11.4759
11.48648
11.49695
11.5084
11.51971
11.53048
11.54166
11.55253
11.56387
11.57562
11.58665
11.59895
11.61518
11.6264
11.63704
11.64795
11.65908
11.66971
11.68084
11.69228
11.70312
11.71397
11.72557
11.73678
11.74767
11.75889
11.77001
11.78121
11.79264
11.80371
11.81529
11.82581
11.8372
11.84859
11.85952
11.87052
11.88177
11.89289
11.90401
11.91651
11.92743
11.93857
11.94891
11.9599
11.97109
11.98237
11.99332
12.00523
12.01649
12.02739
12.03816
TARGET DESTROYED 
12.04979
12.06554
12.07675
12.08758
12.09873
12.11015
12.12217
12.13371
12.14467
12.15574
12.17168
12.18346
12.19443
12.20636
12.21798
12.22889
12.23959
12.25041
12.26171
12.27308
12.2837
12.29502
12.3069
12.31757
12.32885
12.34005
12.35114
12.3628
12.37351
12.3844
12.39544
12.40688
12.4224
12.43338
12.44468
12.45571
12.46682
12.47756
12.48793
12.49876
12.50994
12.5206
12.53148
12.54209
12.5525
12.5636
12.57551
12.58618
12.59809
12.60936
12.62082
12.63198
12.64389
12.65514
12.66614
12.67722
12.68822
12.69901
12.71035
12.72258
12.7335
12.7446
12.75604
12.76696
12.77812
12.78931
12.80011
12.81176
12.82371
12.83527
12.8471
12.85779
12.86852
12.87986
12.8909
12.90212
12.91353
12.92599
12.93727
12.9482
12.95944
12.97069
12.98188
12.99323
13.00412
13.01575
13.02757
13.03857
13.04969
13.06092
13.07195
13.08293
13.0944
13.10603
13.11813
13.12969
13.14159
13.15373
13.16544
13.17799
13.18873
13.19999
13.21115
13.22269
13.23968
13.25197
13.26369
13.27487
13.28643
13.29811
13.31009
13.32086
13.33267
13.34542
13.35631
13.36763
13.37915
13.3906
13.40112
13.4122
13.42348
13.43496
13.44597
13.45726
13.46809
13.47945
13.49043
13.50151
13.51281
13.52452
13.53522
13.54622
13.55738
13.56859
13.5799
13.59098
13.60175
13.61355
13.62445
13.63553
13.64673
13.65802
13.66876
13.68017
13.69118
13.70233
13.71374
13.72585
13.73627
13.74707
13.75865
13.76999
13.78082
13.7918
13.80336
13.81502
13.82608
13.83774
13.84902
13.86054
13.87218
13.88381
13.89504
13.9069
13.91901
13.93124
13.94223
13.95316
13.9641
13.97554
13.98659
13.99792
14.00979
14.02085
14.03192
14.04395
14.06057
14.07183
14.08287
14.09434
14.10547
14.11654
14.12766
14.13871
14.14915
14.16036
14.17153
14.18272
14.19473
14.20534
14.2161
14.22744
14.23861
14.24971
14.26087
14.27213
14.30132
14.31174
14.32194
14.33185
14.34287
14.35315
14.36343
14.37339
14.38378
14.39503
14.40633
14.41731
14.42854
14.44023
14.45246
TARGET DESTROYED 
14.46388
14.48144
14.49369
14.50669
14.524
14.53665
14.54813
14.56004
14.57159
14.58354
14.59531
14.60764
14.6201
14.63307
14.64484
14.65779
14.66762
14.67779
14.68726
14.6981
14.70851
14.71889
14.73003
14.74137
14.75235
14.76366
14.77476
14.78621
14.79704
14.80876
14.81945
14.83056
14.84211
14.85306
14.86409
14.87533
14.88642
14.90286
14.9148
14.92618
14.93847
14.94969
14.96176
14.97281
14.98317
14.99403
15.00488
15.01594
15.0266
15.03758
15.04869
15.05966
15.07113
15.0823
15.09395
15.1053
15.1172
15.12855
15.14009
15.15168
15.16274
15.17386
15.18522
15.19669
15.20846
15.21935
15.23047
15.24304
15.2553
15.26628
15.27803
15.28878
15.30024
15.31122
15.32219
15.33304
15.34428
15.35596
15.36703
15.37777
15.38933
15.40015
15.41137
15.42264
15.43403
15.44511
15.45634
15.46716
15.47882
15.49
15.50064
15.5119
15.5238
15.53525
15.54709
15.55891
15.57039
15.58278
15.59552
15.60769
15.61887
15.62991
15.64122
15.65184
15.66311
15.6739
15.68507
15.69588
15.70668
15.71767
15.72892
15.74051
15.75184
15.76889
15.77987
15.79138
15.80244
15.81428
15.82592
15.83689
15.84816
15.85969
15.87114
15.88282
15.89598
15.9081
15.91812
15.92839
15.93889
15.95088
15.96087
15.97074
15.98108
15.99227
16.004
16.01476
16.02575
16.03716
16.04816
16.0594
16.07051
16.08153
16.09275
16.10396
16.11508
16.12631
16.13754
16.14859
16.15986
16.17109
16.182
16.19326
16.20449
16.21589
16.22682
16.23802
16.24928
16.2609
16.27283
16.28383
16.29564
16.30714
16.3187
16.32994
16.34222
16.35309
16.36452
16.376
16.38717
16.39839
16.4098
16.42111
16.43259
16.44395
16.45547
16.46618
16.47756
16.48881
16.49983
16.51104
16.52269
16.53349
16.54464
16.55597
16.56701
16.57803
16.58967
16.60026
16.61154
16.62296
16.63827
16.64806
16.65811
16.6679
16.67846
16.68893
16.69879
16.70963
16.72065
16.73191
16.7431
16.75418
16.76527
16.77663
16.78762
16.79893
16.81028
16.82125
16.83244
16.8438
16.85493
16.86608
16.87699
16.88844
16.89949
16.9109
16.92181
16.93294
16.944
16.95538
16.96633
16.97758
16.98899
17.00035
17.0112
17.02312
17.03431
17.04528
17.05667
17.06785
17.0791
17.09068
17.10179
17.11374
17.12455
17.13596
17.14781
17.15884
TARGET DESTROYED 
17.16972
17.19415
17.20399
17.2139
17.22539
17.23505
17.24506
17.25473
17.26588
17.27695
17.28795
17.29914
17.31041
17.32829
17.33905
17.34967
17.36018
17.37002
17.38014
17.3904
17.4006
17.41601
17.42701
17.43701
17.44727
17.46163
17.47143
17.48151
17.4915
17.50121
17.51137
17.52267
17.53365
17.54491
17.55633
17.56713
17.57827
17.58981
17.60062
17.61203
17.62315
17.63434
17.64577
17.65712
17.66809
17.6788
17.69024
17.70133
17.7129
17.72468
17.73575
17.7468
17.75813
17.76936
17.78032
17.79153
17.80305
17.81384
17.82551
17.8366
17.84814
17.85929
17.87071
17.88207
17.89395
17.90523
17.91625
17.9279
17.93943
17.9504
17.96203
17.97335
17.98482
17.99588
18.00802
18.0189
18.02985
18.04134
18.05249
18.06352
18.07498
18.08605
18.09793
18.10835
18.11946
18.13106
18.14202
18.15305
18.16412
18.17589
18.18668
18.19753
18.20922
18.22662
18.2369
18.24866
18.26018
18.27099
18.28604
18.29625
18.3063
18.31632
18.32703
18.33844
18.34933
18.3604
18.37157
18.38275
18.39406
18.40509
18.41619
18.42729
18.4387
18.44972
18.46114
18.47226
18.48322
18.49428
18.50594
18.51732
18.52815
18.53928
18.55222
18.56319
18.57391
18.58421
18.59515
18.60681
18.61796
18.62926
18.64098
18.65219
18.6637
18.67588
18.68656
18.69787
18.70941
18.72054
18.73194
18.74332
18.75492
18.76691
18.77864
18.79036
18.80169
18.81376
18.82532
18.83685
18.84825
18.86051
18.87184
18.88317
18.89578
18.9078
18.91938
18.9307
18.94219
18.95324
18.9654
18.97807
18.98955
19.00116
19.01274
19.02484
19.03881
19.05056
19.06223
19.07373
19.08545
19.0976
19.11635
19.12685
19.13658
19.1465
19.15623
19.17127
19.1813
19.19157
19.20161
19.2144
