0.02
0.04
0.14
0.1731542
0.1897965
0.2035406
0.2162902
0.2382103
0.2507267
0.2619711
0.2731087
0.2842364
0.3027608
0.3141078
0.3246382
0.3356766
0.34712
0.3580506
0.3694988
0.3815786
0.3929748
0.4042365
0.4152471
0.4261431
0.4374902
0.4482643
0.4592107
0.4699922
0.4813961
0.4938105
0.5050995
0.516367
0.5274186
0.5383798
0.5492405
0.5603685
0.5712902
0.5821853
0.5929267
0.6038628
0.615438
0.6261935
0.6378255
0.648914
0.6595524
0.6703714
0.6814567
0.6973348
0.7085161
0.719831
0.7314457
0.7421659
0.7531871
0.7646406
0.775808
0.7866646
0.7982177
0.8090886
0.8203135
0.8315759
0.8432438
0.8544998
0.8653561
0.8761258
0.8873208
0.8985735
0.9096941
0.9206906
0.9322058
0.9431823
0.9542946
0.9656741
0.9779326
0.9896126
1.001285
1.01192
1.022817
1.034026
1.044575
1.055293
1.066095
1.077012
1.088757
1.105036
1.11657
1.127115
1.138296
1.149533
1.160857
1.172022
1.183093
1.19373
1.204743
1.216318
1.226978
1.239177
1.250319
1.261444
1.273398
1.284698
1.295697
1.307254
1.31801
1.328783
1.340569
1.351825
1.362606
1.373559
1.385231
1.396434
1.407279
1.418404
1.430219
1.440716
1.451451
1.462472
1.473452
1.485275
1.496416
1.513004
1.524137
1.535239
1.546661
1.557628
1.568539
1.580098
1.590999
1.602142
1.613637
1.624451
1.636428
1.647708
1.6582
1.669179
1.680599
1.692077
1.704099
1.715008
1.725859
1.736994
1.748488
1.75937
1.771017
1.781969
1.792379
1.803785
1.815067
1.825724
1.836687
1.848187
1.859204
1.870337
1.881522
1.892662
1.903819
1.915188
1.931666
1.94286
1.954
1.965276
1.976392
1.988654
1.999854
2.011178
2.022767
2.03417
2.045615
2.056544
2.067763
2.078774
2.090352
2.101519
2.112248
2.123282
2.13458
2.145882
2.157752
2.169321
2.180966
2.193289
2.205471
2.216733
2.227618
2.239033
2.249944
2.261141
2.272685
2.283596
2.294623
2.306238
2.317209
2.328526
2.344934
2.356182
2.367131
2.378498
2.390017
2.402076
2.413423
2.424645
2.435571
2.446614
2.457686
2.468977
2.480525
2.491701
2.502764
2.513882
2.524746
2.536249
2.546988
2.563281
2.574099
2.58553
2.596417
2.607741
2.619511
2.630749
2.642935
2.654209
2.666002
2.677148
2.688415
2.699623
2.710553
2.72191
2.732786
2.74379
2.759861
2.771093
2.783115
2.79431
2.805574
2.817503
2.828629
2.839931
2.851486
2.862624
2.874278
2.886818
2.898185
2.909245
2.920497
2.932038
2.942991
2.954249
2.966033
2.977369
2.989457
3.000454
3.011456
3.02314
3.034339
3.045195
3.056614
3.067672
3.078148
3.089468
3.100891
3.111944
3.123186
3.134573
3.145333
3.156639
3.167945
3.184466
3.195363
3.206319
3.217632
3.228748
3.240252
3.252505
3.263596
3.274723
3.286018
3.297804
3.30942
3.320481
3.332118
3.343794
3.35589
3.36712
3.378501
3.389719
3.400706
3.411893
3.423282
3.435375
3.446516
3.457795
3.468981
3.480221
3.49205
3.503252
3.514201
3.52528
3.537226
3.54867
3.559614
3.571557
3.583189
3.599666
3.610729
3.621827
3.633302
3.645408
3.657417
3.668572
3.679854
3.691181
3.702249
3.713933
3.725194
3.736399
3.747231
3.758328
3.769759
3.780856
3.791841
3.803156
3.814433
3.825308
3.836535
3.847596
3.858738
3.869909
3.881379
3.892177
3.903594
3.915303
3.9262
3.93775
3.949487
3.960533
3.971692
3.983206
3.994722
4.00604
4.023028
4.034854
4.046558
4.057711
4.069319
4.081359
4.092963
4.104738
4.11601
4.127744
4.138967
4.150944
4.161963
4.173755
4.185524
4.196637
4.207847
4.219481
4.2304
4.242534
4.254261
4.265522
4.277353
4.288758
4.300102
4.311085
4.323253
4.33449
4.346388
4.358324
4.369346
4.381142
4.393615
4.405821
4.417153
4.428834
4.444896
4.456309
4.467543
4.479313
4.490815
4.502717
4.514161
4.525445
4.537898
4.549933
4.569174
4.58075
4.592008
4.603416
4.615124
4.626306
4.637899
4.649784
4.661235
4.672495
4.684711
4.696827
4.708842
4.720819
4.732854
4.744335
4.755832
4.768187
4.779418
4.79114
4.80298
4.815295
4.827127
4.83912
4.850839
4.862005
4.878403
4.889936
4.901542
4.912771
4.924738
4.93615
4.947899
4.959207
4.97147
4.983209
4.994685
5.006141
5.017723
5.028852
5.040032
5.052616
5.065345
5.076825
5.08954
5.100941
5.112004
5.123625
5.135452
5.147364
5.158958
5.170343
5.181719
5.19305
5.204145
5.216206
5.227259
5.238565
5.25027
5.261206
5.272928
5.284563
5.295783
5.311668
5.323064
5.334352
5.345386
5.35704
5.368632
5.381757
5.393307
5.404886
5.416429
5.427855
5.439268
5.450834
5.463053
5.475088
5.487474
5.49945
5.51176
5.523287
5.534667
5.545849
5.556982
5.5691
5.580608
5.59182
5.603457
5.615146
5.626541
5.638011
5.649868
5.661056
5.673128
5.685065
5.697248
5.708266
5.719843
5.735682
5.747705
5.758873
5.770329
5.781537
5.792798
5.804372
5.815832
5.82702
5.838533
5.850022
5.861277
5.872976
5.884601
5.89573
5.907897
5.919377
5.931889
5.943159
5.954473
5.966488
5.977946
6.003931
6.015311
6.026444
6.037936
6.049505
6.060635
6.072614
6.084449
6.096031
6.108669
6.119977
6.131286
6.14328
6.154838
6.171317
6.182585
6.193697
6.204779
6.216601
6.227279
6.23844
6.250443
6.261429
6.272628
6.284542
6.295563
6.307097
6.318962
6.330534
6.341977
6.353367
6.364894
6.376762
6.388723
6.400771
6.412022
6.423291
6.434627
6.445621
6.457164
6.468522
6.480477
6.49209
6.503538
6.514806
6.526966
6.538953
6.550695
6.562084
6.573561
6.585203
6.601497
6.613488
6.625173
6.636801
6.648753
6.65986
6.671365
6.683066
6.695466
6.706728
6.718302
6.729723
6.740976
6.752418
6.764256
6.77596
6.787423
6.799313
6.810261
6.821707
6.83376
6.845139
6.857033
6.868501
6.879687
6.890997
6.902817
6.914286
6.925439
6.937119
6.948643
TARGET DESTROYED 
6.96811
6.979847
6.991243
7.016483
7.028473
7.039818
7.052413
7.064595
7.075851
7.087403
7.098924
7.109937
7.12143
7.133443
7.145081
7.15661
7.168125
7.179035
7.190254
7.202004
7.213397
7.224734
7.236088
7.247343
7.258842
7.270221
7.28187
7.293422
7.305606
7.31722
7.328273
7.340129
7.351877
7.363348
7.37438
7.386801
7.39873
7.410476
7.421606
7.437831
7.448898
7.460299
7.472297
7.484398
7.495758
7.507313
7.518648
7.530171
7.541545
7.553929
7.565651
7.578051
7.589355
7.601261
7.612507
7.623672
7.634737
7.645638
7.657267
7.66873
7.680258
7.69155
7.70302
7.714515
7.725833
7.737298
7.748468
7.759837
7.771689
7.783334
7.794565
7.805738
7.817379
7.82839
7.839393
7.855929
7.867383
7.879718
7.890804
7.902365
7.914696
7.926054
7.937394
7.94894
7.96098
7.97298
7.984694
7.995873
8.007682
8.019217
8.030592
8.042229
8.054509
8.065842
8.077153
8.088329
8.099889
8.110935
8.122174
8.133446
8.144287
8.155638
8.167468
8.178429
8.189748
8.201663
8.212593
8.223986
8.23551
8.247438
8.259303
8.270637
8.287074
8.299267
8.310416
8.321651
8.333124
8.344724
8.356056
8.368137
8.379689
8.39187
8.403215
8.414648
8.42695
8.438252
8.449611
8.461221
8.473081
8.484755
8.495919
8.507568
8.518828
8.529794
8.541118
TARGET DESTROYED 
8.557548
8.57634
8.588781
8.600318
8.611348
8.622665
8.634509
8.645617
8.657499
8.669031
8.680755
8.692272
8.708527
8.719663
8.731281
8.74242
8.754535
8.765981
8.777431
8.788571
8.799965
8.810751
8.821955
8.83364
8.844769
8.856196
8.867936
8.878867
8.889977
8.901719
8.913497
8.92497
8.936322
8.948108
8.959752
8.97164
8.983567
8.994653
9.007153
9.019146
9.030615
9.041699
9.053176
9.064449
9.075471
9.086552
9.099165
9.110037
9.126218
9.137407
9.14906
9.160121
9.171686
9.182854
9.194289
9.205627
9.217522
9.22864
9.239933
9.251275
9.262859
9.274018
9.28534
9.296355
9.308264
9.32054
9.332071
9.343304
9.354589
9.365763
9.376483
9.38799
9.399406
9.410485
9.421874
9.432822
9.443779
9.455143
9.466756
9.478135
9.490505
9.502484
9.514188
9.525684
9.542652
9.555068
9.566523
9.577475
9.588665
9.600348
9.611115
9.622188
9.63334
9.645343
9.657513
9.668653
9.67991
9.692017
9.703479
9.714738
9.726548
9.73797
9.749674
9.760966
9.772972
9.784806
9.796077
9.807824
9.819631
9.831023
9.842655
9.854365
9.865865
9.877275
9.888444
9.899755
9.910829
9.922258
9.933986
9.946421
9.95748
9.973776
9.985051
9.9963
10.00893
10.02101
10.03257
10.04371
10.05585
10.06714
10.07831
10.09022
10.10332
10.1149
10.12592
10.13714
10.14865
10.15945
10.17069
10.18216
10.19326
10.20442
10.21653
10.22783
10.239
10.25075
10.26263
10.2738
10.28552
10.2968
10.30793
10.31952
10.33127
10.34297
10.3546
10.3658
10.37665
10.3935
10.40492
10.41704
10.42814
10.43911
10.45074
10.46198
10.47341
10.48553
10.49694
10.50797
10.51907
10.53012
10.54119
TARGET DESTROYED 
10.55694
10.56901
10.5869
10.59999
10.61093
10.62304
10.63495
10.64638
10.65774
10.66917
10.68037
10.69165
10.70311
10.71477
10.72709
10.73923
10.7508
10.7621
10.77382
10.78511
10.79612
10.81212
10.8244
10.83566
10.84734
10.85872
10.87
10.88142
10.89256
10.90376
10.91553
10.92657
10.94491
10.95625
10.96746
10.97865
10.99024
11.00155
11.01303
11.02449
11.03612
11.04769
11.05871
11.06993
11.08143
11.09269
11.10439
11.11612
11.12707
11.13844
11.14956
11.16078
11.17216
11.18356
11.19465
11.206
11.21736
11.23319
11.24434
11.25553
11.26744
11.2787
11.2899
11.30224
11.31347
11.3248
11.33621
11.34781
11.35877
11.36992
11.38174
11.39328
11.40475
11.41643
11.42751
11.43948
11.45089
11.46229
11.47381
11.48573
11.49691
11.50865
11.51974
11.53259
11.54375
11.55495
11.56601
11.57695
11.58829
11.59981
11.61071
11.62197
11.63319
11.64463
11.66144
11.67332
11.68469
11.6957
11.70689
11.71855
11.72985
11.74083
11.75209
11.76369
11.77499
11.78629
11.79776
11.80982
11.82164
11.83328
11.84505
11.85641
11.86763
11.87837
11.88947
11.90078
11.91236
11.92331
11.93499
11.94552
11.95677
11.96821
11.97956
11.99053
12.00249
12.01403
12.02567
12.03745
12.04917
12.06004
12.07642
12.08795
12.0995
12.11042
12.1215
12.13333
12.14429
12.15589
12.16762
12.18033
12.19199
12.20333
12.21449
12.2254
12.23728
12.24845
12.25955
12.27121
12.28269
12.29389
12.30498
12.31622
12.32714
12.33888
12.35035
12.36157
12.37266
12.38487
12.3965
12.40762
12.41919
12.43056
12.44239
12.45381
12.46584
12.47692
12.49421
12.50518
12.51618
12.52699
12.53805
12.54945
12.56017
12.57172
12.58303
12.59401
12.60564
TARGET DESTROYED 
12.6213
12.63378
12.64463
12.65588
12.66853
12.67974
12.69109
12.70251
12.71385
12.72521
12.73678
12.74845
12.76121
12.77868
12.79111
12.80278
12.81436
12.82527
12.83636
12.84779
12.8587
12.87036
12.88151
12.89266
12.90393
12.91991
12.93117
12.94205
12.95317
12.9644
12.9759
12.98703
12.99821
13.00915
13.02068
13.03198
13.04278
13.05362
13.06488
13.07621
13.08744
13.09949
13.11071
13.12178
13.13349
13.14464
13.15606
13.16723
13.17803
13.18932
13.20047
13.21109
13.22225
13.23419
13.24523
13.25658
13.26829
13.28158
13.29312
13.30433
13.31583
13.33159
13.34287
13.35421
13.36525
13.37591
13.38794
13.39929
13.41032
13.4215
13.43271
13.44354
13.455
13.46601
13.47699
13.48905
13.50006
13.51061
13.52212
13.533
13.54429
13.55534
13.56931
13.58066
13.59208
13.60307
13.61409
13.6251
13.63622
13.64753
13.65856
13.66992
13.68181
13.69351
13.70501
13.71679
13.72778
13.73899
13.75482
13.76606
13.77744
13.78873
13.79989
13.81088
13.82206
13.83329
13.84432
13.85597
13.86751
13.87827
13.88933
13.90142
13.91216
13.92322
13.93434
13.94518
13.95616
13.96737
13.97864
13.99024
14.00153
14.01263
14.02436
14.03587
14.04733
14.0586
14.06965
14.08077
14.09152
14.10333
14.11467
14.12611
14.1375
14.14884
14.1655
14.17686
14.18801
14.19929
14.2105
14.22207
14.23378
14.24533
14.25759
14.26903
14.28026
14.29111
14.30233
14.31371
14.32525
14.33698
14.3489
14.35959
14.37072
14.38351
14.395
14.40617
14.41743
14.42906
14.44035
14.45145
14.46277
14.47425
14.48616
14.49747
14.50851
14.52072
14.53243
14.54348
14.55569
14.56731
14.57811
14.59369
14.60482
14.61589
14.62759
14.63891
14.65025
14.66135
14.67312
14.68495
14.69652
14.70802
14.71985
14.73186
14.74337
14.75585
14.76878
14.78836
14.80568
14.8225
14.83695
14.84929
14.86131
14.87315
14.88499
14.89657
14.90857
14.92047
14.93356
14.94543
14.95784
14.97001
14.98231
14.99394
15.00593
15.01818
15.03017
15.04235
15.0598
15.07197
15.08432
15.09651
15.10828
15.11972
15.13246
15.14428
15.15671
15.17009
15.18241
15.19437
15.20662
15.2185
15.23025
15.24179
15.2534
15.2665
15.2786
15.29056
15.30239
15.31433
15.32595
15.33808
15.35079
15.36293
15.37462
15.38657
15.39901
15.41087
15.42339
15.43573
15.44845
15.46088
15.47355
15.48715
15.50009
15.51833
15.53141
15.54466
15.5582
15.57126
15.58441
15.59805
15.61064
15.62356
15.63642
15.64935
15.66219
15.67517
TARGET DESTROYED 
15.69513
15.70827
15.72134
15.73643
15.75729
15.77351
15.78817
15.80286
15.8145
15.82607
15.83766
15.8495
15.86051
15.87172
15.88346
15.89493
15.90618
15.9181
15.9299
15.94219
15.95377
15.96552
15.98229
15.99336
16.00496
16.01651
16.02838
16.04444
16.05624
16.06803
16.07941
16.09053
16.10195
16.11404
16.12688
16.13951
16.15256
16.16563
16.17891
16.19182
16.20431
16.21715
16.22965
16.24242
16.2554
16.26806
16.28161
16.29399
16.3065
16.31919
16.33217
16.3451
16.35784
16.37045
16.38506
16.39841
16.41137
16.42422
16.44188
16.45457
16.46737
16.48023
16.49294
16.50579
16.51872
16.53212
16.54498
16.558
16.5706
16.5836
16.59694
16.60946
16.62232
16.6352
16.64785
16.66056
16.67322
16.68669
16.70031
16.71348
16.72689
16.74004
16.75329
16.76688
16.77936
16.792
16.8043
16.81636
16.82797
16.84001
16.85202
16.86412
16.87623
16.88868
16.90076
16.91802
16.93009
16.94177
16.95366
16.96598
16.97816
16.99009
17.00331
17.01526
17.028
17.04019
17.05147
17.06277
17.07432
17.08587
17.09833
17.10943
17.12141
17.134
17.15391
17.16689
17.17878
17.19099
17.2038
17.21629
17.22879
17.24091
17.25298
17.26511
17.27836
17.29073
17.30283
17.31549
17.32754
17.33994
17.35224
17.36443
17.38272
17.39993
17.41724
17.43394
17.45092
17.46807
17.48582
17.504
17.52253
17.53992
17.55657
17.57356
17.59003
17.60694
17.62461
17.64115
17.65791
17.67487
17.69159
17.70963
17.72679
17.74359
17.7611
17.77775
17.7947
17.81137
17.82889
17.8457
17.86255
17.88065
17.89746
17.91439
17.93227
17.95016
17.96697
17.98446
18.00626
18.02343
18.04076
18.05765
18.07436
18.09166
18.1087
18.1249
18.14158
18.15793
18.17504
18.19156
18.20817
18.22489
18.23837
18.25171
18.26521
18.28211
18.29458
18.30644
18.31865
18.33043
18.34187
18.35361
18.36662
18.37999
18.39385
18.40659
18.41902
18.43213
18.44547
18.45864
18.4715
18.48444
18.49715
18.51016
18.52313
18.541
18.55465
18.5683
18.58101
18.59367
18.60645
18.61987
18.63308
18.6461
18.65874
18.67155
18.68477
18.69813
18.71164
18.72479
18.73725
18.75003
TARGET DESTROYED 
18.76922
18.78232
18.79529
18.8084
18.82131
18.83441
18.84894
18.86181
18.87521
18.8942
18.90828
18.92068
18.93412
18.94765
18.9608
18.97344
18.98621
18.9987
19.01099
19.02826
19.04046
19.05299
19.06483
19.07641
19.08836
19.10088
19.11276
19.12478
19.13676
19.14859
19.16002
19.17176
19.18408
19.1957
19.20721
19.21893
19.23126
19.24339
19.25621
19.27845
19.30039
19.32161
19.3435
19.36493
19.38636
19.40925
19.43217
19.45262
19.47418
19.49552
19.51724
19.54176
19.56604
19.5868
19.60708
19.6277
19.6543
19.67639
19.6963
19.71649
19.73713
19.75822
19.77854
19.80301
19.82614
19.84278
19.86513
19.88731
19.90963
19.93232
19.95432
19.97684
19.99916
20.02139
20.04365
20.06626
20.08837
20.11069
20.13335
20.14534
20.15722
20.16926
20.18114
20.19321
20.20557
20.21766
20.22989
20.2422
20.25432
20.26696
20.27887
20.29149
20.30359
20.31613
20.33297
20.34548
20.35774
20.36998
20.3839
20.39556
20.4076
20.41945
20.43162
20.44399
20.45646
20.46885
20.48183
20.49388
20.5063
20.51834
20.53102
20.54342
20.55613
20.5687
20.5808
20.59308
20.60521
20.61734
20.6294
20.64212
20.65444
20.66706
20.67928
20.69208
20.70409
20.71712
20.72986
20.74238
20.75561
20.76882
20.78138
20.79345
20.812
20.82441
20.83688
20.84972
20.86193
20.87458
20.88728
20.9007
20.91423
20.92634
20.9381
20.95024
20.96213
20.9745
20.98776
21.00176
21.01582
21.02886
21.04248
21.05525
21.06897
21.08185
21.09496
21.108
21.12046
21.13368
21.14668
21.15905
21.17141
21.1842
21.19515
21.20623
21.21784
21.22903
21.24032
21.25144
21.26265
21.27884
21.29081
21.30271
21.31499
21.32607
21.33756
21.34902
TARGET DESTROYED 
21.37516
21.38775
21.40856
21.42081
21.43248
21.44376
21.45548
21.46721
21.47833
21.49028
21.5019
21.51403
21.52556
21.53687
21.5487
21.56005
21.57321
21.58577
21.59786
21.60991
21.62169
21.63416
21.64583
21.65786
21.67012
21.68275
21.69551
21.71277
21.72656
21.73957
21.75156
21.76405
21.776
21.78848
21.80051
21.81235
21.82477
21.83676
21.84899
21.86072
21.87332
21.88577
21.89858
21.91058
21.92269
21.93493
21.94782
21.95996
21.97313
21.98524
21.99726
22.00932
22.02179
22.03432
22.0468
22.05942
22.07189
22.08432
22.09743
22.10938
22.12152
22.13376
22.14554
22.15764
22.16989
22.18733
22.19948
22.21124
22.22363
22.23582
22.24784
22.25958
22.27171
22.28419
22.29645
22.30882
22.32106
22.33389
22.35986
22.3727
22.38582
22.39836
22.41092
22.42328
22.43527
22.44728
22.45963
22.47193
22.48422
22.49638
22.50846
22.52063
22.53369
22.54552
22.55763
22.56989
22.5826
22.59509
22.60869
22.62119
22.63355
22.64537
22.65773
22.67547
22.68751
22.70007
22.71265
22.72527
22.73966
22.7653
22.77769
22.79014
22.8025
22.81499
22.82715
22.83915
22.85151
22.86383
22.87669
22.88936
22.90194
22.91497
22.92764
22.94003
22.95224
22.96567
22.97807
22.99101
23.00337
23.01563
23.02738
23.04028
23.05299
23.06565
23.07798
23.09064
23.10345
23.11553
23.12761
23.14026
23.1526
23.16931
23.18222
23.19482
23.21441
23.22748
23.23943
23.25239
23.26473
23.27695
23.28925
23.30269
23.31515
23.32745
23.3396
23.35484
