0.02
0.04
0.14
0.1821338
0.1960877
0.2062074
0.216186
0.2266322
0.236913
0.2467109
0.2580692
0.2696438
0.280465
0.2916504
0.3028416
0.3136728
0.324881
0.3362862
0.3472858
0.358545
0.3701362
0.3807365
0.3921628
0.4058979
0.4171029
0.4269255
0.4376734
0.4480574
0.4591132
0.4703018
0.4813717
0.497407
0.5072566
0.5174818
0.5271652
0.5369548
0.5485839
0.5609498
0.5723046
0.5819572
0.5931789
0.604404
0.6155006
0.6264771
0.637693
0.6491556
0.660076
0.6710721
0.6828631
0.6934518
0.7048445
0.7159795
0.7269744
0.7382579
0.7498707
0.7607641
0.7717009
0.7830695
0.7940595
0.8053396
0.8165471
0.8276327
0.838967
0.8504469
0.8611633
0.8723441
0.8835869
0.8972842
0.9092909
0.9205503
0.9312959
0.9426321
0.9539904
0.9657907
0.9767163
0.9880884
1.000052
1.010887
1.022308
1.03358
1.050591
1.062344
1.072653
1.084829
1.095754
1.106899
1.118285
1.129394
1.140541
1.151837
1.162765
1.173842
1.185249
1.196218
1.20914
1.219445
1.230044
1.240966
1.25224
1.263693
1.274577
1.285745
1.296847
1.308024
1.319428
1.330204
1.341537
1.352682
1.363913
1.374933
1.386412
1.397388
1.408566
1.419829
1.431314
1.442578
1.453844
1.465477
1.476794
1.488217
1.499975
1.51085
1.522376
1.533886
1.546127
1.556761
1.568064
1.583026
1.592795
1.602854
1.612908
1.624102
1.635074
1.650247
1.659844
1.670155
1.679579
1.698647
1.709831
1.721046
1.732631
1.743405
1.755101
1.766024
1.776928
1.788297
1.799581
1.810561
1.821587
1.833049
1.843962
1.855369
1.866616
1.878266
1.889153
1.900214
1.91166
1.922618
1.933333
1.944479
1.95556
1.96679
1.97797
1.98942
2.000434
2.011889
2.022917
2.034085
2.044959
2.056434
2.067653
2.078732
2.091759
2.10425
2.114798
2.12638
2.138101
2.150119
2.162137
2.173784
2.185302
2.195319
2.205811
2.217171
2.227571
2.237567
2.247879
2.262464
2.273739
2.28522
2.296114
2.312793
2.323913
2.335686
2.346629
2.358185
2.369158
2.380216
2.39113
2.402519
2.414118
2.424917
2.436236
2.447198
2.458273
2.469781
2.480664
2.491949
2.503101
2.514261
2.525339
2.536894
2.547769
2.559081
2.569999
2.581212
2.592375
2.603527
2.614965
2.626136
2.637169
2.64828
2.659417
2.670614
2.681713
2.692982
2.704648
2.715377
2.726488
2.737643
2.748989
2.760065
2.771304
2.783075
2.794378
2.805722
2.817474
2.82858
2.840192
2.851654
2.862973
2.874582
2.886005
2.897448
2.909027
2.920535
2.931856
2.943449
2.954792
2.966614
2.977271
2.988213
3.004689
3.016145
3.027496
3.039078
3.050596
3.061635
3.072724
3.08405
3.095481
3.106647
3.117764
3.128656
3.140077
3.151513
3.162635
3.173396
3.184741
3.195926
3.207415
3.217925
3.229192
3.24049
3.251773
3.262882
3.274436
3.285118
3.296211
3.307467
3.318585
3.329924
3.340837
3.352006
3.362956
3.374831
3.385355
3.396678
3.408146
3.419465
3.430803
3.441908
3.453032
3.463727
3.475374
3.486185
3.497183
3.508769
3.520261
3.533075
3.543234
3.554775
3.566728
3.579978
3.590846
3.601667
3.612447
3.624178
3.635336
3.646319
3.65791
3.669563
3.680445
3.69681
3.708503
3.720563
3.731716
3.74314
3.753973
3.765406
3.776401
3.787579
3.798858
3.809915
3.821271
3.832382
3.847099
3.857498
3.868166
3.878761
3.889364
3.900368
3.911176
3.921996
3.933122
3.94747
3.959614
3.971616
3.982991
3.994379
4.00627
4.017973
4.0304
4.041946
4.053358
4.064045
4.074948
4.086171
4.097486
4.108731
4.120061
4.130897
4.141804
4.15351
4.164535
4.175894
4.187845
4.198979
4.210542
4.222686
4.234343
4.245785
4.256937
4.268754
4.280514
4.291787
4.303703
4.31511
4.326658
4.338164
4.350002
4.361791
4.373411
4.384851
4.40184
4.413507
4.424729
4.436571
4.447775
4.459221
4.470998
4.482667
4.494114
4.505706
4.517282
4.529154
4.540245
4.552272
4.563906
4.575351
4.587115
4.598487
4.609518
4.621076
4.63239
4.64359
4.655486
4.667241
4.678774
4.6903
4.701672
4.713643
4.725965
4.737742
4.749055
4.760229
4.772106
4.783408
4.795512
4.807189
4.818439
4.829935
4.841582
4.853236
4.864558
4.87602
4.887618
4.899073
4.911565
4.923988
4.935417
4.946762
4.959254
4.971766
4.983419
4.995101
5.006042
5.017678
5.029883
5.041308
5.053134
5.064928
5.076569
5.088579
5.103487
5.115677
5.128399
5.140205
5.151385
5.162507
5.174031
5.185865
5.197613
5.209397
5.222951
5.235365
5.246925
5.259068
5.271463
5.282941
5.295284
5.306991
5.318915
5.330637
5.342888
5.354055
5.364867
5.376179
5.387463
5.398758
5.409679
5.421516
5.432539
5.448551
5.461088
5.473106
5.485725
5.496955
5.50783
5.519403
5.529986
5.541267
5.552545
5.563581
5.575088
5.58642
5.602129
5.614001
5.626999
5.638996
5.651136
5.662559
5.67413
5.68652
5.697927
5.709271
5.720511
5.731881
5.742732
5.753759
5.7646
5.775878
5.787453
5.798366
5.814113
5.825834
5.837391
5.848445
5.860271
5.871908
5.88349
5.895212
5.906301
5.918028
5.929097
5.940429
5.951387
5.962593
5.973998
5.985607
5.996703
6.008095
6.020249
6.031596
6.044584
6.056308
6.067139
6.079133
6.090199
6.101381
6.112492
6.123456
6.134834
6.146389
6.158325
6.170846
6.18196
6.193347
6.206133
6.218148
6.229116
6.240314
6.252117
6.263456
6.27474
6.286346
6.297556
6.309064
6.320731
6.331838
6.343143
6.355073
6.366339
6.377882
6.390276
6.401505
6.412603
6.424132
6.435265
6.447812
6.45972
6.471014
6.48194
6.493314
6.510356
6.522249
6.534136
6.546835
6.557664
6.569791
6.580743
6.591651
6.603061
6.614046
6.625767
6.63717
6.647788
6.659135
6.670693
6.681629
6.692461
6.703819
6.715081
6.726253
6.738274
6.749604
6.761111
6.772769
6.783619
6.795128
6.806563
6.818253
6.829436
6.841374
6.853303
6.864023
6.875327
6.886799
6.898016
6.909997
6.922279
6.933671
6.944739
6.955983
6.966814
6.977157
6.988154
6.999336
7.010222
7.021786
7.033175
7.048223
7.060224
7.072071
7.084219
7.096362
7.1076
7.119229
7.130378
7.1419
7.153733
7.165568
7.176916
7.188393
7.206093
7.217907
7.229301
7.240668
7.252662
7.263615
7.275075
7.287293
7.298403
7.310165
7.321635
7.333874
7.345936
7.357615
7.369291
7.380012
7.391767
7.404103
7.415675
7.427432
7.439325
7.451926
7.464104
7.475284
7.486951
7.498009
7.509085
7.520084
7.531649
7.543005
7.553753
7.56426
7.574816
7.585645
7.60104
7.612675
7.62394
7.635521
7.647208
7.658606
7.669889
7.680832
7.691915
7.703648
7.714549
7.725638
7.737143
7.748206
7.759537
7.771276
7.782631
7.793883
7.805279
7.81685
7.828055
7.839626
7.851039
7.862235
7.873302
7.884762
7.896092
7.913091
7.924806
7.936649
7.947724
7.958829
7.970786
7.981868
7.993386
8.004789
8.015612
8.027678
8.038775
8.049948
8.0615
8.072693
8.083678
8.095343
8.106268
8.117393
8.128654
8.139846
8.150675
8.161799
8.173156
8.184591
8.195987
8.207372
8.218904
8.229847
8.241013
8.253271
8.26412
8.275133
8.286612
8.298116
8.309608
8.321224
8.334062
8.34541
8.356251
8.3674
8.378484
8.390589
8.402216
8.413073
8.424396
8.435683
8.446319
8.458115
8.470678
8.481441
8.492459
8.503988
8.514644
8.525703
8.536903
8.547188
8.558126
8.569235
8.579563
8.590776
8.601832
8.613012
8.624108
8.643963
8.655764
8.666939
8.6781
8.689944
8.70249
8.713813
8.725152
8.736361
8.746854
8.758385
8.769787
8.780789
8.791668
8.803341
8.813921
8.825165
8.837361
8.848322
8.859046
8.870373
8.881209
8.893298
8.904609
8.916534
8.92796
8.939408
8.950464
8.961378
8.972534
8.98421
8.995383
9.006801
9.017591
9.029147
9.040248
9.05139
9.062384
9.073829
9.084959
9.096372
9.107465
9.118749
9.129343
9.142002
9.153132
9.163898
9.174847
9.18656
9.197571
9.208904
9.220854
9.232017
9.242811
9.254305
9.265227
9.276917
9.292936
9.304636
9.329465
9.341075
9.352542
9.363126
9.374551
9.38588
9.396749
9.409009
9.420675
9.431361
9.442456
9.453715
9.465406
9.477637
9.489216
9.500741
9.511724
9.522706
9.533892
9.544339
9.55474
9.565295
9.575979
9.586352
9.601199
9.612774
9.625031
9.637146
9.649651
9.662326
9.674463
9.686085
9.697041
9.70839
9.720471
9.73203
9.743642
9.755052
9.766555
9.77844
9.790009
9.802286
9.814567
9.82585
9.837603
9.84903
9.860271
9.871766
9.883063
9.894645
9.906061
9.918295
9.92979
9.942273
9.953977
9.965218
9.976657
9.993421
10.0054
10.0169
10.02861
10.03984
10.05122
10.06274
10.07421
10.08606
10.09743
10.10976
10.1217
10.1334
10.14457
10.15652
10.16784
10.17911
10.19058
10.20446
10.21736
10.22868
10.24072
10.25318
10.26379
10.2754
10.28621
10.29724
10.30863
10.32007
10.33054
10.34168
10.35258
10.36324
10.37443
10.3855
10.39657
10.40787
10.41887
10.42952
10.44051
10.45186
10.46267
10.47402
10.48728
10.49811
10.50928
10.52028
10.53205
10.54338
10.555
10.56648
10.57894
10.61751
10.63215
10.64437
10.65567
10.66661
10.67708
10.68809
10.70274
10.71448
10.72555
10.7377
10.74945
10.76078
10.77221
10.78393
10.7955
10.80664
10.81802
10.82966
10.84582
10.85834
10.86984
10.88054
10.89151
10.90285
10.91431
10.92579
10.93702
10.94756
10.95862
10.9707
10.98144
10.99271
11.00472
11.01554
11.0272
11.03838
11.04945
11.06092
11.07181
11.08355
11.09483
11.10584
11.11684
11.12828
11.13952
11.15113
11.16225
11.17342
11.18502
11.19611
11.20714
11.21921
TARGET DESTROYED 
11.23003
11.25039
11.27132
11.28418
11.29542
11.30685
11.31804
11.32936
11.34067
11.35214
11.36312
11.3743
11.38581
11.39676
11.40878
11.42
11.43108
11.44198
11.45362
11.46472
11.47685
11.49044
11.50168
11.51205
11.52793
11.53976
11.55088
11.56202
11.57308
11.58431
11.59522
11.60985
11.62077
11.63142
11.64211
11.65269
11.66313
11.67374
11.68489
11.69585
11.71076
11.72198
11.73243
11.74338
11.75425
11.76463
11.77534
11.78599
11.79609
11.80749
11.81879
11.82985
11.84098
11.85226
11.86345
11.87543
11.88697
11.89764
11.9084
11.91974
11.93039
11.94163
11.9526
11.96383
11.9752
11.98657
11.99727
12.00991
12.02134
12.03212
12.04328
12.05476
12.06646
12.07791
12.08935
12.10094
12.11226
12.1237
12.13542
12.14654
12.15837
12.17084
12.18086
12.1921
12.20792
12.22106
12.23178
12.24301
12.25436
12.26577
12.27698
12.28835
12.29961
12.31003
12.32131
12.33267
12.3446
12.35584
12.36631
12.37719
12.38874
12.40051
12.41127
12.42224
12.43325
12.44421
TARGET DESTROYED 
12.45605
12.47121
12.48278
12.49414
12.50614
12.52358
12.53636
12.5466
12.55719
12.56807
12.57836
12.58967
12.60078
12.61164
12.62397
12.63467
12.64514
12.65703
12.66799
12.679
12.69041
12.70115
12.7123
12.72347
12.73486
12.74559
12.7569
12.76816
12.77934
12.79066
12.80181
12.81289
12.82409
12.83521
12.84645
12.85762
12.87351
12.88507
12.89592
12.9072
12.91874
12.9294
12.94047
12.95208
12.96294
12.97397
12.9859
12.99678
13.00771
13.01931
13.03008
13.04124
13.05273
13.06316
13.07393
13.08541
13.09578
13.10685
13.11865
13.1291
13.13999
13.15125
13.16191
13.1733
13.18436
13.19498
13.20592
13.21711
13.22826
13.23886
13.25004
13.26106
13.27264
13.28368
13.29559
13.30637
13.31785
13.32849
13.33929
13.35069
13.36163
13.37306
13.3843
13.39528
13.40652
13.41784
13.42941
13.4406
13.45232
13.46364
13.47583
13.48758
13.49844
13.51041
13.52112
13.53175
13.54297
13.55414
13.5656
13.57701
13.58854
13.60858
13.61926
13.62999
13.64083
13.6515
13.66183
13.673
13.68419
13.6952
13.71012
13.72223
13.7336
13.74515
13.75626
13.76782
13.77933
13.79123
13.80394
13.81548
13.82701
13.839
13.84996
13.86171
13.87402
13.88549
13.89682
13.90849
13.9198
13.93041
13.94139
13.95334
13.96436
13.97535
13.98697
13.99765
14.00847
14.02025
14.03102
14.0419
14.0535
14.0643
14.07518
14.08653
14.09735
TARGET DESTROYED 
14.10876
14.12566
14.13742
14.14849
14.16032
14.17152
14.18278
14.19413
14.20581
14.22479
14.23786
14.25392
14.26512
14.27645
14.28737
14.29867
14.31006
14.32169
14.33312
14.34482
14.35632
14.36714
14.37848
14.38916
14.40105
14.41432
14.42751
14.44069
14.45336
14.46566
14.47781
14.489
14.49999
14.51148
14.52264
14.53346
14.54495
14.5557
14.56676
14.57867
14.58966
14.60092
14.61142
14.62257
14.63365
14.64462
14.65587
14.66726
14.67837
14.6897
14.70079
14.71215
14.7231
14.73477
14.74516
14.75659
14.76773
14.77894
14.79014
14.80206
14.81321
14.82416
14.83515
14.84572
14.85702
14.86812
14.87938
14.89045
14.90171
14.91285
14.924
14.94022
14.95196
14.9623
14.97312
14.98527
14.9958
15.00617
15.01753
15.02887
15.03936
15.0497
15.06124
15.07207
15.08275
15.09422
15.10573
15.11675
15.12744
15.13842
15.1495
15.16046
15.17096
15.18209
15.19345
15.2045
15.21593
15.22792
15.23912
15.25042
15.26066
15.27158
15.28259
15.29384
15.30523
15.31666
15.32758
15.33918
15.35061
15.36173
15.37319
15.38489
15.3957
15.40747
15.41887
15.42982
15.44149
15.45311
15.46405
15.47641
15.48891
15.49993
15.51035
15.52203
15.53269
15.54343
15.55428
15.5658
15.57661
15.58773
15.60313
15.61532
15.63216
15.64377
15.65473
15.66512
15.67651
15.68756
15.69823
15.70961
15.72115
15.73278
15.74418
15.75527
TARGET DESTROYED 
15.76588
15.78273
15.79409
15.80655
15.81782
15.82864
15.84031
15.85129
15.86218
15.87375
15.88472
15.89576
15.90755
15.92629
15.93897
15.94932
15.96035
15.97189
15.98338
15.9944
16.00539
16.01605
16.02797
16.03855
16.04942
16.06047
16.07121
16.08209
16.09312
16.10371
16.11416
16.12476
16.13568
16.14598
16.15728
16.16829
16.17857
16.18964
16.20215
16.21276
16.22347
16.2349
16.24512
16.25551
16.26628
16.27724
16.28777
16.30373
16.31467
16.32573
16.33647
16.34698
16.35791
16.36919
16.37985
16.39085
16.40212
16.41278
16.42408
16.43477
16.4457
16.45659
16.4684
16.47863
16.49052
16.50154
16.51185
16.52297
16.53592
16.54621
16.55691
16.56838
16.57879
16.58965
16.60166
16.61242
16.62301
16.63389
16.645
16.65625
16.66749
16.67911
16.69033
16.70184
16.71292
16.72421
16.73589
16.74691
16.75848
16.76968
16.78115
16.79254
16.80444
16.81541
16.82669
16.83886
16.85061
16.86122
16.8729
16.88338
16.89391
16.90586
16.91841
16.92899
16.93951
16.95082
16.96225
16.97334
16.98473
17.00078
17.01203
17.02305
17.03435
17.04621
17.0575
17.06891
17.07977
17.09126
17.10286
17.11342
17.12441
17.13565
17.14667
17.15812
17.16996
17.18023
17.1914
17.20258
17.21372
17.22486
17.23639
17.24716
17.25851
17.27003
17.28152
17.29219
17.30301
17.31434
17.32544
17.33696
17.34783
17.35886
17.37016
17.38144
17.3928
17.40387
17.4152
17.42628
17.43722
17.4495
17.46046
17.47128
17.48189
17.49349
17.50479
17.51707
17.52788
17.53975
17.55099
17.56205
17.57439
17.58519
17.59658
17.61086
17.62225
17.63334
17.64369
17.65405
17.6645
17.67571
17.69147
17.70272
17.71286
17.72335
17.73426
17.74416
17.75451
17.76457
17.77592
17.78618
17.79597
17.80709
17.81848
17.82968
17.84069
17.85186
17.86294
17.87396
17.88537
17.89639
17.90788
17.91886
17.93031
17.94169
17.95227
17.96332
17.97471
17.986
17.99698
18.00809
18.01958
18.03033
18.04185
18.053
18.06469
18.07541
18.08687
18.09796
18.10951
18.12062
18.1322
18.14339
18.15539
TARGET DESTROYED 
18.16623
18.18125
18.19281
18.20326
18.21335
18.22428
18.23644
18.24711
18.2641
18.2768
18.28749
18.29737
18.30837
18.31973
18.33068
18.34186
18.35323
18.36834
18.37947
18.39083
18.40218
18.41263
18.42326
18.43386
18.44411
18.45424
18.46473
18.4758
18.48703
18.49837
18.5095
18.52068
18.53183
18.54322
18.55441
18.56561
18.5765
18.58807
18.59891
18.60992
18.62103
18.63277
18.64377
18.65558
18.66594
18.67691
18.68878
18.69973
18.71089
18.72172
18.73303
18.74405
18.75548
18.76722
18.77862
18.79009
18.80163
18.81319
18.82452
18.83607
18.84746
18.85911
18.87071
18.88235
18.89329
18.90567
18.91704
18.92752
18.93905
18.95044
18.96144
18.97243
18.98405
18.99464
19.00597
19.01731
19.02853
19.03966
19.0509
19.06602
19.07707
19.08752
19.09776
19.10939
19.11967
19.12945
19.13999
19.15063
19.16081
19.17146
19.18204
19.19307
19.20378
19.2138
19.22528
19.23613
19.2466
19.25771
19.26907
19.28083
19.29266
19.30284
19.3137
19.32501
19.33645
19.34732
19.35821
19.36957
19.38069
19.39191
19.40307
19.41426
19.4254
19.43653
19.44783
19.45881
19.46996
19.48199
19.49339
19.50461
19.51602
19.52714
19.53892
19.55041
19.56133
19.57314
19.58436
19.59558
19.61061
19.62125
19.63193
19.64262
19.6531
19.66337
19.67447
19.68572
19.69668
19.70807
19.71927
19.73042
19.74142
19.75768
19.76898
19.77913
19.78972
19.80068
19.81121
19.82194
19.83261
19.84325
19.8541
19.86417
19.87539
19.88534
19.89593
19.90733
19.91837
19.92965
19.94055
19.95188
19.96316
19.97419
19.98579
19.99643
20.00759
20.01904
20.02989
20.04144
20.05228
20.0634
20.07463
20.0859
20.09686
20.10837
TARGET DESTROYED 
20.11969
20.13411
20.14489
20.15583
20.16618
20.17624
20.18707
20.19874
20.20997
20.22168
20.23356
20.25163
20.26227
20.27463
20.29183
20.30422
20.31415
20.32537
20.33583
20.34593
20.3567
20.36729
20.37794
20.38889
20.39923
20.40965
20.41973
20.43087
20.44709
20.45844
20.46917
20.47902
20.48979
20.50168
20.51193
20.52254
20.53331
20.5438
20.55383
20.56541
20.5765
20.58826
20.59864
20.60935
20.62072
20.63182
20.64289
20.65471
20.66548
20.67632
20.68774
20.69945
20.71066
20.72196
20.73387
20.74511
20.75614
20.76731
20.77841
20.78968
20.80087
20.81193
20.82323
20.83457
20.84584
20.85731
20.86906
20.88012
20.89136
20.9032
20.9142
20.92559
20.93675
20.94877
20.95967
20.97094
20.98265
20.99358
21.00491
21.01659
21.02755
21.03878
21.05035
21.06147
21.07248
21.08365
21.09461
21.10581
21.11717
21.12804
21.13969
21.15122
21.16149
21.17307
21.18845
21.19943
21.20933
21.2197
21.22917
21.23919
21.24981
21.26005
21.27035
21.28059
21.29175
21.30287
21.31503
21.32539
21.33643
21.34743
21.35881
21.37024
21.38126
21.39212
21.40376
21.41461
21.42574
21.43685
21.4484
21.45937
21.47075
21.48155
21.49272
21.50416
21.5155
21.52666
21.53739
21.54891
21.55986
21.57182
21.58284
21.59419
21.60793
21.61838
21.62808
21.63958
21.65101
21.66221
21.67348
21.68538
21.69638
21.71058
21.72198
21.73273
21.74293
21.75337
21.7641
21.77491
21.78605
21.79727
21.80836
21.81967
21.83071
21.84202
21.85317
21.86428
21.87561
21.88649
21.89773
21.91353
21.92455
21.93496
21.94533
21.95578
21.96637
21.97632
21.9871
21.99772
22.00779
22.01859
22.02957
22.04076
22.05186
22.06351
22.07416
22.0858
22.0965
22.10767
22.12007
22.13009
22.1412
22.15277
22.1634
22.17459
22.18596
22.1968
22.2082
22.21933
22.23137
22.2421
22.2528
22.26406
22.2751
22.28657
22.29761
22.30925
22.32035
22.33193
22.34307
22.3548
22.36598
22.37717
22.38881
22.40124
22.41154
22.42273
22.43557
22.44537
22.45799
22.46899
22.47933
22.4915
22.5029
22.51304
22.52442
22.53548
22.5473
22.55767
22.56909
22.58073
22.59162
22.60247
22.61446
22.63021
22.64111
22.65115
22.66114
22.67191
22.68268
22.69289
22.70369
22.71349
22.72439
22.7353
22.74538
22.75595
22.76648
22.77674
22.7877
22.79892
22.81058
22.82098
22.83237
22.84324
22.85457
22.86582
22.87687
22.88803
22.89954
22.91046
22.92151
22.93292
22.94403
22.95495
22.9669
22.97735
22.98863
23.0002
23.01088
23.02252
23.03356
23.04484
23.0563
23.06778
23.079
23.09064
23.10215
23.11325
23.12464
23.13616
23.14747
23.15895
23.17433
23.18678
23.19693
23.20731
23.21813
23.22825
23.23822
23.24935
23.25989
23.27
23.2804
23.29144
23.30265
23.31398
23.32502
23.33618
23.34734
23.36301
23.37357
23.38395
23.39392
23.40414
23.4146
23.42546
23.43683
23.44774
23.45926
23.47045
23.48148
23.49249
23.50367
23.51511
23.52603
23.53725
23.54887
23.55998
23.57159
23.58294
23.594
23.60792
23.61709
23.62747
23.6388
23.6501
23.66131
23.67238
23.68359
23.69453
23.70837
TARGET DESTROYED 
23.71861
23.74316
23.76357
23.77566
23.78633
23.79619
23.80685
23.81696
23.82706
23.83764
23.84882
23.85979
23.8709
23.88217
23.89334
23.90442
23.9159
23.92673
23.93891
23.94937
23.9602
23.97153
23.98319
23.99371
24.00496
24.01646
24.03233
24.04344
24.05384
24.06371
24.07375
24.08404
24.09426
24.106
24.1168
24.12774
24.13906
24.15038
24.16139
24.17271
24.18394
24.19501
24.20622
24.21732
24.22855
24.23976
24.25098
24.26182
24.2733
24.28432
24.29536
24.30672
24.31794
24.3288
24.3401
24.3518
24.36249
24.37379
24.3859
24.39828
24.40946
24.42107
24.43233
24.44339
24.45522
24.46633
24.47747
24.48906
24.50061
24.51215
24.52284
24.5344
24.54545
24.55672
24.56829
24.57998
24.59101
24.60277
24.61301
24.6255
24.63552
24.64677
24.65775
24.66937
24.68024
24.69127
24.70259
24.71367
24.72489
24.73626
24.74705
24.76247
24.77256
24.78312
24.79317
24.80334
24.81339
24.82424
24.83428
24.84507
24.85612
24.86739
24.87836
24.88962
24.90075
24.91183
24.92308
24.93414
24.94559
24.95651
24.96774
24.97907
24.99008
25.00116
25.0124
25.02352
25.03481
25.04589
25.05693
25.06824
25.07938
25.09064
25.10197
25.11423
25.12452
25.13566
25.14665
25.15796
25.1695
25.18097
25.19207
25.20373
25.21498
25.22619
25.23825
25.249
25.26006
25.2715
25.28313
25.29425
25.30548
25.31682
25.3279
25.33946
25.3506
25.36152
25.37329
25.38415
25.39507
25.40715
25.41776
25.42903
25.43993
25.45182
25.46255
25.47356
25.48926
25.50033
25.51033
25.52082
25.53063
25.54041
25.55022
25.55997
25.57009
25.58045
25.59176
25.6071
25.61774
25.62896
25.63929
25.64994
25.65996
25.67119
25.68145
25.69215
25.70335
25.71472
25.72582
25.7369
25.74811
25.75948
25.77094
25.78165
25.79273
25.80384
25.8152
25.8271
25.83818
25.84871
25.85987
25.87238
25.88291
25.89433
25.90543
25.91744
25.92789
25.93952
25.95115
25.9622
25.9735
25.98488
25.99618
26.00745
26.02316
26.03539
26.04575
26.05586
26.06598
26.07616
26.08879
