0.02
0.04
0.14
0.1771825
0.1899806
0.2022176
0.213359
0.2240478
0.23501
0.2465097
0.257314
0.2684199
0.2797987
0.2912327
0.3019437
0.3156108
0.3251222
0.3353109
0.3471879
0.3578501
0.3689851
0.3807137
0.3912244
0.4024538
0.4137258
0.4248772
0.4362162
0.4477856
0.4584032
0.4694536
0.4808898
0.491782
0.5064757
0.5162794
0.5260116
0.5365297
0.5477456
0.5587552
0.5699958
0.5813906
0.5923768
0.6039058
0.6151156
0.6259157
0.6370661
0.6484389
0.6593885
0.6706656
0.6818664
0.6933784
0.7048345
0.7161158
0.7265688
0.7379107
0.7491337
0.7600522
0.7709585
0.7826347
0.7934095
0.8046761
0.8158852
0.827395
0.8433459
0.8565741
0.8665065
0.8758428
0.8861212
0.8954761
0.905617
0.9170362
0.9276143
0.9385366
0.949842
0.9612164
0.9720325
0.9840738
0.9948954
1.005739
1.016899
1.028057
1.039208
1.050268
1.061525
1.074545
1.08503
1.095609
1.106378
1.117519
1.128562
1.139799
1.15157
1.162589
1.173317
1.184381
1.195716
1.206754
1.21786
1.230148
1.240517
1.251966
1.263735
1.274784
1.286081
1.297886
1.309007
1.320433
1.331859
1.343228
1.355088
1.366289
1.377501
1.389101
1.40029
1.411598
1.422897
1.434614
1.446157
1.457348
1.468619
1.480684
1.490838
1.504764
1.515128
1.524403
1.535275
1.546309
1.557091
1.568274
1.579475
1.590469
1.601859
1.617453
1.627081
1.641998
1.652427
1.664951
1.675846
1.686949
1.699253
1.709276
1.720441
1.731846
1.743009
1.754085
1.765429
1.776232
1.78789
1.799022
1.810084
1.82094
1.832253
1.843376
1.855559
1.866105
1.876871
1.888111
1.89935
1.910452
1.923481
1.935887
1.946251
1.955925
1.966463
1.977968
1.988498
1.999965
2.011336
2.022481
2.034237
2.045382
2.05562
2.066837
2.079066
2.089548
2.10102
2.112527
2.123778
2.135216
2.147092
2.158416
2.170034
2.181397
2.192642
2.203965
2.215747
2.226876
2.237959
2.249283
2.260611
2.271465
2.282884
2.294741
2.304973
2.317353
2.327827
2.33884
2.350219
2.361903
2.373578
2.384048
2.396153
2.406852
2.418078
2.429496
2.440359
2.451443
2.463102
2.4739
2.485092
2.496687
2.507423
2.518483
2.530109
2.540823
2.552398
2.563449
2.574294
2.585538
2.597495
2.607977
2.620248
2.630401
2.641672
2.65249
2.663935
2.674901
2.691571
2.70226
2.712018
2.721866
2.732173
2.74175
2.751943
2.762449
2.772544
2.782662
2.793019
2.804148
2.815152
2.826335
2.8376
2.848791
2.859848
2.87112
2.882636
2.893382
2.904479
2.915901
2.926893
2.938384
2.950562
2.960421
2.971539
2.982814
2.993927
3.006645
3.017604
3.027643
3.038576
3.050213
3.060821
3.072228
3.08327
3.094949
3.106413
3.117488
3.12913
3.140349
3.151741
3.163353
3.174694
3.185944
3.197654
3.208874
3.220308
3.231842
3.243213
3.254767
3.26652
3.277526
3.289099
3.300179
3.311539
3.322764
3.33386
3.345542
3.356414
3.367406
3.379332
3.389841
3.400918
3.412413
3.42335
3.434985
3.445796
3.45675
3.46789
3.479789
3.490409
3.501415
3.513095
3.523756
3.534824
3.547134
3.558043
3.568803
3.580575
3.590806
3.601899
3.613467
3.624282
3.635529
3.646953
3.657803
3.669111
3.680404
3.691387
3.702757
3.714085
3.7248
3.736319
3.747607
3.758575
3.774087
3.784877
3.795223
3.805849
3.816185
3.826315
3.836536
3.846564
3.857402
3.867565
3.877371
3.888244
3.89932
3.910486
3.921482
3.93289
3.943888
3.954957
3.966393
3.977385
3.988541
3.999697
4.011067
4.022124
4.033362
4.044508
4.055763
4.066891
4.078047
4.089016
4.100167
4.11152
4.122869
4.133801
4.144874
4.15607
4.167372
4.178803
4.190138
4.201984
4.213186
4.22412
4.23559
4.248052
4.258376
4.269642
4.281431
4.292597
4.304027
4.315474
4.326954
4.337789
4.349785
4.361043
4.372098
4.383668
4.394904
4.406357
4.417565
4.428581
4.439677
4.450765
4.462392
4.473166
4.484455
4.495904
4.50738
4.518397
4.529331
4.540128
4.552604
4.563009
4.574399
4.585045
4.596553
4.607255
4.618517
4.629703
4.640774
4.651845
4.663396
4.67469
4.685477
4.697415
4.707767
4.718932
4.731081
4.741163
4.752476
4.763825
4.774923
4.785909
4.797714
4.808762
4.819749
4.831398
4.846955
4.858054
4.868306
4.878598
4.889031
4.899333
4.909049
4.919052
4.928657
4.938826
4.949823
4.960279
4.970888
4.982696
4.99327
5.004498
5.016044
5.026849
5.038118
5.049347
5.060163
5.071508
5.082766
5.093711
5.105029
5.116477
5.127367
5.138712
5.149821
5.160891
5.171992
5.183181
5.194434
5.205564
5.216765
5.228076
5.239077
5.250239
5.261315
5.272829
5.284111
5.29622
5.307783
5.319164
5.329894
5.341642
5.352727
5.365106
5.375546
5.387007
5.398709
5.409859
5.421221
5.432855
5.444193
5.455447
5.466829
5.478361
5.489433
5.500876
5.512559
5.523423
5.534411
5.545997
5.558496
5.570087
5.581416
5.590802
5.60104
5.612631
5.62327
5.634529
5.645806
5.656714
5.667924
5.679542
5.690089
5.70141
5.714098
5.723925
5.735167
5.746244
5.757299
5.768673
5.779843
5.790758
5.801935
5.813995
5.82439
5.835552
5.847204
5.857982
5.868937
5.880695
5.891249
5.902694
5.919468
5.92938
5.940467
5.95122
5.961053
5.971515
5.982302
5.99207
6.002475
6.012913
6.023311
6.033815
6.043579
6.054526
6.065767
6.077616
6.087952
6.099371
6.110184
6.121311
6.132773
6.143761
6.155021
6.166477
6.177519
6.188653
6.199614
6.210951
6.222026
6.233965
6.244563
6.255345
6.266755
6.277852
6.28905
6.3002
6.311166
6.322768
6.333811
6.345252
6.356739
6.368104
6.379594
6.391363
6.402281
6.413799
6.42507
6.436502
6.448065
6.459388
6.47074
6.482313
6.500026
6.511456
6.522156
6.532582
6.543346
6.555481
6.566215
6.576948
6.587786
6.598525
6.608683
6.619332
6.629626
6.639904
6.650594
6.660858
6.67169
6.682807
6.692989
6.703626
6.713862
6.724747
6.735987
6.747294
6.758136
6.769291
6.780791
6.79174
6.8027
6.814337
6.825068
6.836338
6.847874
6.858852
6.869695
6.881388
6.892043
6.903488
6.914963
6.92574
6.936916
6.948353
6.959218
6.970494
6.986993
6.997698
7.007264
7.018122
7.027953
7.038575
7.049667
7.061279
7.072631
7.083594
7.094452
7.105694
7.117315
7.128099
7.139038
7.151056
7.161871
7.173039
7.183926
7.195155
7.206398
7.217553
7.22908
7.239784
7.250943
7.262344
7.273386
7.285655
7.296163
7.306897
7.318008
7.329718
7.340608
7.351645
7.363263
7.374296
7.385692
7.39752
7.408448
7.420084
7.431438
7.443095
7.453977
7.465401
7.476789
7.488318
7.499397
7.511001
7.522491
7.533573
7.544887
7.556092
7.567334
7.57869
7.590043
7.601779
7.611973
7.623206
7.634296
7.645896
7.658513
7.668712
7.679753
7.690284
7.702303
7.713061
7.724293
7.735159
7.746186
7.757298
7.768468
7.780448
7.790803
7.802217
7.813483
7.825043
7.835536
7.846879
7.85772
7.868873
7.880291
7.891232
7.902501
7.913956
7.924852
7.936192
7.947662
7.958567
7.969645
7.980792
7.991703
8.002799
8.014356
8.025272
8.036344
8.04818
8.059551
8.07522
8.086156
8.097733
8.108983
8.121032
8.132056
8.143216
8.154381
8.165538
8.17674
8.187798
8.199111
8.210351
8.221297
8.232501
8.243801
8.25488
8.266341
8.277514
8.288424
8.299825
8.310601
8.321931
8.333142
8.344306
8.355489
8.366705
8.377981
8.388849
8.400161
8.411417
8.422666
8.433698
8.44479
8.455848
8.467071
8.478415
8.489551
8.500778
8.512239
8.523167
8.534039
8.545937
8.55784
8.569073
8.580447
8.591348
8.602835
8.615841
8.62676
8.637345
8.648849
8.660227
8.671548
8.683899
8.694149
8.705706
8.717323
8.729036
8.740421
8.751401
8.76274
8.773677
8.78483
8.796604
8.807442
8.818314
8.829613
8.840718
8.851716
8.863383
8.874043
8.885358
8.897271
8.907834
8.918931
8.93037
8.941414
8.952377
8.963971
8.974727
8.985799
8.997325
9.008299
9.019208
9.0308
9.041822
9.053034
9.064505
9.075277
9.086456
9.09796
9.109035
9.120188
9.131586
9.147496
9.157866
9.168891
9.179454
9.189676
9.200885
9.211273
9.221791
9.232465
9.242694
9.253366
9.264265
9.274329
9.28518
9.29533
9.305471
9.31623
9.327424
9.338283
9.349575
9.360599
9.371975
9.383052
9.394194
9.405244
9.417183
9.427747
9.438828
9.450617
9.461094
9.47251
9.483593
9.49484
9.506082
9.517236
9.528533
9.539392
9.551529
9.561751
9.572993
9.584116
9.595448
9.606856
9.618455
9.629707
9.641157
9.652563
9.664223
9.675532
9.687293
9.698432
9.709783
9.721135
9.732771
9.744227
9.755677
9.76721
9.778509
9.789712
9.801255
9.81278
9.823619
9.834703
9.846556
9.857174
9.868324
9.880453
9.891076
9.901982
9.913403
9.924034
9.935194
9.947009
9.957714
9.968883
9.980709
9.991841
10.00296
10.01358
10.02459
10.03589
10.04722
10.05816
10.06942
10.08104
10.09161
10.10266
10.1154
10.12571
10.13664
10.1477
10.15889
10.16999
10.18147
10.19225
10.20335
10.21884
10.22862
10.2387
10.24938
10.25948
10.26957
10.28059
10.29036
10.30115
10.31309
10.32386
10.33502
10.34634
10.35717
10.36827
10.38
10.39087
10.4026
10.43354
10.44444
10.45541
10.4669
10.4783
10.48962
10.4999
10.51128
10.52238
10.53379
10.54455
10.556
10.56707
10.57813
10.58945
10.60054
10.61167
10.62309
10.63423
10.64555
10.65635
10.66752
10.67912
10.69002
10.70144
10.71238
10.72335
10.73479
10.74597
10.75693
10.76802
10.77976
10.79053
10.80172
10.81336
10.82434
10.83601
10.84724
10.85812
10.8696
10.88087
10.89125
10.90207
10.91364
10.9245
10.9359
10.94747
10.95817
10.9691
10.98076
10.99143
11.0025
11.01394
11.02516
11.03687
11.04904
11.06107
11.0725
11.08421
11.09675
11.10731
11.11922
11.13088
11.14172
11.15275
11.16419
11.17498
11.18646
11.19841
11.20879
11.2197
11.23123
11.24232
11.25819
11.26884
11.27928
11.28973
11.30058
11.31111
11.32129
11.33184
11.34197
11.35233
11.36293
11.37367
11.38417
11.39486
11.4063
11.41721
11.42849
11.44021
11.45082
11.46208
11.47307
11.48438
11.49559
11.50682
TARGET DESTROYED 
11.51775
11.5374
11.54912
11.56234
11.58205
11.59343
11.60594
11.61707
11.62833
11.63926
11.65051
11.66164
11.67279
11.68395
11.69542
11.70663
11.71789
11.7286
11.73992
11.751
11.76221
11.77351
11.78456
11.7958
11.80689
11.81796
11.82941
11.84046
11.85161
11.86317
11.87428
11.88505
11.89638
11.90753
11.91864
11.92988
11.94098
11.952
11.9638
11.97434
11.98551
11.99732
12.00798
12.01912
12.03083
12.04154
12.05262
12.06409
12.07546
12.08695
12.09856
12.11001
12.12135
12.13405
12.14457
12.15583
12.16749
12.17902
12.19073
12.20256
12.21345
12.22467
12.23629
12.24783
12.25875
12.26993
12.28141
12.29645
12.30711
12.31764
12.32801
12.33846
12.34927
12.35947
12.36981
12.37989
12.39012
12.40077
12.41132
12.42235
12.434
12.44491
12.45593
12.46729
12.47839
12.48938
12.50093
12.51252
12.52304
12.53415
12.5453
12.55687
12.56782
12.5792
12.59008
12.60103
12.61247
12.62369
12.63478
12.64592
12.65728
12.66815
12.67993
12.69088
12.70236
12.71396
12.725
12.73634
12.74812
12.75896
12.77045
12.78192
TARGET DESTROYED 
12.79331
12.80881
12.82671
12.83864
12.84925
12.859
12.8689
12.87959
12.89032
12.90222
12.91261
12.92377
12.93519
12.94647
12.95721
12.96876
12.98022
12.99101
13.0021
13.01389
13.02426
13.03557
13.04696
13.05792
13.06913
13.08061
13.0915
13.1036
13.11393
13.12524
13.13659
13.14794
13.15845
13.16957
13.18099
13.19185
13.20354
13.21446
13.2254
13.23662
13.24786
13.259
13.2701
13.28197
13.29236
13.30359
13.31527
13.33154
13.34198
13.35293
13.36285
13.37317
13.38373
13.39511
13.4068
13.41747
13.42861
13.44052
13.45103
13.46205
13.47324
13.48437
13.49588
13.50705
13.51781
13.52912
13.54012
13.5516
13.56286
13.57419
13.58482
13.59681
13.60721
13.61851
13.63004
13.64072
13.652
13.66328
13.67429
13.68556
13.69738
13.70824
13.71939
13.73128
13.74209
13.75384
13.76498
13.77684
13.78759
13.79919
13.81025
13.82171
13.8336
13.84446
13.85558
13.86756
13.87911
13.88978
13.90084
13.91242
13.92284
13.93402
13.94536
13.9566
13.96753
13.97922
13.98981
14.00133
14.01266
14.02352
14.0346
14.04604
14.05709
14.06868
14.07934
14.09039
14.10151
14.113
14.124
14.13499
14.14709
14.15771
14.16851
14.18021
14.19107
14.20215
14.21374
14.2248
14.2357
14.24758
TARGET DESTROYED 
14.25831
14.27346
14.28434
14.2944
14.30487
14.31607
14.3268
14.33723
14.34739
14.35788
14.36837
14.37848
14.40096
14.41221
14.42248
14.43295
14.44327
14.45415
14.46532
14.47642
14.48765
14.49883
14.51035
14.521
14.53271
14.54343
14.55469
14.56576
14.57698
14.58808
14.59952
14.61045
14.62225
14.63275
14.64403
14.65514
14.66653
14.67747
14.69018
14.7008
14.71093
14.72236
14.73353
14.74455
14.75575
14.76714
14.77794
14.78928
14.80066
14.81146
14.82271
14.83407
14.84564
14.85661
14.86768
14.87913
14.8898
14.90142
14.91229
14.92375
14.93525
14.94751
14.95849
14.97001
14.98175
14.99333
15.00513
15.01654
15.02775
15.03933
15.05171
15.06229
15.0742
15.08459
15.09612
15.10747
15.11794
15.13
15.14075
15.15159
15.16334
15.17442
15.18532
15.19684
15.20826
15.21883
15.23029
15.24096
15.2524
15.26404
15.27456
15.2857
15.29756
15.30824
15.31948
15.33064
15.34167
15.35286
15.36422
15.37518
15.38616
15.39786
15.4085
15.41976
15.43115
15.44219
15.45861
15.46922
15.48013
15.49047
15.50076
15.51073
15.52074
15.53052
15.54019
15.55014
15.56016
15.57111
15.58251
15.59386
15.60506
15.61591
15.62714
15.63841
15.64933
15.66034
15.67183
15.68303
15.69392
15.70517
15.71643
15.72756
15.73892
15.75007
15.76107
15.77224
15.78353
15.79483
15.80561
15.81723
15.82818
15.83921
15.85106
15.86151
15.87286
15.88399
15.8952
15.90672
15.91818
15.92982
15.94075
15.95303
15.96396
15.97503
15.9868
15.99835
16.0096
16.02091
16.03255
16.04376
16.05525
16.06686
16.07807
16.08939
16.10121
16.11296
16.12343
TARGET DESTROYED 
16.1347
16.15014
16.16142
16.17222
16.18331
16.19372
16.20403
16.21475
16.22472
16.23518
16.24583
16.25623
16.26697
16.285
16.29741
16.30828
16.31948
16.33095
16.34181
16.35303
16.36435
16.37532
16.38647
16.39792
16.40885
16.42019
16.4316
16.44248
16.45366
16.46491
16.47683
16.48723
16.49824
16.5142
16.52436
16.53466
16.54443
16.55485
16.56587
16.57679
16.58742
16.59877
16.60976
16.62114
16.63239
16.64343
16.65468
16.66575
16.67699
16.68813
16.6993
16.71041
16.72169
16.73301
16.7438
16.7551
16.7666
16.7781
16.78982
16.80124
16.813
16.82462
16.83549
16.84738
16.85812
16.86902
16.88063
16.89224
16.90302
16.91489
16.92558
16.93702
16.94872
16.95979
16.97105
16.98225
16.99348
17.0049
17.01642
17.02773
17.03897
17.05061
17.06167
17.07272
17.08407
17.10251
17.11275
17.12379
17.13483
17.14644
17.15715
17.16898
17.17984
17.19065
17.20215
17.21346
17.22419
17.23535
17.24727
17.25775
17.26898
17.28053
17.29136
17.30251
17.31381
17.3251
17.33602
17.34753
17.35856
17.36947
17.38091
17.39184
17.40299
17.41451
17.42516
17.43653
17.44795
17.45894
17.47007
17.48142
17.49255
17.50408
17.5158
17.52707
17.53873
17.54992
17.56111
17.57274
17.58392
17.5955
17.611
17.62124
17.63156
17.64083
17.65163
17.66287
17.67414
17.68491
17.69646
17.70741
17.71855
17.73004
17.7408
17.75194
17.76357
17.77433
17.78628
17.79716
17.80777
17.81914
17.83069
TARGET DESTROYED 
17.84151
17.85588
17.86634
17.87591
17.88787
17.89758
17.90854
17.91957
17.93093
17.94188
17.9533
17.96461
17.97566
17.98737
18.00327
18.01437
18.02426
18.03415
18.0439
18.05384
18.06402
18.07474
18.08607
18.0975
18.10842
18.11948
18.13105
18.14213
18.15309
18.16422
18.17535
18.18676
18.19791
18.20868
18.21995
18.23148
18.24229
18.25343
18.26468
18.27579
18.28708
18.29851
18.30941
18.32053
18.33194
18.34272
18.35473
18.3653
18.37632
18.3878
18.39912
18.41033
18.4218
18.43332
18.44451
18.45608
18.46725
18.47862
18.48994
18.50118
18.51318
18.52376
18.53544
18.54787
18.55813
18.56916
18.58097
18.592
18.60322
18.61487
18.62536
18.6368
18.64818
18.65888
18.67447
18.68577
18.69584
18.70585
18.71606
18.72573
18.73614
18.74602
18.75572
18.76713
18.77792
18.78935
18.80023
18.81175
18.82256
18.8339
18.845
18.85636
18.86751
18.87887
18.88964
18.90168
18.91219
18.92343
18.93441
18.94591
18.95781
18.96848
18.97978
18.99016
19.00139
19.01297
19.02372
19.03494
19.0462
19.05764
19.06892
19.08085
19.09144
19.10286
19.1146
19.12555
19.13707
19.14845
19.15994
19.17151
19.18246
19.19396
19.20521
19.21764
19.22789
19.23953
19.25057
19.26212
19.27337
19.28455
19.29567
19.30692
19.31788
19.32958
19.34036
19.35146
19.36289
19.37378
19.38498
19.39684
19.40729
19.41902
19.43
19.44077
19.45194
19.46378
19.47421
19.4856
19.49709
19.50781
19.51893
19.53037
19.54152
19.55303
19.56386
19.57479
19.58598
19.59855
19.6091
19.62097
19.63086
19.64216
19.6531
19.6645
19.67555
19.68654
19.69856
19.70919
19.7202
19.73151
19.7424
19.75351
19.76906
TARGET DESTROYED 
19.77885
19.79262
19.80261
19.81266
19.82279
19.83303
19.8424
19.85217
19.86217
19.87893
19.89007
19.90037
19.90984
19.91982
19.93011
19.94114
19.95157
19.96143
19.97254
19.98405
19.99502
20.0056
20.017
20.0278
20.03915
20.05066
20.06153
20.07282
20.08374
20.09491
20.10627
20.11737
20.12837
20.13967
20.15136
20.16276
20.1733
20.18431
20.19587
20.20657
20.21782
20.22917
20.24014
20.2512
20.26267
20.27376
20.28518
20.29705
20.30802
20.31949
20.33158
20.34246
20.35377
20.36529
20.37652
20.38808
20.39979
20.41088
20.42268
20.4339
20.44542
20.45683
20.46771
20.4801
20.49109
20.50198
20.51372
20.52425
20.53547
20.54702
20.55794
20.56906
20.58075
20.59119
20.60288
20.61384
20.62495
20.636
20.64775
20.65845
20.66987
20.68093
20.69189
20.70305
20.71447
20.72529
20.73698
20.74796
20.75895
20.76998
20.7816
20.79231
20.80382
20.81487
20.82588
20.837
20.84851
20.85961
20.87066
20.88212
20.89293
20.90402
20.91968
20.9299
20.9396
20.94988
20.95991
20.96982
20.9801
20.99063
21.00191
21.0137
21.02418
21.03676
21.04694
21.05775
21.06916
21.08044
21.09134
21.10235
21.11419
21.12465
21.13605
21.14739
21.1582
21.16953
21.18089
21.1917
21.20334
21.21429
21.22537
21.23643
21.24789
21.25884
21.2702
21.2813
21.29342
21.30367
21.31514
21.32655
21.33769
21.349
21.3603
21.3718
21.38309
21.3943
21.40589
21.41711
21.42893
21.43949
21.45091
21.46288
21.47382
21.48484
21.49664
21.50732
21.51841
21.53004
21.54078
21.55212
21.56341
21.57423
21.58561
21.59713
21.60791
21.61901
21.63035
21.64145
21.65232
21.66374
21.6749
21.68592
21.69769
21.70836
21.7195
TARGET DESTROYED 
21.73088
21.7543
21.77384
21.78454
21.79439
21.80433
21.81524
21.82626
21.83767
21.84869
21.85986
21.87193
21.88215
21.89312
21.90463
21.91575
21.92715
21.93785
21.94928
21.96023
21.97153
21.98272
21.99369
22.00873
22.01858
22.02778
22.03845
22.04972
22.06091
22.07205
22.08306
22.09424
22.10542
22.1169
22.12778
22.13898
22.15044
22.16126
22.17248
22.18369
22.19484
22.20621
22.21755
22.22933
22.23938
22.25071
22.26201
22.27308
22.28435
22.29603
22.30672
22.31802
22.32907
22.34028
22.35148
22.36265
22.37445
22.38617
22.39847
22.40973
22.4216
22.43388
22.44484
22.45624
22.4675
22.47914
22.49016
22.50221
22.51318
22.52425
22.53555
22.54638
22.55779
22.56861
22.58017
22.59109
22.60214
22.6139
22.62437
22.63583
22.64729
22.65802
22.66905
22.68084
22.69159
22.70356
22.71457
22.72528
22.73622
22.74787
22.75853
22.76965
22.78096
22.79207
22.80436
22.81472
22.8254
22.83794
22.84851
22.85884
22.87008
22.88158
22.89354
22.90365
22.91477
22.92594
22.93716
22.94868
22.95935
22.97072
22.9825
22.9928
23.00426
23.01546
23.02631
23.03752
23.0488
23.05979
23.07106
23.08226
23.09324
23.1046
23.11576
23.13744
23.14925
23.15905
23.16854
23.18397
23.19342
23.20312
23.21302
23.22326
23.23385
23.24491
23.25668
23.26725
23.27861
23.28948
23.30358
23.31419
23.32391
23.33428
23.34541
23.35656
23.36775
23.37893
23.39009
23.40366
