0.02
0.04
0.14
0.1732129
0.1871999
0.1983997
0.2098819
0.2226716
0.2356586
0.2479444
0.2594355
0.2738273
0.2932426
0.3071991
0.3180813
0.3286536
0.3394573
0.3507136
0.3609529
0.3722821
0.3834466
0.3948585
0.4060365
0.4172312
0.4279665
0.4392764
0.4506761
0.46166
0.4729002
0.4844244
0.495699
0.506358
0.5176778
0.5285568
0.5399755
0.5513225
0.5620803
0.5732987
0.5847208
0.5956185
0.6070525
0.6180037
0.6299597
0.6405061
0.6515853
0.6627533
0.6737835
0.6900051
0.7012104
0.7117456
0.7224988
0.7336448
0.7445951
0.7552864
0.7663894
0.7771356
0.788561
0.7995603
0.8105164
0.8218577
0.8333796
0.8441887
0.8553366
0.866335
0.876659
0.8875172
0.8987187
0.9102046
0.9215697
0.9331337
0.943707
0.9548936
0.9665102
0.9774925
0.9884101
1.000046
1.010761
1.023122
1.034329
1.044879
1.055712
1.067164
1.07819
1.094756
1.106292
1.117893
1.128879
1.139802
1.15154
1.162533
1.173997
1.185631
1.197016
1.208
1.218847
1.230245
1.241025
1.251959
1.262796
1.274124
1.285817
1.29678
1.308028
1.319173
1.329933
1.340555
1.351548
1.362361
1.373224
1.385473
1.396336
1.407264
1.418415
1.430512
1.441439
1.452436
1.463442
1.474433
1.485679
1.496924
1.512259
1.523123
1.533827
1.545278
1.556268
1.567672
1.578541
1.589823
1.60097
1.612141
1.623303
1.634711
1.646277
1.657289
1.668539
1.679407
1.690192
1.701646
1.712969
1.724158
1.735532
1.746458
1.757507
1.768627
1.779855
1.790708
1.802367
1.813319
1.824156
1.835407
1.847005
1.858623
1.869511
1.881327
1.892037
1.902894
1.919253
1.930388
1.941173
1.952174
1.962972
1.97461
1.986562
1.998058
2.009229
2.020891
2.032488
2.043651
2.055299
2.066761
2.077881
2.089514
2.101577
2.11277
2.123579
2.13535
2.146124
2.157021
2.168353
2.179899
2.191044
2.202627
2.213467
2.22455
2.235652
2.246641
2.258321
2.269762
2.281282
2.29336
2.30515
2.315976
2.331686
2.342828
2.354122
2.365835
2.376834
2.388469
2.399585
2.410478
2.421693
2.432739
2.443613
2.455099
2.466621
2.478683
2.490722
2.502669
2.51428
2.526046
2.537951
2.550785
2.561773
2.573113
2.584362
2.59587
2.607905
2.620033
2.631357
2.64322
2.65495
2.667008
2.678441
2.690644
2.702579
2.714193
2.725588
2.737561
2.749187
2.765357
2.77694
2.788532
2.800898
2.812205
2.823836
2.835782
2.847601
2.859066
2.8708
2.882826
2.894493
2.905782
2.917529
2.928632
2.940187
2.952873
2.964355
2.975642
2.988134
2.999842
3.011171
3.023281
3.035255
3.046553
3.058029
3.069919
3.081679
3.093256
3.105094
3.116998
3.128372
3.139764
3.15133
3.162841
3.174536
3.192008
3.204062
3.215751
3.227315
3.238698
3.250324
3.262089
3.273647
3.287136
3.298918
3.310058
3.321798
3.334223
3.346367
3.357611
3.369238
3.380331
3.391691
3.403256
3.415066
3.427231
3.439111
3.45142
3.4635
3.47476
3.486639
3.498614
3.51119
3.523857
3.535154
3.547003
3.558514
3.570508
3.582599
3.593773
3.605183
3.62125
3.632881
3.645118
3.656636
3.667846
3.678698
3.69002
3.701771
3.713304
3.724456
3.735673
3.746881
3.758432
3.769855
3.781176
3.792193
3.803768
3.815207
3.826333
3.837492
3.848614
3.859969
3.871293
3.882659
3.893619
3.904755
3.916278
3.9275
TARGET DESTROYED 
3.94694
3.958526
3.970391
3.981975
3.993146
4.005047
4.016734
4.028314
4.04459
4.064758
4.077403
4.088635
4.099785
4.110897
4.122526
4.13406
4.145698
4.156979
4.168584
4.181146
4.192916
4.205144
4.216545
4.227638
4.238976
4.250206
4.26178
4.274296
4.287479
4.299275
4.310774
4.322346
4.334335
4.345789
4.357382
4.369146
4.380874
4.392329
4.404631
4.416291
4.427393
4.438931
4.451039
4.467268
4.478813
4.49084
4.502347
4.514009
4.525403
4.537294
4.549885
4.560831
4.572429
4.583865
4.595919
4.607625
4.61957
4.630991
4.642745
4.654902
4.66699
4.679467
4.691323
4.703547
4.72255
4.734402
4.745728
4.757782
4.769506
4.781555
4.792987
4.804628
4.81627
4.827992
4.840135
4.85188
4.862967
4.874061
4.885972
4.902774
4.914571
4.926198
4.937965
4.949916
4.961201
4.972646
4.984941
4.996876
5.009204
5.020744
5.032969
5.044382
5.055875
5.067669
5.079175
5.090544
5.102906
5.114749
5.125992
5.137657
5.149466
5.160792
5.17248
5.185253
5.197965
5.20949
5.220983
5.232679
5.244257
5.255931
5.267352
5.278977
5.291514
5.30371
5.315668
5.327176
5.34389
5.355715
5.367419
5.379212
5.390611
5.402585
5.414118
5.425409
5.437266
5.449687
5.461109
5.472649
TARGET DESTROYED 
5.48863
5.50091
5.512731
5.525434
5.536662
5.548023
5.559967
5.57135
5.58253
5.593968
5.605963
5.624279
5.636803
5.647906
5.658976
5.670218
5.682013
5.693532
5.704875
5.716267
5.727504
5.738933
5.750595
5.767364
5.778539
5.789975
5.801912
5.813529
5.825234
5.837233
5.849247
5.860772
5.872472
5.885215
5.896938
5.908656
5.921722
5.933723
5.946218
5.957945
5.969662
5.981054
5.992831
6.004756
6.017515
6.028878
6.041019
6.053208
6.065278
6.07709
6.08923
6.101216
6.11378
6.125694
6.137422
6.149076
6.160641
6.172318
6.184846
6.201658
6.214463
6.226467
6.23841
6.250293
6.261828
6.273482
6.286136
6.297962
6.310047
6.322269
6.334779
6.346409
6.357782
6.36985
6.382269
6.393679
6.405349
6.417114
6.429272
6.441658
6.453908
6.465989
6.477561
6.489931
6.501476
6.513026
6.524573
6.536983
6.54968
6.56078
6.573295
6.5858
6.597481
6.608839
6.620753
6.632701
6.649513
6.660935
6.672955
6.684558
6.695608
6.707334
6.718946
6.730574
6.742531
6.754801
6.7663
6.778143
6.78974
6.80197
6.81364
6.825407
6.837078
6.848732
6.860341
6.872601
6.884792
6.896513
6.907734
6.919295
6.931082
6.943207
TARGET DESTROYED 
6.959699
6.972044
6.984454
6.996045
7.007475
7.020821
7.039211
7.052349
7.063641
7.079299
7.090403
7.101668
7.112413
7.123849
7.135701
7.147414
7.158231
7.169605
7.181864
7.19338
7.204732
7.215851
7.22786
7.239193
7.250159
7.261211
7.272348
7.284049
7.295517
7.306904
7.318327
7.329066
7.340245
7.352776
7.364868
7.375749
7.386801
7.398249
7.409332
7.420391
7.431752
7.442852
7.45447
7.466216
7.477747
7.494736
7.50599
7.517506
7.528204
7.539817
7.551454
7.562893
7.574172
7.585851
7.597137
7.608783
7.62068
7.633765
7.64513
7.656452
7.667739
7.679199
7.690451
7.702488
7.713177
7.724422
7.735648
7.747077
7.758656
7.771075
7.782725
7.793933
7.805535
7.817191
7.828235
7.83976
7.851521
7.862457
7.873779
7.885471
7.897239
7.908186
7.924019
7.935797
7.946651
7.957757
7.969011
7.980631
7.992698
8.003497
8.014663
8.026401
8.038064
8.049732
8.060809
8.072225
8.083953
8.094584
8.105906
8.117506
8.128689
8.140003
8.151128
8.162075
8.173134
8.185354
8.196495
8.20729
8.218448
8.229192
8.240222
8.251685
8.263117
8.274626
8.28615
8.297996
8.309127
8.320677
8.336719
8.348541
8.359541
8.370306
8.381389
8.392862
8.404276
8.41561
8.426664
8.437598
8.448584
8.463094
8.474649
8.485983
8.498601
8.510691
8.522871
8.535182
8.547102
TARGET DESTROYED 
8.565072
8.577285
8.595411
8.608788
8.620872
8.633768
8.645596
8.657715
8.669851
8.68203
8.693782
8.705774
8.717671
8.730101
8.741978
8.754337
8.766937
8.784095
8.796843
8.81041
8.822988
8.835671
8.848291
8.86085
8.873826
8.886425
8.899201
8.911649
8.924056
8.936444
8.948822
8.960883
8.973288
8.986121
8.999083
9.011629
9.024225
9.037713
9.050123
9.062531
9.074735
9.087109
9.099924
9.111726
9.124482
9.136739
9.149111
9.161332
9.174265
9.187232
9.200417
9.212785
9.226106
9.242778
9.255032
9.267457
9.279797
9.293415
9.305882
9.3183
9.330916
9.342906
9.355546
9.368389
9.380774
9.392914
9.406047
9.419272
9.43161
9.443711
9.456002
9.468479
9.480704
9.492323
9.50687
9.518803
9.53035
9.541998
9.554026
9.565902
9.577548
9.589235
9.601121
9.612517
9.624452
9.63612
9.648211
9.65977
9.671733
9.684001
9.700273
9.712229
9.723894
9.735643
9.747886
9.759199
9.77072
9.782796
9.79476
9.806425
9.818427
9.830375
9.84166
9.853637
9.865438
9.877882
9.88942
9.90134
9.912725
9.924079
9.935652
9.947409
9.958788
9.970663
9.983001
9.994509
10.00618
10.01816
10.03051
10.04289
10.05514
10.06693
10.07894
10.0903
10.10178
10.11329
10.12975
10.14158
10.15338
10.16526
10.17753
10.18925
10.202
10.21341
10.22463
10.2365
10.24778
10.25922
10.27041
10.28236
10.29424
10.30584
10.31779
10.32951
10.34094
10.35293
10.36459
10.37597
10.38773
10.39933
10.41645
10.42813
10.44043
10.45194
10.46368
10.47593
10.48742
10.49947
10.51129
10.52269
10.53461
10.54702
10.55912
10.57491
10.58644
10.59833
10.60988
10.62186
10.63363
10.64575
10.65745
10.66948
10.68137
10.69338
TARGET DESTROYED 
10.70954
10.72123
10.73361
10.74508
10.75707
10.77498
10.78797
10.79998
10.8118
10.82337
10.83495
10.84707
10.85871
10.87095
10.88503
10.89662
10.90836
10.92074
10.93308
10.94519
10.95688
10.96875
10.98053
10.99228
11.00449
11.02096
11.033
11.04432
11.05749
11.06941
11.08131
11.09287
11.10533
11.11777
11.12885
11.14045
11.15216
11.16372
11.17513
11.18742
11.19986
11.21133
11.22296
11.23524
11.24695
11.25878
11.27028
11.28214
11.29403
11.30601
11.31758
11.33005
11.34188
11.35373
11.3656
11.37704
11.3891
11.40092
11.41251
11.42422
11.43567
11.45183
11.46443
11.47617
11.48777
11.49889
11.50962
11.52046
11.53202
11.54365
11.55505
11.56621
11.57745
11.5883
11.60027
11.61139
11.62295
11.63443
11.64616
11.65777
11.67008
11.68247
11.69398
11.70582
11.71779
11.72925
11.74084
11.75338
11.76622
11.77804
11.79
11.80237
11.81447
11.8267
11.83937
11.85199
11.86405
11.87677
11.89391
11.90613
11.91856
11.93133
11.94335
11.9552
11.96662
11.9791
11.9923
12.0054
12.01873
12.03077
12.04278
12.05614
12.06854
12.08076
12.09332
12.10595
12.11846
12.1306
12.14313
12.15541
12.16772
12.18112
12.19353
12.2056
12.21805
12.23052
12.2427
12.25507
12.26752
12.27961
12.29218
12.30513
12.31738
12.32928
12.34647
12.35912
12.37138
12.38383
12.39614
12.40849
12.42081
12.43336
12.44542
12.45778
12.46966
12.48206
12.49547
12.50866
12.52098
12.53375
12.54591
12.55847
12.57083
12.58351
12.59566
12.6083
TARGET DESTROYED 
12.62593
12.63853
12.65112
12.66258
12.67477
12.68698
12.7003
12.71228
12.72432
12.7367
12.74904
12.76079
12.78013
12.79356
12.80625
12.82306
12.83592
12.84788
12.86024
12.87238
12.88501
12.89805
12.91108
12.92357
12.93564
12.94793
12.95991
12.97184
12.98379
12.99551
13.00747
13.01964
13.03194
13.04447
13.05673
13.07017
13.08252
13.09463
13.10673
13.11923
13.13118
13.14333
13.15519
13.16726
13.17914
13.1913
13.2035
13.21558
13.22737
13.23911
13.25233
13.26529
13.28349
13.29697
13.3102
13.32373
13.33692
13.35077
13.36404
13.37753
13.3904
13.40394
13.41741
13.43035
13.44343
13.45645
13.46978
13.48365
13.49763
13.51047
13.52443
13.53759
13.55145
13.56363
13.57578
13.58838
13.60217
13.61522
13.62762
13.64017
13.6529
13.66567
13.6781
13.6908
13.70388
13.71701
13.72982
13.74252
13.75498
13.76748
13.78513
13.79805
13.81034
13.82319
13.83584
13.84851
13.86126
13.87418
13.88681
13.90007
13.91253
13.92474
13.93784
13.95059
13.9631
13.97425
13.98554
13.9964
14.00757
14.01881
14.02952
14.04031
14.05149
14.0627
14.07486
14.08695
14.09808
14.10908
14.1206
14.13167
14.14319
14.15431
14.16566
14.17659
14.18821
14.20054
14.22988
14.24091
14.25739
14.26836
14.27905
14.29042
14.30129
14.3122
14.32348
14.33492
14.34616
14.35717
14.36833
14.3791
14.39058
14.40211
14.41307
14.42418
14.43523
14.44656
14.45795
14.46911
14.48046
14.49209
14.50312
14.51417
14.52486
14.53625
14.54751
14.55832
14.56977
14.58071
14.59189
14.60334
14.61461
14.62521
14.6365
14.64771
14.65843
14.66986
14.68557
14.69744
14.70871
14.72006
14.73119
14.74239
14.75389
14.76514
14.77642
14.78792
14.79971
14.81075
14.8227
14.83374
14.84473
14.85602
14.86704
14.87781
14.88903
14.90061
14.91123
14.92211
TARGET DESTROYED 
14.94726
14.96831
14.98028
14.99144
15.00301
15.01411
15.02481
15.03607
15.04695
15.05758
15.06902
15.08004
15.09739
15.10853
15.11968
15.13267
15.14531
15.15833
15.17226
15.18551
15.19907
15.20977
15.22103
15.23238
15.24403
15.25529
15.26665
15.27763
15.29003
15.30098
15.31185
15.32316
15.33413
15.34486
15.3558
15.36727
15.37874
15.38983
15.40194
15.41306
15.42424
15.43544
15.4501
15.4646
15.47814
15.49098
15.50283
15.51383
15.5253
15.53703
15.55336
15.56563
15.57796
15.59034
15.60301
15.61521
15.62718
15.6396
15.6523
15.66507
15.67739
15.68936
15.70189
15.71441
15.72797
15.74025
15.75283
15.7652
15.77724
15.79001
15.80309
15.81527
15.82828
15.84173
15.85491
15.86835
15.88187
15.89488
15.90804
15.92099
15.93504
15.94928
15.96226
15.97586
15.98968
16.00355
16.01782
16.03615
16.05051
16.06429
16.07669
16.08984
16.10415
16.1167
16.12929
16.14197
16.15441
16.16674
16.17955
16.19322
16.20528
16.2186
16.23119
16.24351
16.25575
16.26776
16.28067
16.29279
16.30494
16.31755
16.32929
16.34262
16.35527
16.36845
16.38076
16.39306
16.40523
16.41761
16.43045
16.44235
16.45477
16.4669
16.47914
16.49122
16.5037
16.52151
16.53412
16.54619
16.55838
16.57088
16.5832
16.59573
16.60838
16.6209
16.63431
16.64677
16.65905
16.67108
16.68391
16.69628
16.70849
16.72096
16.73393
16.74811
16.76241
16.77775
16.79238
16.80677
16.82088
16.83459
16.84731
16.86006
16.87277
16.88543
16.89832
16.91148
16.92418
16.93754
16.95099
16.96358
16.97696
16.9901
17.00753
17.02069
17.03366
17.04612
17.05918
17.07259
17.08539
17.09786
17.1111
17.12293
17.13509
17.14732
17.15911
17.17189
17.18568
17.1987
17.21174
17.22466
17.23763
17.25087
17.26426
17.27698
17.29049
17.30428
17.31725
17.33042
17.34343
17.35664
17.36959
17.38249
17.39498
17.40817
17.42079
17.43697
17.44933
17.46209
17.47441
17.48745
17.50461
17.52141
