0.02
0.04
0.14
0.1781122
0.1912151
0.2032082
0.2143923
0.2261578
0.2389517
0.2531529
0.2634276
0.2734626
0.2846958
0.2982583
0.3081737
0.3187325
0.3293062
0.3401595
0.3518428
0.3629525
0.3736965
0.3854924
0.3966146
0.4073444
0.4184727
0.4296103
0.4409343
0.4527315
0.4632611
0.474485
0.4901517
0.5003397
0.510453
0.5203738
0.5300601
0.5411961
0.5530331
0.5635431
0.5747167
0.586099
0.596971
0.6081708
0.6198252
0.6304367
0.6415237
0.6530908
0.6639109
0.6751017
0.6865392
0.6974362
0.7085924
0.720081
0.7309619
0.7421698
0.7534652
0.7648502
0.7760119
0.7878168
0.7979525
0.8091363
0.8205812
0.8313685
0.8426495
0.8541118
0.8652892
0.8762003
0.8875249
0.9016126
0.9125372
0.9245005
0.9355659
0.9466949
0.9579906
0.9701542
0.9806027
0.9921669
1.004046
1.014724
1.026225
1.037515
1.048695
1.059869
1.07117
1.082537
1.093477
1.104998
1.115601
1.127166
1.137987
1.149541
1.16055
1.171624
1.182693
1.193725
1.205339
1.21636
1.227184
1.238803
1.249727
1.260743
1.272178
1.283611
1.294556
1.305642
1.316844
1.327885
1.339149
1.350236
1.361343
1.372645
1.383744
1.396004
1.406285
1.417507
1.428686
1.439569
1.450907
1.461827
1.473345
1.484275
1.496004
1.506714
1.518117
1.528943
1.539929
1.553059
1.563212
1.573793
1.585351
1.596285
1.607151
1.618463
1.633817
1.643699
1.653915
1.663753
1.673507
1.682907
1.693136
1.704462
1.715569
1.726465
1.737823
1.749256
1.760214
1.771098
1.782722
1.794295
1.804844
1.816032
1.827059
1.838311
1.849418
1.860683
1.871821
1.883116
1.894035
1.905309
1.916552
1.927446
1.939072
1.949974
1.961088
1.972471
1.983366
1.994634
2.006056
2.017979
2.028714
2.039745
2.051377
2.062579
2.074055
2.085761
2.096522
2.108052
2.120078
2.130553
2.142305
2.154114
2.164907
2.176437
2.187977
2.199176
2.210268
2.22176
2.232667
2.243713
2.255193
2.267045
2.277594
2.288409
2.299965
2.312315
2.322926
2.333481
2.34447
2.355443
2.36692
2.37803
2.389202
2.4003
2.41122
2.422402
2.433666
2.444907
2.456312
2.467529
2.478482
2.489563
2.501104
2.511773
2.52306
2.53454
2.545448
2.556835
2.568229
2.578897
2.58997
2.601506
2.612435
2.623778
2.635169
2.646226
2.65718
2.668642
2.679645
2.690619
2.701978
2.713012
2.724313
2.735883
2.746677
2.763052
2.773763
2.78502
2.796625
2.808533
2.820263
2.831156
2.841981
2.853598
2.86438
2.87565
2.88723
2.897926
TARGET DESTROYED 
2.91667
2.927912
2.939683
2.950157
2.969923
2.982201
2.993613
3.004581
3.014677
3.02538
3.036692
3.047176
3.058148
3.068809
3.080279
3.091181
3.101862
3.111753
3.12252
3.132952
3.143602
3.154807
3.166712
3.177174
3.1884
3.19966
3.210536
3.221675
3.233156
3.244159
3.255587
3.266627
3.277657
3.288831
3.300208
3.311176
3.322446
3.333866
3.344612
3.355827
3.367244
3.378236
3.389601
3.400611
3.411937
3.423059
3.434225
3.445305
3.456394
3.467721
3.478736
3.489815
3.501352
3.512227
3.52398
3.535769
3.546815
3.558668
3.570753
3.581888
3.593546
3.605319
3.616656
3.6281
3.639821
3.65155
3.662315
3.673704
3.684763
3.695976
3.707045
3.718673
3.729862
3.740384
3.752352
3.762937
3.774013
3.785723
3.797037
3.808134
3.819198
3.829926
3.841116
3.852837
3.86843
3.879057
3.890543
3.90151
3.912455
3.923267
3.933781
3.944443
3.95541
3.965626
3.976314
3.987901
3.99819
4.008836
4.020247
4.031332
4.042248
4.053249
4.064051
4.074955
4.085848
4.09649
4.108082
4.118648
4.12927
4.140399
4.151325
4.16222
4.173573
4.183903
4.195028
4.206254
4.217211
4.228158
4.239614
4.250261
4.260743
4.272178
4.283553
4.294024
4.305387
4.316727
4.327544
4.338835
4.350543
4.361184
TARGET DESTROYED 
4.377426
4.388796
4.399718
4.410636
4.421431
4.4323
4.443371
4.454468
4.465453
4.476511
4.487973
4.497951
4.509392
4.527806
4.539914
4.551161
4.562449
4.573683
4.584585
4.595737
4.606765
4.617997
4.629272
4.640482
4.652051
4.663093
4.673913
4.68514
4.696292
4.707314
4.718749
4.729925
4.740935
4.752295
4.763275
4.774395
4.786028
4.796657
4.808222
4.819913
4.830391
4.841317
4.85273
4.863684
4.874929
4.886358
4.897196
4.908369
4.91992
4.930694
4.942003
4.95317
4.964705
4.980959
4.992114
5.002966
5.013453
5.025403
5.036557
5.047145
5.058017
5.068659
5.079367
5.090225
5.100867
5.111518
5.122162
5.132914
5.144049
5.155213
5.166318
5.177738
5.188661
5.199794
5.211181
5.22212
5.234217
5.244852
5.255786
5.266955
5.278004
5.289499
5.300538
5.31145
5.322522
5.333757
5.344974
5.356455
5.36818
5.379107
5.390316
5.402246
5.413246
5.424708
5.436282
5.447724
5.458727
5.470515
5.481463
5.492922
5.504542
5.51564
5.526974
5.538391
5.54986
5.56105
5.57264
5.583814
5.595005
5.606156
5.617339
5.628367
5.639613
5.650739
5.661684
5.673209
5.684341
5.69563
5.706943
5.71781
5.728652
5.740101
5.751518
5.762528
5.773668
5.785064
5.796055
5.808254
5.819647
5.830237
5.841012
5.851909
5.86278
5.873974
5.88542
5.896238
5.908229
5.919118
5.929669
5.941394
5.952287
5.963243
5.974942
5.986106
5.996905
6.008208
6.019671
6.030838
6.042193
6.053766
6.064398
6.076004
6.087575
6.098475
6.109245
6.125333
6.136789
6.148795
6.160092
6.171257
6.182359
6.195134
6.206491
6.217224
6.228282
6.239348
6.250123
6.260916
6.271811
6.283184
6.294147
6.305204
6.316737
6.327463
6.33883
6.350317
6.361346
6.373414
6.384437
6.394989
6.406304
6.417095
6.428377
6.439208
6.450777
6.461659
6.4738
6.484444
6.495313
6.506814
6.518063
6.529312
TARGET DESTROYED 
6.546028
6.56383
6.576575
6.588034
6.599469
6.610721
6.622068
6.632811
6.643741
6.655294
6.666634
6.678876
6.689867
6.700974
6.712397
6.72367
6.734627
6.745565
6.756858
6.768105
6.778957
6.790313
6.801103
6.813221
6.824325
6.835738
6.846465
6.85783
6.868912
6.879986
6.891115
6.902055
6.913263
6.924622
6.935739
6.946589
6.957983
6.968923
6.979919
6.991533
7.002701
7.013718
7.025849
7.037189
7.047812
7.058757
7.070292
7.081084
7.092262
7.103569
7.115006
7.1261
7.137809
7.14889
7.159969
7.171644
7.182469
7.193549
7.205184
7.216127
7.227358
7.238644
7.255551
7.266647
7.278028
7.289237
7.300208
7.311738
7.323332
7.334393
7.345477
7.357128
7.368595
7.379814
7.390974
7.401938
7.413595
7.42481
7.436258
7.447088
7.45808
7.469967
7.481898
7.493066
7.504546
7.515619
7.527768
7.539403
7.550754
7.561752
7.57425
7.585413
7.59638
7.607847
7.61941
7.630683
7.642213
7.653392
7.664609
7.677044
7.689713
7.701054
7.712279
7.723578
7.735472
7.746297
7.757802
7.769362
7.780821
7.792617
7.803855
7.816411
7.827736
7.839613
7.850791
7.862455
7.874125
7.885185
7.89682
7.909212
7.922575
7.934759
7.947362
7.959813
7.972617
7.985194
7.997676
8.010176
8.024317
8.036848
8.049008
8.061857
8.074883
8.087375
8.100451
8.112673
8.125422
8.137685
8.1499
8.16209
8.17491
8.187569
8.200138
8.212568
8.225181
8.238357
8.250226
8.261497
8.272955
8.283388
8.294405
8.305377
8.316629
8.327965
8.339336
8.350022
8.360931
8.37305
8.383871
8.3948
8.406043
8.417119
8.427953
8.439101
8.455489
8.466587
8.478257
8.4899
8.501193
8.512436
8.524616
8.535726
8.547171
8.558916
8.570885
8.583719
8.594965
8.6065
8.617723
8.628925
8.640643
8.651991
8.663234
8.675797
8.688137
8.699654
8.711349
8.723639
8.734955
8.74648
8.766644
8.778399
8.790005
8.801561
8.813079
8.825199
8.837124
8.848195
8.859797
8.871521
8.883142
8.894835
8.907298
8.918446
8.929713
8.94192
8.953549
8.965302
8.976947
8.989751
9.001372
9.01271
9.025644
9.038132
9.049459
9.060867
9.073164
9.084726
9.09723
9.108747
9.120328
9.131699
9.143298
9.155079
9.166748
9.178428
9.190662
9.202139
9.213289
9.225364
9.237598
9.249194
9.260915
9.273121
9.285867
9.298635
TARGET DESTROYED 
9.316032
9.327578
9.339435
9.351315
9.370237
9.383166
9.394456
9.406439
9.418406
9.429772
9.444442
9.459311
9.475988
9.490415
9.505329
9.519633
9.535053
9.549396
9.563748
9.578424
9.592862
9.607299
9.621678
9.636685
9.650869
9.665451
9.679581
9.693667
9.713311
9.727941
9.741737
9.755833
9.770336
9.784919
9.799166
9.81286
9.828327
9.842402
9.856858
9.871056
9.885191
9.899701
9.914462
9.928514
9.945657
9.962895
9.979854
9.996689
10.01364
10.03041
10.04752
10.0647
10.08176
10.09846
10.11608
10.13334
10.1508
10.16829
10.18541
10.20298
10.22054
10.23787
10.25385
10.26905
10.28503
10.30037
10.31585
10.33125
10.3463
10.36152
10.37831
10.3938
10.40921
10.42444
10.43969
10.4549
10.47055
10.48623
10.50146
10.51691
10.53309
10.54898
10.564
10.57955
10.59488
10.61018
10.62549
10.64121
10.65248
10.66391
10.67553
10.68744
10.69847
10.70978
10.72119
10.73258
10.74406
10.75603
10.76756
10.77877
10.79037
10.80161
10.81274
10.82552
10.83728
10.84842
10.8599
10.87162
10.88443
10.8956
10.90691
10.91795
10.92915
10.94042
10.95195
10.96287
10.97408
10.9853
10.99648
11.00832
11.02016
11.03156
11.04307
11.05476
11.0661
11.07728
11.08894
11.09991
11.11112
11.1228
11.13405
11.14533
11.16175
11.17327
11.18607
11.19705
11.2083
11.22047
11.23196
11.24394
11.25642
11.26765
11.27921
11.29055
11.30172
11.31294
11.32444
11.33625
11.34723
11.35897
11.37132
11.3822
11.39371
11.40525
11.41655
11.42786
11.44035
11.45283
11.46527
11.47744
11.50373
11.51453
11.52663
11.5387
11.55101
11.56231
11.57382
11.58658
11.59805
11.6103
11.62205
11.63354
11.64497
11.65708
11.66876
11.68069
11.69253
11.70455
11.71626
11.72808
11.74061
11.75251
11.76448
11.77661
11.78912
11.80036
11.81215
11.82466
11.84547
11.85759
11.86959
11.88124
11.89299
11.90485
11.91654
11.92811
11.94024
11.95212
11.96369
11.97586
11.98836
12.00019
12.01287
12.02528
12.0373
12.04866
12.06037
12.0725
12.08413
12.09612
12.10789
12.11991
12.13238
12.14422
12.15709
12.16895
12.18049
12.19259
12.20477
12.21676
12.22855
12.24039
12.2529
12.2642
12.27649
12.28853
12.30115
12.31307
12.32587
12.33814
12.35027
12.36313
12.37532
12.38748
12.39939
12.41101
12.42854
12.44097
12.45284
12.46531
12.47818
12.49035
12.50255
12.51522
12.52798
12.54007
12.55203
12.56384
12.57605
12.58846
12.60085
12.61271
12.62498
12.63723
12.65024
12.66279
12.67611
12.6894
12.70143
12.7131
12.72577
12.73783
12.75048
12.76299
12.77575
12.7879
12.80003
12.81189
12.82505
12.83839
12.85053
12.86388
12.87622
12.8889
12.90157
12.91347
12.92583
12.93834
12.95087
12.96242
12.97424
12.98657
12.9986
13.01055
13.02357
13.03616
13.04822
13.06013
13.07332
13.0858
13.09748
13.1101
13.12232
13.13409
13.14635
13.15835
13.17067
13.18259
13.19467
13.20684
13.21989
13.23158
13.24416
13.25693
13.26913
13.2814
13.29342
13.30588
13.31832
13.33025
13.34205
13.35428
13.3667
13.37884
13.39129
13.40365
13.41542
13.42737
13.43958
13.45226
13.46479
13.47758
13.48978
13.50159
13.51312
13.52556
13.53781
13.5498
13.56162
13.5737
13.58596
13.59864
13.61039
13.62259
13.63433
13.6464
13.65884
13.6707
13.68226
13.69363
13.71037
13.72236
13.73382
13.74549
13.75785
13.77005
13.78249
13.79472
13.80761
13.82
13.83247
13.84566
13.85827
13.87074
13.88341
13.89574
13.90804
13.9209
13.93338
13.94583
13.95873
13.97144
13.98371
13.99657
14.00932
14.02319
14.03726
14.04983
14.06213
14.07415
14.08707
14.09943
14.11173
14.12405
14.13618
14.1486
14.16082
14.17422
14.18686
14.20006
14.21221
14.22489
14.23783
14.25056
14.26287
14.27552
14.28788
14.30007
14.31238
14.32459
14.34816
14.36108
14.37472
14.38692
14.39958
14.4119
14.42399
14.43697
14.44933
14.46173
14.47471
14.4875
14.49995
14.51285
14.52604
14.53878
14.55069
14.56256
14.57503
14.58791
14.60068
14.61263
14.6247
14.63751
14.64997
14.6622
14.67535
14.68813
14.70043
14.71263
14.72489
14.73801
14.7501
14.76263
14.77505
14.78784
14.80068
14.81225
14.82468
14.83817
14.84977
14.8615
14.87321
14.88488
14.89694
14.90877
14.92105
14.93261
14.94467
14.95707
14.96899
14.9806
14.99312
15.00998
15.02243
15.03433
15.04616
15.05808
15.07087
15.08265
15.09614
15.10994
15.12407
15.13792
15.1517
15.16357
15.17603
15.18844
15.20043
15.21256
15.22528
15.23829
15.25127
15.26373
15.27583
15.28855
15.30061
15.31321
15.32546
15.33811
15.35047
15.36265
15.37531
15.38803
15.40025
15.41285
15.42512
15.43788
15.45004
15.46217
15.47583
15.48801
15.4985
15.50917
15.52009
15.53093
15.54216
15.55346
15.56483
15.57578
15.58744
15.59798
15.60958
15.62073
15.63172
15.64275
15.65393
15.66499
15.67612
15.68747
15.69844
15.70958
15.72102
15.73186
15.74317
15.75659
15.76736
15.77917
15.79133
15.80333
15.81481
15.82697
15.84088
15.85266
15.86421
15.87579
15.88835
15.89994
15.91201
15.92384
15.9358
15.9478
15.95947
15.97166
15.98309
15.99482
16.00706
16.01883
16.03079
16.04288
16.05503
16.06729
16.07868
16.08963
16.10091
16.1118
16.12285
16.13438
16.14542
16.15641
16.16782
16.17869
16.18994
16.2014
16.21341
16.22402
16.23526
16.24588
16.26175
16.27245
16.28323
16.294
16.30496
16.31516
16.32549
16.3361
16.3464
16.35738
16.36949
16.38144
16.39209
16.40243
16.41366
16.4245
16.43583
16.44723
16.45806
16.46951
16.48059
16.49132
16.5034
16.5138
16.52545
16.53665
16.54802
16.55929
16.57174
16.58248
16.59396
16.60581
16.61683
16.62838
16.63906
16.65048
16.66178
16.67337
16.68461
16.69605
16.70799
16.71968
16.73116
16.74307
16.75542
16.76754
16.77921
16.79125
16.80314
16.81581
16.82724
16.83887
16.85154
16.86344
16.87558
16.88801
16.89959
16.91221
16.92431
16.93669
16.94856
16.96065
16.97266
16.98438
16.99635
17.00846
17.02073
17.03316
17.04524
17.05704
17.06943
17.08155
17.09349
17.10593
17.11744
17.12976
17.14145
17.15343
17.16576
17.17808
17.19012
17.20184
17.2136
17.22552
17.23815
17.24997
17.26229
17.27424
17.28647
17.29748
17.30889
17.32028
17.331
17.34142
17.35235
17.3628
17.37421
17.38543
17.39638
17.40733
17.41878
17.42972
17.44136
17.45234
17.47014
17.48249
17.4947
17.50626
17.51658
17.52788
17.53872
17.54941
17.56027
17.57107
17.58196
17.59244
17.60323
17.61395
17.62495
17.63554
17.64591
17.65728
17.66818
17.67965
17.69132
17.70173
17.7127
17.72377
17.73425
17.745
17.75623
17.76668
17.77727
17.78896
17.79915
17.81008
17.82105
17.83214
17.84327
17.85624
17.86673
17.878
17.88917
17.89944
17.91028
17.92159
17.93246
17.94351
17.95512
17.96651
17.97753
17.98909
18.00105
18.01211
18.02379
18.03498
18.0463
18.05767
18.06929
18.08076
18.09144
18.10338
18.11442
18.12558
18.13727
18.14918
18.16364
18.17823
18.19292
18.20717
18.22169
18.23638
18.25089
18.26501
18.27971
18.29415
18.30852
18.32271
18.33716
18.35156
18.36629
18.38097
18.39254
18.40401
18.41533
18.4267
18.43868
18.45001
18.46166
18.4747
18.48702
18.49872
18.51023
18.52206
18.53378
18.54521
18.55724
18.56941
18.58043
18.59194
18.6071
18.61991
18.63137
18.64284
18.65452
18.6661
18.67749
18.69414
18.70648
18.72038
