0.02
0.04
0.14
0.174089
0.1857643
0.196618
0.2070498
0.2177046
0.2300334
0.241877
0.2529489
0.263142
0.2729602
0.2827446
0.2934572
0.3062655
0.315417
0.3266557
0.3383935
0.3492571
0.3600871
0.3713832
0.3848097
0.3959546
0.4059656
0.4160773
0.4271074
0.4387875
0.4498997
0.460695
0.4724155
0.4829458
0.4985775
0.5097652
0.5205929
0.5302282
0.5400155
0.550114
0.5611115
0.5726327
0.583652
0.5946628
0.6065954
0.6172669
0.6283715
0.639493
0.6507144
0.6616929
0.673122
0.6843078
0.6951399
0.7066288
0.717656
0.7286919
0.7400317
0.7510425
0.7624259
0.7735802
0.784722
0.7959167
0.8070341
0.8180937
0.8291752
0.8407879
0.8518164
0.8628956
0.874226
0.8885707
0.8992341
0.9105206
0.9223748
0.9335006
0.9446212
0.9564874
0.9672747
0.9790529
0.9904581
1.001709
1.01312
1.024677
1.035416
1.047354
1.057776
1.068817
1.080341
1.091403
1.102265
1.113619
1.124686
1.135854
1.147119
1.158354
1.169255
1.18038
1.191567
1.202788
1.213892
1.225583
1.236452
1.247407
1.258814
1.270055
1.281119
1.292131
1.303264
1.314502
1.326367
1.337688
1.34806
1.359214
1.370324
1.381814
1.392861
1.404467
1.415202
1.426272
1.438244
1.448694
1.459767
1.471596
1.482183
1.49312
1.504831
1.515725
1.52679
1.538138
1.54952
1.560333
1.574718
1.584674
1.594245
1.604628
1.614859
1.62577
1.636977
1.648029
1.663274
1.673348
1.692487
1.703166
1.713576
1.724379
1.734007
1.745117
1.756643
1.767796
1.784246
1.79735
1.808298
1.818749
1.829232
1.839494
1.849945
1.860262
1.87088
1.880963
1.891409
1.902409
1.913626
1.924523
1.935839
1.94689
1.959104
1.969834
1.979753
1.991064
2.002139
2.01373
2.026408
2.037594
2.051601
2.062308
2.073399
2.083642
2.094212
2.104745
2.115461
2.126092
2.136737
2.147804
2.158662
2.169914
2.181005
2.19193
2.203143
2.214277
2.225788
2.236882
2.24819
2.259109
2.270177
2.281376
2.292543
2.30389
2.320357
2.334702
2.34728
2.35859
2.371047
2.38255
2.393134
2.404666
2.415548
2.426584
2.437917
2.449465
2.460037
2.472079
2.482448
2.493574
2.504922
2.516207
2.52769
2.539011
2.549715
2.560772
2.57198
2.583066
2.594265
2.605412
2.616638
2.627884
2.639021
2.64999
2.661759
2.673227
2.68372
2.695006
2.706126
2.717295
2.728134
2.739448
2.750593
2.761728
2.773533
2.784326
2.795314
2.806875
2.817536
2.828668
2.840626
2.851857
2.863669
2.874734
2.886277
2.897803
2.909202
2.920866
2.932355
2.944163
2.955555
2.96673
2.978436
2.990414
3.006391
3.017443
3.029419
3.040124
3.052082
3.06336
3.074475
3.085805
3.097259
3.108232
3.119182
3.13029
3.141616
3.152711
3.163701
3.175467
3.186252
3.197698
3.208597
3.219635
3.230793
3.241959
3.253377
3.26457
3.275518
3.286861
3.297796
3.308931
3.320289
3.331311
3.342604
3.35387
3.365623
3.376375
3.387419
3.39887
3.41035
3.421324
3.432219
3.443271
3.454921
3.466024
3.476891
3.488804
3.499713
3.51098
3.522792
3.534099
3.545388
3.556979
3.569292
3.58
3.591196
3.602611
3.614056
3.625631
3.636959
3.651808
3.661624
3.671628
3.681424
3.692373
3.707639
3.718147
3.728311
3.738437
3.753044
3.763843
3.774618
3.785135
3.795938
3.80724
3.818532
3.830118
3.841707
3.852964
3.863922
3.875028
3.886422
3.898032
3.909505
3.920613
3.931402
3.942655
3.954323
3.965186
3.977012
3.988805
4.000023
4.012115
4.023963
4.036084
4.047299
4.058308
4.069178
4.080642
4.092358
4.103294
4.114356
4.124951
4.135692
4.147101
4.158054
4.169197
4.180319
4.191607
4.202761
4.21388
4.225362
4.236885
4.247452
4.258413
4.269559
4.280924
4.292197
4.303756
4.314443
4.326634
4.337624
4.348522
4.359235
4.375277
4.386288
4.396937
4.407854
4.418787
4.429836
4.440878
4.451766
4.462969
4.473777
4.484438
4.495265
4.506361
4.516992
4.528198
4.539287
4.550832
4.562442
4.573637
4.584362
4.595714
4.606803
4.617715
4.628889
4.640067
4.651237
4.662236
4.673743
4.684616
4.695606
4.70721
4.718056
4.73012
4.741646
4.752687
4.763847
4.775066
4.786157
4.797462
4.808754
4.820237
4.831934
4.84306
4.854308
4.865728
4.87677
4.888649
4.899692
4.911078
4.922467
4.933392
4.94497
4.95694
4.968242
4.97971
4.99183
5.002846
5.014384
5.025827
5.03847
5.054441
5.066187
5.077899
5.08924
5.101486
5.113236
5.12503
5.136518
5.147412
5.158363
5.169168
5.180285
5.191577
5.20851
5.219074
5.234591
5.246766
5.25812
5.269912
5.28127
5.292995
5.305487
5.317085
5.328926
5.341292
5.353099
5.364791
5.376009
5.387604
5.399045
5.410268
5.421886
5.433035
5.444174
5.456254
5.467497
5.4793
5.49153
5.50243
5.513835
5.525772
5.538129
5.548541
5.55959
5.570755
5.582547
5.593326
5.604052
5.615646
5.62725
5.638115
5.653261
5.665317
5.677169
5.689446
5.70052
5.711922
5.724001
5.735528
5.75281
5.764519
5.77649
5.78885
5.800336
5.811923
5.823666
5.834957
5.847224
5.858998
5.871793
5.882968
5.894396
5.906665
5.917715
5.929595
5.941772
5.953509
5.96555
5.977162
5.990662
6.001771
6.013433
6.025181
6.036801
6.048629
6.060398
6.073206
6.084842
6.097328
6.108967
6.120825
6.132189
6.144203
6.156138
6.168631
6.180023
6.191503
6.202832
6.214477
6.226675
6.239351
6.250537
6.262473
6.274605
6.286194
6.298401
6.310359
6.322611
6.334434
6.346315
6.358554
6.370371
6.381519
6.393935
6.40559
6.416791
6.428836
6.440417
6.451776
6.46876
6.481514
6.493248
6.504697
6.515885
6.527242
6.538974
6.55065
6.562247
6.573733
6.585126
6.596888
6.608309
6.620256
6.632169
6.643889
6.655647
6.666978
6.679132
6.691224
6.702715
6.714567
6.727274
6.73907
6.750176
6.76113
6.772305
6.783129
6.794494
6.805292
6.816679
6.832544
6.844459
6.856792
6.868596
6.88032
6.892391
6.904405
6.91726
6.929099
6.940554
6.952307
6.964289
6.976751
6.989403
7.001334
7.013722
7.025675
7.037923
7.050547
7.062579
7.074508
7.086011
7.098934
7.111625
7.124367
7.13635
7.148559
7.165875
7.178595
7.191146
7.2027
7.214766
7.227767
7.240551
7.25254
7.264542
7.276606
7.289167
7.301668
7.31437
7.326351
7.338372
7.350288
7.362288
7.374314
7.386456
7.398065
7.410375
7.422842
7.434813
7.446939
7.459457
7.471958
7.4838
7.495904
7.508492
7.521301
7.534223
7.545903
7.557045
7.56877
7.580353
7.59235
7.603442
7.61479
7.626553
7.638628
7.654479
7.665909
7.677415
7.688469
7.699637
7.711698
7.722921
7.734279
7.750664
7.762864
7.774754
7.787364
7.799777
7.811915
7.82392
7.83548
7.84751
7.859932
7.87244
7.889488
7.901624
7.914306
7.926507
7.937781
7.948623
7.960066
7.970945
7.981608
7.993041
8.004457
8.015356
8.026938
8.038758
8.049852
8.061154
8.072278
8.083034
8.094172
8.108023
8.119923
8.130774
8.142012
8.153192
8.164527
8.176429
8.188165
8.199473
8.21099
8.222803
8.235051
8.246701
8.257971
8.269204
8.280718
8.292306
8.304322
8.316208
8.328216
8.339198
8.349894
8.360676
8.371024
8.381282
8.391627
8.402802
8.413609
8.424794
8.43979
8.450785
8.462117
8.473898
8.484548
8.497578
8.510569
8.524191
8.536573
8.547777
8.558903
8.574784
8.586003
8.597787
8.609549
8.621178
8.632385
8.643726
8.654975
8.666237
8.677758
8.688683
8.700659
8.71335
8.725606
8.737889
8.749944
8.762277
8.774616
8.787081
8.799318
8.811358
8.824166
8.83603
8.848386
8.86039
8.872522
8.884407
8.89735
8.909643
8.922055
8.933936
8.94724
8.959929
8.972447
8.984534
8.99688
9.009455
9.022042
9.034289
9.046915
9.059113
9.071674
9.084023
9.096357
9.108892
9.121287
9.133356
9.146364
9.158725
9.171273
9.183707
9.195704
9.20709
9.218113
9.230258
9.241985
9.253117
9.264091
9.275327
9.292094
9.304182
9.316306
9.327773
9.339375
9.351228
9.363015
9.374258
9.385723
9.397504
9.409975
9.422685
9.434652
9.44774
9.459791
9.47196
9.483635
9.495689
9.50843
9.520169
9.53215
9.54389
9.554956
9.566418
9.578186
9.589755
9.601373
9.613055
9.624638
9.635737
9.651635
9.663821
9.67641
9.688436
9.700763
9.713616
9.725953
9.738473
9.750469
9.763143
9.776081
9.789203
9.801346
9.813849
9.826559
9.838929
9.851483
9.86383
9.87629
9.889294
9.901619
9.914073
9.926359
9.939465
9.951393
9.963459
9.976713
9.989408
9.999978
10.01576
10.02636
10.03634
10.04773
10.05826
10.06873
10.0792
10.08961
10.10071
10.1116
10.12283
10.13393
10.14482
10.15639
10.16752
10.17843
10.1897
10.20084
10.2128
10.22366
10.25906
10.27042
10.28059
10.29085
10.30161
10.31261
10.32435
10.33613
10.35197
10.36294
10.37394
10.38518
10.39676
10.40815
10.41919
10.42984
10.44102
10.45225
10.46324
10.47459
10.48574
10.49668
10.50828
10.51921
10.53049
10.54209
10.55322
10.56425
10.57602
10.58768
10.59861
10.6095
10.62102
10.63214
10.64313
10.65426
10.66539
10.67675
10.68851
10.69998
10.71242
10.72468
10.73717
10.74887
10.76035
10.77221
10.78379
10.80116
10.81327
10.82559
10.83814
10.84952
10.86139
10.87296
10.88461
10.89696
10.91005
10.92152
10.93346
10.94511
10.95691
10.96897
10.98058
10.99288
11.00527
11.01667
11.02852
11.04071
11.05308
11.06482
11.07734
11.08929
11.10115
11.11313
11.12497
11.13707
11.14915
11.16156
11.17343
11.18478
11.19697
11.20946
11.22166
11.23379
11.24596
11.25787
11.27023
11.28176
11.29334
11.30578
11.31815
11.33101
11.34285
11.35518
11.36697
11.37907
11.39106
11.40307
11.41561
11.42758
TARGET DESTROYED 
11.44013
11.46107
11.47391
11.48553
11.50334
11.51583
11.52771
11.54045
11.5524
11.564
11.57592
11.59591
11.60845
11.62016
11.63128
11.6479
11.66015
11.67255
11.68448
11.69699
11.70915
11.72141
11.73325
11.74548
11.75737
11.76894
11.78072
11.79282
11.80482
11.81668
11.82956
11.84185
11.85447
11.86646
11.87861
11.89059
11.90232
11.91538
11.92755
11.9408
11.95311
11.96573
11.97836
11.99037
12.00236
12.01436
12.02688
12.04012
12.0532
12.06535
12.07781
12.0905
12.1026
12.11478
12.12843
12.14073
12.15323
12.16548
12.17784
12.19003
12.20768
12.21967
12.23243
12.24511
12.25721
12.26886
12.28115
12.294
12.30647
12.31918
12.33224
12.34483
12.35782
12.37084
12.38279
12.39554
12.40786
12.42021
12.4323
12.44499
12.4573
12.46961
12.48167
12.49391
12.50672
12.51935
12.53322
12.54601
12.55841
12.5709
12.58312
12.59609
12.60894
12.62143
12.63368
12.64657
TARGET DESTROYED 
12.65904
12.6782
12.6988
12.7137
12.72618
12.73864
12.7508
12.76321
12.77613
12.78859
12.80101
12.81356
12.82592
12.83867
12.85118
12.86452
12.87719
12.88964
12.90207
12.91965
12.93303
12.94618
12.9584
12.97086
12.98295
12.99586
13.00829
13.02066
13.03328
13.04558
13.05848
13.07142
13.0836
13.09589
13.10874
13.12182
13.13384
13.14643
13.15878
13.1712
13.18327
13.19566
13.20774
13.22015
13.23331
13.24559
13.25783
13.2697
13.28174
13.29349
13.3058
13.31756
13.33054
13.34218
13.35434
13.36625
13.37866
13.3908
13.40252
13.41425
13.42638
13.43927
13.45222
13.46456
13.47659
13.49057
13.50351
13.51569
13.52796
13.54009
13.55188
13.56319
13.57537
13.58703
13.59962
13.6109
13.62277
13.63433
13.65522
13.66745
13.67949
13.69332
13.7058
13.71753
13.7304
13.74244
13.75489
13.76708
13.77933
13.79229
13.80446
13.817
13.82969
13.84197
13.85426
13.86695
13.87913
13.89133
13.90429
13.91564
13.92733
13.93958
13.95056
13.96206
13.97521
13.98871
14.00122
14.01402
14.0272
14.03967
14.05205
14.06388
14.07688
14.09023
14.10292
14.11698
14.13091
14.14389
14.15699
14.17026
14.18333
14.19661
14.20946
14.2226
TARGET DESTROYED 
14.23549
14.25381
14.27381
14.2887
14.30146
14.31427
14.32931
14.34314
14.35617
14.37247
14.38393
14.39555
14.40891
14.42157
14.43449
14.44615
14.45801
14.46898
14.48115
14.49406
14.50679
14.51859
14.54589
14.55727
14.56845
14.57927
14.59059
14.60168
14.61295
14.6242
14.63527
14.64638
14.65761
14.6686
14.67996
14.69135
14.70256
14.71383
14.72505
14.7358
14.74697
14.75867
14.76964
14.78031
14.7919
14.80279
14.81421
14.82541
14.83635
14.84766
14.85874
14.86976
14.88129
14.8924
14.90336
14.91464
14.92596
14.93689
14.9484
14.9593
14.97058
14.98176
14.99313
15.00381
15.01533
15.027
15.03775
15.04857
15.05984
15.07588
15.08716
15.09723
15.10784
15.11868
15.12962
15.14074
15.15158
15.1619
15.17295
15.18441
15.19573
15.20739
15.21807
15.2288
15.24033
15.25118
15.26298
15.27425
15.285
15.29603
15.30742
15.31835
15.32944
15.34065
15.3523
15.36293
15.37423
15.38545
15.39676
15.40794
15.4188
15.43008
15.44175
15.45403
15.46481
15.47559
15.48679
15.49802
15.50959
15.52119
15.53221
15.54331
15.55519
15.56642
15.57737
15.58921
15.60019
15.61153
15.62313
15.63442
15.64827
15.65914
15.66994
15.68009
15.69073
15.70113
15.71143
15.72295
15.73398
15.74494
15.76132
15.77231
15.78303
15.79395
15.80445
15.81471
15.82618
15.83672
15.84733
15.85786
15.86852
15.87931
15.89017
15.9008
15.91135
15.92167
15.93208
15.94313
15.95321
15.96443
15.97592
15.98715
15.99794
16.00963
TARGET DESTROYED 
16.02028
16.03513
16.046
16.05666
16.06801
16.0784
16.08893
16.09917
16.10987
16.12103
16.13225
16.14397
16.16146
16.174
16.18455
16.19482
16.20573
16.21597
16.22781
16.23826
16.24847
16.25945
16.27013
16.28055
16.29066
16.30153
16.31202
16.32269
16.33403
16.34577
16.35639
16.3667
16.37776
16.38911
16.40007
16.41187
16.42259
16.43809
16.44932
16.46059
16.47097
16.48131
16.49289
16.50307
16.51323
16.52369
16.53416
16.5453
16.55654
16.56807
16.5787
16.59033
16.60156
16.61294
16.62439
16.63593
16.6473
16.65945
16.6702
16.68162
16.69289
16.70423
16.71545
16.72639
16.73804
16.74894
16.7598
16.77142
16.78259
16.7933
16.80586
16.81862
16.83179
16.84519
16.85828
16.86966
16.88032
16.89181
16.90274
16.91381
16.92538
16.93618
16.94726
16.95859
16.96968
16.98094
16.99215
17.00317
17.01431
17.0255
17.03688
17.04797
17.05916
17.07053
17.08188
17.09261
17.10431
17.11515
17.13075
17.14167
17.15236
17.16269
17.17297
17.18338
17.19433
17.20472
17.21577
17.22815
17.23944
17.24928
17.26025
17.27145
17.28276
17.29362
17.30511
17.31644
17.32819
17.33949
17.35086
17.36234
17.37406
17.38532
17.39744
17.40808
17.41899
17.42998
17.44129
17.45238
17.46365
17.47478
17.48592
17.49733
17.50873
17.52002
17.53131
17.54259
17.55456
17.56544
17.57676
17.58812
17.59921
17.61038
17.62175
17.63325
17.64801
17.65894
17.66972
17.68053
17.69135
17.70224
17.7136
17.7243
17.73501
17.74537
17.75562
17.76622
17.77721
17.78805
17.79935
17.81578
17.82705
17.83749
17.8483
17.85922
17.8695
17.87979
17.89044
17.9009
17.91141
17.92158
17.93249
17.94391
17.95495
17.96516
17.97683
17.98749
17.99815
18.00934
18.0206
18.03143
18.04272
18.05413
18.0654
18.07661
18.08769
18.09881
18.10985
18.12111
18.1322
18.14433
18.15441
18.16564
18.177
18.18833
18.19932
18.21049
18.22207
18.23339
18.24434
18.2561
18.26735
18.27868
18.28994
18.30148
18.31264
18.32428
18.33576
18.34691
18.35851
18.36963
18.38124
TARGET DESTROYED 
18.39264
18.40765
18.41874
18.42979
18.4405
18.45107
18.4615
18.47231
18.4823
18.49339
18.51587
18.52853
18.53892
18.54913
18.56005
18.57029
18.58082
18.59134
18.60198
18.61231
18.62296
18.6342
18.64536
18.65648
18.66748
18.67873
18.68998
18.70109
18.71213
18.72351
18.73479
18.74586
18.75722
18.76806
18.77927
18.79054
18.80235
18.81273
18.82394
18.83508
18.84626
18.8575
18.86852
18.87989
18.89098
18.90219
18.91322
18.92455
18.93563
18.94695
18.9582
18.97098
18.98131
18.99234
19.00279
19.01373
19.02491
19.03626
19.04743
19.05903
19.07174
19.08236
19.09396
19.10572
19.11741
19.12878
19.14106
19.15191
19.16375
19.17495
19.19154
19.20232
19.21276
19.2236
19.23463
19.2453
19.25562
19.26603
19.27663
19.28679
19.29698
19.30758
19.31887
19.32923
19.33998
19.35132
19.36246
19.37275
19.38301
19.39367
19.40504
19.41611
19.42737
19.43868
19.44962
19.46056
19.47226
19.48291
19.49404
19.50541
19.51668
19.52755
19.53897
19.55003
19.56134
19.57269
19.58371
19.59468
19.60607
19.61722
19.62849
19.6395
19.65383
19.66434
19.67475
19.68477
19.69659
19.7078
19.71915
19.73075
19.74288
19.75365
19.76534
19.77649
19.78832
19.79947
19.81023
19.8219
19.83279
19.84377
19.85556
19.86637
19.88145
19.89228
19.90318
19.91395
19.92486
19.93534
19.94602
19.95662
19.96731
19.9773
19.98897
19.99961
20.01081
20.02226
20.03306
20.04419
20.05605
20.06666
20.07783
20.08919
20.10019
20.11118
20.1227
20.13367
20.14507
20.15619
20.16718
20.17845
20.18958
20.20057
20.21198
20.2233
20.23407
20.24562
20.25681
20.26806
20.27937
20.29057
20.3021
20.31329
20.32484
20.33582
20.34724
20.3582
20.3702
20.38128
20.39233
20.40382
20.41521
20.42621
20.43758
20.44855
20.45975
20.47108
20.48222
20.49337
20.50464
20.51551
20.52706
20.53855
20.54916
20.56055
20.57573
20.58698
20.59749
20.60818
20.61877
20.62906
20.63959
20.65114
20.66156
20.67162
20.68193
20.6927
20.703
20.71358
20.72416
20.73467
20.74521
20.7566
20.76764
20.7788
20.79003
20.80174
20.81255
20.8235
20.83465
20.84566
20.85723
20.86807
20.87932
20.89033
20.90163
20.91254
20.92392
20.93507
20.94613
20.9576
20.96859
20.97964
20.99143
21.00232
21.0138
21.02516
21.03664
TARGET DESTROYED 
21.04822
21.06321
21.07404
21.08452
21.09499
21.10538
21.1164
21.12803
21.13968
21.15104
21.16782
21.18019
21.19199
21.20308
21.21427
21.22579
21.2367
21.24793
21.26297
21.27331
21.28387
21.29375
21.30425
21.31532
21.32677
21.3373
21.34833
21.35946
21.37059
21.3822
21.39302
21.40452
21.4154
21.4272
21.43782
21.44901
21.46019
21.47155
21.48243
21.49338
21.50493
21.51593
21.52709
21.53859
21.54933
21.56061
21.57249
21.58333
21.59485
21.60649
21.6178
21.62917
21.64075
21.65502
21.66568
21.6759
21.68609
21.6981
21.7092
21.72128
21.73222
21.74325
21.75465
21.76574
21.77673
21.78826
21.79897
21.81026
21.82169
21.83243
21.84349
21.8549
21.86627
21.87714
21.88867
21.89947
21.91064
21.92212
21.93334
21.94421
21.95542
21.96652
21.97806
21.9937
22.0042
22.01414
22.02482
22.03514
22.04532
22.05564
22.06615
22.07626
22.08802
22.09898
22.10972
22.12129
22.13239
22.14328
22.15463
22.16589
22.17674
22.18816
22.19923
22.21027
22.22188
22.23291
22.24405
22.25549
22.26611
22.27733
22.28868
22.29983
22.31088
22.3225
22.33319
22.34433
22.35609
22.36686
22.37815
22.38972
22.40112
22.41214
22.42356
22.43506
22.44622
22.45759
22.46897
22.48034
22.49164
22.50283
22.51441
22.52595
22.53755
22.54849
22.55991
22.57082
22.58226
22.59313
22.6046
22.61543
22.62654
22.63809
22.64937
22.66019
22.67166
22.68251
22.69364
22.70539
22.72172
22.73292
22.74393
22.7538
22.76446
22.77521
22.78477
22.7947
22.80467
22.81497
22.82569
22.83544
22.84552
22.85664
22.86738
22.87887
22.89014
22.90105
22.91216
22.92365
22.93449
22.94607
22.95704
22.96804
22.97927
22.99076
23.00149
23.01253
23.02394
23.03556
23.04632
23.05742
23.0683
23.0797
23.09109
23.10197
23.11365
23.12505
23.13541
23.14672
23.15797
23.16894
23.1803
23.19182
23.20298
23.21457
23.2261
23.2377
23.24891
23.26049
23.27203
23.28325
23.2946
23.30644
23.31799
23.32917
23.34057
23.35221
23.36321
23.37469
23.38619
23.39727
23.4088
23.41972
23.43082
23.44679
23.45762
23.46757
23.47839
23.48894
23.49976
23.50995
23.51998
23.53069
23.54175
23.55151
23.56095
23.57174
23.58299
23.59407
23.60552
23.6164
23.62752
23.63897
23.65272
23.66339
23.67397
23.68427
23.69496
23.7061
23.7173
23.72803
23.73978
23.75028
23.76156
23.77273
23.78386
23.79499
23.80649
23.81782
23.82843
23.83991
23.85081
23.86237
23.87381
23.88524
23.89698
23.90794
23.91934
23.93076
23.942
23.95338
23.9648
23.97691
23.98816
23.99925
24.01043
24.02198
24.03327
24.0444
24.05623
24.06709
24.07838
24.0899
24.10109
24.11218
24.12335
24.13468
24.14604
24.15773
24.17374
24.18662
24.1967
24.20786
24.21926
24.23026
24.24138
24.2527
24.26381
24.27496
24.28616
24.29721
24.30853
24.31955
24.33063
24.34224
24.35299
24.36445
24.3753
24.38674
24.39789
24.40961
24.42011
24.43127
24.44261
24.45364
TARGET DESTROYED 
24.46479
24.48954
24.50041
24.51075
24.52079
24.53198
24.54299
24.55441
24.56539
24.5765
24.58833
24.59931
24.61825
24.62972
24.6403
24.6511
24.66102
24.671
24.68127
24.69155
24.70157
24.71197
24.72215
24.73286
24.74385
24.75593
24.76632
24.77735
24.78903
24.79976
24.81131
24.82225
24.83787
24.84783
24.85859
24.86837
24.87862
24.88937
24.90044
24.91183
24.92335
24.93405
24.94533
24.95656
24.9677
24.97894
24.99091
25.00134
25.01229
25.02345
25.03466
25.04576
25.05724
25.06945
25.07992
25.09156
25.1031
25.11465
25.12585
25.13759
25.17532
25.18811
25.19919
25.20978
25.22082
25.23217
25.24292
25.25296
25.26301
25.2742
25.28492
25.29513
25.30573
25.31646
25.32702
25.33741
25.34783
25.35908
25.37043
25.38132
25.39214
25.40285
25.41414
25.42525
25.4365
25.44809
25.45884
25.47005
25.4812
25.49235
25.50356
25.51482
25.52618
25.53785
25.54831
25.55925
25.57399
25.58381
25.59381
25.60433
25.61515
25.62645
25.63764
25.65133
25.66116
25.67132
25.68235
25.69365
25.70485
25.71577
25.72699
25.73829
25.75267
25.76268
25.77293
25.78288
25.79433
25.80641
25.81844
25.83024
25.84216
25.85343
25.86443
25.87552
25.88673
25.89794
25.90908
25.92004
25.93127
25.94264
25.95377
25.96504
25.97599
25.98734
25.99866
26.00986
26.02092
26.03196
26.04307
26.05438
26.06581
26.07697
26.09205
26.10259
26.11236
26.12328
26.13359
26.14351
26.15392
26.16591
26.17637
26.18741
26.19866
26.2096
26.221
26.23221
26.24317
26.25459
26.2695
26.28018
26.29538
26.30613
26.31648
26.32702
26.33706
26.3473
26.35778
26.3674
26.37778
26.38787
26.39876
26.40905
26.41942
26.43062
26.44195
26.45287
26.46418
26.47812
