0.02
0.04
0.14
0.183759
0.1959931
0.2064005
0.2157253
0.2255668
0.2350157
0.2446385
0.2557029
0.2676111
0.2784837
0.2891876
0.3002094
0.3112668
0.3228541
0.333652
0.3453571
0.3580913
0.3691773
0.3797605
0.3898205
0.4014102
0.411954
0.4233136
0.4342028
0.4456427
0.4586752
0.4702023
0.4799765
0.4899059
0.5011468
0.5156323
0.5251271
0.5345551
0.5462284
0.5575322
0.568255
0.5795472
0.5904792
0.6019379
0.6129456
0.624087
0.6354488
0.6467205
0.6576878
0.6689155
0.6801099
0.6912193
0.7022465
0.7137831
0.7245948
0.7362217
0.747146
0.758716
0.7758391
0.7886612
0.801714
0.8140498
0.8251819
0.8365232
0.8476734
0.8589765
0.8706797
0.8807965
0.8923444
0.9040996
0.9160292
0.9276066
0.937616
0.9480565
0.9591998
0.9707657
0.9815793
0.9925145
1.004062
1.015165
1.026052
1.037662
1.048568
1.059648
1.071296
1.081965
1.093082
1.10474
1.115586
1.126529
1.138278
1.148977
1.160621
1.172018
1.18251
1.193589
1.205539
1.215932
1.227484
1.238737
1.249612
1.26063
1.27206
1.283418
1.295221
1.306347
1.318058
1.32962
1.341046
1.352634
1.364019
1.375547
1.38776
1.398692
1.410236
1.421698
1.4329
1.444426
1.455993
1.466736
1.478022
1.489253
1.500188
1.511477
1.522547
1.533972
1.545661
1.556315
1.570624
1.580764
1.590528
1.599971
1.610092
1.621788
1.632809
1.643873
1.655097
1.670814
1.680558
1.699512
1.710606
1.721364
1.731423
1.74205
1.75236
1.76374
1.77443
1.785721
1.797069
1.808183
1.819214
1.830523
1.841554
1.853091
1.864075
1.875025
1.886423
1.897364
1.908846
1.920216
1.930933
1.941976
1.953528
1.964516
1.97597
1.987332
1.997954
2.009538
2.020554
2.031648
2.044147
2.056773
2.068759
2.079627
2.091808
2.103387
2.114102
2.124
2.133846
2.143604
2.15475
2.166027
2.178691
2.190601
2.205128
2.2148
2.224915
2.234646
2.244724
2.255095
2.266214
2.277253
2.28879
2.303191
2.314196
2.330507
2.341761
2.352097
2.363148
2.373943
2.385592
2.396025
2.40655
2.417517
2.428054
2.438781
2.449597
2.461553
2.472826
2.483543
2.494125
2.504956
2.515488
2.526021
2.53646
2.547265
2.558917
2.569466
2.579705
2.59027
2.601072
2.612478
2.623419
2.634846
2.645909
2.657261
2.668217
2.680044
2.690705
2.701688
2.713099
2.723866
2.735259
2.746616
2.757626
2.768815
2.780021
2.791991
2.803201
2.814431
2.825386
2.837207
2.848436
2.859782
2.871166
2.882437
2.893977
2.905228
2.916543
2.928126
2.939437
2.950955
2.962263
2.974306
2.984882
2.996058
3.007468
3.024152
3.035364
3.046048
3.057295
3.068667
3.079428
3.090346
3.101552
3.112553
3.123429
3.13392
3.144902
3.155448
3.166454
3.177028
3.187517
3.198406
3.209262
3.220062
3.230565
3.241465
3.253033
3.263462
3.274148
3.284852
3.29544
3.306288
3.316873
3.327308
3.338519
3.350001
3.361335
3.37221
3.383072
3.395061
3.406005
3.416886
3.427975
3.439078
3.450457
3.462239
3.474033
3.484868
3.494766
3.505823
3.517207
3.52907
3.539498
3.551085
3.562568
3.573621
3.585029
3.596697
3.608226
3.620148
3.631189
3.643422
3.654342
3.665256
3.676657
3.688409
3.699512
3.715253
3.725957
3.735961
3.746069
3.756173
3.765985
3.776741
3.79176
3.802903
3.814635
3.825697
3.836173
3.846824
3.864694
3.876652
3.887403
3.898138
3.909138
3.920037
3.930385
3.941687
3.953204
3.96433
3.975452
3.98636
3.997503
4.008753
4.019785
4.031056
4.042213
4.053482
4.06427
4.075602
4.086765
4.097955
4.109399
4.120624
4.13164
4.143036
4.154024
4.16488
4.175948
4.187778
4.198461
4.210795
4.22251
4.233257
4.243589
4.254439
4.266039
4.277421
4.288256
4.299068
4.31016
4.321574
4.332419
4.344205
4.355383
4.366955
4.378672
4.394737
4.406048
4.417161
4.429053
4.440208
4.451344
4.463193
4.474552
4.485631
4.497093
4.508869
4.519442
4.530387
4.54185
4.552413
4.568065
4.578989
4.589677
4.600666
4.61173
4.623044
4.634303
4.645149
4.657034
4.668164
4.67876
4.690306
4.701257
4.712568
4.723282
4.734495
4.74575
4.757066
4.767992
4.779338
4.790349
4.801464
4.813043
4.824069
4.835192
4.846622
4.857761
4.868955
4.880209
4.891182
4.902114
4.913441
4.924396
4.935706
4.946893
4.958318
4.969759
4.980769
4.991817
5.002851
5.013697
5.024915
5.03658
5.047912
5.059437
5.07059
5.082381
5.099241
5.111194
5.122925
5.134492
5.145825
5.157148
5.16864
5.180534
5.193073
5.204258
5.215608
5.227251
5.238839
5.250439
5.261786
5.273395
5.285274
5.297306
5.309269
5.31999
5.331153
5.342633
5.353777
5.364853
5.376485
5.387965
5.398995
5.414082
5.42602
5.438546
5.450227
5.463102
5.474928
5.487052
5.498209
5.508914
5.51989
5.530517
5.541445
5.552195
5.563817
5.575041
5.586223
5.601753
5.61381
5.625618
5.63708
5.648712
5.661203
5.673022
5.684665
5.696137
5.707753
5.719454
5.730821
5.743186
5.755704
5.768599
5.78036
5.792437
5.809494
5.82218
5.834065
5.845661
5.858541
5.870722
5.882701
5.894885
5.906794
5.918724
5.930303
5.942508
5.953518
5.965464
5.977406
5.989256
6.001122
6.013071
6.025088
6.036818
6.0488
6.060823
6.073446
6.08568
6.097513
6.109354
6.121188
6.132258
6.144541
6.156186
6.168981
6.180689
6.192935
6.20518
6.217358
6.229484
6.241769
6.253964
6.265421
6.277999
6.289503
6.301246
6.312731
6.324645
6.336749
6.348564
6.361187
6.373178
6.384825
6.397273
6.409176
6.422593
6.434327
6.445972
6.458544
6.471162
6.482858
6.494739
6.506225
6.518812
6.535162
6.547947
6.55964
6.57135
6.583155
6.595193
6.606994
6.618831
6.630408
6.64296
6.654847
6.666931
6.678805
6.691531
6.703492
6.715275
6.727249
6.739249
6.75103
6.762814
6.774954
6.787479
6.800031
6.812176
6.824317
6.837464
6.849781
6.862191
6.873878
6.885881
6.898163
6.910655
6.922401
6.934421
6.946513
6.95777
6.969522
6.980789
6.992392
7.00381
7.014853
7.026038
7.041722
7.053917
7.065954
7.078454
7.090284
7.102651
7.114709
7.126792
7.13847
7.150737
7.162575
7.174265
7.185986
7.197601
7.210105
7.221782
7.232776
7.248723
7.259582
7.270303
7.281454
7.292562
7.304269
7.315
7.326215
7.337444
7.348389
7.359394
7.370701
7.381774
7.393312
7.404728
7.415514
7.426396
7.437984
7.449057
7.460552
7.472268
7.483713
7.493868
7.504859
7.515917
7.527232
7.538302
7.549464
7.560938
7.572349
7.583433
7.599229
7.611803
7.62357
7.635406
7.647208
7.659321
7.671889
7.683524
7.695053
7.706844
7.718608
7.730597
7.74258
7.754074
7.766682
7.778266
7.790041
7.801522
7.813238
7.825041
7.836464
7.848776
7.860914
7.874588
7.886725
7.89856
7.910872
7.923198
7.934938
7.9469
7.963737
7.975772
7.987653
7.999613
8.01126
8.023164
8.034735
8.04681
8.058825
8.070377
8.082108
8.093756
8.105517
8.117797
8.130443
8.142167
8.153605
8.164986
8.177034
8.188748
8.200747
8.212192
8.224032
8.236192
8.247952
8.259854
8.271476
8.28321
8.294747
8.306786
8.319669
8.331345
8.343407
8.354903
8.366852
8.378639
8.39097
8.403614
8.415511
8.427587
8.439557
8.451335
8.463602
8.47624
8.488564
8.500576
8.512339
8.524538
8.536569
8.548417
8.561404
8.572613
8.584022
8.596017
8.607724
8.619022
8.630727
8.642126
8.653304
8.674809
8.687527
8.700026
8.711747
8.723884
8.736458
8.74835
8.760577
8.773086
8.813444
8.826797
8.838607
8.85115
8.8633
8.875691
8.887871
8.900261
8.912418
8.924105
8.936228
8.948652
8.96063
8.972749
8.984465
8.997496
9.009774
9.021736
9.033858
9.046396
9.058932
9.070301
9.0822
9.094309
9.106212
9.118139
9.130609
9.142756
9.154608
9.166814
9.178965
9.191441
9.203362
9.214782
9.226536
9.238845
9.250572
9.262913
9.274803
9.286877
9.298862
9.311607
9.324103
9.336218
9.348362
9.360176
9.371721
9.383462
9.395139
9.412775
9.424651
9.435147
9.446516
9.458782
9.471704
9.483518
9.494391
9.505154
9.516442
9.527145
9.538375
9.549487
9.560951
9.571992
9.583436
9.598758
9.610638
9.622587
9.634259
9.646393
9.658918
9.670671
9.682993
9.69505
9.706293
9.717791
9.730031
9.741882
9.754512
9.766569
9.778162
9.789973
9.801439
9.813099
9.824942
9.836703
9.847858
9.859679
9.871213
9.883083
9.895062
9.906373
9.918074
9.929795
9.941885
9.952939
9.963939
9.975482
9.986478
9.996901
10.00815
10.01943
10.03011
10.04159
10.05235
10.06318
10.07432
10.08507
10.0964
10.11334
10.12461
10.13559
10.1465
10.15773
10.16918
10.1797
10.19075
10.20306
10.21333
10.22345
10.23332
10.24368
10.25424
10.26439
10.2749
10.28598
10.29718
10.30831
10.31964
10.33057
10.34202
10.35305
10.36441
10.37608
10.38722
10.39826
10.40961
10.42087
10.43161
10.44294
10.45472
10.46793
10.48294
10.4941
10.50438
10.5154
10.52571
10.53597
10.54616
10.55658
10.57099
10.58357
10.59501
10.60545
10.61565
10.62564
10.63574
10.64603
10.65645
10.67126
10.68295
10.69392
10.7048
10.71569
10.7265
10.73766
10.74879
10.76057
10.77178
10.78288
10.79386
10.80475
10.81568
10.82651
10.83706
10.84781
10.8592
10.86981
10.88588
10.89716
10.90859
10.91901
10.93023
10.94169
10.95216
10.96304
10.9751
10.98593
10.99683
11.00824
11.01909
11.03009
11.04151
11.05183
11.06255
11.07402
11.0845
11.09529
11.10657
11.117
11.12801
11.13918
11.14993
11.16168
11.17304
11.18332
11.20597
11.21727
11.228
11.23888
11.24987
11.26035
11.27168
11.28242
11.29302
11.30369
11.31484
11.32504
11.33602
11.34701
11.35887
11.36981
11.3807
11.39163
11.40316
11.41428
11.42554
11.43696
11.44862
11.46014
11.47439
11.48618
11.4964
11.50658
11.51661
11.52686
11.53738
11.54824
11.55932
11.57089
11.58203
TARGET DESTROYED 
11.60189
11.62257
11.63453
11.64549
11.65614
11.66732
11.68772
11.70076
11.71159
11.72242
11.73324
11.74378
11.75508
11.76582
11.77648
11.78719
11.79841
11.80914
11.82085
11.83149
11.84264
11.85312
11.8633
11.87416
11.88466
11.89513
11.90574
11.91774
11.9283
11.93935
11.95022
11.96136
11.97276
11.98385
11.99496
12.00606
12.01775
12.02877
12.04022
12.05069
12.0619
12.07308
12.08425
12.09566
12.10664
12.11783
12.12924
12.14014
12.15141
12.16255
12.17371
12.18482
12.19611
12.20737
12.21838
12.22957
12.24603
12.25709
12.26749
12.27842
12.28976
12.30024
12.31066
12.32164
12.33247
12.34304
12.35433
12.36532
12.3762
12.38777
12.39865
12.41028
12.42149
12.43263
12.44361
12.45485
12.46595
12.47686
12.48825
12.4991
12.51019
12.5215
12.53272
12.54384
12.55529
12.56712
12.57821
12.58932
12.60014
12.61079
12.62241
12.6336
12.64497
12.65647
12.66782
12.67911
12.69103
12.70178
12.71338
12.72462
12.73599
12.74727
12.75884
12.77019
12.78122
12.79235
12.80417
12.81509
12.82641
TARGET DESTROYED 
12.83809
12.85369
12.86548
12.87618
12.88679
12.89715
12.90797
12.92376
12.94193
12.95426
12.96528
12.9783
12.98932
13.00019
13.01163
13.02256
13.03369
13.04499
13.05605
13.06723
13.07946
13.09093
13.10092
13.11207
13.12426
13.13445
13.14541
13.15656
13.16798
13.17897
13.19005
13.20125
13.21253
13.22366
13.23498
13.24619
13.25713
13.26828
13.27957
13.29093
13.30224
13.31303
13.3245
13.33543
13.34665
13.35784
13.36894
13.38025
13.39215
13.40271
13.41344
13.4246
13.43577
13.44705
13.45893
13.47101
13.48173
13.4938
13.50519
13.51673
13.52848
13.53967
13.5513
13.56328
13.57373
13.58526
13.60023
13.61065
13.62577
13.6364
13.64833
13.65956
13.67062
13.68168
13.69724
13.7085
13.719
13.72979
13.74093
13.75168
13.76211
13.77334
13.78344
13.79398
13.80489
13.81597
13.8267
13.8382
13.84943
13.86069
13.87164
13.88267
13.89375
13.90515
13.9162
13.92732
13.93869
13.94972
13.96094
13.97248
13.98304
13.99448
14.00554
14.01722
14.02789
14.03935
14.05074
14.06211
14.07373
14.08525
14.09641
14.10793
14.11947
14.13079
14.1425
14.15477
14.1678
14.18078
14.19242
14.20404
14.2155
14.22849
14.24013
14.25166
14.2625
14.27373
14.28477
14.29629
14.31824
14.33134
14.34427
14.35529
14.36602
14.37729
14.38946
14.40238
14.41502
14.42734
14.43993
14.45106
14.46391
14.47559
14.48689
14.49888
14.50989
14.521
14.53219
14.5431
14.55423
14.5662
14.57696
14.58803
14.59933
14.61007
14.62132
14.63289
14.64389
14.65524
14.66707
14.69256
14.7049
14.7168
14.72798
14.73969
14.75079
14.76175
14.77398
14.78472
14.79617
14.80738
14.81824
14.82922
14.84072
14.85126
14.86198
TARGET DESTROYED 
14.87399
14.88921
14.90066
14.91172
14.92289
14.93342
14.94427
14.962
14.97496
14.9854
14.99651
15.01269
15.02881
15.04009
15.05097
15.06188
15.07359
15.0851
15.09634
15.10804
15.119
15.1307
15.14261
15.15361
15.16515
15.17614
15.18733
15.1986
15.21003
15.22108
15.23227
15.24388
15.25533
15.26706
15.27924
15.29137
15.30209
15.31356
15.32517
15.33636
15.3475
15.35895
15.36986
15.38145
15.39278
15.40364
15.41472
15.42639
15.43768
15.44865
15.45998
15.47163
15.48289
15.49428
15.5051
15.51556
15.52608
15.53686
15.54712
15.55867
15.56977
15.5809
15.59692
15.60976
15.62273
15.63558
15.64789
15.66076
15.67455
15.68782
15.70661
15.72023
15.7337
15.74658
15.76069
15.77475
15.78764
15.80136
15.81418
15.82717
15.84044
15.85346
15.86685
15.88751
15.90925
15.93021
15.95101
15.97301
15.99424
16.01525
16.03581
16.05756
16.07874
16.09426
16.11698
16.13914
16.16167
16.1845
16.20622
16.22881
16.25065
16.2732
16.29548
16.31782
TARGET DESTROYED 
16.34037
16.3628
16.38513
16.4072
16.42978
16.45185
16.47408
16.49672
16.5189
16.54165
16.56362
16.58648
16.6084
16.63056
16.65296
16.67518
16.69802
16.72052
16.74254
16.75404
16.76542
16.7764
16.78753
16.79897
16.8096
16.82077
16.83221
16.84338
16.85493
16.86636
16.87825
16.89101
16.90261
16.91417
16.92578
16.93751
16.94908
16.9603
16.9722
16.98356
16.99529
17.00728
17.01814
17.02933
17.04099
17.0522
17.06366
17.07506
17.08601
17.09759
17.10909
17.12029
17.13211
17.14424
17.15577
17.16719
17.17842
17.19004
17.20118
17.21255
17.2243
17.23534
17.24696
17.25848
17.26962
17.28108
17.29205
17.30357
17.31493
17.32605
17.33751
17.35497
17.36683
17.37976
17.39139
17.4021
17.4131
17.42459
17.43567
17.44677
17.4584
17.46965
17.48159
17.49197
17.50317
17.51377
17.5243
17.53507
17.54641
17.55762
17.56885
17.58048
17.59744
17.60875
17.62032
17.63188
17.64327
17.65459
17.66615
17.67748
17.68865
17.70025
17.71154
17.72305
17.73393
17.74553
17.75741
17.76871
17.78097
17.79268
17.8038
17.81493
17.82615
17.83724
17.84889
17.86004
17.87144
17.88286
17.89414
17.90506
17.91661
17.92756
17.93852
17.95025
17.96135
17.97377
17.98473
17.99601
18.00758
18.01962
18.03093
18.04224
18.05361
18.07076
18.08269
18.09418
18.10596
18.11652
18.12774
18.13911
18.14995
18.16113
18.17258
18.18369
18.1947
18.20618
18.21718
18.2284
18.23995
18.2515
18.26273
18.27444
18.28522
18.29679
18.30816
18.31886
18.33005
18.34153
18.35238
18.36357
18.37483
18.3858
18.39734
18.40894
18.42082
18.43229
18.44355
18.45526
18.46702
18.4791
18.49091
18.50373
18.51546
18.52643
18.53782
18.54926
18.56042
18.57214
18.58413
18.59639
18.60802
18.61879
18.63055
18.64211
TARGET DESTROYED 
18.65287
18.66909
18.68106
18.69201
18.70385
18.71534
18.72682
18.74574
18.76391
18.77522
18.78642
18.79819
18.80935
18.82032
18.83167
18.84293
18.85412
18.86529
18.87621
18.88788
18.89911
18.91029
18.92146
18.93244
18.94334
18.95469
18.96597
18.9768
18.98791
18.99924
19.01027
19.02163
19.03262
19.04423
19.05579
19.06674
19.07794
19.08952
19.10044
19.1115
19.12315
19.13386
19.14473
19.15655
19.16762
19.17861
19.19013
19.20181
19.21305
19.22443
19.23524
19.24633
19.25808
19.26942
19.2808
19.29187
19.30313
19.31486
19.32584
19.33681
19.34825
19.36002
19.37097
19.38246
19.39404
19.40586
19.41662
19.4286
19.4406
19.45165
19.46976
19.4819
19.49246
19.5031
19.51398
19.525
19.53526
19.54573
19.55747
19.56817
19.57941
19.59453
19.61511
19.62584
19.63631
19.64674
19.65808
19.66885
19.68056
19.69565
19.70763
19.71852
19.72998
19.74139
19.75236
19.76403
19.77488
19.78564
19.79698
19.80882
19.82003
19.83202
19.84316
19.85452
19.86581
19.87679
19.88824
19.89952
19.91057
19.92234
19.93332
19.94425
19.95607
19.96703
19.97914
19.991
20.00245
20.01498
20.02632
20.03759
20.04879
20.05992
20.07112
20.08259
20.09424
20.10554
20.1164
20.12769
20.13965
20.15042
20.16138
20.17892
20.19041
20.20304
20.21505
20.22722
20.23882
20.24963
20.26099
20.27277
20.2842
20.29567
20.30711
20.31797
20.32919
20.34053
20.35123
20.36263
20.37454
20.38561
20.39703
20.40813
20.41976
20.43142
20.4435
20.45517
20.46704
20.4786
20.49027
20.50109
20.51269
20.52419
20.53525
20.54713
20.5606
20.57444
20.58632
20.59964
20.61125
20.62316
20.634
20.64513
20.65685
20.66829
20.68013
20.69137
20.70232
20.71477
20.72621
20.7375
20.74967
20.7622
20.77414
20.78578
20.79788
20.80964
20.82076
20.8328
20.84504
20.85729
20.86853
20.88034
20.89834
20.91031
20.92288
20.9343
20.94611
20.9585
20.96983
20.98193
20.99306
21.00431
21.01575
21.02698
21.03934
21.05028
21.06195
TARGET DESTROYED 
21.07429
21.09061
21.10269
21.11437
21.12589
21.13739
21.14935
21.16128
21.17302
21.18487
21.19642
21.20795
21.21915
21.23148
21.25019
21.26308
21.27521
21.28657
21.2981
21.30951
21.32197
21.3332
21.34417
21.35589
21.36672
21.37813
21.39019
21.40183
21.41373
21.42554
21.43679
21.44958
21.46174
21.47416
21.48569
21.4972
21.50859
21.52046
21.53187
21.54335
21.55478
21.56602
21.57693
21.58801
21.60378
21.61562
21.63248
21.64494
21.65752
21.66874
21.68071
21.69208
21.70358
21.71591
21.72779
21.74003
21.75234
21.76412
21.77568
21.78858
21.80039
21.81241
21.82472
21.8363
21.84873
21.86131
21.87359
21.88462
21.89632
21.90812
21.91968
21.93153
21.94312
21.95556
21.96735
21.97925
21.99131
22.00331
22.01489
22.02612
22.03729
22.04921
22.0611
22.07398
22.08572
22.09783
22.10955
22.12158
22.13338
22.14512
22.15763
22.16999
22.18179
22.19319
22.20465
22.21686
22.22857
22.24057
22.25181
22.26438
22.27628
22.28814
22.30022
22.31143
22.32376
22.33534
22.34787
22.3602
22.37203
22.38322
22.40029
22.41262
22.42501
22.4366
22.44953
22.46173
22.47504
22.48661
22.49861
22.51031
22.52303
22.53461
22.54639
22.55879
22.57038
22.58236
22.59387
22.60705
22.61847
22.6309
22.64276
22.65452
22.66666
22.67882
22.69086
22.70252
22.7148
22.72618
22.73824
22.75103
22.76267
22.77479
22.78623
22.79819
22.80993
22.82191
22.83313
22.84523
22.85751
22.86947
22.88186
22.89384
22.90586
22.91735
22.92928
22.94177
22.95303
22.96524
22.97673
22.98881
22.99991
23.01171
23.02407
23.03549
23.04773
23.05958
23.07125
23.08385
23.09569
23.10785
23.12038
23.13211
23.14427
23.16112
23.17328
23.18445
23.19597
23.20794
23.21964
23.23186
23.24327
23.25527
23.267
23.27858
23.29078
23.30189
23.31403
23.32553
23.33705
23.34945
23.36152
23.3736
23.38484
23.39674
23.40847
23.41988
23.43181
23.44417
23.4565
23.46883
23.48088
23.49265
23.50427
23.51594
23.52703
23.53875
23.54965
23.56168
23.57288
23.58434
23.59934
23.61185
23.62424
23.6356
23.64764
23.65915
23.671
23.68283
23.69503
23.70749
23.72025
23.73213
23.74377
23.75586
23.7681
23.77923
23.79129
23.80256
23.81522
23.82668
23.83861
23.85018
23.86175
23.87402
23.88523
23.89785
23.91444
23.92649
23.93868
23.95018
23.96205
23.9742
23.98581
23.99803
24.00996
24.02201
24.03402
24.04573
24.05789
24.06985
24.08167
24.09349
24.10598
24.11736
24.12905
24.14137
24.15318
24.16503
24.17635
24.18862
24.2004
24.21208
24.22435
24.23599
24.24853
24.26049
24.27223
24.28363
24.29497
24.30773
24.31892
24.33218
24.3445
24.35679
24.36864
24.38123
24.39354
24.40532
24.41676
24.42849
24.44049
24.45237
24.47401
24.48599
24.49797
24.50989
24.52281
24.53466
24.54677
24.56026
TARGET DESTROYED 
24.57239
24.59931
24.61202
24.62381
24.6351
24.65237
24.67384
24.68709
24.69913
24.71127
24.72457
24.73549
24.74734
24.75871
24.77066
24.78264
24.79449
24.80698
24.81817
24.82998
24.84158
24.85312
24.86535
24.87682
24.88954
24.90094
24.91321
24.92527
24.93664
24.94838
24.96026
24.97268
24.98411
24.99583
25.008
25.01949
25.03091
25.0426
25.0546
25.06592
25.07744
25.0895
25.10077
25.11306
25.12543
25.13696
25.14895
25.16044
25.17322
25.1848
25.19717
25.20906
25.22096
25.2328
25.24424
25.25632
25.26821
25.28045
25.2921
25.30481
25.31687
25.32914
25.34122
25.35286
25.36506
25.37793
25.39496
25.40701
25.41937
25.43151
25.44361
25.45657
25.4684
25.48352
25.49763
25.51116
25.52509
25.53982
25.55412
25.5677
25.58124
25.59914
25.61263
25.62577
25.63954
25.65315
25.67665
25.69092
25.70905
25.72447
25.73973
25.75531
25.77047
25.78477
25.79893
25.81301
25.82777
25.84225
25.85715
25.89167
25.90756
25.9225
25.93728
25.95175
25.96607
25.98033
25.9949
26.00952
26.02399
26.03794
26.05256
26.06712
26.08117
26.09576
26.1101
26.12547
26.13985
26.15387
26.16883
26.1835
26.19732
26.2116
26.22555
26.24428
26.25899
26.27257
26.28461
26.297
26.30829
26.31937
26.33241
26.34473
26.35694
26.36918
26.38207
26.39325
26.405
26.41607
26.42801
26.44026
26.45166
26.46434
26.47603
26.48798
26.50355
26.51599
26.52809
26.5401
26.55146
26.5639
26.57587
26.58857
26.60252
