0.02
0.04
0.14
0.1714867
0.1832544
0.1941937
0.2052925
0.2163499
0.2270682
0.2392673
0.2497697
0.2608252
0.2731607
0.2866937
0.2985743
0.3086488
0.3188615
0.3289735
0.3391086
0.3501891
0.3611319
0.3722073
0.3833565
0.3983543
0.4085259
0.4186742
0.4285035
0.4393515
0.4509712
0.4616356
0.4728185
0.4841967
0.4950247
0.5063006
0.5175084
0.5286971
0.5397843
0.5514073
0.5620579
0.5733649
0.5846536
0.5957947
0.6069471
0.6184254
0.6292691
0.6404237
0.6517766
0.6627197
0.6740351
0.6852503
0.6961688
0.7074203
0.7188915
0.7298536
0.7408674
0.7522369
0.7634659
0.7743286
0.7857036
0.7966484
0.8079656
0.8194253
0.8311619
0.8416159
0.852756
0.8637294
0.8748705
0.8909686
0.9023917
0.9135643
0.9244527
0.9358809
0.9469408
0.9580133
0.9693312
0.9803569
0.9915757
1.00317
1.014174
1.024957
1.036826
1.047498
1.058834
1.070166
1.081254
1.092113
1.103299
1.114474
1.125704
1.137485
1.147802
1.159023
1.170326
1.181636
1.19265
1.207432
1.217247
1.227477
1.237666
1.247826
1.258886
1.269215
1.280046
1.291051
1.302547
1.313735
1.324553
1.336467
1.347035
1.357991
1.369434
1.380768
1.391718
1.402795
1.413883
1.425148
1.436432
1.447371
1.458674
1.470062
1.481218
1.492426
1.503526
1.514338
1.525632
1.537109
1.548054
1.559254
1.570815
1.581892
1.593162
1.604312
1.615803
1.626995
1.638436
1.649779
1.661592
1.672177
1.683763
1.695796
1.706245
1.717894
1.729675
1.739952
1.751489
1.762235
1.773468
1.785148
1.795689
1.806792
1.819017
1.829388
1.840479
1.852176
1.862724
1.873932
1.885575
1.896333
1.907349
1.918694
1.929824
1.941241
1.95232
1.963389
1.974695
1.985887
2.002208
2.012818
2.023361
2.033317
2.043547
2.054031
2.064021
2.073896
2.084402
2.094062
2.104159
2.114864
2.125926
2.138154
2.148472
2.159633
2.170843
2.182332
2.192881
2.204173
2.215344
2.226446
2.237706
2.248775
2.259941
2.271225
2.282337
2.293462
2.305183
2.316066
2.326806
2.338038
2.349615
2.360799
2.371589
2.382769
2.393912
2.405844
2.41664
2.428057
2.439407
2.451195
2.462307
2.473957
2.4852
2.496495
2.508318
2.519735
2.53088
2.542267
2.553597
2.565021
2.576414
2.587949
2.598992
2.610539
2.622195
2.637036
2.648315
2.659558
2.671101
2.681936
2.692794
2.70367
2.714527
2.725681
2.73665
2.747265
2.758428
TARGET DESTROYED 
2.768925
2.793915
2.814307
2.826361
2.837115
2.847668
2.858304
2.86892
2.879507
2.890326
2.901612
2.912234
2.922961
2.933648
2.945231
2.956254
2.967625
2.97862
2.989525
2.999967
3.01191
3.022971
3.033414
3.044787
3.056041
3.066928
3.077715
3.088573
3.09921
3.110644
3.12134
3.131792
3.142224
3.153413
3.164907
3.175912
3.187226
3.198293
3.209467
3.220308
3.231794
3.242785
3.254326
3.265239
3.276347
3.287773
3.298658
3.309786
3.321652
3.332362
3.343482
3.354492
3.365744
3.376961
3.388313
3.400331
3.412254
3.424552
3.435533
3.447059
3.4589
3.470621
3.4819
3.493261
3.504515
3.515918
3.527159
3.538214
3.549491
3.560776
3.576022
3.586464
3.596422
3.607104
3.617369
TARGET DESTROYED 
3.627845
3.642352
3.653315
3.663518
3.674155
3.6843
3.694765
3.705018
3.71538
3.726538
3.743899
3.755814
3.768323
3.7792
3.790249
3.801589
3.812573
3.823919
3.835419
3.846012
3.85726
3.868819
3.879748
3.890857
3.902267
3.91366
3.92406
3.935725
3.946598
3.957812
3.969438
3.980126
3.991701
4.002594
4.013638
4.024744
4.036424
4.047088
4.058293
4.069803
4.080762
4.091798
4.10321
4.114043
4.125412
4.136609
4.147613
4.158906
4.169956
4.181221
4.192471
4.20355
4.214625
4.22608
4.237354
4.24896
4.260235
4.272231
4.283576
4.294947
4.306464
4.318621
4.330249
4.341259
4.35779
4.368959
4.379621
4.390551
4.401374
4.411663
4.422878
4.433229
4.444235
4.454665
4.464532
4.475321
4.486009
4.49625
4.507354
4.517821
4.528074
4.538673
4.54963
4.561257
4.572146
4.583256
4.594561
4.605934
4.616941
4.628
4.639229
4.650679
4.662029
4.673481
4.698188
4.709719
4.720779
4.731634
4.745132
4.756024
4.766574
4.777837
4.789218
4.799895
4.810868
4.821767
4.832787
4.843663
4.855604
4.867623
4.878546
4.889491
4.901237
4.912476
4.924372
4.935668
4.946277
4.95647
4.967348
4.977477
4.988356
4.998478
5.009358
5.019865
5.030191
5.041305
5.072453
5.083803
5.095012
5.106169
5.117787
5.128862
5.140227
5.151742
5.164249
5.175306
5.191217
5.202824
5.214077
5.225258
5.23643
5.247008
5.258184
5.269859
5.280867
5.292418
5.30381
5.314877
5.327075
5.338468
5.349604
5.360981
5.372146
5.383229
5.394457
5.405574
5.416569
TARGET DESTROYED 
5.427997
5.444185
5.462851
5.474824
5.485926
5.497167
5.508622
5.519599
5.530798
5.542292
5.553855
5.56641
5.577419
5.588624
5.602016
5.612753
5.623733
5.634744
5.64599
5.657531
5.668655
5.680004
5.691232
5.70258
5.7136
5.724865
5.735858
5.746832
5.757844
5.769234
5.780524
5.791621
5.803347
5.814955
5.826405
5.837587
5.848856
5.859813
5.871384
5.882439
5.894001
5.906103
5.918064
5.929078
5.940373
5.951482
5.962713
5.974194
5.985514
6.001592
6.013104
6.024138
6.035412
6.046874
6.058227
6.069357
6.079914
6.091435
6.102574
6.113816
6.125309
6.136631
6.147591
6.158507
6.169937
6.180998
6.191927
6.203177
6.214604
6.225971
6.236951
6.247924
6.258802
6.2701
6.280985
6.292361
6.30431
6.315419
6.327049
6.338695
6.349894
6.36117
6.372373
6.383517
6.394679
6.405785
6.417528
6.42891
6.44014
6.451319
6.462467
6.473648
6.484503
6.495574
6.507144
6.518989
6.52989
6.541605
TARGET DESTROYED 
6.553305
6.570573
6.582347
6.593822
6.605083
6.616342
6.62824
6.639327
6.650007
6.662225
6.673645
6.685293
6.696778
6.715133
6.727941
6.739019
6.750231
6.761514
6.772537
6.783777
6.79496
6.81218
6.823962
6.835565
6.846922
6.858709
6.86991
6.880885
6.892025
6.904552
6.916018
6.927889
6.940267
6.951669
6.96352
6.975112
6.986954
6.998482
7.00998
7.021454
7.032551
7.044125
7.055507
7.067461
7.078517
7.090642
7.102201
7.113188
7.124509
7.136528
7.147927
7.159425
7.171214
7.182621
7.194187
7.205944
7.2175
7.229234
7.241112
7.253074
7.264338
7.275591
7.287003
7.298835
7.310722
7.322803
7.334161
7.34635
7.357519
7.369019
7.380579
7.392463
7.404112
7.415494
7.426726
7.438251
7.449518
7.461113
7.472975
7.484869
7.49602
7.507448
7.518537
7.529854
7.541471
7.553537
7.565708
7.577365
7.588804
7.599543
7.610781
7.623604
7.635555
7.646904
7.664066
7.67596
7.688757
7.700494
7.711984
7.723755
7.734911
7.746607
7.758752
7.770967
7.782734
7.794559
7.806739
7.818434
7.829751
7.841374
7.852619
7.864229
7.875874
7.889026
7.901089
7.915435
7.927515
7.940031
7.951872
7.962859
7.974155
7.985137
7.995875
8.00671
8.017279
8.027798
8.038959
8.049879
8.060712
TARGET DESTROYED 
8.071634
8.087025
8.098712
8.115947
8.127799
8.138318
8.14887
8.159475
8.1703
8.180511
8.191195
8.20274
8.213568
8.22476
8.236098
8.247101
8.25861
8.269539
8.280666
8.291582
8.303095
8.31417
8.325307
8.336405
8.347445
8.358584
8.370119
8.380935
8.392148
8.403437
8.414835
8.425564
8.437078
8.449184
8.459761
8.470468
8.481568
8.492578
8.508703
8.519297
8.529676
8.540173
8.55065
8.561341
8.572369
8.582669
8.593297
8.604417
8.615545
8.626846
8.637975
8.649193
8.660882
8.672257
8.684593
8.695643
8.707081
8.718721
8.729733
8.740583
8.752147
8.763332
8.775105
8.786219
8.796456
8.807548
8.819251
8.830149
8.841456
8.852485
8.863588
8.875033
8.886595
8.897516
8.90917
8.920612
8.931655
8.942879
8.954385
8.965628
8.977302
8.988031
8.999645
9.011074
9.022314
9.03475
9.045177
9.0563
9.067902
9.078481
9.089661
9.101227
9.111979
9.123102
9.134401
9.145575
9.156664
9.168218
9.179061
9.190392
9.201762
9.212366
9.223622
9.235126
9.245943
9.257298
9.268576
9.279768
9.29083
9.302535
9.312971
9.325066
9.336552
9.34722
9.358069
9.369102
9.385813
9.397609
9.409269
9.420225
9.431775
9.442601
9.453751
9.464809
9.476056
9.48735
9.498687
9.509796
9.520846
9.531933
9.543139
9.554247
9.5657
9.577317
9.588546
9.599954
9.610497
9.62179
9.632951
9.643576
9.654979
9.666129
9.677278
9.688634
9.699551
9.710868
9.721689
9.732999
9.744121
9.755981
9.76685
9.778117
9.790153
9.801423
9.812406
9.823883
9.835761
9.846473
9.857805
9.869426
9.880791
9.891973
9.903516
9.914884
9.926594
9.937844
TARGET DESTROYED 
9.949411
9.964745
9.976129
9.993876
10.00627
10.01825
10.03008
10.04217
10.05409
10.0658
10.07793
10.08995
10.10216
10.11379
10.12514
10.13752
10.14918
10.16084
10.1733
10.1849
10.19714
10.20956
10.22266
10.23486
10.24669
10.26391
10.27623
10.28853
10.29955
10.31082
10.32332
10.33514
10.34684
10.35839
10.36939
10.38036
10.39156
10.40288
10.41422
10.42653
10.43781
10.45037
10.46284
10.47401
10.48561
10.49732
10.509
10.52086
10.53185
10.5434
10.55473
10.56606
10.57727
10.58918
10.60124
10.62024
10.63191
10.64372
10.65535
10.66735
10.67865
10.69038
10.70263
10.71398
10.72612
10.73774
10.74898
10.76084
10.77236
10.78406
10.79536
10.80742
10.81886
10.83046
10.84139
10.85203
10.86216
10.87229
10.88299
10.89419
10.90548
10.91714
10.92799
10.93901
10.95029
10.96132
10.97244
10.98427
10.99485
11.00632
11.01734
11.02848
11.03937
11.051
11.06201
11.07313
11.08458
11.09518
11.10653
11.11783
11.12946
11.13981
11.15149
11.16584
11.17627
11.18637
11.19593
11.20695
11.21881
11.23032
11.2417
11.25341
11.26465
11.27621
11.28795
11.30088
11.31094
11.3229
11.33334
11.34441
11.35527
11.36656
11.37775
11.38912
11.39996
11.41131
11.43195
11.442
11.45293
11.46383
11.47533
11.48644
11.49744
11.50858
11.51987
11.53105
11.54268
11.55338
11.56447
11.5758
11.58691
11.59794
11.60908
11.62045
11.63166
11.64319
11.65374
11.66486
TARGET DESTROYED 
11.67612
11.70041
11.72047
11.73212
11.74318
11.75437
11.76537
11.77682
11.78782
11.79893
11.81024
11.82155
11.83399
11.84362
11.85536
11.866
11.87726
11.88837
11.8994
11.91072
11.92192
11.93299
11.94512
11.95605
11.96668
11.98143
11.99293
12.00298
12.0129
12.02299
12.03376
12.04489
12.05576
12.06748
12.07841
12.08954
12.10097
12.11183
12.1228
12.13436
12.14534
12.15644
12.16828
12.17883
12.18985
12.20157
12.21244
12.22403
12.23485
12.24594
12.25693
12.26855
12.27925
12.29059
12.30189
12.31293
12.32436
12.33658
12.34818
12.35993
12.37168
12.38316
12.39459
12.40577
12.41707
12.4285
12.43962
12.45149
12.46222
12.47366
12.48543
12.49629
12.50766
12.51908
12.53001
12.54123
12.55263
12.56407
12.57451
12.58598
12.59699
12.60813
12.61959
12.63043
12.64306
12.65588
12.66652
12.67711
12.68756
12.69827
12.70898
12.71899
12.72975
12.74107
12.75219
12.76323
12.77444
12.78594
12.79701
12.80786
12.8194
12.83052
12.84582
12.85703
12.86798
12.87862
12.88925
12.89951
12.90962
12.92049
12.93048
12.9408
12.95219
12.96384
12.97418
12.98466
12.99566
13.00669
13.01811
13.02934
13.04042
13.05182
13.06296
13.08106
13.09209
13.10295
13.11309
13.12331
13.13373
13.14383
13.15417
13.16419
13.17712
