0.02
0.04
0.14
0.1728835
0.186019
0.197641
0.2087876
0.2207035
0.2337165
0.2454989
0.2571164
0.2679919
0.2790201
0.2919853
0.3018086
0.3125766
0.3234097
0.3351412
0.3462117
0.3569589
0.3685992
0.3794519
0.3906139
0.4019706
0.4129648
0.4241005
0.4355524
0.4466275
0.457997
0.4688276
0.4800752
0.490859
0.502266
0.5133905
0.5247048
0.5363213
0.5467327
0.5619053
0.5719936
0.5814547
0.5914294
0.6027437
0.6144226
0.6248409
0.636573
0.6474042
0.6584963
0.6695896
0.6807695
0.6919068
0.7032949
0.7143235
0.7259654
0.737417
0.7478232
0.7592005
0.7701067
0.7820001
0.7931971
0.8035061
0.8151842
0.8261762
0.8371097
0.8484632
0.8598986
TARGET DESTROYED 
0.8779687
0.8890248
0.8990669
0.9087169
0.9191548
0.9379079
0.9497651
0.9606733
0.9711418
0.9829322
0.9936409
1.005281
1.016502
1.027038
1.038013
1.049681
1.06054
1.071838
1.083568
1.094157
1.105068
1.116932
1.12775
1.13859
1.15028
1.161219
1.172448
1.183519
1.194519
1.205798
1.217253
1.228729
1.239236
1.250607
1.261728
1.272625
1.284278
1.295017
1.306132
1.317502
1.328505
1.339645
1.350853
1.362481
1.373429
1.384559
1.395617
1.406714
1.417953
1.429244
1.440591
1.451937
1.463476
1.475066
1.486393
1.498302
1.509893
1.522722
1.533128
1.544347
1.555521
1.56754
1.579648
1.590248
1.601767
1.612833
1.62386
1.635071
1.646407
1.657573
1.66867
1.680052
1.690995
1.707251
1.717431
1.727323
1.737508
1.747423
1.757412
1.767773
1.778052
1.788351
1.798379
1.809504
1.820304
1.832378
1.842974
1.854068
1.865487
TARGET DESTROYED 
1.879725
1.8903
1.900554
1.910551
1.920941
1.932965
1.943231
1.954395
1.965877
1.977058
1.987877
1.999351
2.01061
2.022018
2.039691
2.05065
2.060891
2.071284
2.081609
2.091324
2.101595
2.111364
2.121556
2.133343
2.144281
2.155222
2.166674
2.178853
2.189456
2.199987
2.210885
2.222249
2.233589
2.244453
2.255416
2.266968
2.277874
2.289246
2.300559
2.311616
2.322593
2.334152
2.345218
2.356114
2.367254
2.378692
2.389647
2.400981
2.412198
2.423328
2.434729
2.44651
2.457452
2.469107
2.480434
2.492163
2.503344
2.51464
2.526277
2.537607
2.549443
2.560397
2.57226
2.583341
2.594759
2.606067
2.617595
2.628706
2.640128
2.654785
2.665565
2.676
2.687207
2.698276
2.708642
2.719444
2.72964
2.740274
2.751129
2.76113
2.772964
2.783951
2.794848
2.805538
2.816643
2.82778
2.838825
2.855685
2.866287
2.876671
2.888551
2.89919
2.909375
2.92019
2.930429
2.940574
2.951673
2.962552
2.97585
2.986966
2.997521
3.008034
3.019562
3.030249
3.040753
3.051374
3.062147
3.072882
3.083516
3.093989
3.104477
3.11626
3.126885
3.138049
3.149312
3.160645
3.171586
3.183019
3.194209
3.204997
3.21635
3.227387
3.238517
3.250901
3.262321
3.273291
3.284329
3.295566
3.306973
3.318352
3.32912
3.340414
TARGET DESTROYED 
3.35636
3.367835
3.378607
3.389261
3.400431
3.411089
3.422636
3.434441
3.45221
3.467143
3.477774
3.488502
3.499738
3.51079
3.522011
3.532917
3.54367
3.554776
3.565871
3.577049
3.588314
3.59925
3.61007
3.621402
3.632298
3.642647
3.653685
3.664438
3.675005
3.685934
3.69703
3.707847
3.718862
3.730085
3.741341
3.752467
3.763499
3.774784
3.786143
3.796888
3.808908
3.820093
3.830387
3.84187
3.853177
3.864204
3.875063
3.887146
3.89814
3.908756
3.919829
3.931136
3.942345
3.953857
3.965761
3.976896
3.988348
4.000066
4.016584
4.02754
4.03906
4.050612
4.061724
4.073126
4.08467
4.095917
4.107576
4.118766
4.130115
4.141041
4.152277
4.162812
4.174039
4.185672
4.196358
4.20829
4.219416
4.230364
4.242134
4.254241
4.266276
4.277401
4.289033
4.300004
4.31115
4.322322
4.333979
4.344708
4.35564
4.367283
4.378249
4.389884
4.401141
4.411694
4.422923
4.433915
4.445103
4.456079
4.468744
4.479756
4.491538
4.502867
4.51416
4.525557
4.537042
4.548099
4.559598
4.571014
4.582302
4.593356
4.604413
4.615386
4.626308
4.637387
4.64883
4.660441
4.671856
4.683342
4.69465
4.705635
4.716925
4.727819
4.738799
4.750148
4.76099
4.775091
4.786425
4.797352
4.808745
4.820139
4.830904
4.842083
4.853592
4.864559
4.875785
4.887971
4.899014
4.910351
4.921411
TARGET DESTROYED 
4.938159
4.949689
4.960413
4.972143
4.983113
4.99419
5.012517
5.02457
5.037013
5.048055
5.059057
5.070252
5.082085
5.093322
5.104174
5.115443
5.126305
5.137474
5.148859
5.159601
5.170791
5.182667
5.19448
5.211478
5.222748
5.233628
5.244598
5.255531
5.26709
5.27786
5.289026
5.300769
5.311971
5.323096
5.334702
5.345881
5.356764
5.367859
5.379323
5.390322
5.401525
5.412677
5.423969
5.435238
5.446244
5.457264
5.468585
5.480896
5.492322
5.50386
5.515357
5.526857
5.539554
5.550861
5.562161
5.573087
5.584762
5.595363
5.60645
5.617877
5.628999
5.640895
5.651767
5.662629
5.673482
5.684791
5.695944
5.706981
5.718337
5.729417
5.740603
5.75187
5.762917
5.774574
5.786662
5.797437
5.808492
5.820348
5.831103
5.841897
5.853249
5.864623
5.87719
5.888735
5.900071
5.911191
5.922423
5.933911
5.945311
5.956491
5.96761
5.978541
5.989504
6.000875
6.012083
6.022866
6.034296
6.045004
6.056459
6.06808
6.078785
6.089797
6.101442
6.112396
6.123349
6.134565
6.145733
6.156873
6.167906
6.179106
6.190138
6.201901
6.212824
6.223819
6.235035
TARGET DESTROYED 
6.252504
6.271039
6.283912
6.295265
6.30634
6.317635
6.328753
6.340014
6.351333
6.362307
6.37317
6.38422
6.395433
6.407044
6.422802
6.434258
6.445016
6.456013
6.467629
6.478996
6.49064
6.501787
6.512915
6.524973
6.536589
6.547972
6.559526
6.570923
6.582572
6.593589
6.605206
6.616793
6.62829
6.6396
6.651327
6.662349
6.673806
6.685666
6.696643
6.707818
6.719375
6.730946
6.742389
6.753856
6.765446
6.778589
6.790551
6.801711
6.812855
6.824181
6.835795
6.846738
6.857769
6.869023
6.88026
6.891783
6.903414
6.914561
6.925728
6.937369
6.948959
6.960569
6.972052
6.983449
6.994391
7.006037
7.017988
7.028834
7.039988
7.050678
7.061304
7.071919
7.082466
7.093481
7.104458
7.115622
7.126271
7.137029
7.148169
7.159016
7.170216
7.181535
7.19397
7.2047
7.215081
7.226152
7.237481
7.248676
7.259893
7.271649
7.283296
7.294293
7.30577
7.317684
7.328822
7.34045
7.352054
7.362933
7.374135
7.385393
7.396567
7.407989
7.419356
7.430745
7.442141
7.453301
7.464732
7.476306
7.487322
7.498846
7.510236
7.521696
7.533074
TARGET DESTROYED 
7.548305
7.55908
7.570393
7.580807
7.591046
7.602014
7.612146
7.622997
7.639069
7.650814
7.662225
7.679863
7.691476
7.702404
7.712933
7.72354
7.734269
7.744498
7.754764
7.76535
7.776396
7.787021
7.797151
7.807364
7.818358
7.829133
7.840419
7.855003
7.87009
7.884998
7.900202
7.915704
7.930045
7.945271
7.960435
7.975553
7.990204
8.00524
8.020214
8.035505
8.050031
8.064767
8.079665
8.094518
8.108723
8.123661
8.13889
8.153602
8.168534
8.184175
8.198503
8.213491
8.227948
8.243319
8.258324
8.273577
8.288299
8.303607
8.318503
8.333586
8.349021
8.36343
8.377957
8.392787
8.407129
8.421947
8.437179
8.452343
8.466929
8.48185
8.496716
8.51345
8.528216
8.542885
8.557656
8.57237
8.587253
8.602619
8.617801
8.632627
8.647704
8.662615
8.677778
8.692913
8.70715
8.721532
8.736784
8.751698
8.766649
8.782482
8.796821
8.81219
8.828071
8.842785
8.857852
8.872522
8.888453
8.904045
8.919553
8.935485
8.951332
8.965965
8.977094
8.988542
9.000323
9.012072
9.024502
9.03618
9.047567
9.058709
9.070367
9.082562
9.095931
9.108257
9.120388
9.132142
9.144292
9.15671
9.168707
9.181369
9.193677
9.206204
9.21824
9.230026
9.249288
9.261243
9.273868
9.28579
9.297494
9.309654
9.322247
9.334657
9.346397
9.357661
9.369128
9.380456
9.391833
9.404646
9.415983
9.427576
9.439127
9.450714
9.461831
9.473173
9.484385
9.496245
9.508277
9.520866
9.532758
9.543917
9.556174
9.568334
9.579263
9.590327
9.601921
9.612935
9.62441
9.636427
9.648335
9.66059
9.672598
9.684086
9.695716
9.708113
9.719877
9.731336
9.742726
9.754303
9.766519
9.779074
9.790881
9.802546
9.813878
9.825165
9.836877
9.848494
9.86003
9.871747
9.883421
9.895974
9.906849
9.918358
9.929446
9.940973
9.952141
9.963014
9.974321
9.985453
9.996281
10.00733
10.01942
10.03018
10.04138
10.05352
10.0648
10.07594
10.08721
10.09917
10.11073
10.1227
10.13441
10.14581
10.15755
10.16967
10.18135
10.19282
10.20434
10.21601
10.22728
10.23906
10.25078
10.26185
10.27338
10.2885
10.30021
10.31161
10.323
10.33732
