0.02
0.04
0.14
0.1801182
0.1915862
0.2019876
0.2118202
0.2230697
0.2341505
0.2458588
0.2563933
0.2677869
0.2792261
0.2903845
0.3009376
0.3127091
0.323472
0.3352085
0.3461075
0.3571571
0.3680224
0.3797188
0.3904577
0.402183
0.4171862
0.4267452
0.4369691
0.4474343
0.4578068
0.4687754
0.4801597
0.491381
0.5022847
0.5136231
0.5244405
0.5359711
0.547084
0.5581917
0.5695844
0.5804435
0.5915875
0.603344
0.6138823
0.6250362
0.6363846
0.6475956
0.6592985
0.6697621
0.6810867
0.6920716
0.7033337
0.7149544
0.7254799
0.737338
0.7478805
0.7595057
0.770157
0.7816373
0.7924345
0.8038104
0.8149108
0.8261023
0.8374411
0.8488433
0.8597756
0.8708169
0.8819555
0.8976312
0.9086934
0.9463311
0.9565432
0.9667197
0.9766039
0.9869305
0.9970948
1.007431
1.01819
1.029591
1.039299
1.049504
1.061002
1.071745
1.083085
1.094237
1.105508
1.116553
1.128001
1.138892
1.149997
1.161418
1.172431
1.183538
1.194998
1.205853
1.217217
1.228639
1.243425
1.253613
1.264097
1.2741
1.284236
1.295561
1.306364
1.317717
1.329179
1.339912
1.351019
1.362724
1.37333
1.384671
1.396192
1.407325
1.418275
1.429444
1.440562
1.451475
1.462938
1.473978
1.485192
1.496691
1.507455
1.519251
1.529763
1.541071
1.552413
1.563892
1.576063
1.58776
1.599478
1.611066
1.621982
1.633479
1.645074
1.656199
1.667504
1.67918
TARGET DESTROYED 
1.689839
1.708138
1.719018
1.729325
1.748749
1.759882
1.77085
1.781256
1.79118
1.801468
1.811889
1.821893
1.832228
1.842569
1.854014
1.8652
1.876095
1.887587
1.898664
1.909688
1.920665
1.932892
1.94544
1.955014
1.965763
1.976565
1.988616
1.999507
2.014837
2.024854
2.035079
2.045248
2.055207
2.066665
2.077261
2.088324
2.100358
2.111404
2.121748
2.133145
2.144185
2.155372
2.166543
2.178013
2.188751
2.200245
2.211187
2.222323
2.233583
2.244832
2.255752
2.267182
2.27842
2.289438
2.300461
2.312142
2.323211
2.335322
2.346912
2.358837
2.36982
2.381122
2.393141
2.403671
2.415088
2.426716
2.43855
2.448962
2.460632
2.471877
2.483107
2.494577
2.505953
2.51731
2.528747
2.53978
2.551069
2.563063
2.573488
2.584666
2.596433
2.607021
2.618093
2.629545
2.641973
2.652591
2.663201
2.67422
2.68556
TARGET DESTROYED 
2.698102
2.71355
2.724341
2.734923
2.746148
2.758556
2.769915
2.78099
2.792003
2.803143
2.814472
2.830237
2.848353
2.860711
2.87103
2.881282
2.892594
2.903637
2.914978
2.926006
2.937593
2.949385
2.960334
2.97071
2.982253
2.993148
3.005466
3.016159
3.0265
3.037958
3.0495
3.060024
3.071249
3.082601
3.093817
3.104707
3.116773
3.127101
3.138578
3.149645
3.160788
3.171631
3.183391
3.194061
3.205364
3.216417
3.227715
3.238765
3.250445
3.261474
3.272565
3.284267
3.295043
3.305814
3.317093
3.329174
3.339283
3.351179
3.362534
3.373782
3.385361
3.39711
3.408953
3.419999
3.431508
3.443083
3.455642
3.466693
3.477698
3.488911
3.501122
3.512335
3.523031
3.534196
3.545687
3.556793
3.567853
3.579244
3.59065
3.60118
3.613551
3.629502
3.640171
3.650963
3.662965
3.674722
3.685565
3.697177
3.707963
3.719401
3.730541
3.741459
3.752623
3.764101
3.77493
3.786132
3.797388
3.80846
3.819627
3.830777
3.841958
3.854214
3.865307
3.875702
3.886707
3.897761
3.909193
3.920444
3.931247
3.942467
3.953907
3.964754
3.976109
3.987386
3.998353
4.009364
4.020625
4.031894
TARGET DESTROYED 
4.042978
4.057347
4.068326
4.079083
4.096129
4.107372
4.118074
4.128089
4.138903
4.149591
4.160416
4.171349
4.182544
4.193164
4.204465
4.215197
4.227169
4.238907
4.249699
4.260104
4.271387
4.282493
4.293142
4.303966
4.314684
4.32534
4.337111
4.348391
4.35899
4.370092
4.381304
4.392074
4.403249
4.414279
4.431357
4.442842
4.45402
4.465669
4.476474
4.487503
4.498574
4.509535
4.520625
4.531747
4.543049
4.554394
4.565558
4.576323
4.587523
4.599036
4.609686
4.620964
4.631984
4.643137
4.654343
4.665698
4.676832
4.688436
4.699914
4.711067
4.723001
4.736127
4.74725
4.757809
4.769639
4.780509
4.791344
4.802555
4.813737
4.825028
4.836231
4.848271
4.859468
4.870284
4.880944
4.892042
4.903375
4.914311
4.925511
4.936579
4.948102
4.959249
4.971953
4.982759
4.993823
5.005252
5.016882
5.027975
5.039031
5.050705
5.061746
5.07266
5.08377
5.094678
5.10588
5.117222
5.128428
5.139156
5.15048
5.161295
5.17222
5.1834
5.194365
5.2053
5.216846
5.228549
5.240246
5.256929
5.2683
5.279254
5.290396
5.301319
5.312431
5.32354
5.334692
5.346126
5.356966
5.3682
5.379385
5.390369
5.401408
5.41325
5.42432
5.435732
5.447068
5.458321
5.469806
5.481313
5.492085
5.503589
5.514775
5.525681
5.537867
5.54882
5.559683
5.570898
5.582283
5.592996
5.603999
5.61538
TARGET DESTROYED 
5.626073
5.641619
5.658725
5.670985
5.682214
5.693141
5.70399
5.714894
5.725628
5.737061
5.748249
5.758874
5.770494
5.781459
5.792469
5.803651
5.814677
5.825122
5.836296
5.847569
5.858276
5.870154
5.881567
5.892282
5.903593
5.915059
5.92579
5.937061
5.949643
5.960317
5.971933
5.983268
5.993721
6.004667
6.015315
6.025666
6.037326
6.048324
6.064679
6.076021
6.087347
6.098189
6.109902
6.120795
6.131912
6.143571
6.154224
6.165676
6.177761
6.188687
6.199589
6.210367
6.221156
6.232238
6.243831
6.254919
6.266069
6.277109
6.288611
6.299416
6.310841
6.321612
6.333153
6.344013
6.35518
6.366406
6.377781
6.388715
6.399901
6.411174
6.42258
6.433476
6.44521
6.456018
6.467078
6.478105
6.48945
6.500687
6.511796
TARGET DESTROYED 
6.522631
6.538305
6.54939
6.559916
6.570535
6.581512
6.598732
6.610407
6.621841
6.634479
6.645732
6.657226
6.668128
6.679388
6.690114
6.701652
6.712784
6.723856
6.735742
6.746392
6.757349
6.76899
6.780145
6.790843
6.801969
6.813357
6.824244
6.835907
6.847943
6.858299
6.868916
6.880201
6.896163
6.907205
6.917893
6.929219
6.939502
6.95092
6.961594
6.972082
6.983307
6.994528
7.005186
7.016402
7.026846
7.037322
7.04816
7.05909
7.070103
7.081309
7.092718
7.104039
7.115703
7.127946
7.138556
7.150335
7.16193
7.173237
7.184172
7.195274
7.206687
7.217639
7.228984
7.23997
7.251174
7.262549
7.273584
7.285341
7.296299
7.307522
7.31891
7.330266
7.341661
7.352808
7.364686
7.376241
7.387698
7.400348
7.411868
7.423863
7.435349
7.446869
7.458578
7.470989
7.482807
7.494737
7.507023
7.518414
7.529714
7.540672
7.552321
7.56359
7.574616
7.586375
7.597693
7.608888
7.620673
7.632562
7.643599
7.655264
7.66726
7.679282
7.690485
7.702179
7.714683
7.726071
7.737988
7.749959
7.761619
7.773803
7.789895
7.801442
7.813126
7.824455
7.835875
7.848549
7.860068
7.871547
7.882718
7.894086
7.905493
TARGET DESTROYED 
7.917138
7.933652
7.946014
7.957583
7.969129
7.9809
7.994075
8.014748
8.02846
8.041942
8.053205
8.064567
8.075428
8.086596
8.097894
8.109355
8.121314
8.132817
8.145126
8.1575
8.169138
8.181804
8.194373
8.205919
8.217793
8.229287
8.240824
8.252906
8.26567
8.277143
8.288406
8.300632
8.312043
8.324546
8.33678
8.348653
8.360021
8.371944
8.384004
8.395409
8.406673
8.418598
8.431023
8.44257
8.454974
8.466528
8.47801
8.489913
8.501737
8.513591
8.525306
8.537262
8.549822
8.562071
8.573797
8.585208
8.597238
8.608753
8.620955
8.633052
8.64515
8.656572
8.668009
8.679293
8.695903
8.707257
8.719104
8.731489
8.742933
8.75506
8.766867
8.779284
8.790422
8.801804
8.813558
8.824912
8.837177
8.849266
8.860628
8.872555
8.883924
8.895595
8.908189
8.919791
8.931658
8.943045
8.955458
8.967189
8.978837
8.991147
9.004561
9.016119
9.027791
9.039363
9.050851
9.062503
9.07443
9.086204
9.098232
9.109987
9.122022
9.133933
9.145596
9.157212
9.168906
9.181222
9.192428
9.203751
9.215691
9.227742
9.238991
9.250988
9.263294
9.274624
9.286081
9.297832
9.309282
9.320752
9.33223
9.34431
9.356268
9.368262
9.380458
9.391644
9.403642
TARGET DESTROYED 
9.415689
9.443068
9.456117
9.467524
9.479492
9.490881
9.503135
9.514596
9.526106
9.53899
9.565336
9.578109
9.589543
9.601068
9.612872
9.624728
9.636858
9.648572
9.660296
9.67256
9.683914
9.695539
9.707447
9.718547
9.729915
9.741757
9.753849
9.765613
9.777557
9.789474
9.801396
9.813483
9.824562
9.836559
9.849299
9.861218
9.87297
9.885275
9.896364
9.907705
9.918968
9.931645
9.944105
9.95626
9.969607
9.981337
9.992764
10.00488
10.01822
10.03005
10.04119
10.05249
10.06446
10.0763
10.0885
10.10023
10.11261
10.12426
10.13742
10.14956
10.16172
10.17357
10.18533
10.19758
10.20875
10.22066
10.23281
10.24421
10.25657
10.26818
10.2803
10.29214
10.30383
10.31628
10.32808
10.33967
10.35171
10.36443
10.3766
10.38768
10.39916
10.40993
10.42108
10.43301
10.44403
10.45499
10.4659
10.47738
10.49328
10.50432
10.51498
10.52528
10.53659
10.54749
10.55808
10.56963
10.58076
10.59147
10.60235
10.61423
10.62519
10.63623
10.6475
10.65806
10.66896
10.67988
10.69065
10.70112
10.71167
10.72258
10.73409
10.74578
10.75724
10.76874
10.78038
10.79149
10.80282
10.8134
10.82359
10.83417
10.84573
10.857
10.86875
10.88037
10.89175
10.90245
10.91308
10.92396
10.93538
10.94655
10.95718
10.96849
10.97948
10.99095
11.00201
11.01311
11.02493
11.03566
11.04674
11.05783
11.06897
11.08029
11.09123
11.10265
11.11376
11.12461
11.13591
11.14722
11.15846
11.17005
11.18138
11.19267
11.2041
11.21547
11.22973
11.24041
11.25097
11.26161
11.27283
11.28411
11.29568
11.30684
11.31835
11.32978
11.34111
11.35249
11.36962
11.38067
11.39103
11.40246
11.41326
11.42375
11.43437
11.44522
11.45584
11.46695
11.47764
11.48859
11.49964
11.51032
11.52105
11.53228
11.5474
11.56174
11.57708
11.59247
11.608
11.62292
11.63722
11.65145
11.66777
11.68239
11.69824
11.71255
11.72915
