0.02
0.04
0.14
0.1841812
0.1965667
0.2094328
0.2199887
0.2292891
0.2388358
0.2481834
0.2591577
0.2704137
0.2814197
0.2927549
0.3055238
0.3153214
0.3265719
0.3371257
0.348406
0.3594112
0.3708439
0.3819148
0.393216
0.4040812
0.4154193
0.426665
0.4389925
0.451507
0.4627055
0.4721846
0.4842082
0.4948431
0.5048531
0.5160286
0.5273769
0.5382188
0.5502284
0.5660721
0.575497
0.5851201
0.595039
0.6065827
0.618127
0.6297767
0.6398495
0.6500052
0.6622239
0.6722512
0.6836079
0.6948901
0.7059886
0.7169462
0.7284345
0.739362
0.7504861
0.7627302
0.7733635
0.7839015
0.795368
0.8064709
0.8174071
0.828853
0.8398032
0.8513633
0.862703
0.8733466
0.8843693
0.898635
0.9095824
0.9209391
0.9321257
0.9437311
0.9556671
0.968506
0.9800032
0.9923136
1.00553
1.017779
1.028452
1.041382
1.052008
1.06387
1.0748
1.085901
1.096807
1.108064
1.119076
1.130459
1.141293
1.152923
1.163937
1.174877
1.185941
1.197472
1.208337
1.219707
1.23106
1.24178
1.253336
1.264215
1.276591
1.286594
1.297753
1.309036
1.320237
1.331568
1.342407
1.353871
1.364758
1.376216
1.38753
1.398332
1.409512
1.420746
1.431965
1.44313
1.454378
1.466003
1.477416
1.48953
1.500136
1.515144
1.524864
1.534563
1.546514
1.557455
1.56892
1.580462
1.591607
1.602671
1.614052
1.635492
1.648448
1.658008
1.668362
1.677891
1.689251
1.700299
1.7113
1.722521
1.738735
1.751745
1.76294
1.77363
1.784645
1.79574
1.806386
1.81801
1.828474
1.838463
1.848802
1.859755
1.872148
1.883351
1.893477
1.904593
1.915629
1.925686
1.936074
1.946269
1.956878
1.968052
1.980337
1.990815
2.001318
2.013465
2.023877
2.035134
2.046337
2.057267
2.068461
2.080056
2.090751
2.102342
2.113326
2.124375
2.135658
2.146935
2.157983
2.169791
2.18101
2.19241
2.203735
2.215225
2.226466
2.237956
2.249305
2.260707
2.272128
2.283414
2.295269
2.306247
2.31779
2.329405
2.340456
2.351554
2.363418
2.374234
2.38565
2.397012
2.408347
2.420303
2.430702
2.442058
2.453368
2.465142
2.4756
2.486871
2.497996
2.508981
2.520339
2.531571
2.542626
2.554283
2.564953
2.576177
2.587155
2.598335
2.609542
2.620711
2.631983
2.643568
2.654355
2.665437
2.676731
2.687751
2.698963
2.710039
2.721278
2.732629
2.744444
2.754711
2.765994
2.777041
2.78843
2.799747
2.810866
2.827174
2.837321
2.847435
2.857635
2.868618
2.87922
2.88985
2.900473
2.910265
2.920614
2.931139
2.941273
2.951427
2.962319
2.973217
2.984467
2.995804
3.006857
3.01815
3.029637
3.040198
3.051431
3.06289
3.073776
3.085009
3.096443
3.107387
3.118498
3.129847
3.141017
3.152058
3.163449
3.174787
3.1854
3.197006
3.20777
3.218916
3.230649
3.241591
3.25318
3.264857
3.276421
3.287322
3.298815
3.3102
3.321617
3.332956
3.344548
3.355937
3.367363
3.378949
3.39023
3.401554
3.413052
3.424448
3.435543
3.446913
3.458414
3.469632
3.481352
3.491971
3.503519
3.514249
3.526155
3.536549
3.547967
3.559175
3.57038
3.581597
3.592723
3.603791
3.614825
3.626053
3.637595
3.648297
3.659696
3.670906
3.682042
3.693054
3.704264
3.715585
3.726688
3.738202
3.749387
3.760094
3.771382
3.782415
3.793846
3.804983
3.815984
3.827209
3.838426
3.849396
3.860693
3.871988
3.883376
3.894986
3.911019
3.921132
3.931404
3.941359
3.951574
3.961927
3.972305
3.98242
3.992693
4.003062
4.01357
4.023446
4.034458
4.046229
4.057342
4.068058
4.079335
4.090305
4.101554
4.112841
4.124215
4.134839
4.146395
4.157348
4.168486
4.179855
4.190912
4.202341
4.213404
4.224175
4.235505
4.247004
4.257879
4.268919
4.280261
4.291369
4.302632
4.313916
4.325186
4.336618
4.348042
4.359728
4.37231
4.383156
4.393742
4.405411
4.416491
4.428325
4.439335
4.451089
4.462672
4.473617
4.485506
4.496479
4.507906
4.519676
4.530677
4.54217
4.553309
4.564458
4.575614
4.586726
4.597957
4.609051
4.620088
4.631546
4.64267
4.653696
4.664974
4.67612
4.68711
4.698473
4.709523
4.721216
4.732472
4.743246
4.75434
4.76539
4.776721
4.787723
4.799102
4.81008
4.821468
4.833587
4.843976
4.854726
4.870538
4.881064
4.892322
4.90322
4.913397
4.92353
4.933808
4.94377
4.954145
4.964524
4.974609
4.985035
4.995588
5.006267
5.017221
5.028791
5.040034
5.05085
5.062328
5.073133
5.084398
5.095707
5.106788
5.117888
5.12956
5.140922
5.151408
5.163285
5.174075
5.18521
5.196413
5.207201
5.219541
5.230085
5.240773
5.252041
5.263614
5.274277
5.285349
5.297031
5.307795
5.319241
5.330871
5.34227
5.353583
5.36509
5.376659
5.388027
5.399304
5.410804
5.422273
5.433841
5.445461
5.457307
5.46783
5.479863
5.490649
5.502338
5.513774
5.524895
5.53611
5.547527
5.558412
5.569823
5.580927
5.591924
5.603246
5.614769
5.626461
5.63743
5.648864
5.659536
5.670291
5.681305
5.692653
5.703733
5.714994
5.725922
5.73715
5.748436
5.759375
5.770871
5.781843
5.793025
5.804154
5.815351
5.826529
5.837749
5.848789
5.859892
5.871681
5.882552
5.894094
5.904537
5.920393
5.931124
5.941236
5.951488
5.961411
5.971226
5.982365
5.992328
6.002728
6.013058
6.023683
6.034804
6.046101
6.057133
6.068202
6.079744
6.090844
6.101717
6.113227
6.124096
6.135322
6.146642
6.157663
6.16884
6.180079
6.191238
6.202838
6.213712
6.224794
6.23581
6.247495
6.258153
6.269592
6.280808
6.291748
6.30322
6.314474
6.326015
6.337314
6.348505
6.360013
6.372147
6.382868
6.394135
6.40578
6.416825
6.428437
6.439579
6.451297
6.462725
6.473728
6.485132
6.496547
6.507592
6.519032
6.530358
6.541377
6.55287
6.563951
6.574938
6.586174
6.597157
6.608403
6.619637
6.631309
6.642129
6.653189
6.664256
6.675395
6.687188
6.69836
6.708796
6.720455
6.731603
6.742856
6.753769
6.76548
6.775896
6.787253
6.798433
6.809545
6.820835
6.832247
6.843133
6.854736
6.865638
6.877491
6.88768
6.89907
6.910745
6.921168
6.932491
6.943583
6.954722
6.965869
6.977142
6.988313
6.999414
7.015922
7.026117
7.036759
7.047667
7.057901
7.068163
7.078696
7.090637
7.101645
7.1131
7.123948
7.133993
7.144367
7.154911
7.165453
7.175382
7.185148
7.19632
7.206784
7.217802
7.229336
7.240069
7.251363
7.262903
7.27372
7.284791
7.296273
7.307183
7.318268
7.329863
7.340648
7.352008
7.363348
7.374514
7.385421
7.396906
7.407701
7.418816
7.430067
7.441222
7.452559
7.46366
7.47494
7.486504
7.497806
7.50947
7.520549
7.531983
7.543629
7.554894
7.566189
7.577755
7.589197
7.600368
7.612032
7.623404
7.634515
7.646458
7.657077
7.669183
7.680196
7.691453
7.702958
7.714294
7.725475
7.736577
7.747798
7.75895
7.770249
7.781414
7.792522
7.803787
7.814777
7.826378
7.837026
7.84855
7.859324
7.871056
7.881697
7.893094
7.904104
7.915699
7.927184
7.937579
7.948714
7.959911
7.971113
7.983165
7.993439
8.004807
8.015934
8.032151
8.042299
8.052412
8.063041
8.073173
8.08359
8.094072
8.104616
8.115076
8.125918
8.136516
8.146979
8.156753
8.167627
8.179143
8.189972
8.201292
8.212754
8.22352
8.234761
8.246306
8.257072
8.268285
8.27951
8.290761
8.301602
8.313074
8.324022
8.335176
8.346779
8.357471
8.368595
8.380085
8.391096
8.402428
8.413604
8.42498
8.436296
8.44818
8.45914
8.470947
8.482695
8.493279
8.505081
8.516051
8.527634
8.538898
8.550323
8.562022
8.572749
8.584499
8.596237
8.607355
8.618267
8.630119
8.641151
8.653613
8.663924
8.674897
8.686055
8.697518
8.709436
8.719836
8.730895
8.741913
8.753428
8.764753
8.775649
8.786679
8.797756
8.808991
8.820613
8.831226
8.842449
8.853654
8.864876
8.876038
8.887341
8.899118
8.909443
8.921519
8.931862
8.942873
8.954348
8.965271
8.976398
8.987665
8.99871
9.010043
9.021524
9.032229
9.044625
9.055346
9.066513
9.077125
9.088488
9.099686
9.110473
9.126725
9.13721
9.147703
9.158433
9.168343
9.178645
9.189604
9.199701
9.210152
9.220742
9.231247
9.240901
9.251052
9.262341
9.273195
9.284534
9.295656
9.30655
9.317694
9.329405
9.34003
9.3513
9.362754
9.373991
9.385338
9.396167
9.407145
9.418364
9.429744
9.440482
9.451931
9.463146
9.474361
9.485527
9.496497
9.507604
9.518991
9.530109
9.54184
9.552724
9.56426
9.575737
9.587134
9.598539
9.6106
9.621369
9.632851
9.644224
9.655701
9.666927
9.678556
9.689807
9.701456
9.713021
9.723842
9.735344
9.746944
9.758049
9.769715
9.780683
9.79179
9.802988
9.814283
9.825381
9.83662
9.847723
9.85911
9.870029
9.881337
9.89228
9.903461
9.914573
9.925875
9.937157
9.948201
9.959592
9.970592
9.981915
9.993082
10.00417
10.01565
10.02629
10.03768
10.04856
10.05991
10.07124
10.08242
10.09343
10.10485
10.11602
10.13805
10.14907
10.15924
10.16965
10.18024
10.19077
10.20103
10.212
10.22326
10.24131
10.25167
10.26228
10.2724
10.28312
10.29335
10.30367
10.31386
10.32456
10.33622
10.34801
10.35791
10.36815
10.379
10.3901
10.40122
10.41253
10.42356
10.4346
10.44608
10.45718
10.46822
10.48044
10.49051
10.50167
10.51339
10.52406
10.53538
10.54667
10.55754
10.56892
10.58004
10.59106
10.6023
10.61356
10.62476
10.63624
10.64758
10.65946
10.67058
10.6817
10.69306
10.70472
10.71603
10.72766
10.73886
10.75029
10.76227
10.77337
10.78448
10.79659
10.80768
10.81876
10.83031
10.84164
10.85318
10.86418
10.87522
10.88641
10.89769
10.90884
10.92011
10.93127
10.94286
10.95399
10.96471
TARGET DESTROYED 
10.97585
10.99416
11.00486
11.0153
11.02687
11.03819
11.04901
11.06044
11.07199
11.08261
11.09377
11.10536
11.12501
11.13674
11.14805
11.15792
11.16854
11.17908
11.18915
11.19953
11.2099
11.2199
11.23
11.2405
11.25033
11.26179
11.27681
11.28714
11.29763
11.30738
11.31736
11.32855
11.3395
11.35052
11.36224
11.37328
11.38426
11.39567
11.40662
11.41785
11.42891
11.44032
11.45119
11.46283
11.47375
11.48556
11.49613
11.50712
11.51844
11.53094
11.54064
11.5518
11.56315
11.57423
11.58507
11.59664
11.60798
11.61941
11.632
11.64246
11.65386
11.66541
11.67699
11.68863
11.70014
11.71163
11.72292
11.73469
11.74579
11.75672
11.76832
11.78002
11.79108
11.80309
11.81422
11.82463
11.83608
11.84733
11.85815
11.86944
11.88097
11.89233
11.9031
11.91438
11.92525
11.93648
11.94812
11.95957
11.96982
11.98138
11.99224
12.00348
12.01474
12.0257
12.03676
12.0484
12.05926
12.07076
12.08175
12.09303
12.10394
12.11513
12.12631
12.13786
12.1486
12.15967
12.17114
12.18239
12.19341
12.20479
12.21559
12.22691
12.23822
12.24911
12.26018
12.27138
12.28277
12.29406
12.3051
12.31622
TARGET DESTROYED 
12.32759
12.3423
12.3534
12.36924
12.38697
12.39815
12.4079
12.41787
12.42791
12.43791
12.44806
12.45863
12.46883
12.47928
12.49052
12.50109
12.51252
12.52373
12.53484
12.54605
12.55713
12.56804
12.57955
12.59041
12.60188
12.61315
12.62399
12.63509
12.64657
12.6575
12.66871
12.68036
12.69109
12.70222
12.71428
12.7246
12.73576
12.74679
12.75809
12.76973
12.78079
12.79151
12.80285
12.81377
12.82527
12.83678
12.8482
12.85954
12.87133
12.88245
12.89395
12.90599
12.91686
12.92879
12.93981
12.95132
12.964
12.9738
12.98576
12.99723
13.0084
13.01998
13.03112
13.0424
13.05339
13.06465
13.07567
13.08765
13.098
13.10926
13.12062
13.13165
13.15097
13.16148
13.17152
13.18253
13.19387
13.205
13.21586
13.22741
13.23838
13.24969
13.26125
13.27186
13.2832
13.29472
13.30572
13.32093
13.33173
13.34151
13.35204
13.36182
13.37283
13.38353
13.39491
13.40613
13.41719
13.42845
13.4393
13.4508
13.46233
13.47303
13.4844
13.49541
13.5064
13.51776
13.52927
13.54
13.55108
13.56259
13.57394
13.58525
13.5968
13.60814
13.61982
13.63108
13.64255
13.65383
13.66521
13.6767
13.68776
13.6991
13.71053
13.7216
13.73328
13.74535
13.75559
13.76791
TARGET DESTROYED 
13.77899
13.79359
13.80431
13.81467
13.82485
13.83523
13.8451
13.85558
13.86702
13.87865
13.89007
13.90023
13.91155
13.92265
13.93464
13.9511
13.9624
13.97313
13.98347
13.99372
14.00367
14.01397
14.02392
14.03443
14.04455
14.05461
14.06516
14.07612
14.08752
14.0989
14.10966
14.12107
14.13187
14.14319
14.15428
14.16557
14.17681
14.18782
14.19903
14.21011
14.22126
14.2327
14.24416
14.25491
14.26613
14.27781
14.28837
14.29962
14.3107
14.32197
14.33313
14.34441
14.35534
14.36632
14.37791
14.39392
14.4046
14.41436
14.42387
14.43478
14.44644
14.45803
14.46904
14.48036
14.49157
14.50287
14.51406
14.52592
14.53626
14.54737
14.5587
14.5696
14.58165
14.59192
14.60308
14.61449
14.62555
14.63765
14.64795
14.65908
14.67036
14.68139
14.6925
14.7036
14.71503
14.72587
14.73717
14.74832
14.76011
14.77109
14.78238
14.79371
14.805
14.81651
14.8282
14.83919
14.8505
14.86232
14.87327
14.88434
14.89627
14.90696
14.91868
14.93017
14.94107
14.95248
14.96378
14.97515
14.98608
14.99746
15.00802
15.01927
15.03093
15.04165
15.05306
15.0641
15.07623
15.08674
15.09735
15.10866
15.12
15.13212
15.14236
15.15353
15.16464
15.17584
15.18721
15.19806
15.20903
15.22069
15.23165
15.24287
15.25373
15.26506
15.27623
15.28741
15.29841
15.30974
15.32108
15.33216
15.34357
15.35552
15.36592
15.37672
15.38822
15.39908
15.41034
15.42148
15.43267
15.44376
15.45496
15.46619
15.48241
15.49289
15.50401
15.51475
15.52482
15.5349
15.54508
15.55489
15.56531
15.57535
15.58578
15.59562
15.60645
15.61756
TARGET DESTROYED 
15.62894
15.64324
15.65488
15.67232
15.68464
15.69598
15.70694
15.71806
15.72964
15.74034
15.75145
15.76307
15.77401
15.78517
15.7965
15.80764
15.81848
15.82997
15.84108
15.85205
15.86341
15.87439
15.88567
15.89684
15.90799
15.91898
15.93053
15.94148
15.95289
15.96422
15.97504
15.98659
15.99758
16.00858
16.02078
16.03089
16.04198
16.05344
16.06437
16.0764
16.08679
16.09802
16.1089
16.1204
16.13242
16.1426
16.15487
16.16573
16.17706
16.18865
16.20042
16.21189
16.2233
16.23476
16.24653
16.25774
16.2691
16.28126
16.29201
16.30368
16.31517
16.32612
16.33736
16.34859
16.35971
16.37157
16.38235
16.39333
16.40449
16.41551
16.42659
16.43811
16.44904
16.46027
16.47165
16.4835
16.49378
16.50529
16.51643
16.52717
16.53864
16.54953
16.56084
16.57188
16.5884
16.6004
16.61199
16.62338
16.63494
16.64632
16.65788
16.67053
16.68322
16.6951
16.70741
16.71984
16.7325
16.74506
16.75791
16.77049
16.78301
16.79501
16.80783
16.81969
16.83228
16.84439
16.85654
16.86872
16.88121
16.89267
16.90483
16.91709
16.92906
16.94106
16.95299
16.96529
16.9768
16.98946
17.00235
17.01451
17.02617
17.03791
17.05145
17.06516
17.0776
17.09015
17.10206
17.11423
17.12619
17.13867
17.15084
17.16319
17.17513
17.18784
17.20015
TARGET DESTROYED 
17.21154
17.23092
17.24957
17.26319
17.27552
17.28788
17.30029
17.3126
17.32465
17.33647
17.34898
17.36187
17.3748
17.38688
17.39901
17.41126
17.42308
17.43556
17.44759
17.45973
17.47178
17.48431
17.49605
17.50787
17.51964
17.53217
17.54442
17.55665
17.56843
17.58064
17.5927
17.60478
17.61708
17.62895
17.64101
17.65279
17.66546
17.67763
17.68979
17.70247
17.71478
17.7266
17.73875
17.75101
17.763
17.77471
17.78633
17.80389
17.8163
17.82812
17.84053
17.85177
17.86337
17.87452
17.88527
17.89645
17.90732
17.91886
17.93012
17.94075
17.95197
17.96342
17.97464
17.98549
17.99681
18.0093
18.0209
18.03155
18.04225
18.05275
18.06379
18.07504
18.08591
18.09733
18.10832
18.11957
18.1309
18.1429
18.1537
18.1648
18.17558
18.18762
18.19814
18.20905
18.22004
18.23133
18.24253
18.25367
18.26474
18.27599
18.28719
18.29839
18.30976
18.32153
18.33328
18.3447
18.35592
18.36731
18.37968
18.39062
18.4021
18.41345
18.42487
18.43641
18.44817
18.45945
18.47086
18.48264
18.49494
18.50495
18.51537
18.52668
18.53803
18.55006
18.56042
18.57158
18.58262
18.59366
18.60629
18.61622
18.62704
18.63851
18.65057
18.66226
18.67176
18.68394
18.69427
18.70596
18.7172
18.72849
18.739
18.75002
18.76215
18.77366
18.78356
18.79494
18.80669
18.81825
18.82874
18.83943
18.85052
18.86226
18.87354
18.88884
18.89926
18.90903
18.91933
18.93038
18.94022
18.95016
18.95992
18.96988
18.9812
18.99203
19.00349
19.01487
19.02571
19.0369
19.04807
19.05948
19.07115
19.08158
19.09258
19.10372
19.11529
19.12665
19.13722
19.14848
19.15966
19.17077
19.18216
19.1932
19.20453
19.21551
19.22664
19.23799
19.24921
19.26033
19.27202
19.28287
19.29452
19.30589
19.31701
19.3286
19.33989
19.35117
19.3629
19.37401
19.3852
19.39693
19.40794
19.41924
19.43102
19.44196
19.45321
19.46488
19.47601
19.48747
19.49849
19.50969
19.52093
19.53218
19.54316
19.55462
19.56535
19.57652
19.58827
19.59899
19.61009
19.62152
19.63259
19.64389
19.65501
19.66592
19.67731
19.68839
19.69985
19.71082
19.7218
19.73304
TARGET DESTROYED 
19.74484
19.75857
19.76853
19.77852
19.78788
19.79872
19.8098
19.82108
19.83241
19.84334
19.85474
19.86567
19.87677
19.88807
19.89937
19.91571
19.92632
19.93667
19.94691
19.9569
19.96652
19.98119
19.99084
20.00086
20.01037
20.02122
20.03203
20.04109
20.05225
20.06355
20.0746
20.08549
20.09689
20.10789
20.11931
20.13056
20.1416
20.15301
20.16441
20.17528
20.18647
20.19757
20.20888
20.2198
20.23123
20.24233
20.25353
20.26458
20.2759
20.28671
20.29815
20.30909
20.32054
20.33179
20.34289
20.35448
20.36593
20.37734
20.38863
20.39972
20.41176
20.42281
20.43468
20.44591
20.45701
20.46868
20.47998
20.49111
20.50264
20.51449
20.52555
20.53685
20.54798
20.55963
20.57137
20.58189
20.59318
20.6048
20.61591
20.62693
20.63803
20.64909
20.66044
20.67215
20.68315
20.69395
20.70521
20.71741
20.72737
20.7672
20.77759
20.78941
20.80039
20.8117
20.82298
20.83439
20.84529
20.85616
20.86749
20.87889
20.88972
20.90111
20.91232
20.9233
20.93504
20.94659
20.95694
20.96786
20.97932
20.99075
21.00168
21.01314
21.02395
21.03524
21.04638
21.05747
21.06843
21.07992
21.09089
21.10196
21.11331
21.12434
21.13532
21.14713
21.15775
21.16935
21.18017
21.19127
21.20244
21.21382
21.2293
21.239
21.24905
21.25839
21.26942
21.28075
21.29171
21.30324
21.31428
21.32536
21.33698
21.34763
21.35909
21.37002
21.38147
21.39238
21.40425
21.4161
21.42858
21.43978
21.45082
21.46262
21.47309
21.48471
21.49594
21.50671
21.5181
21.5293
21.54
21.55124
21.56285
21.57354
21.58466
21.59613
21.60752
21.61888
21.63039
21.64156
21.65294
TARGET DESTROYED 
21.66421
21.69114
21.70237
21.71235
21.72274
21.73355
21.74307
21.75294
21.76256
21.77283
21.79289
21.80401
21.81495
21.82498
21.83527
21.84477
21.85503
21.86533
21.87482
21.88464
21.89511
21.90623
21.91737
21.92878
21.93966
21.95076
21.96909
21.97858
21.98871
21.99899
22.00813
22.01781
22.02928
22.0404
22.0513
22.06282
22.07361
22.08534
22.09612
22.10711
22.11849
22.12973
22.14059
22.15189
22.16339
22.17429
22.18543
22.1976
22.20794
22.21891
22.23026
22.24173
22.25253
22.26378
22.27559
22.28588
22.29736
22.30823
22.3194
22.33064
22.34195
22.3569
22.36669
22.37664
22.38761
22.39924
22.41054
22.42184
22.4333
22.44489
22.45624
22.46754
22.48037
22.49033
22.50141
22.51296
22.52377
22.53497
22.54647
22.55761
22.56849
22.5799
22.59075
22.60196
22.61357
22.6244
22.63564
22.64681
22.65775
22.66901
22.68031
22.69125
22.7025
22.71413
22.72554
22.73776
22.74917
22.75882
22.77033
22.78157
22.79316
22.80417
22.81578
22.82661
22.8381
22.84927
22.86056
22.87214
22.88296
22.89422
22.90538
22.91635
22.92763
22.93888
22.94979
22.96126
22.97248
22.9834
22.99493
23.00578
23.01677
23.02859
23.03931
23.05086
23.0616
23.07287
23.08396
23.0957
23.10634
23.1173
23.12881
23.13975
23.1509
23.1625
23.1734
23.18565
23.196
23.20692
23.21792
23.22977
23.24105
23.2514
23.26304
23.2738
23.28512
23.29657
23.30774
23.31914
23.33
23.341
23.35207
23.36366
23.37445
23.38554
23.39716
23.40781
23.41905
23.43006
23.44133
23.45259
23.46403
23.47479
23.48606
23.49744
23.5083
23.5196
23.53091
23.54186
23.55306
23.56435
23.58014
23.58973
23.59953
23.60874
23.61782
23.62864
23.63962
23.65118
23.66227
23.67329
23.68487
23.69603
23.70671
23.71783
23.72947
23.74293
23.75332
23.76263
23.77372
23.78483
23.79627
23.80742
23.81854
23.83286
