0.02
0.04
0.14
0.1752151
0.1867543
0.1999688
0.2112469
0.2227749
0.2348813
0.2453799
0.2560953
0.2666753
0.2783512
0.292574
0.3034863
0.3150092
0.325058
0.3351999
0.3446269
0.3551935
0.3668046
0.3784276
0.3891484
0.4004153
0.4109469
0.4223377
0.4338362
0.4450123
0.4558756
0.467513
0.4780914
0.4892242
0.5008119
0.5191993
0.5296241
0.5417286
0.5568323
0.567994
0.5787909
0.5901079
0.6014498
0.6120478
0.6232194
0.6345565
0.6453868
0.6565764
0.6681224
0.679327
0.6900334
0.7017292
0.7123131
0.7234363
0.7352774
0.7473177
0.7576969
0.7686818
0.7798518
0.790947
0.8018466
0.8132434
0.8241699
0.8352478
0.8465102
0.8579109
0.8688653
0.8800853
0.8911331
0.9030535
0.9141695
0.9247749
0.9358843
0.9471345
0.9581957
0.9698672
0.9805781
0.9916914
1.002804
1.014067
1.025188
1.036413
1.047493
1.058641
1.070305
1.081695
1.093516
1.104791
1.116869
1.127949
1.139572
1.151075
1.162436
1.17389
1.185573
1.197154
1.208667
1.219917
1.231563
1.242557
1.253361
1.264787
1.275803
1.287252
1.298525
1.309447
1.320449
1.331801
1.3429
1.354042
1.365344
1.376537
1.387792
1.39877
1.409929
1.421483
1.432597
1.443327
1.454905
1.466201
1.476735
1.488055
1.499666
1.510326
1.521731
1.533154
1.544362
1.554947
1.566501
1.577408
1.588529
1.599934
1.611223
1.622297
1.633373
1.644349
1.655586
1.667289
1.677785
TARGET DESTROYED 
1.696061
1.721157
1.733148
1.743089
1.753658
1.763357
1.773586
1.785217
1.796276
1.806932
1.818209
1.830041
1.840527
1.852053
1.863025
1.874754
1.885211
1.897005
1.907738
1.918763
1.930045
1.94103
1.952535
1.96348
1.974793
1.985691
1.997161
2.008201
2.019562
2.030565
2.041458
2.053148
2.064017
2.076175
2.08648
2.09754
2.108492
2.119839
2.13093
2.142188
2.153103
2.1656
2.176024
2.186964
2.198128
2.209103
2.220462
2.231648
2.242684
2.253959
2.265253
2.276139
2.287193
2.29864
2.309541
2.321388
2.333333
2.345587
2.356698
2.368642
2.379884
2.391631
2.40368
2.415199
2.42629
2.437463
2.449596
2.460241
2.470905
2.482839
2.493272
2.504319
2.51655
2.527434
2.537925
2.550116
2.560451
2.571429
2.582819
2.593962
2.604971
2.616763
2.62765
2.638924
2.650388
2.660853
2.671964
2.683585
2.694254
2.705522
2.717261
2.728212
2.739604
2.750796
2.761419
2.772541
2.784106
2.795109
2.805998
2.818263
2.829342
2.839983
2.85094
2.862129
2.873009
2.884564
2.900316
2.911158
2.92268
2.933187
2.943408
2.954196
2.964671
2.975063
2.985596
2.99629
3.006581
3.018443
3.028706
3.03942
3.050407
3.061188
3.071717
3.082468
3.093634
3.104519
3.114895
3.125626
3.136386
3.147455
3.158971
3.170315
3.180852
3.192077
3.203087
3.214483
3.226414
3.237097
3.248252
3.259347
3.270681
3.281692
3.292597
3.304389
3.315397
3.326267
3.337415
3.349106
3.359662
3.370957
3.382583
3.393916
3.405399
3.417535
TARGET DESTROYED 
3.43291
3.443684
3.454765
3.465033
3.476024
3.487518
3.497853
3.508661
3.519794
3.530756
3.541637
3.552476
3.56446
3.575495
3.592789
3.60497
3.617026
3.627828
3.638907
3.650171
3.661105
3.672461
3.68371
3.69472
3.706245
3.717497
3.728665
3.740207
3.751976
3.762021
3.77297
3.784434
3.795062
3.806689
3.818003
3.828843
3.839885
3.851266
3.862552
3.87338
3.88493
3.895764
3.90699
3.918245
3.92957
3.940324
3.951916
3.962861
3.974349
3.98549
3.996367
4.007321
4.018498
4.029859
4.041294
4.058058
4.069714
4.080416
4.091419
4.102168
4.112508
4.122877
4.133817
4.144362
4.155284
4.166527
4.176948
4.187436
4.198416
4.209112
4.220135
4.231793
4.242391
4.253612
4.265058
4.27609
4.287381
4.298735
4.309725
4.32094
4.331901
4.343554
4.354702
4.366045
4.376624
4.38785
4.399314
4.410036
4.42132
4.433037
4.444117
4.455998
4.467204
4.478789
4.489875
4.501295
4.513013
4.524379
4.536712
4.547378
4.558521
4.571416
4.58215
4.592969
4.604577
4.615425
4.626494
4.637958
4.648932
4.660004
4.671447
4.68254
4.693541
4.704895
4.716309
4.727117
4.738378
4.749714
4.760604
4.771684
4.783196
4.794137
4.805091
4.816872
4.828394
4.839632
4.851354
4.863368
4.875052
4.886861
4.898193
4.909216
4.920276
4.931109
4.941649
4.952666
4.963353
4.974548
4.985891
4.996345
5.007633
5.019031
5.029934
5.04054
5.052058
5.063008
5.073889
5.085056
5.095812
5.106537
5.117615
5.128047
5.13925
5.150092
5.161664
5.173144
5.184192
5.195031
5.206329
5.217721
5.22812
TARGET DESTROYED 
5.249868
5.260748
5.273333
5.284105
5.295061
5.312084
5.32441
5.337026
5.348327
5.358985
5.370314
5.381655
5.392575
5.403556
5.415123
5.426002
5.437251
5.44873
5.459516
5.470582
5.482396
5.493083
5.504584
5.515819
5.526401
5.537777
5.548998
5.561047
5.572894
5.58536
5.596573
5.607986
5.620101
5.631532
5.642769
5.65406
5.665146
5.676569
5.688191
5.699533
5.710806
5.722172
5.73387
5.744538
5.756063
5.767761
5.778608
5.79006
5.801358
5.812432
5.823564
5.835014
5.846108
5.857269
5.868567
5.879644
5.891507
5.902858
5.913698
5.924356
5.935218
5.945668
5.95658
5.967723
5.978252
5.989529
6.001082
6.011652
6.023331
6.034581
6.045188
6.055892
6.066425
6.077209
6.088091
6.098506
6.109113
6.12051
6.131474
6.142009
6.15258
6.163461
6.174951
6.186116
6.197063
6.207733
6.219417
6.230389
6.241458
6.25245
6.26418
6.275469
6.28628
6.297194
6.30841
6.319946
6.331501
6.342839
6.354043
6.365845
6.377176
6.388641
6.399956
6.416229
6.427447
6.438582
6.449864
6.460889
6.472406
6.484141
6.494922
6.506165
6.517784
6.529084
6.541021
6.552808
6.565972
6.577492
6.589133
6.600316
6.611921
6.622773
6.633893
6.645009
6.657056
6.668516
6.679709
6.691818
6.703094
6.714282
6.725314
6.736715
6.747805
6.759121
6.770568
6.781817
6.792824
6.804104
6.815188
6.826282
6.837645
6.849266
6.860561
6.871608
6.882754
6.893675
6.905234
6.916745
6.928029
6.939357
6.951181
6.962257
6.974018
6.985547
6.996979
7.00921
7.020886
7.032772
7.043863
7.055896
7.068362
7.079674
7.09066
7.101863
7.113372
7.12468
7.135681
TARGET DESTROYED 
7.152339
7.165524
7.183978
7.196094
7.206992
7.21879
7.230543
7.241718
7.253056
7.263906
7.275686
7.287057
7.298167
7.309608
7.321288
7.332526
7.343772
7.35529
7.36695
7.378444
7.389581
7.401228
7.412493
7.423835
7.436554
7.4482
7.459296
7.470486
7.481838
7.492957
7.50581
7.517076
7.527917
7.539201
7.551774
7.562985
7.574024
7.585699
7.597342
7.614879
7.626572
7.63796
7.648955
7.659806
7.671258
7.682298
7.694195
7.705674
7.717319
7.728392
7.739716
7.75118
7.763192
7.77494
7.786659
7.797891
7.80915
7.820836
7.832448
7.843754
7.856007
7.867717
7.878982
7.890106
7.901727
7.912871
7.924279
7.936204
7.947347
7.958677
7.970351
7.981817
7.993306
8.005267
8.017668
8.028918
8.040067
8.051536
8.062378
8.07345
8.084712
8.095868
8.107243
8.119061
8.130273
8.141644
8.153152
8.164778
8.176234
8.187901
8.199058
8.210487
8.22241
8.234476
8.245241
8.25658
8.268472
8.280206
8.291629
8.30394
8.31522
8.326793
8.338405
8.350388
8.362019
8.373499
8.386168
8.397487
8.408998
8.421232
8.432913
8.444063
8.455481
8.467488
8.478554
8.490229
8.501704
8.5186
8.531506
8.543063
8.554386
8.566216
8.577541
8.58955
8.601197
8.613112
8.62452
8.636093
8.64747
8.658944
8.670663
8.68188
8.693169
8.705034
8.716835
8.728044
8.739789
8.75155
8.762711
8.774376
8.786436
8.798655
8.810342
8.821954
8.833667
8.844826
8.856393
8.868793
8.886225
8.897895
8.910196
8.922751
8.934652
8.946154
8.957857
8.969524
8.980906
8.992384
9.004455
9.016233
9.028135
9.039975
9.052432
9.063755
9.075561
9.087897
9.099648
9.112364
9.123499
9.134974
9.14612
9.158448
9.170681
9.183377
9.195314
9.206972
9.218865
9.230406
9.242085
9.253939
9.266231
9.277881
9.289548
9.302101
9.314916
9.32653
9.338125
9.349703
9.361455
9.373122
9.384855
9.396139
9.409218
9.421294
9.432815
9.444324
9.456266
9.468432
9.480835
9.492737
9.505846
9.517286
9.527745
9.538847
9.549936
9.561861
9.572756
9.583016
9.593657
9.604791
9.616552
9.627359
9.63866
9.649174
9.659534
9.670542
9.681772
9.693229
9.704152
9.715794
9.726303
9.737741
9.74919
9.760115
9.771059
9.782318
9.793446
9.804679
9.815938
9.827293
9.838294
9.84973
9.860333
9.871924
9.883595
9.89382
9.905079
9.916547
9.927518
9.938679
9.950148
9.96157
9.973307
9.994428
10.00585
10.01719
10.02779
TARGET DESTROYED 
10.04324
10.05445
10.06488
10.07556
10.08632
10.09639
10.107
10.1175
10.13346
10.14416
10.15542
10.17284
10.18483
10.1954
10.20665
10.21806
10.22912
10.2401
10.25145
10.26251
10.27398
10.28486
10.29609
10.30723
10.31825
10.33005
10.34199
10.35376
10.36536
10.37691
10.38871
10.40075
10.41203
10.42409
10.43591
10.44778
10.46059
10.47261
10.48444
10.49761
10.50943
10.52123
10.53371
10.54542
10.55777
10.56972
10.58125
10.59283
10.60456
10.61725
10.62966
10.64134
10.65344
10.665
10.67681
10.68834
10.70014
10.71164
10.72327
10.73568
10.74693
10.75888
10.77078
10.78293
10.79456
10.80669
10.81867
10.83
10.84174
10.8547
10.86643
10.87812
10.88994
10.902
10.914
10.92619
10.93834
10.95036
10.96196
10.974
10.98609
10.99794
11.00993
11.02227
11.03481
11.04661
11.05837
11.07058
11.08264
11.09412
11.10598
11.11801
11.13008
11.14179
11.15435
11.16726
11.17883
11.19061
11.20259
11.21472
11.22652
11.23896
11.25131
11.26292
11.27488
11.28664
11.29841
11.31005
11.32213
11.33484
11.34629
11.35722
11.36847
11.37941
11.39599
11.40688
11.4181
11.42875
11.43931
11.45021
11.46071
11.47161
11.48259
11.49417
11.50613
11.5174
11.52792
11.5391
11.55017
11.56113
11.5721
11.58312
11.59358
11.60422
11.61495
11.62536
TARGET DESTROYED 
11.64188
11.65278
11.66374
11.6741
11.68504
11.69544
11.70652
11.72322
11.73587
11.74837
11.75921
11.77026
11.78154
11.7927
11.80423
11.81518
11.82776
11.84038
11.85326
11.86641
11.87919
11.892
11.90483
11.91766
11.92999
11.94243
11.95591
11.96894
11.98165
11.99409
12.00703
12.02012
12.03304
12.04562
12.05831
12.07106
12.08367
12.09433
12.10623
12.11735
12.12768
12.13887
12.15043
12.16194
12.17337
12.18429
12.1952
12.20603
12.21718
12.22822
12.23937
12.25123
12.26182
12.27315
12.28418
12.29532
12.30664
12.31781
12.32983
12.3406
12.35132
12.36238
12.37365
12.38473
12.39586
12.40698
12.41825
12.42934
12.44055
12.45192
12.46298
12.47402
12.48566
12.49649
12.50759
12.51886
12.53014
12.54092
12.55267
12.56392
12.57553
12.58698
12.59865
12.61008
12.62159
12.63317
12.6448
12.65722
12.66813
12.69009
12.70211
12.71271
12.72842
12.739
12.74985
12.76027
12.77157
12.78234
12.79267
12.80375
12.81442
12.82516
12.83594
12.84687
12.85872
12.8697
12.88002
12.89102
12.90139
12.91219
12.92302
12.93344
12.94418
12.95513
12.96582
12.97672
12.98792
12.99983
13.01077
13.02146
13.03276
13.04424
13.05479
13.06661
13.07751
13.0885
13.1001
13.11116
13.12182
13.1336
13.14427
13.15536
13.16693
13.17776
13.18922
13.20099
13.2122
13.2238
13.23538
13.24703
13.25852
13.27046
13.28124
13.29256
13.30366
13.31516
13.3267
13.33796
13.34937
13.36071
13.37188
13.38366
13.3948
13.40635
13.41764
13.42877
13.44031
13.4511
13.46185
13.47299
13.48441
13.49551
13.50665
13.51809
13.52891
13.5402
13.5515
13.56276
13.57348
13.58525
13.59605
13.60711
13.61865
13.62986
13.64062
13.65299
13.66347
13.67462
13.68546
13.69698
13.70802
13.7188
13.73041
13.74136
13.75256
13.76397
13.7843
13.79473
13.80559
13.81675
13.82753
13.83847
13.84906
13.86059
13.87118
13.88168
13.89311
13.90401
13.91554
13.92653
13.93771
13.94868
13.95988
13.971
13.98231
13.99318
14.00446
14.01577
14.02674
14.03795
14.05429
14.06509
14.07565
14.08687
14.09715
14.10844
14.11983
14.12995
14.14095
14.15172
14.16265
14.174
14.18962
14.19996
14.21011
14.22082
14.23115
14.241
14.25079
14.26174
14.2735
14.28507
14.29816
14.31006
14.32189
14.33375
14.34309
14.35476
14.36442
14.37391
14.38597
14.39757
14.40949
14.4207
14.43071
14.44067
14.45225
14.46303
14.47403
14.48607
14.49647
14.50865
14.51932
14.53013
14.54122
14.55276
14.56395
14.5752
14.58676
14.59793
14.60919
14.62077
14.63223
14.64349
14.65533
14.67155
14.68541
14.6955
14.70812
14.71912
14.73037
14.74153
14.75281
14.76408
14.77524
14.78664
14.79766
14.809
14.82014
14.8313
14.84216
14.85326
14.86482
14.8757
14.88686
14.89798
14.9091
14.92054
14.93166
14.94268
14.95393
14.96544
14.97748
14.98778
14.99894
15.00962
15.02071
15.03227
15.04332
15.05472
15.06602
15.07686
15.08789
15.0996
15.11054
15.12185
15.13397
15.14507
15.15716
15.16821
15.17933
15.19058
15.20218
15.21366
15.22506
15.23658
15.24772
15.25923
15.27081
15.28225
15.29435
15.30494
15.31641
15.33118
15.34138
15.35168
15.36125
15.37099
15.3805
15.39188
15.40308
15.41429
15.42532
15.4366
15.44779
15.459
15.46988
15.48132
15.49222
15.50384
15.51478
15.52586
15.53708
15.54834
15.55916
15.57057
15.58188
15.59294
15.60387
15.6159
15.62699
15.63744
15.64892
15.65986
15.67462
15.68419
15.69361
15.70451
15.71609
15.7271
15.73852
15.75047
15.76106
15.77243
15.78376
15.79485
15.80568
15.8174
15.82818
15.83909
15.85045
15.86167
15.87276
15.88403
15.89585
15.90643
15.91754
15.92883
15.93971
15.95156
15.9622
15.97324
15.98471
15.99564
16.00786
16.01813
16.02927
16.04055
16.05214
16.06309
16.07424
16.08623
16.09702
16.10818
16.11982
16.13119
16.14244
16.15376
16.16526
16.17615
16.1873
16.19877
16.20965
16.22076
16.2324
16.24338
16.25446
16.26596
16.27704
16.28861
16.29973
16.31026
16.32203
16.3329
16.34399
16.35536
16.3667
16.37748
16.38911
16.40045
16.4113
16.42266
16.43377
16.44441
16.45569
16.46737
16.47843
16.48944
16.50062
16.51198
16.52286
16.53408
16.54498
16.55621
16.56734
16.57838
16.58949
16.60129
16.61178
16.62299
16.63447
16.64989
16.66025
16.67091
16.68203
16.69265
16.70304
16.71326
16.72369
16.73465
16.74455
16.75531
16.76535
16.77577
16.78606
16.79703
16.80788
16.81909
16.83031
16.84182
16.85327
16.86628
16.87793
16.889
16.9002
16.91148
16.92318
16.93468
16.94635
16.95797
16.96996
16.98102
16.99234
17.0043
17.01549
17.02701
17.04027
17.0518
17.06288
17.07376
17.08515
17.09612
17.10713
17.11854
17.12992
17.14121
17.15286
17.16598
17.1773
17.18929
17.20041
17.21137
17.22224
17.23375
17.24458
17.25585
17.26748
17.27923
17.29025
17.30174
17.3126
17.324
17.33585
17.34673
17.35814
17.36975
17.38107
17.39207
17.40326
17.41335
17.4241
17.4345
17.44469
17.45587
17.46733
17.47866
17.48992
17.50071
17.51166
17.52291
17.53423
17.54538
17.55629
17.56775
17.57873
17.58981
17.6012
17.61228
17.62353
17.63509
17.64685
17.65817
17.66963
17.68166
17.69319
17.70401
17.71565
17.72745
17.73829
17.75017
17.76076
17.7721
17.78377
17.79497
17.80617
17.81804
17.82882
17.83993
17.85164
17.86273
17.87402
17.88523
17.89655
17.90755
17.91863
17.92996
17.94098
17.95237
17.96368
17.97969
17.99083
18.00596
18.01751
18.028
18.03875
18.04971
18.0603
18.07345
