0.02
0.04
0.14
0.1748202
0.1889669
0.2005879
0.212258
0.2223938
0.2330967
0.2444861
0.2582966
0.2692848
0.279528
0.2913813
0.3011981
0.3107147
0.3203577
0.3301159
0.3405124
0.3515984
0.3630962
0.3740067
0.3854856
0.3972526
0.4076193
0.4187697
0.4303767
0.4410748
0.4524305
0.4635608
0.4746284
0.4857882
0.4972443
0.5079998
0.5193325
0.5306555
0.5475582
0.5588087
0.568999
0.5789807
0.5881807
0.5991172
0.608842
0.6199741
0.6311027
0.6423269
0.6533583
0.6647419
0.6755642
0.6871127
0.6981544
0.7093141
0.7203805
0.7317135
0.7439148
0.7552593
0.7653065
0.7761689
0.7876523
0.7985352
0.8096032
0.8208396
0.8319371
0.8437044
0.8541632
0.8656331
0.8767059
0.8888974
0.8999503
0.9121446
0.9225639
0.9339148
0.9453492
0.9567447
0.9682265
0.980153
0.9913637
1.002676
1.013661
1.024503
1.0363
1.048538
1.058829
1.070326
1.082078
1.092982
1.104312
1.115926
1.127538
1.138799
1.14968
1.160866
1.172236
1.183371
1.194554
1.205818
1.216943
1.22815
1.239444
1.251134
1.261875
1.27336
1.283707
1.295234
1.306208
1.31752
1.328725
1.339954
1.35083
1.362412
1.372946
1.385308
1.396086
1.406706
1.417797
1.429723
1.440156
1.451334
1.462565
1.47375
1.484769
1.496239
1.510735
1.521329
1.531309
1.541342
1.550989
1.561332
1.572834
1.583499
1.594976
1.605953
1.617222
1.636308
1.647211
1.663046
1.673608
1.683844
1.69438
1.705052
1.715262
1.725611
1.736793
1.748054
1.759709
1.770242
1.78152
1.792574
1.803691
1.815004
1.826245
1.837271
1.848666
1.860399
1.871035
1.881987
1.893145
1.904373
1.915467
1.926729
1.93789
1.949026
1.960333
1.971654
1.982656
1.993713
2.004875
2.016356
2.027344
2.038246
2.049715
2.061088
2.072539
2.083625
2.096274
2.106634
2.118541
2.130353
2.141629
2.152482
2.164027
2.175725
2.186949
2.198189
2.209719
2.220917
2.232563
2.244014
2.255229
2.267
2.277891
2.289121
2.300411
2.311604
2.322681
2.334482
2.344924
2.356186
2.372453
2.384896
2.401539
2.416149
2.427015
2.438633
2.450294
2.460563
2.471746
2.482842
2.493544
2.504148
2.515638
2.526894
2.538117
2.549773
2.561877
2.572923
2.583843
2.593686
2.615824
2.626046
2.637997
2.649551
2.661224
2.677094
2.688071
2.699201
2.709623
2.720882
2.731172
2.74236
2.753249
2.764991
2.776509
2.787446
2.798274
2.809237
2.820606
2.831705
2.842719
2.853734
2.865034
2.876168
2.887241
2.898683
2.909762
2.920855
2.932079
2.943146
2.954313
2.965765
2.97687
2.987845
2.999042
3.010342
3.021393
3.03259
3.043744
3.05488
3.067459
3.083684
3.094676
3.105277
3.116515
3.127168
3.138852
3.15018
3.160407
3.170943
3.181264
3.191817
3.202388
3.213532
3.224305
3.235512
3.246199
3.256718
3.267865
3.278629
3.290337
3.301219
3.312422
3.323519
3.334888
3.345981
3.357
3.367995
3.379419
3.390666
3.401812
3.413143
3.425122
3.435621
3.446301
3.457697
3.469299
3.480259
3.491485
3.50233
3.514012
3.525277
3.536904
3.547865
3.559424
3.570791
3.582299
3.593733
3.608195
3.619088
3.630457
3.641279
3.65196
3.663028
3.674157
3.684319
3.694947
3.706147
3.717329
3.72858
3.740221
3.751234
3.762161
3.773472
3.784949
3.801315
3.812507
3.823331
3.834778
3.847342
3.859121
3.87018
3.881583
3.89298
3.903627
3.915025
3.926224
3.937268
3.948509
3.95962
3.971015
3.982372
3.992984
4.004298
4.015465
4.026595
4.037816
4.049537
4.060367
4.071609
4.082797
4.093949
4.105055
4.116027
4.127595
4.138973
4.149745
4.160641
4.171965
4.182942
4.194148
4.205852
4.216506
4.228404
4.239517
4.250528
4.265458
4.276772
4.288446
4.300427
4.311132
4.322274
4.33384
4.3447
4.355501
4.367413
4.378513
4.390342
4.401922
4.412978
4.424164
4.435483
4.446654
4.459043
4.469736
4.480585
4.491502
4.507371
4.518768
4.529948
4.540568
4.552204
4.563224
4.573794
4.585088
4.596671
4.607438
4.618686
4.63006
4.640862
4.652137
4.663614
4.67493
4.685549
4.697114
4.708045
4.719348
4.730451
4.74175
4.752907
4.76417
4.775718
4.786844
4.797596
4.808833
4.82076
4.832397
4.843169
4.854128
4.865757
4.876615
4.887572
4.898712
4.909357
4.920301
4.931562
4.94254
4.953603
4.96508
4.975992
4.987544
4.998627
5.009551
5.021186
5.032787
5.044414
5.055831
5.067668
5.079924
5.090741
5.102116
5.11388
5.124799
5.137537
5.148941
5.160082
5.170837
5.182271
5.193246
5.204484
5.222429
5.234567
5.245259
5.25572
5.266865
5.277617
5.289197
5.300368
5.311201
5.322349
5.333761
5.345116
5.356069
5.367567
5.378606
5.389833
5.401046
5.412997
5.424623
5.43576
5.447221
5.459147
5.470341
5.481433
5.492299
5.503256
5.513781
5.523813
5.534544
5.546
5.556705
5.56794
5.579443
5.590343
5.605655
5.616956
5.628004
5.639024
5.650867
5.661378
5.672415
5.68494
5.695495
5.706258
5.717383
5.728196
5.739417
5.750827
5.761771
5.772583
5.783891
5.794976
5.805329
5.81619
5.827543
5.838545
5.849687
5.864087
5.874961
5.886797
5.897772
5.908657
5.920074
5.936843
5.948156
5.959066
5.971386
5.982111
5.992906
6.004317
6.015003
6.025926
6.037194
6.048602
6.059916
6.071784
6.083419
6.095753
6.106771
6.117804
6.128954
6.140786
6.15194
6.163107
6.174401
6.185311
6.196092
6.207599
6.218911
6.230304
6.242434
6.253506
6.264985
6.27617
6.286996
6.298467
6.309346
6.320435
6.331761
6.342776
6.354722
6.366194
6.376909
6.388245
6.39958
6.410387
6.421593
6.433681
6.444139
6.455055
6.466997
6.478013
6.488926
6.500272
6.511852
6.52254
6.53411
6.545305
6.556644
6.568176
6.579087
6.590124
6.601326
6.612852
6.62415
6.635431
6.651879
6.663157
6.674532
6.685572
6.696774
6.707544
6.718832
6.72993
6.741045
6.752302
6.763402
6.774629
6.785672
6.797053
6.808375
6.820036
6.831122
6.842498
6.854168
6.86582
6.876805
6.887479
6.898865
6.909182
6.919727
6.931041
6.94222
6.953102
6.964408
6.975412
6.991637
7.002679
7.013482
7.024509
7.035314
7.045943
7.057009
7.067618
7.078146
7.088703
7.102252
7.114191
7.126682
7.138889
7.150512
7.160829
7.171709
7.182708
7.194149
7.204895
7.216065
7.226396
7.237699
7.248423
7.259041
7.269741
7.280882
7.291962
7.30313
7.31463
7.325734
7.336521
7.34743
7.364416
7.3752
7.385717
7.397437
7.40788
7.418143
7.428563
7.439494
7.45022
7.459974
7.471173
7.482323
7.4975
7.508142
7.519131
7.529535
7.540082
7.550951
7.560894
7.571626
7.582316
7.592394
7.606371
7.617072
7.626674
7.637077
7.647684
7.657425
7.667936
7.679219
7.690414
7.705433
7.716686
7.727603
7.738319
7.749373
7.759819
7.770772
7.782692
7.793486
7.80451
7.815693
7.825829
7.837395
7.848496
7.858714
7.869426
7.880351
7.891452
7.902759
7.914093
7.925547
7.936973
7.948715
7.959804
7.971108
7.988623
8.005109
8.021425
8.03755
8.054078
8.070267
8.086258
8.108408
8.124788
8.141594
8.158687
8.175442
8.191533
8.207769
8.224422
8.241226
8.259477
8.277674
8.294557
8.31116
8.327771
8.344734
8.361314
8.377442
8.393961
8.410825
8.42712
8.443439
8.460514
8.476997
8.493622
8.510263
8.527319
8.543755
8.560925
8.577399
8.594308
8.611092
8.627499
8.643892
8.660581
8.677526
8.694058
8.711189
8.727634
8.744101
8.76042
8.776545
8.794368
8.810712
8.827186
8.843423
8.860471
8.8767
8.893146
8.909132
8.925914
8.942551
8.959594
8.981816
8.999182
9.015237
9.030823
9.0465
9.062244
9.077627
9.098056
9.11519
9.132596
9.150209
9.166657
9.17758
9.188264
9.199488
9.210248
9.221326
9.23313
9.243568
9.255116
9.265798
9.276656
9.288352
9.301629
9.312086
9.322963
9.334509
9.346274
9.357428
9.368369
9.379493
9.390671
9.40188
9.412835
9.424651
9.435069
9.446222
9.457223
9.467996
9.478918
9.489834
9.500394
9.511122
9.522351
9.533506
9.544627
9.555581
9.566788
9.578058
9.58942
9.604145
9.615501
9.62634
9.637101
9.648678
9.659425
9.670365
9.68189
9.692604
9.703732
9.720148
9.731802
9.74239
9.753332
9.764564
9.77549
9.786784
9.798114
9.808686
9.820176
9.831692
9.842315
9.853107
9.864219
9.875124
9.885858
9.897316
9.908332
9.919119
9.930643
9.941514
9.952371
9.963317
9.974572
9.985517
9.996706
10.00772
10.01842
10.0297
10.04074
10.05182
10.06278
10.07369
10.08515
10.09615
10.10693
10.11761
10.12888
10.14183
10.15243
10.16315
10.17529
10.18631
10.19792
10.20922
10.2198
10.23033
10.24185
10.25213
10.26306
10.27367
10.2848
10.29586
10.30678
10.31754
10.32844
10.33935
10.35044
10.36097
10.3722
10.38339
10.39468
10.40592
10.42248
10.4337
10.44453
10.45517
10.46602
10.47718
10.48896
10.49988
10.51043
10.52103
10.53235
10.54261
10.55312
10.56388
10.57483
10.58562
10.59679
10.60702
10.61893
10.62949
10.64019
10.65143
10.66285
10.67419
10.68494
10.69644
10.70747
10.71839
10.72984
10.74068
10.75272
10.7633
10.77423
10.78533
10.79713
10.80823
10.81972
10.83115
10.84232
10.8533
10.86486
10.87588
10.88737
10.89873
10.91029
10.92131
10.93268
10.94418
10.95553
10.96705
10.97807
10.99097
11.00556
11.01598
11.02568
11.03616
11.04732
11.05838
11.06876
11.08053
11.09504
11.10554
11.1157
11.12539
11.13612
11.14615
11.15629
11.1661
11.17591
11.19101
11.20199
11.21377
11.22495
11.23676
11.24789
11.26356
11.2761
11.28699
11.29824
11.30934
11.32068
11.33175
11.34292
11.354
11.36527
11.3768
11.3876
11.39881
11.4099
11.42126
11.43254
11.44348
11.45512
11.4665
11.47729
11.48864
11.49913
11.5105
11.52169
11.53314
11.54391
11.55534
11.56631
11.57744
11.58918
11.60381
11.61476
11.62502
11.63559
11.64695
11.65761
11.66809
11.67836
11.68977
11.70016
11.71174
11.72355
11.73409
11.74557
11.75693
11.76858
11.78061
11.79148
11.80297
11.8147
11.82597
11.83717
11.84859
11.8598
11.87067
11.88188
11.89316
11.90416
11.9152
11.92657
11.93793
11.9491
11.96016
11.97581
11.98746
11.99884
12.0095
12.01996
12.03097
12.04164
12.0523
12.06342
12.07448
12.08479
12.09542
12.10628
12.11708
12.12742
12.13856
12.15077
12.16155
12.17246
12.18311
12.19329
12.20394
12.21532
12.22621
12.23774
12.24857
12.25967
12.27148
12.28303
12.29323
12.30468
12.31695
12.32695
12.33851
12.34981
12.3602
12.3715
12.38301
12.39411
12.40571
12.41743
12.4286
12.44009
12.45127
12.4629
12.47377
12.48542
12.49708
12.50809
12.51939
12.53077
12.54206
12.55396
12.56541
12.57585
12.58741
12.59919
12.60996
12.62167
12.63277
12.64337
12.65466
12.67243
12.68411
12.69456
12.70575
12.71677
12.72843
12.73946
12.75018
12.76187
12.77326
12.78393
12.79534
12.80661
12.81748
12.8289
12.84016
12.85074
12.86223
12.87672
12.88755
12.89922
12.90941
12.91984
12.93058
12.94088
12.95129
12.96255
12.97362
12.9849
12.99654
13.00713
13.01863
13.02997
13.04076
13.05191
13.06376
13.07459
13.08611
13.09758
13.10874
13.12017
13.13209
13.14292
13.15452
13.16574
13.17729
13.18954
13.20064
13.2115
13.22243
13.2338
13.2451
13.25597
13.26736
13.27908
13.29012
13.30417
13.31564
13.32583
13.3365
13.34819
13.35885
13.36945
13.3859
13.39716
13.40765
13.41871
13.42922
13.44003
13.45076
13.46089
13.4723
13.48339
13.49431
13.50555
13.51557
13.52521
13.53597
13.54619
13.55648
13.56726
13.57727
13.58816
13.60276
13.61477
13.62533
13.63626
13.64735
13.65772
13.66882
13.67961
13.69108
13.70198
13.71319
13.72398
13.73467
13.74498
13.75543
13.76719
13.7781
13.78924
13.80093
13.8118
13.82285
13.83376
13.84493
13.85628
13.86773
13.87945
13.89034
13.90168
13.91354
13.92434
13.93622
13.94758
13.95928
13.97009
13.98153
TARGET DESTROYED 
13.9928
14.01126
14.02343
14.04271
14.05992
14.07054
14.08165
14.09166
14.10231
14.11314
14.12417
14.13547
14.14688
14.15911
14.16995
14.18155
14.19167
14.20237
14.21358
14.22473
14.2362
14.24719
14.25824
14.2694
14.28083
14.29154
14.30305
14.31445
14.32537
14.33659
14.34832
14.35899
14.37024
14.38214
14.3925
14.40356
14.41486
14.4261
14.43694
14.44874
14.45951
14.4703
14.48148
14.49311
14.50377
14.51511
14.52711
14.53749
14.54866
14.55981
14.57109
14.58202
14.59324
14.6048
14.61603
14.6281
14.63939
14.65168
14.66309
14.67457
14.6863
14.69816
14.70943
14.72132
14.73268
14.74347
14.75994
14.77083
14.78163
14.79284
14.80486
14.81749
14.82793
14.83946
14.85052
14.86166
14.87325
14.88395
14.89546
14.90685
14.91769
14.92877
14.93997
14.95143
14.96242
14.97326
14.98442
14.99566
15.00661
15.01767
15.0292
15.04045
15.0517
15.06275
15.074
15.085
15.09639
15.10773
15.1187
15.12989
15.14061
15.15163
15.16304
15.17426
15.18531
15.19659
15.20753
15.21904
15.23038
15.24158
15.25284
15.26378
15.27494
15.28622
15.29846
15.30929
15.32083
15.33257
15.34397
TARGET DESTROYED 
15.35557
15.37079
15.38224
15.39307
15.40355
15.41466
15.4252
15.44287
15.46055
15.472
15.48284
15.49392
15.50473
15.51492
15.52496
15.53627
15.54615
15.5559
15.56615
15.57637
15.58769
15.60191
15.6117
15.62188
15.63223
15.64317
15.6545
15.66553
15.67694
15.6879
15.70201
15.71343
15.72397
15.73445
15.74501
15.7561
15.76699
15.77742
15.78863
15.79962
15.81116
15.82188
15.83314
15.84427
15.85549
15.8666
15.87804
15.88953
15.90047
15.91137
15.92261
15.93361
15.94506
15.95603
15.96728
15.97849
15.99095
16.00329
16.01524
16.02725
16.03995
16.05258
16.06495
16.0771
16.09019
16.10231
16.1149
16.12689
16.13961
16.1521
16.17051
16.18357
16.19661
16.20937
16.22154
16.23548
16.24759
16.25974
16.27204
16.28485
16.29724
16.30996
16.32291
16.33429
16.34564
16.35694
16.36839
16.38078
16.39209
16.40272
16.41434
16.42584
16.43713
16.44898
16.45997
16.47127
16.48201
16.49278
16.50446
16.51627
16.52728
16.539
16.54973
16.56087
16.57195
16.58276
16.59384
16.6054
16.61645
16.62714
16.63896
16.64979
16.66074
16.67267
16.68376
16.69432
16.70544
16.71639
16.72727
16.73845
16.74964
16.7604
16.77217
16.78284
16.79365
16.80502
16.8168
16.82798
16.83955
16.85026
16.86161
16.87304
16.89042
16.90208
16.91343
16.92462
16.93633
16.94813
16.95905
16.96992
16.98176
16.99296
17.00494
17.01714
17.02863
17.03985
17.05068
17.06227
17.07377
17.08541
17.09692
17.10797
17.11957
17.13187
17.14313
17.15386
17.16694
17.17787
17.18911
17.1998
17.21043
17.22206
17.23336
17.24422
17.25656
17.26744
17.27839
17.28972
17.30078
17.31151
17.32262
17.33398
17.34529
17.35638
17.36741
17.37852
17.38954
17.40083
17.41248
17.42395
17.43585
17.44761
17.45857
17.46953
17.48123
17.49202
17.50436
17.51482
17.52536
17.53675
17.54698
17.5574
17.5685
17.57913
17.5902
17.61049
17.62204
TARGET DESTROYED 
17.63343
17.64898
17.66019
17.67146
17.68277
17.69342
17.70482
17.71552
17.72613
17.7368
17.74801
17.75857
17.76987
17.78951
17.80193
17.81384
17.82474
17.83595
17.84777
17.85813
17.86884
17.87977
17.89002
17.90067
17.91157
17.9225
17.9333
17.94399
17.95546
17.96645
17.97757
17.98922
18.00003
18.01155
18.02268
18.03368
18.04482
18.05597
18.06718
18.07962
18.09042
18.10111
18.11196
18.12304
18.13455
18.14535
18.15636
18.1683
18.17922
18.19009
18.20117
18.21264
18.22423
18.23557
18.2465
18.25832
18.26912
18.28008
18.29693
18.30828
18.31893
18.33074
18.34098
18.35153
18.36246
18.37298
18.38428
18.39593
18.40694
18.41795
18.42954
18.4408
18.45139
18.46282
18.47381
18.48425
18.49457
18.50627
18.51693
18.52735
18.53819
18.54927
18.55939
18.57022
18.58154
18.5924
18.60364
18.61499
18.62601
18.63727
18.64895
18.65982
18.67086
18.68325
18.69398
18.70509
18.7164
18.72762
18.73909
18.75034
18.76176
18.77295
18.78446
18.79605
18.80662
18.81817
18.82977
18.84054
18.85201
18.86386
18.87457
18.88611
18.89742
18.9089
18.92015
18.93131
18.94258
18.95421
18.96523
18.97649
18.98809
19.00534
19.01702
19.02814
19.03948
19.05037
19.06182
19.07289
19.0838
19.09513
19.1062
19.11726
19.12909
19.14083
19.15235
19.16363
19.17505
19.18561
19.19714
19.20827
19.21934
19.23113
TARGET DESTROYED 
19.2423
19.25849
19.27036
19.28162
19.29221
19.30375
19.31548
19.32653
19.34429
19.35754
19.36873
19.38053
19.39118
19.4024
19.41392
19.42552
19.43654
19.44788
19.45894
19.47024
19.48187
19.49256
19.50411
19.51458
19.52464
19.53592
19.54606
19.55577
19.56631
19.57578
19.58622
19.59763
19.61175
19.62278
19.63386
19.64404
19.65496
19.66537
19.67553
19.68687
19.70435
19.71529
19.72536
19.73565
19.74677
19.75702
19.7675
19.77786
19.78913
19.80056
19.81087
19.82195
19.83272
19.8431
19.85433
19.86569
19.87665
19.88781
19.89954
19.91096
19.92181
19.93303
19.94478
19.95688
19.96746
19.97816
19.98901
20.0002
20.01121
20.02262
20.03368
20.04487
20.05599
20.06716
20.07897
20.09049
20.10212
20.11374
20.12443
20.13646
20.1481
20.15951
20.1703
20.1821
20.19337
20.20514
20.21604
20.22709
20.23999
20.25079
20.26211
20.27355
20.2854
20.29715
20.30783
20.31915
20.33065
20.3417
20.35286
20.36437
20.37529
20.38651
20.39779
20.40906
20.42654
20.43821
20.4491
20.46103
20.47299
20.48411
20.49537
20.50648
20.51785
20.52927
20.54012
20.5511
20.56291
20.57411
20.58539
20.59722
20.60792
20.61895
20.63079
20.64229
20.65411
20.66561
20.67685
20.68884
20.70062
20.71258
20.72446
20.73713
20.74873
20.76069
20.77295
20.78466
20.7965
20.80884
20.82127
20.83336
20.84579
20.85732
20.86896
20.88064
20.89236
20.90438
20.91551
20.92674
20.93864
20.95009
20.96088
20.97266
20.98374
20.99509
21.00645
21.01765
21.02982
21.04108
21.05279
21.06409
21.07504
21.08648
21.09886
21.11063
21.12175
21.13393
21.15088
21.16283
21.17366
21.18482
21.19634
21.20769
21.21855
21.23009
21.24185
21.25377
21.2653
21.27675
21.28862
21.29984
21.31137
21.32307
21.33441
21.346
21.35814
21.3693
21.38117
21.39286
21.40493
21.41624
21.42776
21.43971
21.45247
21.46383
21.47462
21.4856
21.49739
21.5077
21.51952
21.5307
TARGET DESTROYED 
21.54152
21.55751
21.56889
21.58007
21.59082
21.60561
21.61724
21.62891
21.64096
21.65272
21.66474
21.67614
21.69494
21.70774
21.71977
21.73167
21.74283
21.75584
21.76693
21.77812
21.78979
21.80096
21.81218
21.82336
21.83583
21.84855
21.85943
21.87687
21.88855
21.89961
21.91063
21.92212
21.93335
21.94445
21.95652
21.96786
21.97968
21.9916
22.00295
22.01459
22.02596
22.03755
22.04925
22.06028
22.07151
22.08332
22.09404
22.10572
22.11775
22.1296
22.14085
22.15197
22.1634
22.17447
22.18535
22.19677
22.20772
22.2182
22.22952
22.24079
22.25219
22.26308
22.27346
22.28422
22.29472
22.30659
22.31713
22.32751
22.3386
22.35027
22.36047
22.3718
22.38296
22.39334
22.40434
22.41562
22.42619
22.43826
22.44924
22.46033
22.47147
22.48286
22.49397
22.50479
22.51601
22.5273
22.5385
22.55036
22.56099
22.57204
22.58317
22.59974
22.61137
22.62215
22.63325
22.64412
22.6551
22.66625
22.67743
22.68857
22.69913
22.70968
22.72043
22.73157
22.74217
22.75306
22.76382
22.77502
22.78592
22.79597
22.80682
22.81801
22.8292
22.84078
22.85138
22.86191
22.87262
22.88369
22.89438
22.90474
22.91505
22.92586
22.93716
22.9485
22.95953
22.97124
22.98192
22.99319
23.00421
23.01551
23.0264
23.03773
23.04905
23.07828
23.08972
23.10059
23.11643
23.12707
23.13829
23.14939
23.16045
23.17193
23.18293
23.19418
23.20525
23.21649
23.22763
23.23914
23.25009
23.26117
23.27257
23.28334
23.29476
23.30569
23.32129
23.33293
23.34349
23.35459
23.36499
23.37531
23.38538
23.39746
23.40735
23.41762
23.4291
23.44305
23.45362
23.46411
23.47404
23.4844
23.4957
23.507
23.51843
23.52945
23.54046
23.55234
23.56311
23.57388
23.58506
TARGET DESTROYED 
23.59684
23.61584
23.62622
23.63646
23.64674
23.65696
23.66743
23.67752
23.68746
23.6978
23.71292
23.73126
23.74384
23.7549
23.76551
23.77611
23.78678
23.79849
23.8088
23.81977
23.8311
23.84211
23.85357
23.86519
23.8767
23.88716
23.89772
23.90888
23.92039
23.93129
23.94254
23.95373
23.9649
23.9759
23.98718
23.99834
24.00948
24.02095
24.03194
24.0473
24.0581
24.06872
24.07874
24.08928
24.10015
24.11033
24.12104
24.13272
24.14378
24.15473
24.16605
24.17722
24.18867
24.19923
24.2108
24.22205
24.23324
24.24413
24.25574
24.26743
24.27937
24.29053
24.30214
24.31377
24.32481
24.33617
24.34741
24.35845
24.36941
24.38067
24.39174
24.40303
24.41433
24.42552
24.43694
24.44824
24.4597
24.47239
24.48294
24.49375
24.50522
24.51744
24.52846
24.53917
24.55016
24.56156
24.57298
24.58403
24.59542
24.60643
24.61752
24.62946
24.63974
24.65123
24.663
24.67427
24.68455
24.69616
24.70693
24.71793
24.72973
24.7403
24.75199
24.76332
24.77398
24.78513
24.79664
24.81273
24.82375
24.83421
24.84527
24.85564
24.86694
24.87792
24.88885
24.89971
24.91032
24.92113
24.93228
24.94253
24.95313
24.96423
24.97462
24.98488
24.99594
25.00657
25.01705
25.02746
25.03828
25.04864
25.05969
25.0705
25.082
25.09291
25.10425
25.11578
25.12722
25.13843
25.14906
25.16001
25.1713
25.18244
25.19342
25.20496
25.2161
25.2278
25.23872
25.24936
25.26054
TARGET DESTROYED 
25.27194
25.29771
25.30872
25.31937
25.32998
25.34049
25.35135
25.3616
25.37294
25.38334
25.39455
25.40596
25.41683
25.42889
25.44883
25.46041
25.47285
25.48391
25.49996
25.50994
25.52043
25.53086
25.54086
25.55104
25.56242
25.57321
25.58462
25.59585
25.61067
25.62194
25.6328
25.64465
25.65573
25.66668
25.67717
25.6886
25.6991
25.70971
25.7208
25.73136
25.74195
25.75251
25.76385
25.77434
25.78564
25.79714
25.80801
25.81944
25.83061
25.84202
25.85287
25.86402
25.8751
25.88618
25.89825
25.90861
25.9196
25.93118
25.94248
25.95387
25.96546
25.9771
25.98862
25.99997
26.01161
26.02373
26.03542
26.04607
26.05758
26.06831
26.08033
26.09074
26.10252
26.11514
26.12532
26.13619
26.14771
26.15882
26.17023
26.18139
26.19263
26.20395
26.21521
26.226
26.23785
26.25351
26.26468
26.2751
26.28578
26.29696
26.30788
26.31854
26.33007
26.34024
26.35062
26.36087
26.37196
26.38274
26.39311
26.40331
26.41426
26.42566
26.43603
26.44695
26.45774
26.46837
26.47951
26.49173
26.50246
26.51341
26.52441
26.53539
26.54613
26.55651
26.5678
26.57895
26.58964
26.60113
26.61256
26.62314
26.63473
26.64585
26.65669
26.66776
26.67943
26.69029
26.70158
26.71277
26.72371
26.73553
26.74697
26.7583
26.77244
26.78432
26.79468
26.80559
26.81631
26.82662
26.83894
26.85272
