0.02
0.04
0.14
0.1757255
0.1884501
0.197925
0.2089949
0.2195547
0.2306692
0.2419845
0.2529553
0.2641721
0.2754634
0.2865737
0.2985736
0.309683
0.3200812
0.3312634
0.3424369
0.3538311
0.3650332
0.375806
0.3871191
0.4031894
0.4127441
0.4228163
0.4327253
0.4427988
0.4544897
0.4658349
0.4762722
0.4878005
0.4987694
0.5097963
0.5211954
0.5324446
0.5435944
0.5546582
0.5656992
0.5768378
0.5880379
0.5991723
0.6107163
0.6214953
0.6332479
0.643815
0.6551701
0.6665156
0.6774328
0.6892537
0.6999692
0.7109515
0.7222896
0.7337586
0.7444817
0.7557034
0.7674155
0.7780334
0.7891951
0.8004232
0.8114011
0.8231719
0.8338938
0.8451359
0.8565667
0.8674977
0.8785622
0.8938937
0.9049867
0.9166122
0.9279667
0.9392637
0.9509774
0.9620255
0.9729617
0.9842465
0.9959061
1.006682
1.017746
1.029233
1.039725
1.050979
1.062541
1.073272
1.085406
1.09689
1.107656
1.1182
1.129295
1.14067
1.152744
1.163085
1.174147
1.185194
1.196285
1.21301
1.22373
1.234013
1.244733
1.255455
1.269046
1.280764
1.30061
1.311182
1.321975
1.332268
1.342152
1.352339
1.362003
1.372851
1.382802
1.392809
1.403696
1.414588
1.425866
1.436985
1.448488
1.459131
1.470699
1.481823
1.493044
1.503927
1.515481
1.526296
1.537477
1.548722
1.559962
1.570967
1.582586
1.593413
1.60451
1.615803
1.626961
1.637918
1.64955
1.66048
1.671574
1.682936
1.694081
1.705064
1.717081
1.72725
1.738624
1.750336
1.761415
1.77277
1.784358
1.795872
1.80733
1.818867
1.830516
1.841964
1.853958
1.864671
1.87683
1.88796
1.899488
1.910503
1.92215
1.933764
1.944747
TARGET DESTROYED 
1.955598
1.974651
1.986178
1.99662
2.007316
2.022788
2.033571
2.052827
2.063709
2.073953
2.084857
2.096063
2.107217
2.118559
2.12927
2.140753
2.151918
2.163187
2.17412
2.1856
2.196393
2.20781
2.218746
2.230333
2.241155
2.252311
2.263862
2.274716
2.285914
2.297509
2.308127
2.319487
2.330801
2.341915
2.352925
2.364305
2.375159
2.386567
2.397646
2.409215
2.419902
2.431146
2.442827
2.453706
2.464722
2.476151
2.487159
2.498547
2.509149
2.520333
2.53198
2.542798
2.553929
2.565082
2.576679
2.588356
2.599991
2.612003
2.622921
2.634778
2.646038
2.657899
2.669319
2.68121
2.691945
2.703759
2.715739
2.726345
2.737617
2.748801
2.759898
2.771344
2.783556
2.793901
2.811027
2.821907
2.833788
2.845116
2.856014
2.86735
2.87815
2.889758
2.900733
2.912064
2.922937
2.934544
2.945259
2.956433
2.968445
2.978878
2.989827
3.002125
3.014464
3.025218
3.036108
3.046564
3.057248
3.068382
3.079392
3.090364
3.101697
3.11294
3.124168
3.135191
3.14636
3.15747
3.168714
3.180018
3.192202
3.20356
3.214451
3.225403
3.236821
TARGET DESTROYED 
3.248345
3.263767
3.275511
3.293485
3.305518
3.31625
3.326989
3.337692
3.347969
3.358429
3.369324
3.380426
3.391619
3.402931
3.414125
3.425569
3.436249
3.447592
3.45862
3.469836
3.481036
3.492094
3.503363
3.514571
3.525712
3.536815
3.548703
3.559205
3.57042
3.58183
3.598018
3.608768
3.623061
3.635009
3.645704
3.656422
3.667824
3.678073
3.689168
3.699755
3.710624
3.721429
3.732293
3.743211
3.754519
3.765496
3.776217
3.786851
3.797448
3.807934
3.819273
3.829773
3.84132
3.852187
3.863061
3.873592
3.884853
3.89532
3.906033
3.917262
3.928369
3.939251
3.950263
3.961358
3.972512
3.98395
3.995436
4.005999
4.018541
4.028842
4.040052
4.051295
4.061994
4.073335
4.084846
4.096209
4.107635
4.11902
4.130693
4.141865
4.153364
4.164718
4.176029
4.187538
4.199626
4.210266
4.221828
4.233641
4.244513
4.25639
4.267845
4.278822
4.28969
4.301476
4.312599
4.331436
4.342883
4.354286
4.365036
4.375605
4.386679
4.397321
4.413419
4.424401
4.435391
4.446745
4.458187
4.469268
4.480234
4.491387
4.502937
4.514314
4.525346
4.536694
TARGET DESTROYED 
4.547433
4.56392
4.575778
4.587208
4.598153
4.609189
4.620456
4.631651
4.643131
4.654341
4.665832
4.68353
4.695773
4.707017
4.718173
4.729164
4.740175
4.751681
4.762939
4.774333
4.785708
4.797397
4.808557
4.819745
4.830987
4.84206
4.853454
4.864458
4.87666
4.888359
4.899887
4.911284
4.922341
4.933526
4.944749
4.956252
4.967539
4.97996
4.991115
5.002161
5.013164
5.025002
5.036867
5.048046
5.059225
5.07065
5.082844
5.094911
5.105856
5.117424
5.128305
5.139596
5.151057
5.161929
5.172873
5.184175
5.195872
5.206994
5.223622
5.234975
5.245818
5.256949
5.268561
5.280267
5.291974
5.303623
5.315039
5.325932
5.337247
5.348453
5.359733
5.370816
5.381729
5.393122
5.404156
5.415146
5.426121
5.437626
5.448809
5.459604
5.470966
5.482316
5.49349
5.504945
5.51633
5.527758
5.538995
5.550197
5.561056
5.572181
5.583471
5.594479
5.605875
5.617372
5.628497
5.639524
5.651222
5.662564
5.673761
5.685278
5.696722
5.707443
5.71884
5.730044
5.741043
5.753122
5.764924
5.776196
5.787652
5.799939
5.810869
5.822236
5.833987
5.845471
5.857266
5.86905
5.880696
5.892458
5.90511
5.91893
5.930772
5.943533
5.955269
5.966606
5.97905
5.990819
6.002584
6.013477
6.025077
6.037544
6.048997
6.066454
6.078089
6.089757
6.101111
6.11283
6.124402
6.135773
6.14709
6.159013
6.171049
6.182581
6.194743
6.206667
6.217853
TARGET DESTROYED 
6.228997
6.246257
6.258386
6.270003
6.282716
6.294231
6.306149
6.318641
6.330274
6.341416
6.353323
6.364654
6.376275
6.388175
6.406762
6.419218
6.430281
6.441316
6.453451
6.464555
6.476261
6.488416
6.500222
6.511581
6.523601
6.535612
6.54734
6.558685
6.570405
6.581978
6.5934
6.604979
6.616424
6.627759
6.639303
6.651012
6.662315
6.675444
6.687054
6.698522
6.70946
6.721688
6.733616
6.74481
6.757193
6.769344
6.78051
6.791774
6.803939
6.815871
6.826985
6.838444
6.850086
6.862035
6.87349
6.885293
6.897362
6.91453
6.926974
6.939302
6.951059
6.962369
6.973392
6.98566
6.997133
7.00881
7.020446
7.032092
7.044356
7.055703
7.067077
7.078375
7.089765
7.101105
7.112223
7.123826
7.135639
7.147775
7.159302
7.171119
7.183043
7.194341
7.206316
7.218096
7.229604
7.24161
7.253469
7.2649
7.276478
7.2887
7.301261
7.313154
7.325067
7.336453
7.349218
7.361277
7.372945
7.384953
7.396298
7.40756
7.419116
7.430768
7.442399
7.454397
7.466429
7.477705
7.489606
7.500978
7.513764
7.525207
7.536916
TARGET DESTROYED 
7.549545
7.566212
7.577761
7.589634
7.601202
7.612091
7.623945
7.642727
7.65532
7.666573
7.677746
7.689163
7.700438
7.711277
7.722801
7.734361
7.74577
7.758123
7.775348
7.786655
7.798182
7.809384
7.820841
7.831996
7.843454
7.8551
7.867032
7.87883
7.890577
7.902274
7.914033
7.926496
7.937995
7.949153
7.960536
7.972391
7.984244
7.995972
8.006989
8.018592
8.029863
8.041214
8.054223
8.065925
8.077312
8.088926
8.100392
8.111234
8.122572
8.134181
8.145471
8.156509
8.168661
8.179712
8.191023
8.202445
8.213878
8.225269
8.237068
8.248078
8.259325
8.270787
8.282435
8.294311
8.306479
8.317691
8.329153
8.34022
8.352358
8.363529
8.375196
8.386539
8.398232
8.413383
8.424641
8.436467
8.44753
8.459206
8.470698
8.482249
8.493973
8.505775
8.517136
8.52892
8.541099
8.552739
8.563549
8.57513
8.58627
8.597828
8.609313
8.620656
8.631801
8.643419
8.655028
8.671733
8.68294
8.69377
8.705297
8.716512
8.727994
8.739196
8.750352
8.762092
8.774179
8.787539
8.80044
8.811147
8.82198
8.832963
8.843902
8.856087
8.867211
8.878477
8.889448
8.900581
8.911751
8.923104
8.934975
8.945863
8.956939
8.968184
8.978766
8.990828
9.002019
9.013563
9.025013
9.036513
9.047493
9.060271
9.071426
9.082663
9.09363
9.104804
9.116313
9.127177
9.13919
9.150649
9.161371
9.172833
9.184034
9.195385
9.206796
9.218113
9.228051
9.238455
9.249187
9.258967
9.269471
9.279462
9.290117
9.300866
9.312419
9.323257
9.334307
9.3485
9.358457
9.368753
9.378865
9.389932
9.401289
9.412373
9.423735
9.434772
9.44626
9.456872
9.468758
9.479693
9.490463
9.501946
9.512869
9.523861
9.539376
9.549783
9.559769
9.570609
9.580698
9.591506
9.602792
9.614246
9.62547
9.637462
9.648432
9.659823
9.671123
9.68288
9.694027
9.705142
9.716719
9.727384
9.738722
9.750294
9.761166
9.772282
9.783686
9.795373
9.805706
9.817142
9.828963
9.839048
9.850441
9.861783
9.872766
9.884098
9.895878
9.906412
9.918099
9.929071
9.94031
9.952273
9.963169
9.974339
9.986216
9.997151
10.00821
10.01956
10.03089
10.0422
10.05374
10.06542
10.07653
10.0873
10.09876
10.11015
10.12098
TARGET DESTROYED 
10.13213
10.14655
10.15679
10.16722
10.17833
10.18854
10.19841
10.20916
10.21985
10.23122
10.24239
10.25348
10.26511
10.2813
10.29314
10.30375
10.31371
10.32356
10.33378
10.34328
10.35445
10.36422
10.37993
10.38995
10.39982
10.41001
10.42051
10.43079
10.44073
10.45103
10.46221
10.47346
10.48563
10.49586
10.50674
10.51815
10.52943
10.54045
10.5515
10.56337
10.57407
10.58522
10.59622
10.60736
10.61851
10.62974
10.64143
10.65223
10.66333
10.67491
10.68571
10.69681
10.708
10.71962
10.73038
10.74133
10.75322
10.76412
10.77573
10.78737
10.79839
10.81011
10.82127
10.83292
10.84423
10.85555
10.86718
10.87846
10.89001
10.90131
10.91301
10.92441
10.93545
10.94674
10.95835
10.96965
10.98094
10.99225
11.0033
11.01513
11.0256
11.03683
11.04869
11.05932
11.07076
11.08154
11.09269
11.10409
11.11512
11.12618
11.13758
11.14882
11.15957
11.17118
11.18242
11.19365
11.20469
11.21563
11.22662
11.24282
11.2535
11.26331
11.27309
11.28343
11.29396
11.30463
11.31467
11.32454
11.33463
11.34524
11.35647
11.36762
11.37858
11.38993
11.40112
11.41237
11.42332
TARGET DESTROYED 
11.43466
11.459
11.4696
11.47925
11.48993
11.50123
11.51276
11.53128
11.54283
11.55332
11.563
11.57286
11.58268
11.59242
11.60259
11.61285
11.62378
11.63537
11.64613
11.65756
11.66885
11.67971
11.69078
11.70247
11.7134
11.72521
11.73605
11.7468
11.75825
11.76908
11.78031
11.79143
11.80246
11.81415
11.82501
11.83606
11.84727
11.85835
11.86953
11.88082
11.89213
11.90311
11.9142
11.92574
11.93666
11.94778
11.95876
11.97031
11.9815
11.99302
12.00438
12.01626
12.02915
12.04705
12.05849
12.07081
12.08309
12.09387
12.10449
12.11575
12.12644
12.13783
12.14904
12.15998
12.1711
12.18274
12.19366
12.20481
12.21727
12.22752
12.23879
12.25044
12.26071
12.27188
12.28336
12.29446
12.30536
12.31674
12.32861
12.33862
12.35026
12.36127
12.37219
12.38399
12.39456
12.40577
12.41706
12.42847
12.43926
12.45099
12.46144
12.47272
12.48407
12.49511
12.50632
12.51765
12.52849
12.53993
12.5513
12.56241
12.5732
12.58495
12.59589
12.60699
12.6181
12.62958
12.64128
12.65247
12.66372
12.67509
12.6866
12.69784
12.70929
12.72103
12.73232
12.74362
12.75482
12.76707
12.77782
12.78921
12.80095
12.8121
12.82332
12.83482
12.84697
12.85779
12.86871
12.88009
12.89175
12.90341
12.919
12.92917
12.93931
12.94924
12.95909
12.96928
12.97976
12.9901
13.00413
13.01465
13.02459
13.03565
13.04683
13.05796
13.07289
