0.02
0.04
0.14
0.1763
0.1903434
0.203231
0.215518
0.2290976
0.2411954
0.2566814
0.2694455
0.2849155
0.2960733
0.3086664
0.319564
0.3300546
0.3409991
0.351813
0.3627828
0.3739429
0.3852396
0.3962296
0.4072841
0.418866
0.4297662
0.4415329
0.4525319
0.4634443
0.4744167
0.4856614
0.4968635
0.508387
0.5194768
0.5303225
0.54154
0.5532784
0.5639185
0.5749855
0.5862675
0.5973069
0.6089424
0.620874
0.6312016
0.6420251
0.6531935
0.6679411
0.6790072
0.6902567
0.7011033
0.7118954
0.7242421
0.7348574
0.745271
0.7571814
0.7690145
0.7795762
0.7904367
0.801387
0.8126609
0.8233016
0.8337635
0.8445328
0.8554516
0.8672065
0.8780008
0.8888738
0.8996491
0.9128742
0.9240571
0.9351257
0.9461892
0.9573759
0.9685751
0.9797871
0.9909192
1.00224
1.013596
1.025772
1.037366
1.048294
1.063463
1.074599
1.085887
1.097401
1.107881
1.119067
1.129663
1.140764
1.152297
1.163781
1.17445
1.185529
1.19603
1.206927
1.21822
1.229338
1.240871
1.252498
1.263112
1.27443
1.28565
1.296028
1.306696
1.318173
1.328565
1.339688
1.350701
1.361461
1.372805
1.384154
1.394548
1.40516
1.415859
1.426787
1.437865
1.448934
1.463792
1.474344
1.485536
1.49657
1.5073
1.518625
1.529285
1.540942
1.551936
1.562957
1.574622
1.585563
1.596093
1.607068
1.618932
1.630468
1.640915
1.651639
1.66231
1.673205
1.684444
1.695475
1.706436
1.717299
1.72822
1.739385
1.750115
1.76114
1.772106
1.784467
1.795196
1.806895
1.817432
1.828289
1.839388
1.855272
1.867335
1.877781
1.888607
1.899716
1.91117
1.922752
1.933744
1.94469
1.955912
1.966992
1.977879
TARGET DESTROYED 
1.994443
2.006447
2.019201
2.030901
2.04203
2.054966
2.066055
2.07691
2.088691
2.099323
2.110321
2.12147
2.132989
2.144001
2.155478
2.167571
2.178998
2.190636
2.20222
2.213127
2.223965
2.235545
2.250671
2.26185
2.272686
2.28504
2.295969
2.307069
2.318675
2.329454
2.341521
2.353044
2.364495
2.376045
2.387033
2.397907
2.408925
2.420669
2.431529
2.442622
2.453655
2.464904
2.47558
2.48703
2.497925
2.50864
2.519358
2.530014
2.541235
2.553803
2.565277
2.576333
2.587452
2.599351
2.610184
2.621719
2.632728
2.648409
2.659388
2.67058
2.681634
2.692852
2.703691
2.714575
2.726051
2.737038
2.747819
2.759129
2.770498
2.781361
2.792996
2.805309
2.816566
2.828206
2.839746
2.85111
2.86246
2.873929
2.885493
2.896709
2.90814
2.919559
2.932676
2.944048
2.955133
2.966619
2.977583
2.988994
3.000347
3.012569
3.0243
3.035545
3.051307
3.062423
3.0736
3.085652
3.096792
3.107671
3.119281
3.130283
3.141361
3.152604
3.163338
3.175238
3.186487
3.19742
3.208269
3.219903
3.231067
3.241867
3.253335
3.264734
3.276064
3.287865
3.300687
3.311764
3.323334
3.334946
3.346185
3.357658
3.369602
3.380493
3.391602
3.402868
3.413861
3.426029
3.437301
3.452984
3.463776
3.474854
TARGET DESTROYED 
3.490432
3.501545
3.512695
3.523911
3.535095
3.546558
3.557979
3.569385
3.581651
3.593533
3.604525
3.615857
3.627372
3.638448
3.649998
3.661102
3.67323
3.684999
3.696377
3.708522
3.720514
3.732274
3.743569
3.754809
3.765883
3.777284
3.789111
3.801888
3.813153
3.825484
3.83749
3.848214
3.864236
3.875865
3.887223
3.897973
3.910284
3.922004
3.933784
3.94498
3.956251
3.967645
3.979003
3.990123
4.00187
4.012998
4.02441
4.036156
4.049484
4.06052
4.072113
4.083899
4.095592
4.106851
4.118856
4.130253
4.142014
4.153588
4.165374
4.176826
4.18859
4.199947
4.211815
4.22332
4.234948
4.246071
4.258187
4.273258
4.284738
4.296099
4.308834
4.320409
4.332366
4.34365
4.355288
4.367114
4.378518
4.390049
4.401476
4.412634
4.42568
4.4374
4.448413
4.460213
4.472101
4.484621
4.49609
4.507245
4.518344
4.529289
4.541111
4.552775
4.563694
4.575039
4.586474
4.597406
4.608683
4.620475
4.631732
4.643281
4.654786
4.666627
4.682269
4.693642
4.704928
4.716877
4.728323
4.73988
4.751087
4.762765
4.77507
4.787335
4.799029
4.810477
4.821638
4.833364
4.844875
4.856109
4.868649
4.880675
4.891892
4.90349
4.914637
4.926127
4.937512
4.948543
4.95987
4.971648
4.983073
4.994375
5.006483
5.017907
5.02935
5.041404
5.053317
5.065612
5.077684
5.092974
5.104856
5.115926
5.12757
5.138682
5.15006
5.161778
5.173392
5.185624
TARGET DESTROYED 
5.201595
5.213527
5.224513
5.235918
5.247138
5.25894
5.270386
5.283256
5.295912
5.308908
5.320867
5.332119
5.345267
5.356423
5.367705
5.378906
5.390282
5.401924
5.413096
5.424153
5.435697
5.447031
5.458281
5.469583
5.480849
5.496769
5.508428
5.519996
5.531536
5.543753
5.555313
5.56748
5.579218
5.590557
5.602247
5.613751
5.626269
5.637609
5.648687
5.659854
5.670901
5.682095
5.694043
5.705442
5.716718
5.728097
5.739685
5.751441
5.762221
5.774369
5.786144
5.797741
5.808929
5.820496
5.831575
5.842864
5.854381
5.865735
5.878016
5.889582
5.906076
5.91723
5.928539
5.93971
5.951162
5.963204
5.974436
5.985702
5.996788
6.008633
6.020418
6.031788
6.044387
6.056328
6.067967
6.07947
6.091398
6.103261
6.115345
6.126637
6.13815
6.150257
6.162363
6.173961
6.186314
6.197699
6.209085
6.220633
6.231702
6.242919
6.254641
6.265789
6.277165
6.289036
6.301541
6.318731
6.3298
6.34129
6.352801
6.364404
6.377134
6.388974
6.400642
6.411641
6.423191
6.434741
6.446489
6.458335
6.469748
TARGET DESTROYED 
6.486443
6.497879
6.510188
6.52232
6.535781
6.549545
6.561316
6.573166
6.58485
6.596082
6.607078
6.618843
6.630114
6.645968
6.657626
6.668902
6.679904
6.690813
6.701979
6.713245
6.729792
6.741276
6.752473
6.763376
6.77442
6.785441
6.79655
6.807685
6.81907
6.830263
6.841316
6.852692
6.863616
6.874833
6.886281
6.897211
6.908574
6.920009
6.932996
6.944309
6.955791
6.967173
6.978242
6.989815
7.001135
7.012525
7.023825
7.035047
7.046515
7.058133
7.070645
7.081432
7.093875
7.105742
7.116908
7.128867
7.145037
7.156557
7.168128
7.178995
7.190677
7.202434
7.213469
7.224504
7.235976
7.246676
7.257803
7.269576
7.280546
7.291753
7.304097
7.314609
7.327314
7.338809
7.350973
7.362182
7.37385
7.385504
7.396114
7.406919
7.417974
7.429133
7.440461
7.452217
7.463398
7.474311
7.486293
7.496849
7.507895
7.520157
7.536078
7.547535
7.558786
7.570194
7.581028
7.592397
7.60386
7.616635
7.627695
7.638923
7.650121
7.661418
7.672057
7.683365
7.695632
7.706685
7.717947
7.740159
7.751428
7.763025
7.774509
7.786519
7.797412
7.80911
7.820254
7.831227
7.842419
7.853693
7.864876
7.87649
7.88781
7.898805
7.910117
7.92139
7.932881
7.944085
7.959496
7.971238
7.982233
7.993741
8.004848
8.015979
8.027281
8.039614
8.051299
8.062447
8.07393
8.085787
TARGET DESTROYED 
8.10166
8.114476
8.125991
8.13713
8.148226
8.160078
8.171467
8.182358
8.193672
8.205824
8.217246
8.228333
8.239893
8.252556
8.265049
8.276793
8.288064
8.299593
8.310996
8.322356
8.333957
8.345736
8.362185
8.373565
8.38473
8.39633
8.407042
8.418288
8.429208
8.440812
8.452528
8.493591
8.506609
8.517671
8.528638
8.539701
8.552176
8.563215
8.57494
8.586059
8.597446
8.608303
8.619937
8.630936
8.641864
8.653241
8.664231
8.675517
8.686492
8.697632
8.708959
8.721363
8.732478
8.7441
8.755669
8.767205
8.778499
8.794335
8.80551
8.816591
8.827556
8.838803
8.850225
8.86167
8.873028
8.885737
8.896708
8.907936
8.919818
8.930881
8.942086
8.953529
8.965122
8.97603
8.987377
8.998396
9.009641
9.02101
9.032378
9.044065
9.05528
9.066296
9.077431
9.088351
9.099855
9.111332
9.122359
9.133318
9.144178
9.155059
9.166275
9.177631
9.194481
9.205872
9.217057
9.228056
9.239429
9.250647
9.261643
9.272781
9.283988
9.295474
9.306601
9.317902
9.328928
9.340159
9.351989
9.362896
9.373895
9.385167
9.396677
9.407585
9.418942
9.430225
9.441477
9.452825
9.463438
9.474747
9.487014
9.498427
9.510866
9.522117
9.533688
9.545252
9.556289
9.567928
9.579254
9.595729
9.607508
9.619318
9.631171
9.642724
9.654402
9.665949
9.677418
9.689955
9.701152
9.713662
9.725486
9.736507
9.747372
9.758497
9.76978
9.781059
9.792139
9.803854
9.815794
9.82707
9.838147
9.849359
9.860134
9.871984
9.883162
9.895413
9.906391
9.917833
9.92857
9.939664
9.950547
9.96245
9.973732
9.985134
10.00079
10.01177
10.02364
10.03585
10.0471
10.05864
10.07013
TARGET DESTROYED 
10.08572
10.0968
10.10832
10.12622
10.1385
10.1504
10.16152
10.17257
10.18398
10.19526
10.20629
10.21746
10.22873
10.23982
10.2512
10.2628
10.27425
10.2855
10.29702
10.30844
10.31976
10.33061
10.34152
10.35462
10.36627
10.37749
10.38863
10.39964
10.41507
10.4274
10.43966
10.45095
10.46152
10.47262
10.4843
10.49561
10.50683
10.51878
10.5305
10.54388
10.55538
10.56702
10.57832
10.59031
10.60156
10.61443
10.62619
10.63733
10.64895
10.66036
10.67347
10.68452
10.69559
10.70658
10.71781
10.72916
10.74067
10.75173
10.76308
10.77468
10.78658
10.7979
10.80927
10.82509
10.83693
10.84861
10.86013
10.87158
10.88246
10.89391
10.90506
10.91597
10.9281
10.93911
10.95039
10.96188
10.97433
10.98577
10.99664
11.00788
11.01909
11.02985
11.04126
11.0529
11.06449
11.07612
11.08751
11.09843
11.10949
11.12174
11.13264
11.14341
11.15449
11.16551
11.17663
11.18834
11.20012
11.21246
11.22843
11.23938
11.25046
11.26113
11.27337
11.28442
11.29512
11.3061
11.31807
11.32879
11.34005
11.35129
11.36346
11.37455
11.38597
11.39676
11.40789
11.41923
11.4301
11.44118
11.45246
11.46319
11.47497
11.48666
11.49792
11.51031
11.52198
11.53294
11.54442
11.55554
11.56675
11.57765
11.58902
11.60078
11.61697
11.62861
11.64007
11.6514
11.66235
11.67381
11.68516
11.6965
11.70743
11.71893
11.73046
11.74201
11.75425
11.76549
11.77719
11.78866
11.80116
11.81223
11.82329
11.83557
11.8464
11.85746
11.86845
11.87936
11.89067
11.90209
11.91332
11.92522
11.93668
11.94755
11.95952
11.97165
11.9834
11.99537
12.00738
12.01874
12.03516
12.04641
12.05759
12.06918
12.08007
12.09156
12.10276
12.11364
12.12515
12.13605
12.14728
12.15906
12.1706
12.18201
12.19332
12.20582
12.21734
12.22876
12.24046
12.25204
TARGET DESTROYED 
12.26837
12.27972
12.29233
12.30521
12.31767
12.33043
12.34177
12.3534
12.36483
12.37699
12.38808
12.39955
12.41078
12.42222
12.4378
12.44912
12.46091
12.47239
12.48368
12.4952
12.50671
12.51808
12.52984
12.54125
12.55319
12.56417
12.57537
12.58698
12.59851
12.60971
12.62186
12.63305
12.64407
12.65499
12.6664
12.67732
12.68853
12.70076
12.7122
12.72393
12.73521
12.74663
12.75817
12.76932
12.78035
12.79136
12.80281
12.8138
12.82457
12.84007
12.85122
12.86336
12.87448
12.88555
12.8965
12.90798
12.92006
12.93116
12.94284
12.95408
12.96484
12.97614
12.9875
12.99813
13.0096
13.02055
13.03146
13.04363
13.05462
13.06589
13.07728
13.08886
13.1002
13.11137
13.12315
13.13419
13.14508
13.1563
13.16787
13.17914
13.1905
13.20227
13.21329
13.2244
13.24006
13.25146
13.26395
13.27546
13.28676
13.29816
13.30911
13.32039
13.33201
13.34273
13.35365
13.36452
13.37717
13.38851
13.39974
13.41072
13.42172
13.43309
13.44517
13.45596
13.46809
13.47927
13.49099
13.50272
13.51394
13.52481
13.53657
13.54789
13.5591
13.5704
13.58219
13.59334
13.60511
13.61704
13.62894
13.64478
13.65622
13.66741
13.67828
13.68891
13.70058
13.71172
13.72393
13.73492
13.74653
13.7576
13.76946
13.7803
13.79153
13.80325
13.81444
13.82556
13.83734
13.84842
13.85951
13.87092
13.88199
13.89331
13.90496
13.91612
13.92751
13.93883
13.95054
13.96134
13.9729
13.98448
13.99565
14.00743
14.0191
14.03016
14.04626
14.05758
14.06884
14.07966
14.09105
14.10262
14.11372
14.12483
14.13602
14.14707
14.15833
14.16977
14.18122
14.19224
14.2036
14.21467
14.22588
14.23743
14.25635
14.26834
14.28079
14.29252
14.30383
14.3146
14.32839
