0.02
0.04
0.14
0.1752411
0.1884257
0.2007169
0.2120136
0.2244671
0.2347209
0.2457
0.2565496
0.2701083
0.279929
0.2932701
0.3028355
0.3122058
0.3233036
0.3342988
0.3456879
0.3568248
0.3679878
0.379108
0.3902193
0.4014747
0.4125997
0.4238333
0.4349272
0.4463122
0.4575614
0.4684488
0.4796355
0.4914131
0.5021885
0.5153041
0.5275607
0.5369852
0.5467607
0.562769
0.5726609
0.5827684
0.5928605
0.6026877
0.6135474
0.6266461
0.6376945
0.6472227
0.6583167
0.669572
0.6806326
0.6922764
0.7028757
0.714287
0.7252561
0.7364486
0.7475172
0.7589833
0.7702698
0.7811042
0.7925132
0.8036251
0.8145497
0.8257819
0.8375797
0.8481649
0.8596901
0.870743
0.8817769
0.8945782
0.9059603
0.9170921
0.9282608
0.9396955
0.9516556
0.9625221
0.9738032
0.9850733
0.9963703
1.007538
1.019166
1.030457
1.041874
1.053109
1.064561
1.076218
1.087548
1.099001
1.109958
1.121524
1.133103
1.143585
1.154941
1.165753
1.177115
1.188633
1.199397
1.210831
1.223191
1.23328
1.244098
1.255505
1.266594
1.277575
1.289109
1.300484
1.310929
1.322646
1.339106
1.351867
1.361862
1.373555
1.384636
1.395386
1.406647
1.417654
1.428948
1.440165
1.451291
1.462745
1.47399
1.484717
1.499081
1.509616
1.519252
1.531099
1.541703
1.55166
1.563129
1.574259
1.585236
1.596506
1.615518
1.626359
1.636827
1.647339
1.662607
1.674845
1.685769
1.697148
1.708213
1.719392
1.730518
1.741801
1.752818
1.764253
1.775224
1.786363
1.797628
1.808815
1.820576
1.831796
1.842178
1.85398
1.865335
1.877467
1.889562
1.899534
1.910073
1.920835
1.931452
1.942692
1.954039
1.965035
1.976551
1.987652
1.99852
2.010357
2.022472
2.033944
2.044467
2.055589
2.065755
2.076741
2.088334
2.099979
2.110291
2.121705
2.132729
2.144246
2.155836
2.167364
2.178735
2.190401
2.201968
2.213454
2.224634
2.236279
2.247721
2.259146
2.271385
2.281999
2.293561
2.305048
2.318016
2.328968
2.33977
2.35521
2.36615
2.377597
2.38893
2.400771
2.411878
2.423251
2.434235
2.445443
2.456571
2.468241
2.47905
2.490641
2.501217
2.512369
2.523715
2.534739
2.545912
2.557325
2.568184
2.579561
2.59072
2.601618
2.612947
2.624513
2.637222
2.650002
2.661321
2.6724
2.684533
2.696394
2.706907
2.717013
2.727145
2.737388
2.747853
2.758268
2.770579
2.781289
2.793087
2.809401
2.821172
2.831791
2.842393
2.853462
2.864305
2.874962
2.885753
2.896795
2.90799
2.918278
2.929034
2.9401
2.950426
2.961225
2.972094
2.982358
2.994311
3.005597
3.016276
3.027208
3.03856
3.053725
3.064627
3.075238
3.085814
3.096857
3.107767
3.118368
3.128997
3.140151
3.150325
3.161339
3.172862
3.183042
3.194431
3.205717
3.217336
3.229201
3.240191
3.251552
3.262581
3.273819
3.285403
3.296187
3.30732
3.318637
3.330644
3.341309
3.352032
3.36316
3.374426
3.38553
3.396713
3.407976
3.419483
3.430382
3.442091
3.453208
3.464445
3.476144
3.487541
3.498575
3.51001
3.521639
3.532615
3.544013
3.555424
3.567115
3.577865
3.589507
3.604293
3.615114
3.626239
3.637025
3.648551
3.659734
3.671252
3.682977
3.693985
3.705369
3.715971
3.727587
3.740369
3.756814
3.768248
3.77949
3.791049
3.803391
3.821677
3.833076
3.844068
3.855659
3.86677
3.877981
3.889483
3.900469
3.911525
3.923091
3.934511
3.946052
3.957124
3.967932
3.978848
3.990286
4.000907
4.012085
4.02324
4.033835
4.044562
4.055755
4.066518
4.076972
4.08819
4.099409
4.110759
4.122393
4.133864
4.144943
4.156727
4.167635
4.178658
4.189828
4.199895
4.211409
4.223789
4.233826
4.244587
4.255753
4.266346
4.277379
4.289078
4.299901
4.310914
4.322331
4.335198
4.345647
4.356097
4.369121
4.384078
4.394741
4.40601
4.422952
4.434297
4.444965
4.456137
4.472562
4.483482
4.4947
4.506395
4.516943
4.527805
4.539375
4.549487
4.559858
4.571513
4.582019
4.592983
4.603903
4.614419
4.625178
4.636528
4.648174
4.659465
4.669988
4.681217
4.692067
4.702268
4.71314
4.724242
4.73523
4.746431
4.757761
4.768775
4.77989
4.791529
4.802481
4.813673
4.824574
4.835669
4.847198
4.858182
4.869209
4.880517
4.891692
4.903306
4.914549
4.926092
4.937744
4.948927
4.960407
4.972363
4.983536
4.995506
5.00668
5.018046
5.029603
5.04101
5.052286
5.063596
5.074971
5.086756
5.097532
5.108994
5.120275
5.131813
5.142983
5.153731
5.164573
5.1808
5.191919
5.202742
5.214461
5.226671
5.238119
5.249445
5.260305
5.271746
5.282931
5.294112
5.305778
5.316035
5.327418
5.339183
5.350009
5.360707
5.372928
5.383858
5.394759
5.405927
5.416683
5.428929
5.440127
5.451043
5.46235
5.473858
5.484268
5.49577
5.506881
5.517593
5.528662
5.539803
5.550725
5.561706
5.573113
5.58418
5.59599
5.611942
5.623285
5.634371
5.645582
5.656877
5.668448
5.679725
5.691076
5.701815
5.713093
5.724271
5.734714
5.746103
5.757018
5.768023
5.778877
5.789379
5.800138
5.810946
5.821499
5.832142
5.84348
5.854572
5.865474
5.8764
5.892988
5.904369
5.915069
5.926816
5.937662
5.948226
5.959069
5.969066
5.979091
5.989785
5.999517
6.010147
6.019976
6.034093
6.044692
6.056486
6.066737
6.077996
6.089446
6.10015
6.11103
6.122179
6.132791
6.14325
6.154294
6.165283
6.177111
6.187837
6.198618
6.21025
6.222734
6.233122
6.243518
6.254949
6.265715
6.277156
6.288996
6.299527
6.310886
6.322516
6.333759
6.345203
6.356808
6.368035
6.379359
6.39084
6.401939
6.413369
6.424875
6.436079
6.447441
6.459716
6.470367
6.481766
6.49339
6.505192
6.515805
6.527414
6.538837
6.550359
6.560953
6.572314
6.583323
6.5994
6.61053
6.621693
6.632364
6.64311
6.654044
6.664742
6.675537
6.685819
6.697814
6.709532
6.720992
6.731694
6.742634
6.75419
6.764912
6.775854
6.786433
6.796981
6.808531
6.819513
6.830824
6.842087
6.852959
6.864298
6.875484
6.885996
6.897264
6.908117
6.918911
6.93021
6.94089
6.951273
6.962269
6.973081
6.983357
6.994474
7.005626
7.016077
7.02705
7.038791
7.049352
7.059938
7.070924
7.08109
7.092041
7.103223
7.114336
7.125627
7.136963
7.148268
7.159165
7.170584
7.181599
7.19279
7.204068
7.215075
7.226987
7.237799
7.249048
7.260406
7.271851
7.283298
7.29985
7.31155
7.32261
7.334669
7.345427
7.357504
7.367913
7.37897
7.390245
7.400599
7.411612
7.42314
7.433746
7.444542
7.455993
7.466592
7.477629
7.48926
7.499672
7.511186
7.522274
7.532645
7.543517
7.554012
7.563991
7.574628
7.585333
7.595526
7.606224
7.617112
7.628376
7.643437
7.65464
7.664947
7.675855
7.686718
7.698028
7.709472
7.720605
7.731095
7.741504
7.752073
7.763039
7.773877
7.785111
7.796022
7.807784
7.81981
7.830693
7.841464
7.85257
7.863639
7.875029
7.886623
7.898344
7.909334
7.921212
7.931905
7.943358
7.95512
7.966239
7.977365
7.993356
8.005082
8.015701
8.026848
8.038165
8.048754
8.059789
8.071168
8.081909
8.093252
8.104634
8.115333
8.126472
8.138107
8.148511
8.15929
8.170076
8.180602
8.191471
8.202636
8.214133
8.226121
8.237109
8.247621
8.258721
8.269733
8.28047
8.291778
8.303403
8.314208
8.325034
8.336357
8.347936
8.358665
8.371572
8.38228
8.393439
8.404616
8.415417
8.426466
8.438067
8.448802
8.460612
8.471329
8.481929
8.493648
8.50463
8.515282
8.526324
8.537728
8.549559
8.56058
8.571602
8.582876
8.593432
8.604412
8.615028
8.625733
8.636334
8.646828
8.66338
8.675
8.685745
8.697322
8.708917
8.725277
8.736236
8.746907
8.757751
8.768213
8.779286
8.79062
8.802549
8.813503
8.824774
8.835492
8.846313
8.857958
8.868492
8.880129
8.890993
8.901739
8.91314
8.924007
8.93503
8.946229
8.957352
8.968794
8.979815
8.99105
9.002146
9.013492
9.024623
9.035765
9.046744
9.058217
9.069226
9.080233
9.091802
9.102946
9.113866
9.125285
9.136602
9.147373
9.158406
9.170227
9.180821
9.192214
9.203162
9.21513
9.225778
9.240563
9.2515
9.263057
9.274152
9.284862
9.296601
9.307589
9.319038
9.330657
9.341043
9.351473
9.362432
9.37597
9.387568
9.398087
9.409173
9.425956
9.437024
9.449075
9.460629
9.471739
9.482665
9.494095
9.505294
9.516073
9.527122
9.538579
9.550512
9.56062
9.572082
9.5832
9.594194
9.605824
9.616511
9.627525
9.639235
9.65416
9.665031
9.675845
9.686995
9.697453
9.708201
9.718896
9.729925
9.740337
9.750982
9.761835
9.772864
9.783965
9.795505
9.806469
9.81775
9.829008
9.840237
9.851851
9.862962
9.875014
9.885971
9.897818
9.908737
9.920604
9.931865
9.943208
9.955367
9.966052
9.977132
9.988872
9.999216
10.01029
10.02196
10.03311
10.04411
10.05574
10.06684
10.07865
10.0897
10.10077
10.1125
10.12893
10.14068
10.15162
10.16303
10.17512
10.18606
10.19738
10.20882
10.21996
10.23079
10.24191
10.25313
10.26452
10.27578
10.28665
10.29805
10.30949
10.32095
10.33258
10.34319
10.35448
10.36501
10.37605
10.38884
10.39988
10.41051
10.42199
10.43233
10.44386
10.45493
10.46557
10.47653
10.48798
10.49899
10.51043
10.5223
10.53283
10.54375
10.55481
10.56629
10.57737
10.58922
10.60082
10.61207
10.62349
10.63441
10.6457
10.65627
10.66854
10.68007
10.6913
10.70221
10.71376
10.72534
10.73711
10.74837
10.75981
10.77182
10.78257
10.79399
10.8056
10.81668
10.82772
10.83963
10.85077
10.86116
10.87681
10.88756
10.89774
10.90807
10.91853
10.92888
10.93923
10.94998
10.96142
10.98572
10.99655
11.00781
11.01752
11.02775
11.03827
11.04953
11.06118
11.07484
11.0849
11.0954
11.10621
11.1162
11.12695
11.13704
11.14728
11.15855
11.17442
11.1853
11.19616
11.20701
11.21876
11.22975
11.24041
11.25071
11.26112
11.2718
11.28228
11.29346
11.30432
11.31491
11.32639
11.33679
11.34826
11.35909
11.37023
11.38211
11.39387
11.40533
11.41561
TARGET DESTROYED 
11.42635
11.44555
11.45729
11.46791
11.47892
11.48994
11.50151
11.52157
11.53349
11.54448
11.5545
11.56442
11.57456
11.58453
11.59509
11.61073
11.62103
11.63274
11.64706
11.65813
11.66832
11.67917
11.69005
11.70094
11.71195
11.72293
11.73321
11.74405
11.75583
11.7665
11.77695
11.78794
11.7982
11.80964
11.82077
11.83997
11.85228
11.86317
11.87366
11.88408
11.89524
11.90641
11.91742
11.92847
11.94011
11.95098
11.96249
11.97353
11.98453
11.99551
12.00679
12.01792
12.02922
12.04067
12.05161
12.06274
12.07386
12.08499
12.09616
12.10738
12.11869
12.12963
12.1409
12.15199
12.16323
12.17433
12.18551
12.19719
12.20836
12.2194
TARGET DESTROYED 
12.2306
12.24601
12.25818
12.26915
12.29258
12.30615
12.31667
12.32813
12.33884
12.34935
12.36014
12.37087
12.38111
12.39176
12.40479
12.41505
12.4258
12.43638
12.4468
12.45808
12.46856
12.4797
12.49053
12.50103
12.51223
12.52279
12.53318
12.5438
12.55492
12.56515
12.57677
12.58777
12.59934
12.61018
12.62142
12.63245
12.64347
12.6549
12.66603
12.67699
12.68853
12.6994
12.71044
12.72185
12.73341
12.74444
12.75564
12.76676
12.7776
12.78899
12.80008
12.81097
12.82237
12.83338
12.84452
12.85584
12.86753
12.87898
12.89125
12.90293
12.91421
12.92621
12.9382
12.94958
12.96072
12.97193
12.98324
12.99928
13.01035
TARGET DESTROYED 
13.02153
13.03589
13.04725
13.06531
13.0778
13.09073
13.10142
13.11247
13.12384
13.13502
13.14658
13.15787
13.16849
13.17981
13.1909
13.20225
13.21456
13.22519
13.2358
13.24677
13.25768
13.269
13.28026
13.29137
13.30249
13.31364
13.32503
13.33603
13.34718
13.35886
13.36989
13.38072
13.39185
13.40296
13.41439
13.42575
13.43663
13.44792
13.45882
13.47012
13.48163
13.49295
13.50391
13.51619
13.5269
13.53797
13.54893
13.55999
13.57167
13.58326
13.59465
13.60625
13.61752
13.62909
13.64058
13.65549
13.66638
13.67657
13.6934
13.7043
13.71614
13.72708
13.7386
13.74947
13.7604
13.77187
13.78286
13.79447
13.80579
13.81672
13.82746
13.83908
13.8499
13.86119
13.87256
13.88354
13.89466
13.90588
13.91689
13.92817
13.93953
13.95042
13.96153
13.97324
13.98383
13.99512
14.00657
14.0179
14.02862
14.04002
14.05098
14.062
14.0732
14.08464
14.09618
14.1073
14.11853
14.13021
14.14133
14.15277
14.16414
14.1758
14.18748
14.19887
14.21018
14.22167
14.23295
14.24441
14.25617
14.26731
14.27841
14.29045
14.30121
14.3128
14.32393
14.33563
14.34617
14.35747
14.36869
14.37972
14.39099
14.40206
14.41797
14.43037
14.44224
14.4535
14.46412
14.47545
TARGET DESTROYED 
14.48654
14.50153
14.51324
14.52363
14.53383
14.54448
14.55493
14.56563
14.57592
14.58717
14.59914
14.61683
14.62924
14.63965
14.65002
14.661
14.6715
14.68214
14.69248
14.7031
14.7138
14.7246
14.73593
14.74635
14.7574
14.76724
14.77851
14.7894
14.79983
14.81062
14.82174
14.83308
14.84385
14.8557
14.86635
14.87756
14.88871
14.89992
14.91135
14.92245
14.93348
14.94473
14.95575
14.96691
14.97784
14.98961
15.00059
15.01195
15.0226
15.03387
15.04494
15.0566
15.06808
15.07943
15.09082
15.10222
15.11857
15.12998
15.14028
15.15044
15.16036
15.17157
15.18295
15.19327
15.20331
15.21441
15.22575
15.23676
15.24854
15.2591
15.2705
15.28155
15.29268
15.30389
15.31493
15.32642
15.33763
15.34852
15.35995
15.37079
15.38227
15.39318
15.40466
15.4155
15.4266
15.43807
15.44916
15.46019
15.47129
15.48237
15.49383
15.50559
15.51649
15.52782
15.5399
15.55067
15.56216
15.57369
15.58473
15.59598
15.60752
15.61904
15.62987
15.64479
15.65588
15.66674
15.67751
15.68799
15.69979
15.71114
15.72154
15.73271
15.74424
15.7545
15.7654
15.77662
15.78646
15.79722
15.80832
15.81877
15.83461
15.84601
15.85661
15.86679
15.87796
15.88893
15.89988
15.91209
15.92281
15.93338
15.94528
15.95605
15.9666
15.97721
15.98817
15.99935
16.01051
16.02172
TARGET DESTROYED 
16.03262
16.04787
16.05928
16.07016
16.08067
16.09278
16.10524
16.11743
16.12952
16.14131
16.15386
16.1657
16.18425
16.1973
16.20896
16.22144
16.23268
16.24477
16.25644
16.26787
16.2797
16.29167
16.30385
16.3158
16.3282
16.34085
16.35275
16.36446
16.37653
16.38857
16.40084
16.41257
16.42455
16.43692
16.44807
16.46015
16.47247
16.48309
16.49364
16.50375
16.51368
16.52398
16.53447
16.54997
16.5609
16.57173
16.58211
16.59284
16.60283
16.61347
16.62449
16.63475
16.64533
16.65578
16.66595
16.67652
16.68691
16.69818
16.70924
16.7205
16.7316
16.74286
16.75474
16.76554
16.77662
16.78796
16.79874
16.81001
16.82122
16.83272
16.84321
16.855
16.86579
16.87682
16.88815
16.89938
16.91087
16.92195
16.9332
16.94387
16.95521
16.96745
16.97951
16.98982
17.0008
17.01211
17.02359
17.03547
17.04634
17.0581
17.0696
17.08098
17.09292
17.10378
17.11572
17.12621
17.13884
17.14913
17.16084
17.17237
17.18385
17.19467
17.20603
17.2175
17.22891
17.23932
17.25589
17.26715
17.27758
17.28809
17.29841
17.3087
17.31949
17.33016
17.34054
17.3512
17.36119
17.37175
17.38247
17.39388
17.40453
17.41472
17.42508
17.43641
17.44646
17.45825
17.4688
17.48
17.4918
17.5024
17.51377
17.52509
17.53586
17.54702
17.55859
17.56942
17.58059
17.59178
17.60286
17.61406
17.62517
17.63653
17.65092
17.66171
17.67191
17.682
17.69269
17.70419
17.7159
17.72679
17.73875
17.74987
17.76107
17.77283
17.78387
17.79532
17.8068
17.8182
17.83027
17.84074
17.85219
17.86333
17.87468
17.88558
17.89673
17.90806
17.91916
TARGET DESTROYED 
17.93039
17.94464
17.95562
17.97078
17.98114
17.99192
18.00219
18.0127
18.0232
18.03392
18.05128
18.0629
18.07298
18.08311
18.09437
18.10592
18.11702
18.12788
18.13935
18.15046
18.16142
18.17271
18.18406
18.19482
18.2063
18.21725
18.2284
18.24038
18.25078
18.26194
18.27311
18.28439
18.29545
18.30686
18.31819
18.32939
18.34032
18.35139
18.36229
18.37374
18.38492
18.39635
18.40741
18.41845
18.42992
18.44064
18.45246
18.46347
18.47449
18.48537
18.49656
18.50761
18.51929
18.53009
18.54134
18.55255
18.56377
18.57546
18.58684
18.59928
18.61032
18.62206
18.63298
18.64456
18.65685
18.66783
18.67997
18.69093
18.70242
18.71763
18.72877
18.73888
18.74871
18.75946
18.76977
18.78007
18.79068
18.80054
18.81151
18.82257
18.83427
18.84478
18.85595
18.86726
18.87831
18.88966
18.90054
18.91195
18.92303
18.93431
18.9453
18.95658
18.96794
18.97866
18.98994
19.00126
19.01369
19.02533
19.03528
19.04583
19.057
19.06887
19.07968
19.09056
19.10188
19.11366
19.12477
19.13591
19.14743
19.15859
19.16989
19.18114
19.19257
19.20424
19.21543
19.22683
19.23806
19.24925
19.2607
19.27241
19.28349
19.29446
19.3059
19.31723
19.32866
19.33932
19.35055
19.36157
19.37291
19.38413
19.39517
19.4064
19.41749
19.42866
19.4403
19.45083
19.4678
19.47875
19.4892
19.49931
19.50981
19.51971
19.53015
19.54083
19.55025
19.55984
19.56921
19.57999
19.59155
19.60238
19.61408
19.62523
19.63589
19.65084
19.6617
19.67187
19.68197
19.69194
19.70286
19.714
19.72612
19.73653
19.74808
19.75878
19.77033
19.78109
19.79229
19.80408
19.81461
19.82586
19.83691
19.84824
19.85926
19.87065
19.88157
19.89288
19.90426
19.91508
19.92668
19.93832
19.94965
19.96146
19.9726
19.98389
19.99555
20.00698
20.01847
20.02976
20.04176
20.05268
20.06428
20.07555
20.08649
20.09772
20.10943
20.12111
20.13164
20.14311
20.15474
20.16567
20.17687
20.18865
TARGET DESTROYED 
20.19946
20.23015
20.25013
20.26267
20.27287
20.28374
20.29483
20.30611
20.3174
20.32851
20.33965
20.35084
20.36246
20.37297
20.38434
20.39544
20.40668
20.41802
20.42887
20.44001
20.45124
20.46232
20.4736
20.48481
20.49593
20.50726
20.51835
20.52961
20.54108
20.55165
20.56289
20.57428
20.58524
20.59642
20.60805
20.61926
20.63015
20.64163
20.65272
20.66379
20.67539
20.68611
20.69755
20.70879
20.71972
20.73072
20.7418
20.75317
20.76517
20.77621
20.78765
20.79854
20.80938
20.82075
20.83108
20.84237
20.85374
20.86469
20.87591
20.8878
20.89978
20.91225
20.92418
20.94051
20.95101
20.96169
20.97287
20.98329
20.9934
21.00398
21.01443
21.02474
21.0346
21.04497
21.05606
21.06706
21.07828
21.0897
21.10064
21.11169
21.123
21.1342
21.14585
21.1566
21.1677
21.17889
21.19038
21.20119
21.2126
21.22343
21.23474
21.24544
21.25791
21.2685
21.27942
21.2908
21.30141
21.31309
21.32384
21.33485
21.34637
21.3578
21.36922
21.38098
21.39187
21.40303
21.41453
21.42603
21.43752
21.44869
21.46026
21.47219
21.48585
21.49692
21.50737
21.51715
21.52754
21.5391
21.55368
