0.02
0.04
0.14
0.1762994
0.199296
0.2104677
0.2209636
0.2313916
0.2414141
0.250565
0.2604406
0.2718412
0.2829519
0.2943772
0.3073585
0.3162213
0.3277287
0.3391904
0.3499494
0.3612012
0.3726009
0.3833651
0.3946724
0.4062136
0.4169816
0.4282183
0.4400376
0.4509718
0.462163
0.4728277
0.4873584
0.4993725
0.5090171
0.5183055
0.528671
0.54397
0.5535376
0.5634873
0.5740523
0.5845249
0.5957003
0.6070654
0.6185286
0.6291208
0.6406421
0.6514756
0.6628487
0.6740636
0.6848781
0.6960773
0.7090598
0.7200482
0.7296595
0.7410698
0.7521942
0.7633492
0.7744396
0.7854749
0.796668
0.8079467
0.8193663
0.830469
0.8417182
0.853022
0.8636543
0.8748901
0.8861807
0.9007657
0.9114019
0.9230062
0.9341747
0.9452927
0.9568618
0.9678307
0.9799021
0.9909422
1.002432
1.013384
1.024985
1.035897
1.047875
1.0586
1.070013
1.081018
1.09227
1.103206
1.114299
1.125812
1.136669
1.147868
1.159115
1.170269
1.181401
1.192487
1.203893
1.214742
1.226061
1.237484
1.248489
1.259743
1.270807
1.282022
1.293236
1.305015
1.315282
1.326448
1.337632
1.349543
1.3604
1.371169
1.382459
1.393737
1.405574
1.416089
1.429091
1.438886
1.454899
1.466698
1.476632
1.491037
1.501709
1.511497
1.523001
1.534366
1.545445
1.55664
1.567432
1.578839
1.590144
1.609473
1.621356
1.632571
1.642847
1.659945
1.670059
1.680323
1.69058
1.701792
1.712926
1.723954
1.734987
1.746638
1.757425
1.768701
1.779656
1.790823
1.802128
1.813432
1.824608
1.835449
1.846785
1.858159
1.869477
1.880047
1.891494
1.902497
1.913561
1.924846
1.936086
1.947004
1.958431
1.969552
1.981512
1.992467
2.002943
2.014265
2.025364
2.03667
2.047524
2.058752
2.070147
2.081111
2.092385
2.103457
2.114674
2.125782
2.13705
2.148143
2.159795
2.17089
2.181707
2.193239
2.204343
2.215991
2.227807
2.239571
2.251264
2.262725
2.274473
2.286059
2.297093
2.309538
2.321223
2.331797
2.343816
2.359681
2.370717
2.380904
2.391473
2.40236
2.413424
2.424133
2.433956
2.445217
2.456512
2.467161
2.478258
2.489325
2.502778
2.516104
2.528157
2.539932
2.552085
2.564029
2.574375
2.584994
2.596149
2.606822
2.618469
2.629503
2.641777
2.653264
2.667512
2.679726
2.690749
2.701325
2.713221
2.72434
2.735353
2.747006
2.758024
2.769116
2.781577
2.793354
2.80437
2.816417
2.82758
2.838734
2.851427
2.862993
2.874575
2.885509
2.896872
2.908075
2.919058
2.930382
2.941761
2.95287
2.964799
2.976249
2.987468
2.999222
3.010581
3.021797
3.032853
3.044549
3.056041
3.072055
3.083147
3.094451
3.106143
3.116927
3.128185
3.139743
3.151059
3.162178
3.17363
3.184618
3.196038
3.207267
3.218813
3.230458
3.241353
3.252549
3.263648
3.274968
3.285894
3.29691
3.30851
3.321244
3.332628
3.343833
3.356067
3.366845
3.378227
3.38956
3.400022
3.411519
3.4232
3.434178
3.44609
3.457243
3.469133
3.480656
3.491616
3.502927
3.5137
3.524323
3.534845
3.54596
3.556866
3.567347
3.57818
3.589654
3.60454
3.615615
3.627458
3.640113
3.651549
3.662746
3.674562
3.685264
3.696632
3.707484
3.718979
3.730548
3.741672
3.752693
3.764
3.775043
3.791297
3.802754
3.81442
3.825218
3.835551
3.846684
3.858681
3.869925
3.880921
3.891973
3.903031
3.914842
3.926334
3.937338
3.948506
3.959734
3.972073
3.983489
3.994869
4.006784
4.017946
4.029846
4.041955
4.05309
4.064789
4.076547
4.08779
4.099618
4.111197
4.122446
4.133796
4.144833
4.156605
4.167567
4.178579
4.190047
4.20029
4.212039
4.223124
4.233585
4.24413
4.259064
4.27051
4.281768
4.292768
4.304121
4.314991
4.326527
4.337739
4.349483
4.360679
4.373003
4.384399
4.395892
4.406934
4.417833
4.428924
4.441171
4.453086
4.464186
4.475469
4.486125
4.497324
4.51381
4.525206
4.536246
4.547426
4.558443
4.569858
4.581309
4.592913
4.604304
4.615268
4.626657
4.639372
4.650599
4.662086
4.674031
4.684667
4.696084
4.707206
4.717794
4.729464
4.740479
4.751535
4.763764
4.775217
4.786179
4.797987
4.809481
4.820885
4.832417
4.84375
4.855509
4.86721
4.878478
4.890939
4.902658
4.914169
4.92561
4.937148
4.948298
4.959787
4.971191
4.982998
4.99412
5.005408
5.016544
5.027936
5.039845
5.052454
5.063932
5.076025
5.087289
5.098257
5.109776
5.120926
5.131996
5.143375
5.154317
5.165802
5.177204
5.188922
5.199913
5.210755
5.227221
5.238695
5.249781
5.261075
5.272268
5.283643
5.294938
5.306504
5.317236
5.328317
5.34007
5.351302
5.362592
5.374047
5.385276
5.396564
5.407605
5.418958
5.43073
5.441905
5.453351
5.465796
5.476931
5.488089
5.499295
5.510926
5.521369
5.532706
5.543896
5.555527
5.566691
5.577272
5.589131
5.604499
5.615628
5.626595
5.637256
5.648647
5.660408
5.671616
5.683259
5.694533
5.705595
5.717362
5.728745
5.740125
5.751377
5.763069
5.774759
5.785658
5.796436
5.806678
5.816876
5.827916
5.83863
5.849216
5.859736
5.869723
5.880861
5.895777
5.90741
5.91844
5.930262
5.946449
5.957711
5.96866
5.980583
5.99136
6.001938
6.013119
6.02494
6.035679
6.046875
6.05827
6.06928
6.08134
6.093122
6.104529
6.115329
6.126088
6.136625
6.147858
6.158644
6.169587
6.180518
6.19178
6.20279
6.214348
6.225285
6.236428
6.247818
6.25886
6.270033
6.281456
6.292591
6.303387
6.314522
6.325876
6.336866
6.348451
6.359257
6.370641
6.381996
6.392924
6.404156
6.41539
6.426857
6.437953
6.449567
6.460522
6.472047
6.483328
6.494816
6.50665
6.51825
6.530146
6.541466
6.552747
6.564515
6.575852
6.586959
6.598606
6.610307
6.62163
6.632677
6.64436
6.661258
6.672899
6.684525
6.69621
6.707107
6.717889
6.729205
6.740267
6.750928
6.761986
6.773228
6.784126
6.795545
6.80723
6.818158
6.82969
6.840875
6.851578
6.862789
6.874153
6.886184
6.897745
6.909406
6.921137
6.931762
6.943077
6.954548
6.965824
6.976985
6.988394
6.999096
7.010427
7.021054
7.031685
7.042642
7.05335
7.063757
7.074942
7.085964
7.097686
7.108928
7.120619
7.131749
7.14322
7.154814
7.166164
7.177404
7.188872
7.200511
7.211869
7.222793
7.233784
7.244982
7.256663
7.26723
7.278373
7.289723
7.300695
7.311937
7.323622
7.334579
7.346082
7.35692
7.368738
7.385476
7.395744
7.405938
7.41632
7.426617
7.436856
7.447706
7.457889
7.46805
7.482559
7.493383
7.503638
7.515179
7.525375
7.535548
7.546204
7.556464
7.567063
7.577325
7.588032
7.602396
7.612852
7.623282
7.63362
7.644688
7.655393
7.666157
7.677474
7.688536
7.703312
7.715219
7.726674
7.737445
7.748775
7.760638
7.771805
7.78267
7.794497
7.805773
7.816721
7.82824
7.839725
7.850795
7.862331
7.873694
7.88494
7.897799
7.909223
7.919934
7.930659
7.941627
7.952487
7.96448
7.975731
7.986787
7.997529
8.008296
8.019279
8.031343
8.043068
8.054519
8.066129
8.077907
8.094365
8.106462
8.117574
8.129836
8.141796
8.153055
8.16485
8.176823
8.188269
8.199649
8.211152
8.222515
8.233459
8.244615
8.25704
8.268631
8.280501
8.292179
8.303337
8.313974
8.325313
8.336689
8.348379
8.359653
8.370986
8.381574
8.393244
8.40478
8.416184
8.427432
8.439323
8.450566
8.462009
8.472651
8.484162
8.495626
8.506632
8.518011
8.529847
8.541081
8.552003
8.563604
8.575892
8.587748
8.599187
8.611076
8.622599
8.634083
8.646377
8.661438
8.676845
8.692799
8.707925
8.723026
8.738349
8.753531
8.768962
8.783803
8.798574
8.813276
8.828204
8.848821
8.863633
8.878671
8.893842
8.909901
8.925019
8.940245
8.955461
8.971201
8.986617
9.001042
9.015798
9.030261
9.045357
9.059813
9.074147
9.093153
9.108641
9.123817
9.139037
9.154331
9.170259
9.185964
9.201732
9.216817
9.231632
9.246559
9.261765
9.276707
9.292577
9.30767
9.321906
9.336876
9.35232
9.367127
9.382631
9.396841
9.41214
9.424771
9.435955
9.448384
9.45997
9.471608
9.4833
9.494728
9.505552
9.516139
9.527217
9.537909
9.548378
9.559197
9.569637
9.580624
9.591506
9.607373
9.618733
9.63566
9.647373
9.659659
9.671698
9.683022
9.694615
9.706213
9.717388
9.728807
9.739766
9.751064
9.763132
9.774734
9.785362
9.796288
9.806711
9.817522
9.82833
9.840462
9.851305
9.862311
9.873178
9.883636
9.894965
9.906145
9.917663
9.928718
9.939688
9.951051
9.962009
9.973276
9.983947
9.995276
10.00654
10.01714
10.02861
10.03926
10.04982
10.06157
10.07238
10.08318
10.0945
10.10547
10.11632
10.1275
10.13865
10.14935
10.16023
10.17084
10.18138
10.19209
10.20255
10.21309
10.22419
10.23566
10.24679
10.25824
10.26918
10.28098
10.29206
10.3029
10.31395
10.32547
10.34225
10.35372
10.36431
10.37463
10.38546
10.39617
10.40681
10.4176
10.42836
10.44007
10.45133
10.4622
10.47263
10.48318
10.4943
10.5049
10.51556
10.52723
10.53791
10.54894
10.56004
10.57146
10.58246
10.59527
10.60847
10.62059
10.63349
10.64845
10.66126
10.67378
10.68629
10.69829
10.71086
10.72289
10.73501
10.74711
10.75984
10.77151
10.78349
10.79554
10.80737
10.81929
10.83091
10.84438
10.85678
10.86958
10.88175
10.89441
10.90763
10.92056
10.93287
10.94525
10.95807
10.96875
11.0022
11.01328
11.02379
11.03447
11.0465
11.05702
11.06785
11.07937
11.09553
11.10643
11.11839
11.12928
11.14022
11.15114
11.16215
11.17354
11.19015
11.20171
11.21293
11.22482
11.23595
11.24829
11.25965
11.27092
11.28261
11.29414
11.30616
11.31681
11.32848
11.33977
11.35112
11.36345
11.3745
11.38598
11.39703
11.40825
11.41936
11.43043
11.442
11.45339
11.46452
11.47566
11.4865
11.49737
11.50875
11.51983
11.53109
11.54246
11.55325
11.56452
11.57567
11.58732
11.60226
11.61361
11.62477
11.63611
11.64704
11.65834
11.6698
11.68082
11.69177
11.70383
11.71507
11.72618
11.7374
11.74861
11.75989
11.77139
11.7822
11.79321
11.80416
11.81501
11.82612
11.83732
11.84884
11.86049
11.87183
11.88278
11.89422
11.91085
11.92229
11.93448
11.94549
11.95666
11.96783
11.97964
11.99067
12.00145
12.01281
12.02351
12.03408
12.04531
12.05667
12.06748
12.07879
12.08957
12.10084
12.11233
12.1232
12.13436
12.14538
12.15727
12.16924
12.18013
12.19118
12.2027
12.21366
12.22457
12.23586
12.24691
12.25779
12.26909
12.27996
12.29087
12.30174
12.31324
12.32485
12.33603
12.34775
12.35897
12.36981
12.38095
12.3916
12.4025
12.41411
12.42569
12.4372
12.44854
12.46043
12.47225
12.48367
12.49519
12.50658
12.51761
12.53024
12.54197
12.55304
12.56407
12.57525
12.58668
12.5984
12.6147
12.62643
12.63858
12.65039
12.6623
12.6735
12.68593
12.69794
12.70992
12.72131
12.73313
12.74515
12.75606
12.76744
12.77958
12.79099
12.80265
12.81385
12.82506
12.83643
12.84831
12.8602
12.8712
12.88239
12.89341
12.90485
12.91581
TARGET DESTROYED 
12.92724
12.94921
12.97217
12.98518
12.99643
13.00914
13.02184
13.03424
13.04709
13.061
13.074
13.08658
13.09959
13.11244
13.1255
13.13898
13.15128
13.16397
13.17691
13.18985
13.20277
13.21643
13.22981
13.2424
13.25644
13.26874
13.28149
13.29457
13.30711
13.31927
13.33718
13.35115
13.3638
13.37596
13.38938
13.40256
13.4146
13.42691
13.4401
13.45249
13.46457
13.47791
13.49116
13.50333
13.51508
13.52755
13.5406
13.55277
13.56484
13.57659
13.58808
13.60408
13.61592
13.62799
13.64006
13.65168
13.66444
13.67571
13.68709
13.70273
13.71535
13.72727
13.73994
13.75226
13.76551
13.77773
13.79023
13.80281
13.81522
13.82753
13.83982
13.85242
13.86512
13.87748
13.88977
13.90245
13.9151
13.92729
13.93985
13.95239
13.96472
13.97718
13.99006
14.00183
14.01364
14.02612
14.03868
14.05091
14.06323
14.0753
14.09307
14.1058
14.11768
14.12984
14.14221
14.15471
14.16736
14.17995
14.19244
14.20459
14.21752
14.22969
14.24181
14.25406
14.26632
14.27856
14.29129
14.30333
14.31583
14.32877
14.34153
14.3545
14.36723
14.37961
14.39106
14.40185
14.41267
14.42391
14.43534
14.44703
14.45847
14.46925
TARGET DESTROYED 
14.48017
14.49654
14.50819
14.52645
14.53973
14.55047
14.56199
14.57387
14.58504
14.59631
14.60702
14.618
14.62995
14.64126
14.65209
14.66315
14.6744
14.68577
14.69651
14.70775
14.71872
14.72981
14.74117
14.75209
14.76289
14.77336
14.78404
14.79512
14.81115
14.82278
14.83326
14.84527
14.85698
14.86757
14.88233
14.89289
14.90439
14.91533
14.92705
14.9378
14.94936
14.96126
14.97328
14.98754
15.00021
15.0128
15.02484
15.03735
15.04954
15.06215
15.07431
15.08643
15.09874
15.11176
15.12415
15.1371
15.14918
15.16187
15.17382
15.18575
15.19813
15.21001
15.22172
15.23363
15.24582
15.25801
15.27021
15.28325
15.29509
15.30707
15.31919
15.33114
15.34428
15.35651
15.36822
15.38045
15.39215
15.40384
15.41562
15.42758
15.44035
15.45308
15.46525
15.47675
15.48874
15.49994
15.51118
15.52217
15.53322
15.54491
15.55575
15.57266
15.5834
15.60508
15.61806
15.63096
15.64362
15.65769
15.6704
15.68302
15.69583
15.70854
15.72083
15.73347
15.747
15.76031
15.773
15.78543
15.79816
15.81178
15.82502
15.83744
15.85028
15.86402
15.87655
15.89013
15.90255
15.91596
15.92928
15.94045
15.95192
15.96438
15.97653
15.98784
15.99878
16.0102
16.02107
16.03242
16.0442
16.05486
16.06707
16.07836
16.08915
16.09986
16.11145
16.12205
16.13279
16.14406
16.15531
16.1664
16.1775
16.18886
16.20019
16.21217
16.22325
16.23407
16.24562
TARGET DESTROYED 
16.25668
16.27265
16.28916
16.30051
16.31208
16.32335
16.33419
16.34647
16.35758
16.36883
16.38021
16.39751
16.41063
16.42287
16.43469
16.44646
16.45729
16.46801
16.4795
16.49074
16.5016
16.51339
16.52387
16.53532
16.54625
16.5575
16.56876
16.57968
16.59127
16.60236
16.61308
16.62475
16.63558
16.64668
16.65806
16.66926
16.68013
16.69162
16.70273
16.71375
16.72544
16.73651
16.74716
16.7585
16.76972
16.78107
16.79202
16.80879
16.82093
16.83256
16.8449
16.8585
16.8702
16.88137
16.89265
16.90388
16.91521
16.92636
16.93771
16.9492
16.96114
16.97351
16.99102
17.0033
17.01532
17.02713
17.0384
17.04976
17.06135
17.073
17.08407
17.09557
17.10723
17.11905
17.13045
17.14305
17.15615
17.16807
17.18014
17.19271
17.20556
17.21818
17.23036
17.24221
17.25523
17.26731
17.27996
17.29237
17.31122
17.32389
17.33671
17.34922
17.36236
17.37463
17.38636
17.39828
17.41019
17.42329
17.43616
17.45005
17.46239
17.47448
17.48655
17.49834
17.5097
17.52076
17.53177
17.54397
17.55504
17.56645
17.57824
17.58963
17.60616
17.61867
17.631
17.64269
17.656
17.66801
17.68058
17.69284
17.70541
17.71713
17.72963
17.74727
TARGET DESTROYED 
17.7607
17.77963
17.79943
17.81408
17.82698
17.84013
17.85269
17.86503
17.87859
17.89128
17.90372
17.91622
17.92937
17.94185
17.95424
17.96635
17.98112
17.99367
18.00654
18.01999
18.03235
18.05047
18.06854
18.08651
18.10568
18.12399
18.14291
18.16154
18.17421
18.18654
18.19877
18.21112
18.22312
18.23486
18.24702
18.26025
18.27273
18.2846
18.29702
18.30959
18.32206
18.33422
18.34724
18.36014
18.37345
18.38568
18.39818
18.41129
18.42484
18.43743
18.4502
18.4625
18.47461
18.48687
18.49937
18.52456
18.55569
18.58156
18.60761
18.63445
18.66071
18.68703
18.71335
18.73935
18.76528
18.79161
18.81761
18.84406
18.87007
18.89653
18.92271
18.94869
18.97527
18.99279
19.01486
19.0372
19.0597
19.08195
19.10456
19.12689
19.15004
19.17163
19.19356
19.21608
19.23809
19.26052
19.28301
19.30601
19.32771
19.35008
19.3728
19.39449
19.41706
19.43977
19.4616
19.48415
19.50676
19.52875
19.55127
19.57334
19.59577
19.61833
19.64065
19.66266
19.68546
19.7075
19.71849
19.72963
19.74089
19.75211
19.763
19.77449
19.78601
19.79749
19.80886
19.82131
19.83182
19.84315
19.85397
19.86503
19.87539
19.88615
19.89704
19.90867
19.91986
19.93122
19.94269
19.95413
19.9663
19.979
19.99117
20.00378
20.01633
20.02883
20.04063
20.05229
20.06376
20.07587
20.08761
20.09895
20.11113
20.12216
20.13478
20.14654
20.1585
20.17028
20.18156
20.1941
20.20577
20.21704
20.22898
20.24101
20.25181
20.26264
20.27486
20.28673
20.29809
20.31073
20.32266
20.34013
20.35291
20.36481
20.37706
20.38923
20.40078
20.41274
20.42418
20.43651
20.44849
20.4608
20.47253
20.48448
20.49704
20.50999
20.52213
20.53389
20.54636
20.55859
20.5706
20.58248
TARGET DESTROYED 
20.59482
20.6126
20.63153
20.64542
20.65702
20.66962
20.68124
20.69361
20.70516
20.71746
20.7299
20.74223
20.75411
20.7665
20.77901
20.7913
20.80336
20.81493
20.82744
20.83896
20.85065
20.86325
20.87557
20.88785
20.9002
20.9128
20.92501
20.93679
20.94868
20.96087
20.97296
20.98556
20.99719
21.0114
21.02435
21.03638
21.04816
21.0604
21.078
21.09095
21.10304
21.11481
21.12709
21.13959
21.1515
21.16313
21.17484
21.18557
21.19635
21.20679
21.21736
21.22813
21.23822
21.24873
21.25991
21.27115
21.28217
21.29342
21.30446
21.31557
21.3268
21.33827
21.34976
21.36053
21.37154
21.38305
21.39388
21.40521
21.41667
21.42729
21.43858
21.4496
21.46079
21.47224
21.48316
21.49444
21.50568
21.51796
21.52867
21.53978
21.55036
21.56139
21.57275
21.58435
21.59809
21.60925
21.61912
21.62997
21.64801
21.65931
21.67018
21.68095
21.69179
21.70251
21.71289
21.72306
21.73354
21.7443
21.75447
21.76582
21.7766
21.78645
21.80264
21.8137
21.82442
21.83465
21.84557
21.85645
21.86784
21.87885
21.88899
21.90017
21.91081
21.92098
21.93132
21.94278
21.95321
21.96394
21.97468
21.98592
21.99755
22.00863
22.01942
22.03087
22.04175
22.05296
22.06409
22.07535
22.08678
22.0979
22.10895
22.12027
22.13137
22.14244
22.15365
22.16496
22.17638
22.18787
22.19914
22.21083
22.22189
22.23352
22.24481
22.25664
22.26769
22.27887
22.29061
22.30208
22.3133
22.32445
22.33577
22.34723
22.35864
22.3699
22.38126
22.39899
22.41717
22.4352
22.45329
22.47127
22.48971
22.50838
22.52607
22.54408
22.5674
22.58684
22.60554
22.62453
22.64317
22.66184
22.68085
22.69948
22.71821
22.73568
22.75399
22.77231
22.79186
22.8111
22.83001
22.8476
22.86679
22.88534
22.90357
22.92286
22.94265
22.96153
22.97973
23.0052
23.03125
23.05704
23.08257
23.10874
23.13432
23.15981
23.18536
23.21067
23.23581
23.26142
23.2862
23.31272
23.33814
23.36381
23.38949
23.41509
23.4405
23.46681
23.49243
23.51687
23.54143
23.5666
23.59102
23.62465
23.64843
23.67251
23.69673
23.72619
23.75164
23.77713
23.7961
23.81799
23.84036
23.86243
23.88533
23.90775
TARGET DESTROYED 
23.92957
23.95198
23.97446
23.99718
24.01897
24.04218
24.06341
24.08592
24.10827
24.13071
24.15296
24.17525
24.19788
24.21983
24.24232
24.26476
24.28704
24.30955
24.33284
24.3542
24.37652
24.39865
24.42093
24.44366
24.46564
24.48809
24.51078
24.52411
24.5374
24.55023
24.56894
24.58263
24.59586
24.60984
24.62286
24.63496
24.64762
24.66052
24.67397
24.68784
24.70017
24.7128
24.72536
24.73816
24.75091
24.76356
24.77621
24.7892
24.8017
24.81435
24.82747
24.84054
24.8528
24.86561
24.87859
24.8916
24.90377
24.91706
24.9299
24.94271
24.95575
24.96921
24.98347
24.99587
25.00939
25.02259
25.03725
25.05044
25.06353
25.07615
25.08937
25.10292
25.1154
25.12862
25.1417
25.15476
25.16805
25.18094
25.19355
25.20634
25.21939
25.23231
25.24317
25.25303
25.26302
25.27374
25.28346
25.29428
25.30453
25.31502
25.32579
25.33781
25.34911
25.35932
25.37057
25.38581
25.39566
25.40618
25.41642
25.42711
25.43755
25.44881
25.46012
25.47083
25.48207
25.49318
25.50437
25.51577
25.52695
25.53793
25.54898
25.56053
25.57148
25.58265
25.59384
25.60858
25.61935
25.62915
25.63943
25.65033
25.66189
25.67343
25.68462
25.69703
25.70781
25.71917
25.73062
25.74163
25.75301
25.79871
25.8113
25.82129
25.83161
25.84287
25.8527
25.86246
25.87332
25.88462
25.8955
25.90668
25.91773
25.92896
TARGET DESTROYED 
25.94032
25.9646
25.98497
25.99678
26.00724
26.01818
26.02936
26.04164
26.05326
26.06486
26.07519
26.0862
26.10179
26.11217
26.12243
26.13244
26.14282
26.15242
26.16355
26.17493
26.18658
26.19801
26.20859
26.2193
26.23071
26.24188
26.25366
26.26417
26.27541
26.28639
26.29742
26.30855
26.31982
26.33093
26.34257
26.35367
26.36431
26.37566
26.3869
26.39793
26.40919
26.42045
26.43184
26.44285
26.45392
26.46501
26.47611
26.48728
26.49855
26.50975
26.52088
26.53197
26.54342
26.5543
26.56561
26.57682
26.58799
26.59983
26.61175
26.62363
26.63551
26.64726
26.65949
26.6704
26.68226
26.69326
26.70445
26.71621
26.72688
26.73823
26.74928
26.76027
26.77157
26.78277
26.79397
26.80501
26.81627
26.82725
26.83865
26.85378
26.86456
26.87506
26.88539
26.89557
26.90554
26.91591
26.92634
26.93623
26.94675
26.9579
26.96925
26.98038
26.99157
27.00252
27.01403
27.02547
27.03611
27.04766
27.0599
27.06988
27.0809
27.0919
27.10399
27.11444
27.12548
27.13671
27.14771
27.1597
27.17033
27.18143
27.19273
27.20398
27.21494
27.22608
27.23749
27.24883
27.26036
27.27162
27.28347
27.29436
27.3062
27.31781
27.32851
27.34042
27.35144
27.36286
27.37419
27.38547
27.39647
27.40796
27.41942
27.43218
27.44355
27.45368
27.46425
27.47554
27.48668
27.49763
27.50938
27.52041
27.5314
27.54231
27.55363
27.56466
27.57598
27.58769
27.60898
27.62067
27.63088
27.64248
27.65332
27.66398
27.67479
27.68478
27.6955
27.70559
27.71661
27.72733
27.73841
27.74996
27.76109
27.772
27.78311
27.79441
27.80572
27.81664
27.82816
27.83906
27.85018
27.86121
27.87259
27.88443
27.89495
27.90627
27.91775
27.92848
27.93969
27.95069
27.96189
27.97332
27.98441
27.9953
28.00686
28.0177
28.02878
28.04019
28.05123
28.06288
28.0736
28.085
28.09713
28.10819
28.11939
28.13153
28.14261
28.15394
28.16554
28.17697
28.18854
28.20142
28.21106
28.22356
28.23442
28.24584
28.25732
28.26823
28.27946
28.29095
28.30207
28.31285
28.32437
28.33529
28.35158
28.36231
28.37265
28.38245
28.39221
28.40239
28.41233
28.42248
28.43233
28.44232
28.45354
28.46504
28.47578
28.48689
28.49806
28.50947
28.52042
28.53157
28.54547
28.55608
28.56656
28.57692
28.5887
28.59863
28.6103
28.62105
28.63214
28.64337
28.65726
