0.02
0.04
0.14
0.1868387
0.201704
0.2153127
0.227261
0.2383502
0.2526114
0.265193
0.2787718
0.2943882
0.3064972
0.3183065
0.3306625
0.3428293
0.3550425
0.3682798
0.3810644
0.3929594
0.4033392
0.4143607
0.4263285
0.4361457
0.4468916
0.4579695
0.4729382
0.4874102
0.4993879
0.5108784
0.522186
0.53352
0.5452434
0.5597484
0.5750609
0.5872555
0.6036944
0.6155679
0.6263741
0.6371178
0.6487561
0.6601507
0.6706223
0.681033
0.6914575
0.7006606
0.7122515
0.7244256
0.734066
0.7450595
0.7569979
0.7672356
0.7785311
0.7899965
0.8008813
0.8124177
0.8236047
0.8345081
0.8455636
0.8569084
0.8678154
0.8790617
0.8906972
0.9017231
0.9127687
0.9242983
0.9416758
0.9554677
0.9653712
0.9763234
0.9873362
0.9975871
1.007349
1.016824
1.026514
1.035847
1.046558
1.058003
1.069945
1.081732
1.092149
1.102478
1.113625
1.124945
1.136516
1.147067
1.15862
1.169655
1.181278
1.191731
1.203048
1.214198
1.226023
1.236793
1.248559
1.258915
1.270234
1.281331
1.292468
1.303781
1.315718
1.326458
1.340959
1.350772
1.360841
1.370638
1.382467
1.393093
1.406816
1.416028
1.427499
1.439858
1.450239
1.462031
1.473601
1.484918
1.496318
1.508007
1.524698
1.536368
1.548044
1.559861
1.572297
1.583326
1.594695
1.60558
1.616533
1.628669
1.640486
1.651284
1.661777
1.675409
1.68734
1.697366
1.707273
1.717547
1.7287
1.739576
1.755248
1.765416
1.777968
1.788238
1.799748
1.810971
1.821107
1.83168
1.842212
1.852076
1.862758
1.873459
1.884493
1.895645
1.906902
1.917786
1.929045
1.940376
1.951322
1.962553
1.973987
1.985197
1.996404
2.007458
2.018443
2.029968
2.041682
2.052925
2.064442
2.076318
2.087275
2.098322
2.109502
2.120642
2.131617
2.143384
2.154855
2.165834
2.177159
2.189051
2.199848
2.211222
2.222677
2.233911
2.245265
2.256784
2.267855
2.279137
2.291049
2.302039
2.313249
2.324673
2.335985
2.347223
2.358588
2.37025
2.380849
2.392729
2.403261
2.416725
2.427768
2.437764
2.448545
2.459206
2.470456
2.482007
2.493324
2.504968
2.515819
2.527362
2.538015
2.548588
2.561608
2.573124
2.585053
2.595784
2.606609
2.616673
2.627425
2.639209
2.65062
2.6614
2.671662
2.681888
2.692064
2.703273
2.714065
2.725266
2.736598
2.747596
2.758758
2.770057
2.781212
2.792176
2.8034
2.814708
2.82579
2.841567
2.851128
2.861028
2.870951
2.881044
2.891981
2.903356
2.914376
2.925667
2.936991
2.947793
2.959112
2.970113
2.981515
2.992788
3.004162
3.014905
3.026002
3.037131
3.048536
3.059608
3.070738
3.081931
3.093461
3.105104
3.115393
3.126531
3.13814
3.148962
3.160048
3.171341
3.18249
3.193557
3.205403
3.216246
3.22759
3.239189
3.250421
3.261507
3.27318
3.284346
3.295537
3.30709
3.318096
3.329513
3.340993
3.352745
3.363545
3.37509
3.386282
3.39768
3.40927
3.419706
3.430852
3.441999
3.45321
3.464441
3.475964
3.486856
3.497911
3.509533
3.520368
3.531283
3.542597
3.553657
3.565101
3.576206
3.587358
3.598274
3.609615
3.620925
3.631839
3.643132
3.655729
3.665654
3.682712
3.693914
3.705791
3.717079
3.727922
3.739353
3.750217
3.761404
3.773156
3.783929
3.794977
3.806347
3.817376
3.828488
3.839953
3.850731
3.861893
3.873811
3.884568
3.89551
3.90704
3.917995
3.92907
3.940315
3.9567
3.967541
3.978734
3.990206
4.000731
4.011822
4.022853
4.033754
4.044599
4.056039
4.066886
4.078178
4.089357
4.102326
4.113621
4.12486
4.135596
4.147097
4.158271
4.169022
4.179844
4.191172
4.20197
4.212627
4.222741
4.233406
4.245521
4.256125
4.266901
4.278193
4.289606
4.300121
4.310775
4.321887
4.332328
4.343885
4.355391
4.366263
4.377321
4.388238
4.399902
4.410954
4.422265
4.433271
4.444295
4.455488
4.466526
4.477872
4.489229
4.500348
4.511451
4.523443
4.534251
4.545471
4.557162
4.568267
4.579977
4.591097
4.602193
4.613544
4.624959
4.636105
4.648201
4.659364
4.670246
4.681921
4.692876
4.704316
4.715549
4.726483
4.73768
4.748973
4.760423
4.771441
4.782245
4.793478
4.805164
4.816033
4.827537
4.838142
4.850959
4.861905
4.872418
4.884304
4.894989
4.905543
4.916453
4.927626
4.939963
4.949927
4.961183
4.973233
4.984354
4.995749
5.00673
5.017383
5.034587
5.045485
5.057663
5.06844
5.079352
5.09051
5.101707
5.113613
5.12515
5.135927
5.148762
5.159531
5.17062
5.181217
5.192535
5.203186
5.215038
5.226197
5.236888
5.247907
5.258957
5.270107
5.281369
5.292527
5.303465
5.314528
5.325207
5.336268
5.347823
5.358761
5.369781
5.380935
5.391993
5.403282
5.414701
5.426066
5.4379
5.448714
5.460516
5.471716
5.483681
5.494426
5.50637
5.51734
5.528789
5.540311
5.552292
5.562368
5.574545
5.585669
5.597592
5.608337
5.619939
5.631026
5.642398
5.653657
5.664845
5.676292
5.687434
5.698462
5.710035
5.720553
5.731689
5.743083
5.75509
5.766104
5.777754
5.78872
5.799711
5.81099
5.82186
5.832498
5.843435
5.854662
5.865922
5.877382
5.88806
5.899339
5.910774
5.922338
5.933779
5.945298
5.95645
5.967333
5.978355
5.989428
6.000487
6.011375
6.022656
6.033566
6.044779
6.056166
6.068067
6.079586
6.091311
6.102081
6.113273
6.1326
6.144435
6.155087
6.166521
6.177472
6.188639
6.199527
6.21025
6.221103
6.232282
6.244276
6.255699
6.267198
6.278531
6.290262
6.301911
6.313249
6.325372
6.336124
6.347354
6.358353
6.369416
6.381073
6.392177
6.403173
6.414221
6.426102
6.436914
6.449681
6.461675
6.47307
6.483545
6.494867
6.506009
6.516635
6.527723
6.538841
6.549747
6.561127
6.571524
6.582863
6.594234
6.605626
6.616553
6.627618
6.638071
6.648795
6.659489
6.669897
6.680749
6.691693
6.702001
6.712896
6.723743
6.73419
6.745078
6.755649
6.766245
6.777796
6.789044
6.799633
6.810408
6.821757
6.832796
6.844442
6.855947
6.867061
6.878839
6.889138
6.900239
6.91094
6.922928
6.934349
6.945771
6.957026
6.968366
6.98006
6.991632
7.003288
7.01515
7.027213
7.038233
7.050034
7.06164
7.074248
7.086321
7.097559
7.108145
7.118798
7.131235
7.14292
7.153367
7.164527
7.175088
7.185116
7.19594
7.206461
7.216815
7.227185
7.237576
7.254643
7.265427
7.276399
7.287196
7.29826
7.309723
7.320224
7.331395
7.342292
7.352707
7.36321
7.374596
7.385972
7.396727
7.407495
7.418113
7.428607
7.43915
7.449914
7.460765
7.471303
7.482371
7.494069
7.505537
7.516784
7.528637
7.539979
7.55166
7.563008
7.575823
7.587114
7.598539
7.610371
7.622146
7.633457
7.645082
7.656713
7.667856
7.679913
7.69124
7.702333
7.713638
7.725128
7.737417
7.748537
7.760216
7.77141
7.783396
7.79548
7.8071
7.818615
7.830403
7.842576
7.853918
7.865328
7.877629
7.889594
7.901017
7.912481
7.924294
7.935565
7.947291
7.958463
7.96958
7.981181
7.992237
8.00275
8.01418
8.025306
8.035789
8.047025
8.058302
8.069098
8.080047
8.091065
8.102032
8.112635
8.123405
8.134611
8.146978
8.15818
8.168634
8.178973
8.18996
8.20057
8.211736
8.222572
8.234352
8.247728
8.259248
8.269698
8.280567
8.297021
8.308024
8.318547
8.329504
8.340757
8.351921
8.362873
8.374398
8.385304
8.396905
8.408541
8.41907
8.430588
8.441288
8.452462
8.463724
8.474852
8.486696
8.497808
8.509576
8.520337
8.531218
8.541854
8.552881
8.56439
8.575363
8.586267
8.597808
8.608724
8.619999
8.631133
8.64249
8.653493
8.664865
8.675787
8.687138
8.697843
8.709295
8.720572
8.731998
8.742805
8.753988
8.765509
8.776269
8.787465
8.798531
8.810023
8.821589
8.833089
8.844934
8.856605
8.867868
8.879546
8.891033
8.902577
8.914223
8.925833
8.936937
8.948423
8.959819
8.970933
8.982217
8.993261
9.004669
9.016601
9.027539
9.038482
9.049141
9.060404
9.072559
9.083014
9.094459
9.105041
9.1164
9.127434
9.139186
9.151329
9.162612
9.173779
9.184128
9.194665
9.206283
9.217352
9.228258
9.239443
9.250704
9.261876
9.273327
9.283909
9.294976
9.30671
9.317199
9.3283
9.340227
9.351357
9.36206
9.373462
9.384247
9.400441
9.411432
9.422495
9.433409
9.444306
9.454999
9.46556
9.476545
9.487249
9.49813
9.509809
9.520654
9.531306
9.542398
9.552758
9.563663
9.574558
9.585887
9.596716
9.607955
9.619041
9.629702
9.640682
9.651304
9.662424
9.673341
9.684594
9.69581
9.70732
9.718345
9.729536
9.741125
9.751663
9.762697
9.77425
9.784883
9.795916
9.807195
9.81859
9.829438
9.840831
9.85144
9.862331
9.873528
9.885495
9.896707
9.907869
9.919655
9.930551
9.941875
9.952631
9.963557
9.974993
9.985457
9.996814
10.00821
10.0195
10.03041
10.04184
10.05274
10.06376
10.07549
10.08648
10.09739
10.10928
10.12037
10.13189
10.14382
10.15565
10.16812
10.17944
10.19065
10.20124
10.21273
10.22392
10.23509
10.24696
10.25826
10.26915
10.28032
10.292
10.30339
10.31467
10.32632
10.3373
10.34827
10.35951
10.37065
10.38201
10.39346
10.40436
10.41553
10.42709
10.43857
10.45076
10.46305
10.47509
10.491
10.50216
10.5141
10.52596
10.53644
10.54757
10.55895
10.57087
10.58195
10.59308
10.6041
10.6151
10.62629
10.63775
10.6488
10.68486
10.69647
10.70886
10.71968
10.73117
10.74278
10.75344
10.7649
10.77732
10.78937
10.80002
10.81058
10.82162
10.83178
10.84358
10.85413
10.86538
10.8765
10.88733
10.89845
10.90966
10.9211
10.93197
10.9431
10.95466
10.96599
10.97704
10.98781
10.99885
11.01018
11.02169
11.03266
11.044
11.05535
11.06603
11.07762
11.08887
11.09941
11.11078
11.12187
11.13314
11.14525
11.15621
11.16745
11.17926
11.18981
11.2
11.21129
11.22276
11.23388
11.24549
11.25618
11.26701
11.27817
11.29014
11.30081
11.31307
11.32439
11.33509
11.3474
11.36288
11.37395
11.38459
11.39519
11.40635
11.41698
11.42743
11.43793
11.44936
11.46055
11.47162
11.48252
11.49427
11.50525
11.51637
11.52751
11.53905
11.54982
11.56107
11.57222
11.58329
11.59459
11.61108
11.62295
11.63459
11.64533
11.65638
11.66708
11.67811
11.68862
11.69962
11.71074
11.721
11.73166
11.74246
11.75315
11.76376
11.77507
11.78551
11.79646
11.80753
11.81805
11.82883
11.83954
11.85158
11.86238
11.87297
11.88323
11.8938
11.90428
11.91543
11.92625
11.93895
11.94918
11.96062
11.97208
11.98272
11.9939
12.00477
12.01547
12.02735
12.03788
12.04891
12.06016
12.07138
12.08236
12.09759
12.10834
12.11864
12.12939
12.14051
12.15092
12.16218
12.17367
12.18512
12.19699
12.20784
12.21912
12.23046
12.24207
TARGET DESTROYED 
12.25325
12.27237
12.2832
12.29442
12.30621
12.31752
12.33768
12.34936
12.36182
12.37311
12.38471
12.39512
12.40681
12.4177
12.42992
12.46929
12.48024
12.49051
12.50051
12.51075
12.52089
12.5312
12.54191
12.5522
12.56262
12.57433
12.58524
12.59626
12.6077
12.61858
12.62997
12.64127
12.65233
12.66333
12.67455
12.69034
12.70037
12.71072
12.7206
12.73075
12.74186
12.75288
12.76398
12.77519
12.78633
12.79748
12.80854
12.82013
12.83095
12.84218
12.85307
12.86452
12.87557
12.88682
12.89877
12.90916
12.92033
12.93144
12.94273
12.95382
12.965
12.97613
12.98756
12.99858
13.00954
13.02137
13.03186
13.04305
13.05419
13.07255
13.0826
13.09296
13.10266
13.1131
13.12342
13.13311
13.14452
13.15492
13.16634
13.17722
13.18905
13.19946
13.21089
13.22227
13.23293
13.2447
13.2557
13.26653
13.27769
13.28922
13.2999
13.31112
13.32266
13.33367
13.34466
13.35617
13.36705
13.37823
13.38958
13.40085
13.41178
13.42341
13.43422
13.44558
13.45731
13.46844
13.47986
13.4915
13.50258
13.51413
13.52547
13.537
13.54828
13.56001
13.57119
13.5825
13.59383
13.60555
13.61668
13.62786
13.63966
13.65101
13.66216
13.67379
13.68474
13.69595
13.70709
13.71855
13.72922
13.74088
13.752
13.76306
13.77446
13.78998
13.80025
13.81121
13.82114
13.83148
13.84198
13.8521
13.86252
13.8733
13.88369
13.8941
13.90413
13.91469
13.92593
13.93701
13.94813
13.95927
13.9706
13.98157
13.99289
14.00401
14.01529
14.02699
14.03747
14.04858
14.05982
14.07103
14.08203
14.09335
14.10454
14.11557
TARGET DESTROYED 
14.12688
14.14238
14.15391
14.16417
14.17425
14.1847
14.20431
14.21683
14.22772
14.2388
14.2504
14.26123
14.27211
14.28332
14.29474
14.3056
14.31711
14.32796
14.33934
14.35018
14.3611
14.37273
14.38359
14.39526
14.40584
14.4169
14.42808
14.43969
14.45035
14.46164
14.47305
14.4967
14.50763
14.51779
14.52856
14.54028
14.55126
14.56368
14.57409
14.58486
14.59602
14.60699
14.61913
14.63021
14.64066
14.65184
14.66254
14.67501
14.68707
14.69961
14.71198
14.72499
14.73737
14.75242
14.76462
14.77528
14.78551
14.79671
14.80822
14.81922
14.83025
14.84167
14.85311
14.86383
14.8753
14.89139
14.90119
14.91161
14.92164
14.93189
14.94202
14.95312
14.96486
14.97554
14.9866
14.99789
15.00879
15.0202
15.03179
15.04268
15.05372
15.06513
15.07763
15.0902
15.10223
15.11432
15.12711
15.14006
15.15232
15.16431
15.17695
15.18958
15.20229
15.21518
15.22765
15.24021
15.25339
15.26584
15.27866
15.29145
15.30417
15.31663
15.32915
15.34156
15.35379
15.36618
15.37842
15.39089
15.40301
15.41454
15.42748
15.43954
15.45078
15.46282
15.4746
15.48616
15.49826
15.51039
15.5222
15.53406
15.5463
15.55836
15.57006
15.58206
15.59439
15.60614
15.61775
15.62974
15.64183
15.65398
15.66589
15.67813
15.69044
15.70167
15.71294
15.72448
15.73663
15.74918
15.76254
15.77563
15.78792
15.80051
15.81282
15.82633
15.83848
15.85076
15.86295
15.87617
15.88853
15.90123
15.91391
15.92645
15.93903
15.95114
15.9632
15.97544
15.98729
15.99989
16.01276
16.02553
16.03739
16.04877
16.06007
16.07026
16.08513
TARGET DESTROYED 
16.09575
16.11003
16.12052
16.13097
16.14196
16.15188
16.16202
16.17238
16.18238
16.19309
16.20518
16.21845
16.23855
16.2524
16.26469
16.27634
16.28666
16.29667
16.30692
16.31725
16.32978
16.34144
16.35248
16.36338
16.37522
16.38641
16.39779
16.40939
16.42074
16.43262
16.44467
16.45637
16.46814
16.48039
16.49254
16.5029
16.51377
16.52468
16.53526
16.54671
16.55912
16.56938
16.5801
16.59024
16.60043
16.61108
16.62113
16.63241
16.64248
16.65229
16.66273
16.67365
16.68471
16.69572
16.70702
16.71849
16.72922
16.74091
16.75142
16.76261
16.77456
16.78525
16.7963
16.80784
16.81849
16.82965
16.84118
16.85271
16.86356
16.87473
16.88587
16.89686
16.90844
16.91898
16.93033
16.94151
16.95281
16.96388
16.97518
16.98819
16.99846
17.00987
17.02123
17.03265
17.04377
17.05554
17.06664
17.07835
17.09027
17.10176
17.11255
17.12438
17.13559
17.14659
17.16289
17.17296
17.18304
17.19338
17.2032
17.21359
17.22728
17.23957
17.2509
17.26218
17.27437
17.28515
17.29588
17.30652
17.31715
17.32797
17.33817
17.34825
17.35862
17.36879
17.3794
17.3904
17.40064
17.41142
17.42253
17.43356
17.44501
17.45552
17.46741
17.47882
17.49093
17.50227
17.51401
17.52669
17.53886
17.55057
17.56257
17.57437
17.58551
17.59721
17.60926
17.62112
17.63342
17.64531
17.65768
17.66932
17.68152
17.69395
17.70656
17.72267
17.73923
17.75673
17.77515
TARGET DESTROYED 
17.79097
17.80844
17.8203
17.83247
17.84579
17.8609
17.87549
17.88746
17.89851
17.91055
17.9214
17.93185
17.94915
17.96037
17.97065
17.98124
17.992
18.0032
18.01373
18.02508
18.03616
18.04732
18.05853
18.07288
18.08401
18.0961
18.10829
18.1194
18.13128
18.14458
18.15525
18.16604
18.18256
18.19332
18.20374
18.21484
18.22594
18.23788
18.24946
18.26016
18.27065
18.28176
18.29288
18.3049
18.31639
18.32758
18.3392
18.35083
18.36207
18.37365
18.38501
18.39605
18.4067
18.41728
18.42779
18.43886
18.44916
18.46075
18.47158
18.48296
18.49411
18.50527
18.51648
18.52741
18.53865
18.54998
18.56141
18.57236
18.58344
18.5946
18.6059
18.61695
18.62801
18.63933
18.65079
18.66225
18.67407
18.68504
18.69593
18.70703
18.71813
18.72978
18.74147
18.75313
18.76486
18.77624
18.78769
18.79936
18.8108
18.82292
18.83371
18.84527
18.85675
18.86766
18.87886
18.89012
18.90088
18.9122
18.92361
18.93516
18.94626
18.95706
18.96879
18.97982
18.99069
19.00154
19.01268
19.02476
19.03693
19.04815
19.05923
19.0711
19.08253
19.09452
19.10655
19.1185
19.1303
19.1426
19.16225
19.17373
19.18542
19.19793
19.20959
19.22131
19.23306
19.24711
19.25951
19.27147
19.28307
19.29492
19.30679
19.31852
19.33032
19.34862
19.36063
19.37299
19.38504
19.39701
19.40874
19.42106
19.43249
19.44402
19.4552
19.46657
19.47833
19.49009
19.5016
19.51295
19.52517
19.53681
19.54845
19.56119
19.57362
19.58546
19.59804
19.60998
19.62298
19.63507
19.64669
19.65875
19.67043
19.68242
19.69427
19.71513
19.72726
19.73913
19.75078
19.76377
19.77586
19.7877
19.80004
19.81236
19.82438
19.83588
19.84767
19.85954
19.87077
19.88242
19.89447
19.90699
19.91882
19.93087
19.94278
19.95461
19.96717
19.97895
19.99135
20.00323
20.01465
20.0264
20.03783
20.05058
20.06276
20.07545
20.08674
20.10585
20.11765
20.12916
20.1413
20.15307
20.16503
20.17719
20.18882
20.20029
20.21184
20.22435
20.23669
20.24881
20.26249
20.27494
20.2871
20.29945
20.3116
20.32396
20.33584
20.34834
20.36007
20.37186
20.38336
20.39508
20.40706
20.41918
20.43124
20.44348
20.45543
20.46755
20.47967
20.49204
20.50479
20.51648
20.52839
TARGET DESTROYED 
20.54037
20.56336
20.57557
20.58773
20.60617
20.61921
20.63072
20.64239
20.65411
20.66564
20.67721
20.68883
20.70079
20.71244
20.72425
20.73617
20.74878
20.76198
20.77427
20.78592
20.79788
20.81034
20.82238
20.83486
20.84664
20.85957
20.87142
20.88424
20.89623
20.90836
20.9202
20.9325
20.94467
20.95756
20.96986
20.98245
20.99469
21.00777
21.01966
21.0376
21.05002
21.06323
21.07555
21.08762
21.10007
21.1125
21.12556
21.13874
21.15086
21.16324
21.17532
21.18713
21.19887
21.21071
21.22285
21.23506
21.24753
21.25965
21.27289
21.285
21.2968
21.3091
21.32127
21.33299
21.34511
21.35824
21.3698
21.3824
21.39434
21.40629
21.41821
21.43051
21.44274
21.45524
21.46763
21.48002
21.4927
21.5054
21.51625
21.52776
21.53863
21.54959
21.56083
21.571
21.58191
21.59291
21.60332
21.61416
21.62511
21.63581
21.64651
21.65691
21.66757
21.67817
21.68882
21.69974
21.71089
21.72219
21.73841
21.74929
21.76063
21.77129
21.78181
21.7925
21.80359
21.81469
21.82583
21.83678
21.84903
21.86021
21.87126
21.88294
21.89448
21.90594
21.91812
21.92956
21.94096
21.95218
21.96321
21.97455
21.98544
21.99666
22.00902
22.02071
22.03194
22.04361
22.05498
22.067
22.07885
22.09105
22.10233
22.11364
22.12506
22.13687
22.14829
22.1601
22.17122
22.18259
22.19366
22.2049
22.2167
22.22799
22.23957
22.25075
22.26186
22.27427
22.28584
22.29731
22.30868
22.32019
22.33143
22.34267
22.35403
22.36431
22.37495
22.38455
22.39446
22.40404
22.41478
22.42592
22.4371
22.44807
22.45939
22.47063
22.48156
22.49293
22.50441
22.5152
22.52647
22.5375
22.54866
22.55991
22.57147
22.58278
22.59408
22.60511
22.61624
22.6276
22.6388
22.65022
22.66105
22.67248
22.68334
22.69468
22.706
22.71716
22.72842
22.74006
22.7513
22.76256
22.7743
22.78589
22.7967
22.8082
22.81956
22.83508
22.84528
22.85565
22.8656
22.87522
22.88643
22.89799
22.90946
22.92019
22.93226
22.94245
22.95371
22.96538
22.9761
22.98689
22.99804
23.00918
23.02037
23.03161
23.04294
23.05406
23.06516
23.07672
23.08736
23.09878
23.1097
23.12092
23.13221
23.14331
23.15442
23.1657
23.17678
23.18796
23.1992
23.21066
23.2224
23.23324
23.24502
23.25641
23.26721
23.27878
23.29052
TARGET DESTROYED 
23.30304
23.31721
23.32754
23.33915
23.3509
23.36276
23.37567
23.38681
23.39756
23.40911
23.42585
23.43715
23.4467
23.45667
23.46605
23.47567
23.48698
23.49806
23.50938
23.52039
23.5316
23.54266
23.55392
23.56543
23.57653
23.58753
23.59867
23.60982
23.62092
23.63212
23.64341
23.68
23.69037
23.70005
23.71036
23.72186
23.73256
23.74392
23.75511
23.7662
23.77725
23.78861
23.79974
23.81072
23.82225
23.83324
23.8445
23.85555
23.86671
23.87806
23.88914
23.90016
23.91133
23.9228
23.93382
23.94523
23.9563
23.96704
23.97825
23.98974
24.00069
24.01195
24.02693
24.03655
24.04649
24.05699
24.06782
24.07887
24.09025
24.10118
24.11249
24.12395
24.13506
24.14587
24.15722
24.16846
24.17972
24.19085
24.20181
24.21314
24.22425
24.23547
24.24652
24.25776
24.26904
24.27999
24.29128
24.303
24.31502
24.32689
24.33894
24.35036
24.36104
24.37262
24.38373
24.39499
24.40659
24.41748
24.42874
24.44051
24.45136
24.46269
24.47459
24.48529
24.49643
24.50836
24.51928
24.53057
24.54193
24.55335
24.56414
24.57568
24.58665
24.59773
24.60898
24.62008
24.63109
24.64244
24.65358
24.66497
24.67619
24.68721
24.69814
24.71019
24.72061
24.73162
24.74283
24.75416
24.76536
24.77634
24.7876
24.79877
24.80992
24.82123
24.83213
24.84339
24.85468
24.86575
24.87694
24.8883
24.89924
24.91048
24.92163
24.93312
24.94434
24.95534
24.96624
24.97761
24.98918
24.99985
25.01101
25.02237
25.03351
25.04494
25.05607
25.06731
25.0783
25.08955
25.10041
25.11146
25.12325
25.13559
25.14683
25.15836
25.16894
25.17915
25.19034
25.20086
25.21232
25.2234
25.23442
25.25074
25.26146
25.27196
25.28273
25.29395
25.30531
25.31682
25.32792
25.33859
TARGET DESTROYED 
25.34945
25.37754
25.3881
25.39857
25.40899
25.41929
25.43065
25.44194
25.45328
25.47254
25.48481
25.49591
25.50664
25.51727
25.52792
25.53852
25.54938
25.56042
25.57094
25.58114
25.5919
25.6023
25.61342
25.62385
25.6346
25.64504
25.65578
25.66605
25.67679
25.68744
25.6988
25.7098
25.72181
25.73285
25.74337
25.75451
25.76587
25.7776
25.78938
25.79912
25.8102
25.82171
25.83324
25.8437
25.85501
25.86677
25.87824
25.88954
25.8998
25.91096
25.92278
25.93403
25.94469
25.9563
25.96743
25.97901
25.99066
26.00211
26.01325
26.02519
26.03636
26.04781
26.05914
26.07126
26.08207
26.09338
26.10502
26.1163
26.12725
26.1391
26.15099
26.16174
26.17335
26.18473
26.19528
26.20682
26.21756
26.22883
26.2409
26.25149
26.2626
26.27369
26.28438
26.29557
26.30726
26.31821
26.32886
26.34066
26.35161
26.3626
26.3744
26.38975
26.40036
26.41049
26.4201
26.43034
26.44069
26.45123
26.46155
26.4713
26.48178
26.49288
26.50394
26.51496
26.52682
26.53732
26.54858
26.56024
26.57083
26.58201
26.59356
26.60446
26.61558
26.62698
26.63814
26.64907
26.66026
26.67136
26.68239
26.694
26.70479
26.71611
26.72706
26.7383
26.74942
26.76073
26.77229
26.78352
26.79507
26.80663
26.81769
26.82899
26.84071
26.85241
26.86346
26.87482
26.88579
26.89731
26.90925
26.91973
26.93128
26.94257
26.95423
26.96521
26.97672
26.988
26.99911
27.01025
27.02149
27.03287
27.04697
27.05801
27.06777
27.07779
27.08721
27.09848
27.1097
27.1241
