0.02
0.04
0.14
0.1763574
0.1911252
0.2058677
0.2195425
0.2338775
0.2465248
0.2586896
0.2737898
0.2854111
0.2982137
0.3141884
0.325708
0.3375248
0.3498663
0.3604823
0.3711669
0.3825888
0.3930594
0.4039866
0.4151466
0.4260346
0.4375152
0.4491038
0.4600159
0.4706691
0.4823825
0.4941562
0.5055078
0.5172334
0.5279489
0.5395157
0.5514364
0.5622724
0.5731357
0.5841534
0.5950798
0.6061135
0.6182039
0.628849
0.639926
0.6510389
0.6622301
0.6732445
0.6846031
0.6956175
0.7064587
0.7175167
0.7283011
0.7441801
0.7556831
0.7679172
0.7785261
0.7901555
0.8016142
0.8131403
0.8241239
0.8355259
0.8464425
0.8575014
0.8684216
0.8800802
0.8908659
0.9019647
0.913084
0.9240737
0.935952
0.9472468
0.959146
0.9707298
0.9821253
0.9938923
1.005917
1.018143
1.029542
1.04031
1.051453
1.063756
1.074807
1.08631
1.097904
1.108641
1.119392
1.130718
1.141339
1.152552
1.16438
1.181019
1.192845
1.2042
1.215847
1.227156
1.238668
1.249682
1.260567
1.271591
1.282857
1.293947
1.305383
1.316652
1.327591
1.338629
1.350005
1.362166
1.373401
1.385004
1.396005
1.406874
1.418177
1.430483
1.442492
1.454232
1.465349
1.476242
1.487682
1.499745
1.510498
1.523336
1.535406
1.547369
1.558047
1.569234
1.580737
1.592038
1.608475
1.619741
1.631206
1.643648
1.654713
1.666067
1.677065
1.688641
1.700117
1.710611
1.721783
1.733425
1.744501
1.755448
1.768367
1.77936
1.790617
1.801822
1.813253
1.824198
1.83554
1.848781
1.859953
1.871389
1.882757
1.894799
1.906736
1.918308
1.929695
1.940789
1.95186
1.963222
1.974264
1.985715
1.997853
2.009222
2.020428
2.032014
2.049136
2.06039
2.072004
2.083849
2.094987
TARGET DESTROYED 
2.114063
2.125196
2.13712
2.148373
2.162555
2.183187
2.196457
2.208563
2.220062
2.231631
2.244264
2.255647
2.266913
2.277669
2.289183
2.300534
2.311874
2.323359
2.334968
2.348193
2.359338
2.371489
2.382824
2.394406
2.405347
2.417305
2.430173
2.441809
2.453614
2.465306
2.478092
2.494918
2.507279
2.519059
2.530837
2.543664
2.555974
2.568352
2.580007
2.59221
2.604241
2.616126
2.628313
2.63967
2.652181
2.663951
2.675244
2.687305
2.699177
2.710922
2.722722
2.735213
2.746884
2.758564
2.770603
2.783698
2.795264
2.806546
2.818333
2.830718
2.842524
2.855169
2.866994
2.878532
2.889823
2.901476
2.913285
2.925844
2.937356
2.953793
2.966023
2.977553
2.989587
3.00249
3.013988
3.025647
3.039098
3.051739
3.063642
3.075091
3.087107
3.099602
3.111593
3.123019
3.135487
3.147786
3.159528
3.171314
3.183144
3.194844
3.207546
3.219698
3.232064
3.244524
3.256693
3.268304
3.280603
3.292673
3.304459
3.316209
3.328015
3.339532
3.35174
3.36402
TARGET DESTROYED 
3.381813
3.393779
3.410108
3.428592
3.440873
3.453015
3.464342
3.475454
3.486964
3.49853
3.510213
3.522617
3.534266
3.545309
3.556768
3.569315
3.580676
3.59178
3.603218
3.61476
3.626112
3.638004
3.64987
3.662093
3.674033
3.685464
3.697067
3.709162
3.721442
3.732939
3.743588
3.755146
3.766883
3.778584
3.790355
3.803157
3.815014
3.826832
3.838523
3.855171
3.867193
3.879336
3.890996
3.902741
3.915202
3.927055
3.938507
3.950869
3.962686
3.975372
3.987243
3.999383
4.011522
4.023173
4.035551
4.047898
4.060264
4.072595
4.084692
4.097361
4.109237
4.121654
4.134385
4.146368
4.158236
4.169872
4.182143
4.194418
4.206306
4.218638
4.231022
4.243173
4.254892
4.266842
4.279195
4.290821
4.303179
4.320359
4.333883
4.346604
4.358178
4.370511
4.383789
4.396214
4.407919
4.420012
4.432583
4.444589
4.456764
4.469655
4.48177
4.493892
4.506522
4.519083
4.531889
4.543817
4.556
4.568414
4.580232
4.592304
4.604081
4.616035
4.627514
4.639412
4.651357
4.664371
4.675992
4.68868
4.700717
4.712768
4.724432
4.73738
TARGET DESTROYED 
4.754312
4.766767
4.778617
4.79568
4.807489
4.819964
4.838418
4.852178
4.86444
4.876007
4.888526
4.900692
4.913041
4.924525
4.936234
4.948948
4.961172
4.973186
4.985178
4.997009
5.00946
5.022471
5.034958
5.047369
5.059062
5.070996
5.083984
5.097026
5.10898
5.120979
5.134553
5.146789
5.158593
5.170389
5.182203
5.194065
5.206178
5.218112
5.231555
5.24434
5.261462
5.273737
5.285982
5.298403
5.31022
5.32231
5.334534
5.346547
5.359061
5.371307
5.383842
5.396407
5.408447
5.420588
5.43282
5.444619
5.456532
5.469874
5.482214
5.494107
5.50686
5.519033
5.531275
5.543071
5.55479
5.566969
5.579215
5.591271
5.603809
5.616641
5.628428
5.640764
5.652713
5.664982
5.677532
5.690124
5.702393
5.719553
TARGET DESTROYED 
5.73645
5.749463
5.761274
5.780124
5.792908
5.804577
5.816681
5.828578
5.840238
5.85253
5.865428
5.877214
5.889351
5.901161
5.913507
5.925659
5.937841
5.950076
5.961936
5.973808
5.985412
5.997259
6.009007
6.022051
6.033739
6.044966
6.057167
6.069487
6.080988
6.092683
6.104929
6.117688
6.131885
6.14398
6.156173
6.168003
6.179533
6.195872
6.207628
6.219831
6.232855
6.244801
6.256609
6.269523
6.281063
6.292763
6.304274
6.31705
6.32893
6.341333
6.353192
6.365406
6.377824
6.389647
6.402488
6.414849
6.426798
6.438661
6.450817
6.463066
6.475646
6.488223
6.500664
6.513128
6.526035
6.538283
6.550774
6.563047
6.575671
6.588067
6.600408
6.612064
6.623841
6.636028
6.648219
6.665502
6.677849
6.690714
6.703485
6.71626
6.728759
6.741148
6.754093
6.767359
6.780167
6.792878
6.804965
6.817508
6.829923
6.841989
6.853933
6.866116
6.877938
6.890137
6.902729
6.915145
6.927104
6.939194
6.951702
6.964857
6.976997
6.989121
7.002016
7.014399
7.027528
7.039518
7.052723
7.065835
7.078501
7.090755
7.102969
7.115289
7.12749
7.144919
7.157297
7.169844
7.181952
7.194026
7.206442
7.218644
7.231844
7.243903
7.256313
7.268686
7.281008
7.293272
7.305311
7.318316
7.330807
7.342836
7.355371
7.36749
7.380106
7.392779
7.405953
7.418369
7.430878
7.443209
7.456042
7.469134
7.481621
7.494034
7.506001
7.519062
7.531028
7.543426
7.555949
7.569872
7.582636
7.594903
7.607815
7.626479
7.639662
7.652421
7.665817
TARGET DESTROYED 
7.683782
7.696157
7.708276
7.720652
7.733525
7.745083
7.757376
7.769849
7.783035
7.802176
7.81661
7.828934
7.841195
7.853858
7.866773
7.882947
7.899661
7.916316
7.932338
7.949179
7.96506
7.981231
7.997336
8.013625
8.030626
8.046438
8.062243
8.078286
8.094855
8.110482
8.126121
8.146095
8.162021
8.182891
8.198522
8.215138
8.231658
8.247489
8.263562
8.279994
8.295616
8.311707
8.328015
8.344121
8.360241
8.375807
8.391604
8.407595
8.42351
8.439276
8.455083
8.471769
8.487795
8.503694
8.519783
8.536465
8.552439
8.568798
8.585291
8.601157
8.61803
8.635055
8.651005
8.663122
8.675454
8.68799
8.700687
8.712687
8.725125
8.737402
8.749994
8.768392
8.780549
8.792917
8.80515
8.817826
8.830337
8.843603
8.856303
8.86902
8.881554
8.893932
8.906096
8.918568
8.931347
8.94394
8.956091
8.969255
8.981635
8.993637
9.005937
9.018007
9.030628
9.043694
9.056298
9.069071
9.081609
9.094675
9.106619
9.11892
9.133416
9.146464
9.158962
9.171043
9.184089
9.196422
9.20855
9.221131
9.23526
9.253259
9.265322
9.277327
9.290072
9.302782
9.315362
9.327431
9.339684
9.352447
9.364684
9.376993
9.389185
9.401811
9.414709
9.427514
9.439632
9.452097
9.465102
9.47767
9.491375
9.504158
9.517264
9.53093
9.543503
9.556443
9.568777
9.581829
9.594967
9.607904
9.620049
9.63304
9.645545
9.659059
9.671227
9.683821
9.695832
9.708321
9.719948
9.737185
9.74944
9.761057
9.772802
9.785116
9.797763
9.809149
9.821135
9.832713
9.84434
9.856367
9.86855
9.880643
9.892879
9.904485
9.916394
9.929147
9.941289
9.953466
9.965533
9.977502
9.989804
10.00218
10.01525
10.02772
10.03982
10.05219
10.06426
10.07673
10.08973
10.10232
10.11465
10.12673
10.13938
10.15159
10.16467
10.17694
10.18942
TARGET DESTROYED 
10.21148
10.22359
10.23687
10.24868
10.26062
10.28043
10.30003
10.31323
10.32501
10.33659
10.34918
10.36028
10.37179
10.38361
10.39507
10.40689
10.41909
10.43179
10.44394
10.45547
10.46782
10.47888
10.49052
10.50237
10.51386
10.52578
10.53833
10.55054
10.56204
10.57346
10.58544
10.59751
10.60917
10.62101
10.63252
10.64381
10.65538
10.66708
10.68347
10.70017
10.71248
10.72481
10.73632
10.74749
10.75888
10.77054
10.78244
10.7936
10.80515
10.81693
10.82794
10.83942
10.85141
10.8627
10.87444
10.886
10.8981
10.91012
10.92204
10.93382
10.94522
10.95739
10.96942
10.98201
10.99308
11.00458
11.01625
11.02813
11.03989
11.0517
11.0635
11.07521
11.08708
11.09917
11.11049
11.12216
11.13433
11.14596
11.16224
11.17375
11.1855
11.19671
11.20839
11.21957
11.23229
11.24606
11.2587
11.27112
11.28345
11.29581
11.30832
11.32088
11.3346
11.34753
11.36069
11.37323
11.3862
11.39901
11.41216
11.42491
11.43846
11.4513
11.46426
11.477
11.48976
11.50254
11.51585
11.5295
11.54327
11.55584
11.56945
11.5827
11.5963
11.60863
11.62135
11.63449
11.6475
11.66544
11.6785
11.69142
11.70448
11.71731
11.7302
11.74344
11.75619
11.77006
11.78341
11.79592
11.80868
11.82136
11.8344
11.84703
11.8598
11.87273
11.88875
11.90281
11.91747
11.93236
11.94685
11.96123
11.97533
11.98956
12.00456
12.01868
12.03354
12.04815
12.06223
12.07545
12.08807
12.10145
12.11439
12.12703
12.14011
12.15328
12.16647
12.17939
12.19661
12.21
12.22283
12.23657
12.25038
12.26319
12.27521
12.28737
12.30073
12.31404
12.32656
12.33956
12.35287
12.36641
12.37905
12.39163
12.40403
12.41753
12.43091
12.446
12.45935
12.47247
12.48568
12.49931
12.51236
12.52516
12.53822
12.5514
12.56444
12.57795
12.59048
12.60341
12.6154
12.62816
12.64015
12.65204
12.66424
12.6769
12.68893
12.70643
12.7181
12.72997
12.7422
12.75418
12.76641
12.77817
12.7896
12.80217
12.81394
12.82549
12.83813
12.84994
12.86125
12.87318
12.88517
12.89811
12.91
12.92193
12.93374
12.94515
12.95773
12.97093
12.98377
12.99633
13.00926
13.02213
13.03569
13.0492
13.06157
13.07448
13.08755
13.1011
13.11369
13.12644
13.14511
13.15783
13.17026
13.18307
13.19579
13.2136
13.22652
13.23933
13.25104
13.26307
13.27519
13.28785
13.30043
13.31247
13.32514
13.33759
13.35101
13.36391
13.37693
13.38973
13.40327
13.4163
13.42879
13.44111
13.45456
13.4674
13.48047
13.49295
13.50571
13.51838
13.53186
13.54463
13.55745
13.57057
13.58298
13.59531
13.60768
13.61985
13.63269
13.64641
13.65843
13.67109
13.68336
13.69569
13.71282
13.72481
13.73697
13.7499
13.76235
13.7742
13.78706
13.79955
13.81262
13.82492
13.83751
13.85012
13.8623
13.87435
13.8865
13.89892
13.91094
13.92371
TARGET DESTROYED 
13.951
13.964
13.97646
13.98961
14.01058
14.02548
14.03735
14.04978
14.06182
14.07371
14.086
14.09869
14.1108
14.12371
14.13682
14.1496
14.16156
14.17394
14.19093
14.20328
14.21578
14.22886
14.24146
14.25449
14.26746
14.27947
14.29129
14.30476
14.31809
14.33194
14.34544
14.35837
14.37141
14.38485
14.39804
14.41088
14.42493
14.43862
14.45153
14.46516
14.47799
14.49068
14.50418
14.51747
14.53132
14.54489
14.55893
14.57243
14.58626
14.59972
14.6137
14.62722
14.64581
14.65855
14.67073
14.68298
14.69731
14.71698
14.73077
14.74434
14.75814
14.77275
14.78666
14.80095
14.81476
14.8284
14.84287
14.85648
14.8701
14.88393
14.89765
14.91104
14.92505
14.93877
14.95312
14.96669
14.98025
14.99378
15.00762
15.02148
15.03595
15.04888
15.06148
15.07407
15.08702
15.10049
15.11264
15.12431
15.13753
15.15036
15.16218
15.17403
15.18601
15.19816
15.21016
15.22286
15.24032
15.25322
15.26533
15.27725
15.28955
15.30225
15.31586
15.32758
15.33956
15.35151
15.36337
15.37693
15.39024
15.40361
15.41679
15.42952
15.44266
15.45631
15.47108
15.48394
15.49699
15.51006
15.52339
15.53674
15.55005
15.56343
15.57605
15.58902
15.60237
15.61593
15.6295
15.6422
15.65502
15.66873
15.6819
15.69445
15.71055
15.72618
15.74129
15.76051
15.77519
15.78971
15.80738
