0
0
0.02
0.03123223
0.04298288
0.05393506
0.06532095
0.07648326
0.087728
0.09888613
0.1096593
0.1210824
0.1323079
0.1432845
0.1547162
0.1656036
0.177155
0.188377
0.1995432
0.2103863
0.2227869
0.234458
0.2444192
0.2551381
0.2666799
0.2775641
0.2888762
0.3002079
0.3115017
0.3222332
0.3338234
0.3447708
0.3556781
0.3712479
0.3805351
0.3911623
0.4009259
0.4115499
0.4232736
0.4345341
0.4451324
0.4564118
0.4682212
0.478532
0.4898759
0.5013866
0.5122473
0.5238523
0.535252
0.5456746
0.5569739
0.5686392
0.5789254
0.5900913
0.6015654
0.6124663
0.624087
0.6352146
0.6458858
0.6575289
0.6686543
0.6798189
0.6906633
0.7021156
0.7131348
0.7242448
0.7364655
0.7495599
0.7606478
0.7722182
0.7835553
0.794479
0.8060663
0.8182321
0.8286588
0.8400364
0.8516568
0.862615
0.8742409
0.885707
0.8969123
0.9084429
0.9193733
0.930244
0.9417553
0.9525993
0.9638572
0.9751768
0.9861764
0.9971957
1.00824
1.019907
1.030986
1.042466
1.053336
1.07106
1.0857
1.095604
1.105309
1.115113
1.126528
1.140766
1.150747
1.160417
1.171163
1.182345
1.193196
1.204538
1.21607
1.227004
1.238181
1.256747
1.266906
1.276927
1.28718
1.300911
1.310944
1.320926
1.33026
1.340843
1.355901
1.366753
1.376854
1.387475
1.40316
1.413615
1.424324
1.435104
1.445295
1.456078
1.466281
1.476638
1.487546
1.497797
1.50832
1.518927
1.529362
1.540099
1.550737
1.562518
1.57363
1.584459
1.59556
1.606569
1.618178
1.628946
1.640241
1.651388
1.662297
1.673762
1.686882
1.699205
1.709452
1.72041
1.731093
1.741361
1.752344
1.762869
1.77397
1.786041
1.796705
1.808472
1.819607
1.830015
1.841568
1.853884
1.864396
1.876142
1.887448
1.898868
1.910935
1.922796
1.933346
1.944643
1.956217
1.968286
1.979014
1.989988
2.001468
2.012146
2.02339
2.034913
2.046679
2.056923
2.06888
2.079538
2.095106
2.106503
2.1167
2.129079
2.14034
2.150999
2.161489
2.173355
2.184252
2.194856
2.205431
2.215606
2.226104
2.23732
2.247256
2.258092
2.269096
2.280191
2.29068
2.301838
2.311644
2.322081
2.332689
2.343831
2.355098
2.36646
2.37781
2.389457
2.399715
2.411074
2.422023
2.433481
2.444328
2.45551
2.467686
2.478203
2.489024
2.500381
2.511477
2.522534
2.534149
2.54487
2.556191
2.567596
2.578991
2.590831
2.60197
2.613126
2.624214
2.635891
2.647162
2.658578
2.669988
2.681417
2.692988
2.705892
2.716617
2.727495
2.740562
2.753703
2.765276
2.77673
2.795057
2.80755
2.817905
2.828896
2.841371
2.85357
2.86524
2.877104
2.888446
2.903174
2.914586
2.926054
2.936786
2.947555
2.958465
2.97029
2.981173
2.992616
3.004079
3.014988
3.026543
3.037435
3.048877
3.059627
3.07001
3.081432
3.092635
3.103544
3.114727
3.125666
3.137463
3.148037
3.162976
3.17417
3.185208
3.197322
3.209212
3.221409
3.232796
3.244272
3.256271
3.268151
3.279523
3.291444
3.302996
3.314884
3.327048
3.339051
3.349676
3.360777
3.372666
3.384139
3.395734
3.407805
3.41869
3.430339
3.441092
3.451993
3.462814
3.474123
3.485121
3.496325
3.508218
3.524123
3.536202
3.547715
3.559689
3.571832
3.584085
3.595964
3.608514
3.61992
3.631973
3.643193
3.654909
3.666085
3.678119
3.689973
3.701391
3.713282
3.724782
3.736451
3.74794
3.759354
3.771133
3.782477
3.793534
3.805548
3.817539
3.829423
3.84112
3.85285
3.863999
3.874926
3.886472
3.898195
3.910735
3.923017
3.934608
3.945601
3.957404
3.968574
3.979912
3.991362
4.003289
4.015119
4.027507
4.039454
4.050888
4.061735
4.073123
4.084351
4.096312
4.107468
4.120174
4.131335
4.143967
4.15525
4.165417
4.176994
4.18802
4.198926
4.209901
4.221414
4.2325
4.248987
4.260046
4.271007
4.299406
4.311556
4.322861
4.333103
4.343749
4.355086
4.366154
4.37724
4.388675
4.400343
4.411291
4.42235
4.433426
4.444019
4.45504
4.466068
4.477419
4.49239
4.504381
4.516038
4.527829
4.539755
4.551821
4.563399
4.574663
4.586231
4.598015
4.609741
4.621478
4.634296
4.646712
4.657949
4.669737
4.681184
4.692979
4.705438
4.718133
4.729772
4.741265
4.753504
4.764726
4.776086
4.788153
4.79972
4.811028
4.82375
4.835433
4.848559
4.860367
4.872161
4.883566
4.895327
4.90781
4.920556
4.931849
4.943686
4.95578
4.972327
4.984415
4.996049
5.007684
5.019681
5.03196
5.043812
5.055257
5.065905
5.076778
5.088006
5.098917
5.11008
5.121499
5.132297
5.143681
5.159628
5.171564
5.182662
5.194376
5.206117
5.217486
5.22889
5.24043
5.25125
5.261608
5.272392
5.283227
5.293861
5.304848
5.315016
5.32731
5.33777
5.348749
5.359898
5.371027
5.382209
5.393229
5.404855
5.415636
5.427078
5.438314
5.449021
5.460122
5.471429
5.483568
5.494528
5.505163
5.516484
5.52744
5.538757
5.549626
5.560665
5.572086
5.583457
5.595318
5.606378
5.61692
5.627618
5.639431
5.650092
5.661428
5.673248
5.689857
5.701241
5.712657
5.724133
5.736159
5.747106
5.757913
5.768791
5.779599
5.791582
5.802616
5.813847
5.824592
5.835264
5.845769
5.857363
5.868051
5.879012
5.890289
5.901226
5.913247
5.924842
5.936542
5.948617
5.96033
5.972809
5.985463
5.996916
6.00841
6.020224
6.032572
6.044193
6.055786
6.066877
6.07791
6.089519
6.100855
6.111807
6.12344
6.134699
6.150647
6.16243
6.174854
6.186674
6.19831
6.209969
6.222809
6.234376
6.246685
6.258525
6.271194
6.283258
6.295115
6.315759
6.327777
6.340168
6.360285
6.372851
6.384952
6.396702
6.408739
6.425304
6.437727
6.449716
6.461259
6.473505
6.485831
6.498683
6.510369
6.522663
6.535152
6.54658
6.558521
6.570497
6.582378
6.594007
6.606627
6.618173
6.63007
6.64187
6.653559
6.665649
6.67774
6.689732
6.702007
6.714422
6.726587
6.740259
6.752131
6.763941
6.775726
6.787498
6.799303
6.811702
6.822901
6.834771
6.845806
6.857266
6.868154
6.879147
6.890144
6.901374
6.913003
6.923916
6.935088
6.945765
6.956919
6.968438
6.979354
6.991041
7.001916
7.012883
7.024266
7.035532
7.0466
7.0575
7.068822
7.079888
7.091348
7.102313
7.113612
7.124734
7.136303
7.147273
7.168435
7.18048
7.191856
7.204017
7.215044
7.225938
7.237679
7.249149
7.264847
7.277182
7.289438
7.301295
7.313325
7.325493
7.337399
7.349444
7.361079
7.373325
7.385411
7.397869
7.409654
7.422329
7.434239
7.446328
7.45852
7.470588
7.48293
7.494781
7.507179
7.520926
7.532921
7.545481
7.557822
7.569717
7.58177
7.593804
7.60621
7.617507
7.629637
7.642297
7.655272
7.666624
7.677947
7.689331
7.700392
7.711498
7.723944
7.735144
7.750888
7.762569
7.77449
7.786423
7.798802
7.81082
7.823504
7.836637
7.848532
7.860831
7.873065
7.88999
7.902377
7.914537
7.927186
7.939464
7.951584
7.96353
7.975424
7.987725
7.999806
8.011697
8.024663
8.036218
8.048126
8.059918
8.071396
8.081954
8.092962
8.104203
8.114964
8.126266
8.137465
8.160456
8.172866
8.183312
8.194774
8.20624
8.217972
8.228993
8.240443
8.253018
8.263967
8.275284
8.286913
8.297951
8.308822
8.320099
8.332039
8.34342
8.354852
8.365612
8.377389
8.389252
8.40001
8.411805
8.423732
8.434841
8.446219
8.457987
8.469004
8.479934
8.491178
8.503029
8.513751
8.524895
8.536852
8.547716
8.55867
8.570642
8.581631
8.59397
8.611455
8.623112
8.633859
8.644926
8.656206
8.666537
8.677972
8.68987
8.700171
8.71138
8.722692
8.733068
8.744305
8.757278
8.768307
8.779268
8.790204
8.801181
8.81299
8.823993
8.834758
8.845905
8.856758
8.867878
8.878656
8.889413
8.900897
8.912343
8.923613
8.934404
8.945521
8.957673
8.969514
8.981662
8.994005
9.00602
9.018445
9.031234
9.043015
9.054988
9.066197
9.078123
9.09153
9.10309
9.114763
9.127224
9.139318
9.15211
9.164513
9.176369
9.188769
9.200459
9.212808
9.224546
9.236838
9.249259
9.260612
9.272982
9.284171
9.295899
9.307236
9.318653
9.330483
9.342637
9.36334
9.375102
9.387259
9.398785
9.410069
9.421485
9.432998
9.444831
9.460838
9.472917
9.485117
9.497247
9.509056
9.521661
9.53371
9.54623
9.55884
9.5713
9.582825
9.595036
9.607383
9.619627
9.632195
9.643962
9.657207
9.669307
9.682026
9.693933
9.70647
9.718231
9.730607
9.742507
9.755076
9.768367
9.780512
9.792253
9.804897
9.816929
9.829003
9.841122
9.853243
9.866446
9.878393
9.891082
9.903249
9.915969
9.928347
9.940352
9.952322
9.964761
9.977173
9.989235
10.00179
10.01357
10.02633
10.03905
10.05156
10.06358
10.08088
10.09429
10.1066
10.11835
10.13047
10.1423
10.15515
10.16801
10.18114
10.19294
10.20589
10.21818
10.23024
10.24217
10.25521
10.26856
10.28153
10.29452
10.3076
10.31971
10.33261
10.34481
10.35766
10.37021
10.38347
10.39628
10.40897
10.42199
10.43412
10.44683
10.45971
10.47313
10.48564
10.49799
10.51035
10.52305
10.53575
10.54831
10.56022
10.57292
10.58526
10.59736
10.61011
10.62304
10.63493
10.64723
10.65941
10.67192
10.68337
10.69525
10.70786
10.72017
10.73259
10.74436
10.75664
10.77017
10.783
10.79643
10.80925
10.82171
10.83979
10.85214
10.86415
10.87649
10.88895
10.90058
10.91442
10.92618
10.93806
10.95012
10.96223
10.97391
10.98601
10.99819
11.01003
11.02204
11.03423
11.04603
11.05784
11.06924
11.08117
11.0929
11.10524
11.117
11.12858
11.14075
11.15255
11.16469
11.17728
11.18946
11.2024
11.21415
11.22632
11.23856
11.26954
11.28263
11.2951
11.30678
11.31937
11.33089
11.34252
11.35775
11.37015
11.38234
11.39453
11.40798
11.42049
11.43246
11.44467
11.45757
11.47011
11.48225
11.49444
11.50745
11.52002
11.53287
11.54517
11.55791
11.5705
11.58252
11.5949
11.60794
11.62056
11.63387
11.64679
11.65929
11.67214
11.68424
11.69687
11.71476
11.72758
11.7403
11.753
11.76601
11.77896
11.79226
11.80503
11.81771
11.83019
11.84242
11.85559
11.8682
11.88087
11.89294
11.90542
11.91738
11.92998
11.94164
11.95491
11.96653
11.97876
11.99089
12.0033
12.01533
12.02845
12.04095
12.05297
12.06504
12.07726
12.08988
TARGET DESTROYED 
12.10208
12.12387
12.13676
12.14895
12.16122
12.17379
12.18559
12.19806
12.2191
12.23323
12.24571
12.25839
12.27174
12.2842
12.29751
12.30976
12.32308
12.3362
12.34939
12.36185
12.37436
12.38721
12.39943
12.41238
12.42549
12.43834
12.4567
12.47027
12.48299
12.49527
12.50864
12.52145
12.53384
12.54636
12.55904
12.57255
12.58582
12.59816
12.61037
12.62329
12.63583
12.64884
12.66142
12.67463
12.68743
12.69962
12.71204
12.72441
12.73682
12.74958
12.76246
12.77493
12.78881
12.80082
12.8136
12.82597
12.83901
12.85214
12.86475
12.87737
12.88984
12.90217
12.91513
12.92794
12.94036
12.95292
12.96596
12.97805
12.99072
13.00296
13.01539
13.02816
13.04109
13.05445
13.0672
13.07962
13.09179
13.10445
13.11696
13.13006
13.14223
13.15522
13.16793
13.18148
13.19378
13.21109
13.22473
13.23705
13.24949
13.26216
13.29476
13.30764
TARGET DESTROYED 
13.32389
13.34309
13.3568
13.36946
13.38261
13.39527
13.40892
13.42183
13.43428
13.44724
13.46943
13.4876
13.50091
13.51355
13.52593
13.53878
13.55149
13.56501
13.5789
13.59201
13.60481
13.61711
13.63002
13.64227
13.65546
13.66807
13.68088
13.69317
13.70587
13.71853
13.73153
13.74376
13.75681
13.76917
13.78272
13.79554
13.80883
13.82186
13.83467
13.84852
13.86214
13.87461
13.88821
13.90122
13.91452
13.92714
13.93969
13.95266
13.96538
13.98345
13.99675
14.00939
14.02283
14.03585
14.04866
14.06125
14.07458
14.08788
14.10131
14.11463
14.12728
14.14012
14.153
14.16583
14.17936
14.19253
14.20603
14.21937
14.23282
14.24614
14.26012
14.27358
14.28677
14.30001
14.31386
14.32745
14.341
14.35434
14.36765
14.38138
14.39484
14.40944
TARGET DESTROYED 
14.42355
14.44357
14.45828
14.47187
14.48523
14.49893
14.51219
14.5256
14.53994
14.55303
14.57315
14.58716
14.59969
14.61314
14.62535
14.63776
14.64961
14.66214
14.67415
14.68647
14.69872
14.71072
14.72305
14.73569
14.75344
14.76624
14.77945
14.79154
14.80546
14.81807
14.83041
14.8427
14.85564
14.86791
14.88052
14.89329
14.90559
14.91824
14.9307
14.94247
14.95475
14.966
14.9777
14.98938
15.00146
15.014
15.02649
15.03831
15.04991
15.06171
15.07324
15.08979
15.10194
15.11363
15.12583
15.13819
15.14957
15.16172
15.17418
15.18669
15.19834
15.21055
15.22272
15.23513
15.24621
15.2575
15.26974
15.28125
15.29277
15.30468
15.31653
15.3332
15.34596
15.35777
15.37001
15.38182
15.39362
15.40562
15.41731
15.43393
15.44613
15.45864
15.47078
15.48288
15.5007
15.51348
15.52591
15.53756
15.55316
15.56713
15.57987
15.59335
15.60692
15.6201
15.63348
15.64703
15.66084
15.67446
15.68905
15.70306
15.71774
15.73149
15.74479
15.75887
15.7727
15.78761
15.80176
15.81649
15.83116
15.84468
15.86018
15.87409
15.88894
15.89979
15.91179
15.92332
15.93467
15.94556
15.95728
15.96987
15.98165
15.99366
16.00541
16.01668
16.02858
16.04003
16.05121
16.06294
16.07464
16.0872
16.0984
16.10953
16.1213
16.13233
16.14394
16.15589
16.16771
16.17888
16.18986
16.20142
16.21238
16.22297
16.23357
16.24562
16.26159
16.27332
TARGET DESTROYED 
16.2843
16.29967
16.31123
16.32226
16.33288
16.34381
16.35509
16.36618
16.37766
16.38884
16.39981
16.41183
16.42365
16.44114
16.45426
16.46493
16.47554
16.48665
16.49708
16.50817
16.51963
16.53602
16.54877
16.56086
16.57302
16.5859
16.59803
16.61033
16.62293
16.63511
16.64734
16.65952
16.67185
16.68421
16.69645
16.70875
16.72126
16.73353
16.74634
16.75871
16.77117
16.78396
16.79583
16.80808
16.82041
16.83286
16.84583
16.85856
16.87112
16.88305
16.90525
16.91827
16.93072
16.94297
16.95517
16.96662
16.97857
16.99625
17.00881
17.02124
17.03353
17.04601
17.05791
17.07029
17.08311
17.09545
17.10752
17.11931
17.13107
17.14234
17.15483
17.16645
17.17762
17.19042
17.20229
17.21441
17.22635
17.23902
17.25067
17.26199
17.2737
17.28509
17.29661
17.30828
17.32378
17.33508
17.34605
17.35738
17.36921
17.38002
17.39103
17.40251
17.4134
17.42985
17.44265
17.45525
17.46772
17.48002
17.49146
17.50299
17.514
17.52507
17.53702
17.54764
17.55886
17.57
17.58066
17.59147
17.60296
17.61328
17.62493
17.63617
17.64705
17.65811
17.66961
17.68026
17.69133
17.70253
17.71365
17.72486
17.74135
17.75254
17.76349
17.77517
17.78711
17.79896
17.81169
17.82364
17.83732
17.84923
17.86146
17.87314
17.88538
17.89763
17.91043
17.92268
17.93505
17.94698
17.95934
17.97157
17.98301
17.99538
18.00748
18.01998
18.03216
18.04413
18.05674
18.07025
18.08283
18.09744
18.11197
18.12529
18.13817
18.15071
18.16286
18.17503
18.18803
18.20005
18.21318
18.22565
18.23901
18.25117
18.26424
18.27664
18.28979
18.30212
18.31487
18.32765
18.34041
18.35282
18.36543
18.37923
18.39183
18.40452
18.417
18.42941
18.44146
18.45467
18.46688
18.47929
18.49133
18.50835
18.52118
TARGET DESTROYED 
18.53397
18.55289
18.56509
18.57749
18.59007
18.60272
18.61515
18.63616
18.64939
18.66143
18.6738
18.68832
18.69972
18.71174
18.72541
18.73986
18.75349
18.76569
18.77815
18.79048
18.80301
18.81461
18.82677
18.83936
18.85361
18.86571
18.87814
18.89029
18.90311
18.91606
18.92797
18.94051
18.95378
18.96603
18.9778
18.99
19.00302
19.01402
19.0267
19.03899
19.05051
19.06134
19.07238
19.08308
19.09514
19.10811
19.12089
19.1335
19.14621
19.15854
19.17076
19.18325
19.19619
19.20855
19.22159
19.23348
19.24502
19.25659
19.2739
19.28638
19.29816
19.30986
19.32528
19.3377
19.34818
19.35976
19.37108
19.38265
19.39433
19.40578
19.41662
19.43235
19.44438
19.45655
19.46774
19.47891
19.49103
19.50285
19.51466
19.52635
19.5382
19.5506
19.56203
19.57449
19.58648
19.59827
19.60964
19.62124
19.63293
19.645
19.6575
19.6693
19.6805
19.69224
19.70455
19.71603
19.72817
19.73987
19.75202
19.76429
19.77583
19.7884
19.79969
19.8115
19.82347
19.83601
19.84842
19.86124
19.87298
19.88487
19.89753
19.91034
19.92253
19.93456
19.94647
19.95881
19.97139
19.98373
20.00194
20.0141
20.02638
20.03867
20.05082
20.06321
20.07537
20.08822
20.10124
20.11327
20.1257
20.13845
20.15069
20.16323
20.17525
20.18795
20.20135
20.21421
20.22645
20.23897
TARGET DESTROYED 
20.25124
20.26983
20.28259
20.29495
20.3073
20.32014
20.33242
20.35193
20.36547
20.38201
20.39436
20.40585
20.41742
20.4292
20.44105
20.45323
20.46526
20.4774
20.48987
20.50298
20.51524
20.52713
20.53972
20.55195
20.56316
20.57471
20.58684
20.59852
20.61059
20.62281
20.6351
20.64697
20.65851
20.67054
20.68237
20.69465
20.70708
20.71938
20.73071
20.74224
20.7542
20.77151
20.78388
20.79615
20.80896
20.82171
20.83306
20.84496
20.85744
20.86993
20.88178
20.89391
20.90715
20.91991
20.93068
20.94194
20.95286
20.96451
20.97536
20.9865
20.99739
21.00881
21.01988
21.03139
21.04238
21.05343
21.06436
21.07578
21.08715
21.09804
21.10911
21.12063
21.13198
21.14306
21.15444
21.16517
21.17631
21.18741
21.19884
21.2099
21.22099
21.23212
21.24331
21.25441
21.26551
21.2773
21.2878
21.29923
21.31062
21.32549
21.33573
21.34567
21.35585
21.36609
21.37731
21.38903
21.40044
21.41194
21.42651
21.43774
21.44834
21.45931
21.46996
21.4805
21.49172
21.5029
21.51493
21.53152
21.54258
21.55356
21.56414
21.57499
21.58623
21.59679
21.60728
21.61801
21.62862
21.63972
21.65049
21.66129
21.67217
21.68303
21.69353
21.70419
21.71446
21.72595
21.73706
21.74762
TARGET DESTROYED 
21.75822
21.78292
21.79401
21.80449
21.81432
21.82537
21.83632
21.84651
21.85778
21.86942
21.88008
21.89117
21.90277
21.92456
21.93673
21.95622
21.96664
21.9766
21.98714
22.02775
22.03987
22.05116
22.06155
22.07202
22.08234
22.09313
22.10467
22.11616
22.12797
22.13957
22.15198
22.16368
22.17604
22.18873
22.20076
22.21329
22.2247
22.23679
22.25348
22.26494
22.27714
22.28898
22.30138
22.31302
22.3245
22.33702
22.34939
22.36235
22.37527
22.3877
22.39936
22.41121
22.42323
22.4354
22.45565
22.46794
22.48028
22.49165
22.50387
22.51579
22.52804
22.53934
22.55114
22.56323
22.57473
22.58678
22.59826
22.6104
22.62176
22.63299
22.64491
22.65668
22.66826
22.68002
22.69124
22.7027
22.71364
22.72463
22.73605
22.74682
22.75772
22.76988
22.78076
22.79172
22.80313
22.81373
22.82439
22.83582
22.84678
22.85721
22.86808
22.87974
22.89073
22.90181
22.91403
22.92466
22.93547
22.94588
22.95686
22.96761
22.97893
22.98978
23.00046
23.0159
23.02815
23.03923
23.05024
23.06113
23.07199
23.08291
23.09459
23.10585
23.11662
23.1279
23.1387
23.14936
23.16059
23.17141
23.18258
23.19356
23.20505
23.21627
23.22742
23.2383
23.24909
23.25965
23.27066
23.28333
23.29475
23.30572
23.31556
23.33184
