0.02
0.04
0.14
0.1719528
0.1823603
0.1929252
0.2040612
0.2145521
0.225997
0.2373592
0.2478626
0.2592478
0.2711695
0.2817418
0.2931354
0.3057862
0.3155209
0.3260439
0.3375366
0.3484984
0.3596626
0.3708349
0.3819744
0.3933529
0.4044722
0.4152521
0.4267067
0.4376919
0.4491314
0.4600367
0.4711175
0.4824219
0.4940988
0.5048896
0.5157375
0.5270448
0.5381048
0.54996
0.5604919
0.5716956
0.5827877
0.5941967
0.6055961
0.6164379
0.6273118
0.6385319
0.6496152
0.6607554
0.6721871
0.6831644
0.6945685
0.7055579
0.7166201
0.7279752
0.7389858
0.7503319
0.7616125
0.772701
0.783924
0.7951303
0.806094
0.8173028
0.8283994
0.8397397
0.8507252
TARGET DESTROYED 
0.864529
0.8737761
0.8885805
0.8996337
0.9106706
0.9224408
0.9336067
0.9451908
0.9555274
0.9669139
0.9778051
0.9889177
1.000422
1.011347
1.022441
1.033806
1.046238
1.056033
1.067428
1.078531
1.089713
1.100742
1.112071
1.123129
1.134471
1.145479
1.156593
1.167822
1.179309
1.190029
1.201764
1.213216
1.223456
1.235228
1.246131
1.257166
1.268791
1.2801
1.291168
1.302624
1.313798
1.324634
1.336083
1.347227
1.358228
1.371976
1.381096
1.392123
1.402623
1.413785
1.424682
1.43606
1.447033
1.457972
1.469838
1.480515
1.491794
1.503551
1.51382
1.525032
1.536548
1.547777
1.563839
1.572732
1.58178
1.590551
1.600317
1.611664
1.622777
1.634056
1.645
1.656188
1.667581
1.678668
1.689735
1.701379
1.712182
1.723344
1.734631
1.745704
1.756717
1.768072
1.779124
1.790415
1.801793
1.812907
1.823671
TARGET DESTROYED 
1.836688
1.846265
1.857502
1.869136
1.88045
1.890886
1.902401
1.913298
1.924388
1.936084
1.947469
1.958649
1.970384
1.981283
1.992749
2.004115
2.016
2.026653
2.038862
2.049415
2.060917
2.07232
2.083584
2.095007
2.106418
2.117828
2.129127
2.140771
2.151666
2.162624
2.174002
2.185403
2.19601
2.207177
2.218775
2.229496
2.241758
2.252144
2.263167
2.274101
2.285625
2.296821
2.30775
2.319101
2.330168
2.341469
2.352604
2.36365
2.374881
2.385972
2.397062
2.408134
2.419399
2.430682
2.441893
2.452971
2.464096
2.475186
2.486637
2.497431
2.508804
2.520152
2.531739
2.542109
2.553637
2.564588
2.575804
2.587155
2.600885
2.610167
2.619994
2.63115
2.64263
2.653519
2.664332
2.67669
2.68734
2.698227
2.709483
2.72066
2.732339
2.742615
2.754447
2.764938
2.776227
2.787712
2.798897
TARGET DESTROYED 
2.812915
2.822524
2.831614
2.842779
2.854239
2.86519
2.876401
2.887971
2.898567
2.909736
2.921278
2.932257
2.943245
2.95582
2.966286
2.977506
2.987995
2.999117
3.010309
3.021633
3.032674
3.043802
3.055085
3.067019
3.077324
3.088587
3.100047
3.111044
3.122962
3.133274
3.144315
3.155652
3.166617
3.177765
3.189174
3.200622
3.211992
3.223524
3.234417
3.246304
3.256791
3.269081
3.279653
3.290749
3.302604
3.313084
3.324173
3.335706
3.346444
3.357572
3.369127
3.379995
3.391268
3.402818
3.413599
3.425328
3.436065
3.447075
3.458397
3.469672
3.480566
3.491752
3.503131
3.514198
3.529611
3.539243
3.54814
3.557257
3.567351
3.579026
3.589667
3.601049
3.612442
3.623257
3.634626
3.645536
3.656619
3.667939
3.679193
3.69056
3.701811
3.712489
3.723905
3.735565
3.74611
3.757149
3.768858
3.779515
3.791001
3.802403
3.814687
3.824152
3.838266
3.847317
3.85771
3.869237
3.880106
3.891989
TARGET DESTROYED 
3.9068
3.916751
3.92624
3.936734
3.947571
3.958541
3.970027
3.981009
3.992167
4.00352
4.014314
4.025665
4.037067
4.048543
4.059273
4.071351
4.081468
4.092695
4.103806
4.114989
4.126182
4.137545
4.148446
4.159481
4.171023
4.181942
4.193104
4.204668
4.21546
4.226639
4.237815
4.249165
4.26014
4.271456
4.283403
4.293891
4.30587
4.316514
4.328234
4.339413
4.352086
4.362632
4.373627
4.384924
4.39621
4.407225
4.418901
4.430004
4.441257
4.452703
4.463509
4.474676
4.486067
4.497241
4.508374
4.519552
4.530707
4.54176
4.553092
4.564013
4.575137
4.586473
4.597804
4.60861
4.61996
4.631036
4.642259
4.653529
4.664443
4.675865
4.687198
4.697937
4.709247
4.720955
4.731654
4.742554
4.75413
4.764992
4.776224
4.787597
4.798603
4.809757
4.821102
4.832281
4.843385
4.854425
4.865599
4.877103
4.888056
4.899198
4.910254
4.922038
4.932629
4.943933
4.955274
4.966316
4.977468
4.989074
4.999913
5.010815
5.022157
5.033394
5.044386
5.056273
5.070834
5.08077
5.090539
5.100738
5.110544
5.12035
5.131135
5.142499
5.153523
5.164707
5.175851
5.187338
5.198741
5.209261
5.220707
5.231683
5.242967
5.253997
5.26523
5.276264
5.28756
5.298868
5.310867
5.321141
5.332143
5.343429
5.354663
5.36573
5.376898
5.388162
5.399435
5.41062
5.422241
5.432907
5.44433
5.455991
5.467037
5.478306
5.489483
5.500957
5.512249
5.523396
5.535081
5.546231
5.557597
5.569156
5.580271
5.591324
5.602871
5.614159
5.62506
5.636335
5.647531
5.658775
5.670041
5.680982
5.692137
5.703515
5.714468
5.7255
5.736997
5.74793
5.759011
5.770795
5.781614
5.792671
5.804122
5.814882
5.826146
5.837274
5.848749
5.859725
5.871377
5.882238
5.893207
5.904645
5.915743
5.927208
5.938012
5.949122
5.964657
5.975125
5.985389
5.995744
6.00585
6.016657
6.027168
6.03764
6.047654
TARGET DESTROYED 
6.063667
6.074296
6.08536
6.097505
6.109416
6.120245
6.130554
6.140854
6.151931
6.162501
6.173078
6.183284
6.193763
6.204672
6.214756
6.225539
6.236291
6.246516
6.256806
6.268391
6.279505
6.294554
6.304793
6.315847
6.326498
6.337174
6.347359
6.357439
6.368726
6.379791
6.391425
6.402636
6.413801
6.425115
6.435787
6.446851
6.458027
6.469341
6.480549
6.491647
6.502979
6.514032
6.52506
6.536713
6.548189
6.559293
6.571116
6.58233
6.593922
6.604976
6.616666
6.628129
6.639236
6.650531
6.662302
6.673116
6.684735
6.695591
6.707188
6.7192
6.729863
6.740992
6.752908
6.764083
6.775273
6.78661
6.797778
6.809313
6.820759
6.832319
6.842893
6.8542
6.865391
6.876545
6.887517
6.898432
6.909717
6.921271
6.932126
6.943291
6.95443
6.965913
6.977505
6.987891
6.999032
7.010516
7.021615
7.032873
7.043591
7.054844
7.066087
7.077518
7.088486
7.09962
7.111225
7.122127
7.133332
7.144241
7.155626
7.166669
7.179068
7.188958
7.200625
7.211492
7.222574
7.23355
7.244773
7.255941
7.267063
7.278301
7.289541
7.301019
7.312107
7.323037
7.334449
7.345593
7.356494
7.367899
7.378662
7.391492
7.401775
7.412665
7.423862
7.434834
7.446052
7.456964
7.46863
7.479567
7.490849
7.502081
7.512962
7.524147
7.538904
7.548603
7.558381
7.568106
7.578
7.588901
7.601971
7.611305
7.622488
7.633942
7.64502
7.655904
7.667238
7.678504
7.68972
7.700927
7.712127
7.723528
7.7342
7.745581
7.756816
7.767986
7.778785
7.789979
TARGET DESTROYED 
7.805367
7.816759
7.827968
7.838518
7.848461
7.858573
7.868092
7.880271
7.890518
7.901571
7.912396
7.923651
7.934777
7.945743
7.957461
7.968921
7.979784
7.990623
8.002335
8.013001
8.024274
8.035407
8.0467
8.0578
8.06925
8.081116
8.092684
8.10277
8.113963
8.124742
8.136607
8.147194
8.16009
8.170145
8.180808
8.192198
8.203745
8.215088
8.226382
8.237562
8.248914
8.260214
8.27161
8.282554
8.293617
8.305258
8.316463
8.327812
8.339158
8.35039
8.361928
8.372997
8.384424
8.396042
8.406713
8.41794
8.429265
8.44013
8.451659
8.462687
8.473508
8.485116
8.496017
8.5081
8.518162
8.529468
8.540368
8.551953
8.563398
8.57441
8.585749
8.596679
8.607522
8.619191
8.63009
8.641352
8.652793
8.663504
8.674741
8.687595
8.697719
8.708026
8.719441
8.730484
8.742186
8.752935
8.767111
8.776988
8.787024
8.800429
8.810282
8.82021
8.830655
8.840235
8.850539
8.862124
8.873172
8.884002
8.895857
8.906589
8.91785
8.929076
8.940177
8.951333
8.962347
8.974153
8.984653
8.996049
9.006959
9.018412
9.029565
9.040406
9.05295
9.063803
9.073917
9.085317
9.096209
9.107379
9.118676
9.129749
9.141054
9.1524
9.163368
9.174809
9.186361
9.197602
9.208969
9.220303
9.231606
9.242838
9.254239
9.265559
9.276827
9.288458
9.299479
9.310882
9.322569
9.334096
9.344886
9.356483
9.367796
9.379224
9.394489
9.406855
9.417917
9.429634
9.44074
9.455111
