0.02
0.04
0.14
0.1802003
0.1916058
0.2036076
0.2137986
0.2248284
0.2362621
0.2472258
0.2590089
0.269543
0.2808635
0.2920684
0.3029702
0.3145493
0.3252541
0.3363808
0.3477988
0.3588895
0.3700441
0.3816414
0.3923344
0.4035484
0.4149407
0.4259538
0.4369666
0.4488295
0.4595004
0.4705254
0.4819684
0.4933251
0.5063333
0.518108
0.5273192
0.538202
0.5490236
0.5598584
0.5747747
0.5841883
0.5935785
0.6049512
0.6173114
0.6281734
0.6379123
0.6495715
0.6605231
0.6714194
0.6829644
0.6941611
0.7051453
0.7163467
0.7273204
0.7386797
0.7504326
0.7610646
0.7721888
0.7832661
0.795068
0.8056788
0.8179216
0.827937
0.8391089
0.8505051
0.8616841
0.8724585
0.883922
0.8986363
0.9095002
0.9208794
0.9322178
0.9430674
0.9540613
0.9659463
0.9768122
0.988268
1.000207
1.010846
1.022295
1.034244
1.044991
1.056552
1.067777
1.079183
1.092018
1.102889
1.112194
1.123219
1.134716
1.145875
1.156937
1.168668
1.179066
1.190713
1.202421
1.212812
1.223956
1.235707
1.246225
1.257775
1.269166
1.279676
1.290789
1.302515
1.313735
1.32496
1.335839
1.346981
1.358418
1.369209
1.380394
1.39158
1.402879
1.414155
1.425554
1.436641
1.447702
1.458646
1.469951
1.482119
1.493902
1.504277
1.514814
1.525762
1.536827
1.548934
1.559531
1.57422
1.584913
1.594615
1.604422
1.614993
1.625195
1.635947
1.646434
1.657862
1.668905
1.679976
1.705271
1.716949
1.727076
1.738267
1.749305
1.760216
1.772142
1.783266
1.794402
1.805494
1.816255
1.826835
1.838092
1.84889
1.860337
1.871367
1.88216
1.892269
1.903434
1.914124
1.924824
1.935369
1.946244
1.957515
1.967856
1.978684
1.99021
2.000838
2.01214
2.023005
2.034379
2.045554
2.056814
2.067621
2.078811
2.090134
2.10151
2.112408
2.123576
2.134826
2.146836
2.157262
2.168596
2.179883
2.190854
2.202271
2.212889
2.224347
2.235543
2.247165
2.258969
2.270362
2.282334
2.293481
2.305434
2.316994
2.328989
2.339553
2.351192
2.362396
2.374014
2.385012
2.400946
2.411285
2.422323
2.432993
2.443174
2.454477
2.465672
2.47663
2.488075
2.500049
2.511164
2.522545
2.534038
2.54502
2.556533
2.56764
2.578216
2.589885
2.600926
2.611434
2.622389
2.633307
2.644354
2.655711
2.666956
2.677924
2.689306
2.700087
2.710233
2.721814
2.732547
2.743352
2.75458
2.76581
2.776047
2.787848
2.800035
2.81074
2.82168
2.832533
2.842917
2.853886
2.864441
2.87598
2.886364
2.896945
2.907786
2.918325
2.929194
2.939871
2.950918
2.962784
2.973475
2.983937
2.995059
3.006486
3.017203
3.028351
3.040097
3.050943
3.06298
3.073768
3.08937
3.101263
3.112236
3.122752
3.13325
3.14361
3.155008
3.165897
3.176333
3.186985
3.197902
3.208918
3.225782
3.239736
3.250951
3.263302
3.274484
3.285187
3.296432
3.3076
3.318824
3.330519
3.343024
3.35531
3.366671
3.378018
3.39005
3.400159
3.410481
3.421007
3.432613
3.443843
3.454129
3.464013
3.475369
3.489489
3.50079
3.51083
3.521119
3.531575
3.542337
3.553265
3.565017
3.576551
3.587222
3.602094
3.612892
3.62406
3.635022
3.645191
3.655753
3.666043
3.676541
3.687962
3.702424
3.713574
3.724519
3.735403
3.745988
3.756428
3.76832
3.77969
3.795954
3.807596
3.818701
3.829165
3.840177
3.851001
3.861784
3.872783
3.883586
3.894396
3.906321
3.916734
3.927265
3.938053
3.949239
3.960316
3.971646
3.98331
3.993927
4.005201
4.016238
4.027428
4.038594
4.050828
4.061455
4.072693
4.083763
4.094264
4.105884
4.11675
4.127161
4.138115
4.14922
4.159954
4.170925
4.182068
4.192585
4.203568
4.214849
4.225417
4.236848
4.248459
4.259304
4.270013
4.28159
4.292152
4.303092
4.315006
4.32557
4.336812
4.347782
4.359277
4.370629
4.382013
4.392538
4.404353
4.416006
4.427425
4.439381
4.450578
4.461654
4.473052
4.484517
4.501145
4.512763
4.523969
4.536588
4.547644
4.558676
4.569897
4.581615
4.592267
4.603454
4.614608
4.6259
4.637425
4.648432
4.659252
4.670875
4.682459
4.692952
4.704373
4.716043
4.726865
4.738575
4.749925
4.760907
4.772103
4.783981
4.796061
4.807948
4.819145
4.831035
4.842088
4.853526
4.865807
4.876889
4.888183
4.89957
4.910545
4.921973
4.933133
4.943837
4.955455
4.967257
4.978494
4.99012
5.001299
5.011466
5.021734
5.032715
5.042831
5.054227
5.065547
5.076246
5.091986
5.103684
5.116323
5.128927
5.140821
5.151904
5.163383
5.17488
5.186175
5.197779
5.21437
5.226074
5.23772
5.249453
5.261107
5.272657
5.284962
5.296783
5.308215
5.319375
5.331269
5.343202
5.354974
5.366352
5.378474
5.38992
5.40097
5.413097
5.424479
5.435756
5.447492
5.458297
5.470006
5.481574
5.492719
5.503675
5.514236
5.524877
5.53529
5.545393
5.556252
5.567073
5.577398
5.587941
5.603335
5.614126
5.624274
5.634764
5.644842
5.655593
5.666299
5.677419
5.68798
5.703007
5.714631
5.725818
5.737126
5.7488
5.759892
5.771495
5.782468
5.794436
5.806315
5.817175
5.827825
5.839092
5.85017
5.860864
5.872427
5.883836
5.895195
5.90704
5.918503
5.9345
5.946377
5.958125
5.97225
5.98499
5.999067
6.010942
6.022613
6.033668
6.044112
6.055922
6.066792
6.078101
6.090599
6.101548
6.11354
6.125029
6.135967
6.147487
6.158985
6.170468
6.182233
6.193809
6.205256
6.21644
6.228304
6.240118
6.251771
6.263542
6.274819
6.286821
6.298737
6.310233
6.321932
6.333052
6.344371
6.356436
6.368669
6.38019
6.390728
6.40205
6.413083
6.424505
6.436855
6.447942
6.459187
6.470315
6.481144
6.49185
6.503747
6.515204
6.526169
6.538085
6.549146
6.56025
6.572732
6.585157
6.596301
6.607003
6.617895
6.628543
6.639185
6.64994
6.660058
6.670426
6.690825
6.702294
6.714898
6.726312
6.737437
6.748198
6.759179
6.770485
6.781663
6.793837
6.805833
6.816819
6.827905
6.839168
6.850276
6.860842
6.872036
6.883412
6.893993
6.906186
6.917509
6.928846
6.939692
6.950902
6.962645
6.974623
6.985742
6.996855
7.008307
7.019604
7.031952
7.04333
7.055027
7.066761
7.077765
7.089137
7.100541
7.113101
7.126211
7.138349
7.150936
7.162732
7.174019
7.185021
7.196854
7.208435
7.219744
7.23107
7.242414
7.254493
7.266563
7.277863
7.289835
7.301067
7.312821
7.324107
7.335843
7.347714
7.358933
7.370825
7.387094
7.399163
7.411691
7.423618
7.435261
7.447564
7.458743
7.47063
7.48259
7.494139
7.505334
7.51642
7.527409
7.53942
7.550435
7.561546
7.572455
7.583461
7.594298
7.609584
7.621732
7.633066
7.644601
7.656102
7.667485
7.679
7.690156
7.701715
7.713177
7.724965
7.737931
7.750077
7.7615
7.77335
7.784812
7.797463
7.809126
7.820581
7.83226
7.843921
7.855368
7.867132
7.878766
7.890423
7.903162
7.9157
7.927327
7.939157
7.9509
7.96233
7.974034
7.985792
7.997576
8.009228
8.021333
8.033841
8.044749
8.056732
8.068784
8.087381
8.104997
8.128222
8.145589
8.16386
8.181807
8.199726
8.217281
8.234625
8.251987
8.269241
8.289962
8.307901
8.325582
8.343895
8.361546
8.379982
8.398166
8.416928
8.435973
8.453696
8.471354
8.48943
8.507077
8.524283
8.541503
8.559225
8.577933
8.595859
8.614263
8.632764
8.650297
8.668565
8.686629
8.704763
8.722078
8.740015
8.757381
8.776036
8.794926
8.813877
8.83264
8.850734
8.869115
8.887341
8.90643
8.925154
8.944365
8.961727
8.979629
8.997461
9.015563
9.033398
9.05682
9.07439
9.091976
9.10991
9.127937
9.14619
9.163824
9.182068
9.200645
9.219642
9.238618
9.256509
9.27487
9.292873
9.31058
9.327877
9.345757
9.363663
9.382479
9.394626
9.407635
9.419918
9.432006
9.443617
9.456297
9.467811
9.47982
9.49158
9.503611
9.51477
9.52637
9.537566
9.549037
9.560411
9.571878
9.584417
9.596513
9.612242
9.624694
9.636526
9.648705
9.660549
9.672536
9.684308
9.696447
9.708261
9.720778
9.731928
9.742662
9.760014
9.776447
9.792928
9.810311
9.826368
9.842089
9.857504
9.873415
9.888659
9.904914
9.929738
9.946424
9.962942
9.980098
9.996641
10.01384
10.03096
10.04764
10.06481
10.08196
10.09867
10.11493
10.13207
10.14871
10.16553
10.18192
10.19833
10.21127
10.22407
10.23649
10.25055
10.26305
10.27609
10.28912
10.3017
10.31418
10.32669
10.33924
10.3518
10.36454
10.37674
10.39064
10.40317
10.41626
10.42874
10.44116
10.45426
10.46733
10.48006
10.49227
10.50466
10.51754
10.53025
10.54308
10.55579
10.56818
10.58122
10.59354
10.60679
10.61971
10.63286
10.64573
10.6589
10.67149
10.68933
10.70239
10.71489
10.72675
10.73937
10.75188
10.76484
10.77735
10.79091
10.80386
10.81656
10.82896
10.84169
10.85481
10.86779
10.88013
10.8922
10.90523
10.91742
10.93052
10.94302
10.95609
10.96871
10.98203
10.99384
11.0064
11.01863
11.03131
11.04468
11.05716
11.07016
11.08321
11.09707
11.10952
11.12236
11.13544
11.1484
11.16104
11.17408
11.18565
11.19774
11.209
11.22103
11.23193
11.24348
11.25564
11.26702
11.27982
11.29122
11.30257
11.31364
11.32469
11.33666
11.34766
11.35886
11.36996
11.38137
11.3923
11.40384
11.41512
11.42612
11.43688
11.45429
11.46469
11.47497
11.48548
11.49533
11.50658
11.5176
11.52887
11.54045
11.55105
11.56218
11.57345
11.58483
11.59572
11.60688
11.61799
11.62931
11.64061
11.65169
11.66261
11.67397
11.68516
11.69639
11.7074
11.71878
11.73041
11.74143
11.75224
11.76318
11.7745
11.78586
11.79681
11.80791
11.81903
11.83102
11.84354
11.8571
11.88594
11.9004
11.91469
11.92698
11.93873
11.9505
11.96327
11.97906
11.99273
12.00548
12.01883
12.03182
12.04471
12.05761
12.07007
12.08381
12.0968
12.11046
12.12244
12.13465
12.14637
12.15767
12.1701
12.18172
12.19255
TARGET DESTROYED 
12.20368
12.22291
12.23434
12.24529
12.2561
12.26713
12.27906
12.29016
12.30206
12.31343
12.32454
12.34078
12.35189
12.36303
12.38262
12.396
12.40679
12.41823
12.4294
12.44083
12.45213
12.46331
12.47474
12.48678
12.4978
12.50902
12.52108
12.53229
12.54364
12.55527
12.56756
12.57859
12.58991
12.60097
12.61211
12.62332
12.63434
12.64575
12.65707
12.66793
12.67955
12.69104
12.70263
12.71357
12.72481
12.73621
12.74688
12.75805
12.76969
12.78043
12.79247
12.80372
12.81491
TARGET DESTROYED 
12.82586
12.84293
12.8616
12.87441
12.88612
12.89708
12.9086
12.91952
12.93139
12.94268
12.95391
12.96507
12.97612
12.98808
12.99942
13.0107
13.02685
13.03857
13.04973
13.06087
13.07191
13.08299
13.09441
13.10547
13.1171
13.12907
13.14056
13.15223
13.16318
13.17464
13.18627
13.19743
13.20859
13.22031
13.23131
13.24254
13.25397
13.26475
13.27623
13.28808
13.29997
13.31138
13.32276
13.33435
13.34591
13.35671
13.36807
13.37947
13.39093
13.40256
13.41409
13.42505
13.43653
13.44731
13.45827
13.47007
13.48075
13.49188
13.50325
13.51409
13.52543
13.53697
13.54812
13.55892
13.57024
13.58128
13.59179
13.60368
13.6146
13.62579
13.63682
13.64799
13.65865
13.66941
13.68048
13.69126
13.70172
TARGET DESTROYED 
13.71255
13.72778
13.74415
13.75632
13.76711
13.77803
13.79698
13.80935
13.82075
13.83102
13.84109
13.85196
13.86311
13.8742
13.88543
13.89676
13.90804
13.91892
13.93042
13.94505
13.95549
13.96581
13.97635
13.98662
13.99711
14.00846
14.02011
14.03114
14.04604
14.0572
14.06782
14.07871
14.08974
14.10075
14.11169
14.12264
14.13346
14.14484
14.15613
14.16741
14.17852
14.18922
14.19987
14.21016
14.22105
14.23183
14.24304
14.25464
14.2654
14.27655
14.28827
14.29896
14.31032
14.3218
14.33356
14.34499
14.35669
14.36887
14.38003
14.39094
14.40211
14.41323
14.4248
14.43629
14.44718
14.4634
14.47472
14.48579
14.49697
14.50827
14.51939
14.53097
14.54172
14.55365
14.56458
14.5757
14.58713
14.59845
14.60933
14.62086
14.63177
14.64278
14.65431
14.66499
14.6759
14.68729
14.69795
14.70925
14.72027
14.73089
14.7417
14.75265
14.76358
14.77469
14.78723
TARGET DESTROYED 
14.79834
14.81316
14.82447
14.83572
14.84616
14.85747
14.86917
14.88715
14.89974
14.91147
14.92226
14.93338
14.94472
14.95545
14.96637
14.97749
14.98865
15.00032
15.01141
15.02234
15.03399
15.04486
15.05571
15.06634
15.07722
15.08797
15.09851
15.10891
15.12011
15.13062
15.1409
15.15202
15.16793
15.17922
15.19004
15.2005
15.21154
15.22229
15.23302
15.24362
15.25438
15.26506
15.27562
15.28692
15.29763
15.30783
15.31916
15.33007
15.34083
15.35226
15.36279
15.37339
15.38402
15.39485
15.4052
15.41602
15.42697
15.43835
15.44956
15.46034
15.47183
15.48316
15.49403
15.50525
15.51638
15.52758
15.53893
15.55017
15.56111
15.57254
15.58382
15.59466
15.60637
15.61746
15.62882
15.64001
15.65125
15.66268
15.67436
15.68556
15.69723
15.70856
15.71996
15.73184
15.74279
15.75418
15.7659
15.77697
15.78841
15.80018
15.81135
15.82238
15.83383
15.8454
15.85631
15.86746
15.87862
15.88986
15.90134
15.91203
15.92724
15.94143
15.95254
15.96318
15.97453
15.98552
15.99666
16.00771
16.01894
16.03002
16.0414
16.05273
16.06381
16.07495
16.0871
16.09821
TARGET DESTROYED 
16.10888
16.12448
16.13602
16.14673
16.15755
16.16981
16.18027
16.19123
16.20296
16.21375
16.22576
16.23724
16.24793
16.25915
16.27725
16.29034
16.30151
16.31244
16.32336
16.33467
16.34632
16.35731
16.36876
16.37946
16.39033
16.40204
16.4129
16.42455
16.43723
16.44892
16.46165
16.47332
16.48542
16.49776
16.50887
16.52063
16.53295
16.54418
16.55551
16.56728
16.57848
16.58954
16.60118
16.61808
16.62989
16.64177
16.65367
16.66533
16.6765
16.68787
16.70054
16.7117
16.72298
16.73406
16.74523
16.75681
16.76828
16.7791
16.79155
16.80308
16.81392
16.82418
16.8347
16.8455
16.85659
16.86792
16.87914
16.89012
16.90154
16.91262
16.92451
16.93478
16.94609
16.95715
16.9684
16.97964
16.9907
17.00181
17.01314
17.02433
17.03589
17.04704
17.0584
17.06984
17.0813
17.09262
17.10446
17.11617
17.12844
17.14011
17.15315
17.16521
17.17776
17.18922
17.20113
17.21303
17.22545
17.2378
17.24979
17.26245
17.27432
17.28627
17.2985
17.31017
17.32223
17.33489
17.35149
17.36302
17.37484
17.38656
17.39913
17.41126
17.42492
17.43719
17.44917
17.4607
17.4727
17.48433
17.49614
17.50748
TARGET DESTROYED 
17.5195
17.5363
17.54818
17.56029
17.57199
17.58309
17.59429
17.60539
17.61701
17.62828
17.63977
17.65148
17.66404
17.68192
17.69497
17.70603
17.71743
17.72869
17.73952
17.75043
17.76197
17.77358
17.78539
17.79676
17.80812
17.82011
17.83142
17.84267
17.85352
17.86532
17.87598
17.88835
17.89927
17.91015
17.92077
17.932
17.94658
17.95758
17.96803
17.97849
17.98959
18.00079
18.01143
18.02194
18.03296
18.04821
18.05946
18.07147
18.08279
18.09391
18.10978
18.12153
18.13285
18.14405
18.1559
18.16702
18.17812
18.18927
18.20127
18.21251
18.22377
18.23566
18.24677
18.25954
18.27239
18.28514
18.29911
18.31201
18.32442
18.33716
18.3501
18.36263
18.37536
18.38803
18.40053
18.41323
18.42634
18.4391
18.45177
18.46427
18.47662
18.49001
18.50234
18.51529
18.53831
18.55142
18.56452
18.5769
18.5896
18.60229
18.61515
18.62757
18.64014
18.65272
18.66496
18.67736
18.68954
18.70193
18.71379
18.72618
18.73857
18.75166
18.76447
18.77675
18.78939
18.80145
18.81367
18.82617
18.83846
18.85104
18.86345
18.87558
18.88881
18.90243
18.91516
18.93305
18.94569
18.95789
18.97071
18.98337
18.99652
19.00981
19.02227
19.0344
19.04682
19.05926
19.07193
19.08458
19.09761
19.11075
19.12296
19.13585
19.14837
19.16125
19.179
19.19184
19.20555
19.21814
19.23037
19.24092
19.25155
19.26127
19.27219
19.282
19.29216
19.30394
19.31419
19.32526
19.33646
19.34776
19.3588
19.37005
19.38129
19.39231
19.40351
19.41476
19.42575
19.43717
19.44839
19.45932
19.47041
19.48174
19.49322
19.50395
19.51551
19.52654
19.53782
19.54894
19.55982
19.57085
19.58242
19.59336
19.60435
TARGET DESTROYED 
19.61615
19.64019
19.65147
19.6616
19.67161
19.68787
19.70839
19.7211
19.73145
19.74125
19.75185
19.76192
19.77197
19.78342
19.79547
19.80556
19.81681
19.82797
19.83927
19.85013
19.86151
19.87245
19.8839
19.89495
19.90618
19.91761
19.92845
19.94226
19.95359
19.96557
19.97672
19.98768
19.99815
20.00865
20.02001
20.0302
20.04055
20.05165
20.06257
20.07403
20.0849
20.09614
20.10736
20.11847
20.13007
20.14067
20.1522
20.16314
20.17423
20.1856
20.1967
20.20788
20.21901
20.23007
20.242
20.25279
20.26465
20.27614
20.28851
20.29953
20.31123
20.32269
20.33414
20.34566
20.35665
20.36811
20.37937
20.39244
20.40329
20.41356
20.43353
20.44463
20.45481
20.46523
20.47599
20.48705
20.49826
20.5094
20.52036
20.5319
20.54282
20.55392
20.56581
20.57634
20.58761
20.59907
20.60989
20.62123
20.63229
20.64357
20.65438
20.66608
20.67674
20.68786
20.69941
20.71018
20.72195
20.73261
20.74418
20.75518
20.76648
20.77794
20.78853
20.80008
20.81113
20.82204
20.8331
20.84448
20.85548
20.86655
20.87777
20.88914
20.90082
20.91206
20.92396
20.93554
20.94657
20.95806
20.9696
20.98191
20.99248
21.00395
21.01602
21.02665
21.03846
21.04984
21.06108
21.0726
21.08398
21.09508
21.1062
21.11772
21.12854
21.13957
21.15099
21.16207
21.17322
21.18929
21.20043
21.21087
21.22389
21.23542
21.24693
21.2576
21.26904
21.27992
21.29112
21.30221
21.31337
21.3246
21.33594
21.34699
21.35818
21.36937
21.38054
21.3917
21.40572
21.41719
21.42736
21.43771
21.44753
21.45876
21.47301
