0.02
0.04
0.14
0.1759981
0.1920568
0.2024976
0.2132452
0.2248729
0.2356775
0.247058
0.2575174
0.268937
0.280091
0.2952639
0.3058097
0.3168677
0.3279254
0.3385751
0.3496135
0.3610517
0.3717707
0.3828425
0.3943561
0.405109
0.4168988
0.4276422
0.43833
0.449721
0.4610944
0.4722385
0.4833475
0.4953779
0.5064651
0.51758
0.5284221
0.5392322
0.5498966
0.5608054
0.5714384
0.5825529
0.5935035
0.6043324
0.6152605
0.626417
0.6376224
0.6488119
0.6600121
0.6710576
0.6829751
0.6944046
0.7055492
0.7219175
0.7334016
0.7448141
0.7564127
0.7673472
0.7787135
0.7904597
0.800972
0.812546
0.8233798
0.8345587
0.8458917
0.8569953
0.8679632
0.8791364
0.8898502
0.9011758
0.9149273
0.9259626
0.9367883
0.9484761
0.9612648
0.9737482
0.9846551
0.9966881
1.008316
1.020013
1.032015
1.043682
1.054497
1.066106
1.077376
1.088287
1.1004
1.11169
1.122844
1.134858
1.146832
1.162937
1.173926
1.18459
1.195689
1.206969
1.218425
1.230139
1.242258
1.253328
1.264187
1.275134
1.286241
1.297163
1.308171
1.319244
1.330066
1.341425
1.352566
1.36361
1.37544
1.386865
1.398318
1.409448
1.420312
1.431635
1.44314
1.454117
1.465212
1.476274
1.487093
1.498135
1.509813
1.520679
1.532998
1.544198
1.5549
1.566255
1.577778
1.594526
1.605481
1.617073
1.628317
1.639162
1.651173
1.663281
1.674162
1.686369
1.69839
1.710354
1.721286
1.73228
1.743999
1.755056
1.765959
1.777649
1.789032
1.800537
1.811982
1.823091
1.834555
1.845908
1.856937
1.868101
1.879067
1.89102
1.901999
1.913358
1.924365
1.935442
1.946453
1.958316
1.977916
1.990088
2.001478
2.012966
2.030374
2.042037
2.053218
2.064572
2.075974
2.087009
2.097929
2.10926
2.120334
2.13233
2.143503
2.154522
2.16664
2.17872
2.189867
2.201346
2.212348
2.223637
2.234988
2.246714
2.258537
2.269454
2.280584
2.292668
2.303649
TARGET DESTROYED 
2.323616
2.345135
2.357519
2.368773
2.381301
2.393311
2.403982
2.4154
2.426544
2.437547
2.44916
2.46524
2.477435
2.488257
2.4994
2.510825
2.52186
2.533342
2.545697
2.557161
2.568755
2.582616
2.595393
2.606924
2.61844
2.630025
2.641599
2.653465
2.665424
2.678491
2.690141
2.702146
2.713959
2.726054
2.738133
2.750079
2.762079
2.774138
2.786259
2.798412
2.819583
2.831681
2.843968
2.855347
2.867537
2.879428
2.890977
2.902725
2.914408
2.931091
2.943536
2.95549
2.967098
2.985052
2.996909
3.009494
3.023015
3.035361
3.04767
3.059443
3.071248
3.083745
3.096197
3.108382
3.119688
3.131818
3.144329
3.155603
3.168063
3.18004
3.192242
TARGET DESTROYED 
3.20862
3.220977
3.232697
3.245458
3.257762
3.276423
3.289237
3.300975
3.312612
3.323989
3.336169
3.348149
3.359998
3.371552
3.389225
3.401099
3.413136
3.424848
3.436447
3.447788
3.459624
3.47125
3.483289
3.495445
3.506856
3.519233
3.531581
3.543646
3.555066
3.567667
3.579787
3.591669
3.604007
3.616834
3.628783
3.640063
3.652108
3.664478
3.676252
3.688153
3.700283
3.712353
3.723628
3.735352
3.746871
3.758177
3.769541
3.781537
3.79358
3.805715
3.817601
3.830292
3.846714
3.859504
3.871276
3.883974
3.897206
3.909209
3.92121
3.933542
3.945544
3.957425
3.969427
3.982541
3.995354
4.0074
4.019592
4.034078
4.047295
4.059715
4.071638
4.084271
4.096793
4.108672
4.12069
4.134157
TARGET DESTROYED 
4.151323
4.163573
4.175697
4.188178
4.20717
4.220613
4.23373
4.245473
4.25723
4.269147
4.28097
4.293066
4.30481
4.32196
4.335578
4.348314
4.360055
4.372091
4.384909
4.398025
4.410473
4.422932
4.435397
4.44762
4.460414
4.472231
4.484764
4.497464
4.509631
4.521518
4.534179
4.546707
4.558349
4.570078
4.582404
4.595168
4.607232
4.620075
4.632299
4.645029
4.657091
4.669957
4.681745
4.694192
4.705863
4.718425
4.731519
4.743726
4.755275
4.767378
4.779466
4.796687
4.808851
4.821411
4.833661
4.846195
4.857798
4.870396
4.882054
4.893623
4.905196
4.917763
4.929685
4.94198
4.953739
4.966077
4.978314
4.991586
5.004483
5.018168
5.033375
5.047783
5.062522
5.077101
5.08878
5.101247
5.113
5.124636
5.136902
5.148522
5.160482
5.172523
5.184059
5.195862
5.207858
5.219566
5.231731
5.244069
5.255774
TARGET DESTROYED 
5.278239
5.290252
5.308556
5.321598
5.333682
5.345354
5.357428
5.368792
5.380655
5.392563
5.404924
5.417366
5.429774
5.441858
5.453989
5.465779
5.478506
5.489727
5.501482
5.51369
5.525596
5.538057
5.549793
5.562063
5.574497
5.58612
5.598113
5.610499
5.622263
5.634044
5.645947
5.657858
5.669641
5.681839
5.693748
5.7055
5.717804
5.734748
5.746948
5.759678
5.771385
5.783038
5.795187
5.806687
5.818951
5.831229
5.843547
5.855056
5.866706
5.878839
5.891848
5.903697
5.915731
5.927709
5.938851
5.949903
5.961714
5.972913
5.984723
5.996201
6.008923
6.021621
6.034075
6.045239
6.055938
6.068164
6.079744
6.091671
6.103055
6.114629
6.126228
TARGET DESTROYED 
6.142537
6.153879
6.165226
6.177691
6.193555
6.204974
6.216308
6.227937
6.246048
6.258449
6.269462
6.280725
6.292618
6.303719
6.314942
6.326056
6.337995
6.34935
6.360701
6.372263
6.383793
6.395378
6.407082
6.41839
6.429511
6.440071
6.450874
6.462064
6.472692
6.484299
6.496041
6.506986
6.517962
6.529737
6.541953
6.552927
6.563982
6.575132
6.586095
6.59717
6.608581
6.619615
6.634839
6.6467
6.65807
6.669766
6.680466
6.692295
6.703876
6.71513
6.725954
6.736931
6.748131
6.759263
6.7717
6.782525
6.793788
6.804343
6.815782
6.826639
6.837737
6.848854
6.860086
6.87077
6.88155
6.89272
6.904593
6.916292
6.927793
6.939451
6.951256
6.963161
6.974662
6.986223
6.99791
7.011339
7.023634
7.037075
7.04916
7.060901
7.072176
7.083636
7.100266
7.112719
7.124317
7.136619
7.149016
7.161746
7.173293
7.185167
7.19727
7.209774
7.221696
7.233541
7.245245
7.257343
7.269743
7.281344
7.2938
7.305789
7.31782
7.329836
7.341434
7.353641
7.365942
7.377687
7.389274
7.401315
7.413228
7.424885
TARGET DESTROYED 
7.44098
7.452282
7.463926
7.476038
7.495001
7.507593
7.520288
7.53261
7.54491
7.556098
7.572908
7.58505
7.596574
7.607965
7.619372
7.631161
7.642658
7.653907
7.665489
7.677494
7.688751
7.700211
7.712635
7.724378
7.735904
7.747828
7.759198
7.77062
7.782864
7.79457
7.806015
7.817607
7.829168
7.840947
7.852946
7.86435
7.875886
7.887691
7.899582
7.911437
7.92306
7.936006
7.948102
7.959707
7.971065
7.9825
7.994154
8.005883
8.017463
8.035536
8.047493
8.059047
8.070393
8.081788
8.09367
8.104946
8.116422
8.128255
8.140338
8.152697
8.165079
8.17717
8.188288
8.199901
8.211734
8.223164
8.234988
8.246774
8.258492
8.270309
8.282332
8.293639
8.305323
8.316884
8.328391
8.340248
8.35181
8.363361
8.374964
8.38685
8.398811
8.410946
8.4226
8.434183
8.445882
8.457182
8.469027
TARGET DESTROYED 
8.500564
8.512658
8.523854
8.535862
8.548389
8.560425
8.58065
8.593493
8.605094
8.616585
8.628597
8.639884
8.651197
8.663222
8.675314
8.686634
8.697973
8.710753
8.722733
8.734586
8.74682
8.758856
8.770423
8.782165
8.794262
8.806096
8.817605
8.829156
8.841605
8.853279
8.865259
8.877269
8.88891
8.900556
8.912687
8.924359
8.936571
8.952808
8.965138
8.977183
8.989168
9.000958
9.012967
9.02592
9.039612
9.051666
9.063808
9.07614
9.08806
9.10083
9.11265
9.124232
9.136481
9.148677
9.160473
9.172491
9.184487
9.197042
9.209054
9.220737
9.232784
9.245029
9.256768
9.269281
9.281407
9.293279
9.305432
9.318957
9.331206
9.344003
9.356171
9.368823
9.381419
9.393411
9.405979
9.418954
9.436153
9.448535
9.460933
9.473574
9.486089
9.498244
9.510586
9.522961
9.535306
9.547206
9.559232
9.571064
9.584104
9.595772
9.607897
9.620638
9.632801
9.645398
9.658133
9.670275
9.68291
9.695099
9.707726
9.719912
9.732447
9.744952
9.756877
9.769184
9.781375
9.794124
9.806308
9.819505
9.831554
9.844059
9.85656
9.868998
9.881392
9.893624
9.9058
9.930624
9.944398
9.956696
9.96916
9.981663
9.996711
