0.02
0.04
0.14
0.1799726
0.1959033
0.2061417
0.2174887
0.2284268
0.239831
0.2509692
0.2615958
0.2732181
0.2841158
0.2954632
0.3066207
0.3176992
0.3288631
0.3402089
0.3512355
0.3623051
0.3736554
0.3847715
0.3959338
0.409343
0.4206904
0.4302866
0.4404676
0.4519705
0.4627251
0.4742178
0.4852509
0.4966454
0.5085145
0.5186188
0.5312882
0.543224
0.5583918
0.5679867
0.5782866
0.5883829
0.5975479
0.6084692
0.61921
0.6302677
0.6415167
0.6527967
0.6639161
0.6751653
0.6861711
0.6973885
0.7086243
0.7203265
0.7371327
0.7496421
0.7604434
0.7699238
0.7801782
0.7901052
0.7996224
0.8098528
0.8202651
0.8315352
0.8446755
0.8554022
0.8651459
0.876143
0.8874384
0.8986508
0.9096341
0.9220924
0.9319622
0.9430808
0.9544921
0.965451
0.9771699
0.9878975
0.9991978
1.010505
1.021621
1.032322
1.043982
1.054973
1.065914
1.077691
1.088792
1.100179
1.111014
1.122304
1.133205
1.144519
1.156064
1.167412
1.178719
1.190241
1.202227
1.212957
1.22462
1.236121
1.247279
1.258669
1.270555
1.281173
1.293113
1.304613
1.315549
1.327157
1.339103
1.349973
1.361363
1.372951
1.38371
1.395131
1.406448
1.418077
1.428249
1.439796
1.450707
1.462246
1.478795
1.490136
1.503881
1.513575
1.524801
1.535856
1.547432
1.558205
1.569413
1.580899
1.592789
1.602922
1.618411
1.628404
1.638158
1.648273
1.658919
1.66991
1.681102
1.692377
1.703997
1.719742
1.730392
1.740992
1.750606
1.760536
1.770754
1.782221
1.792965
1.80406
1.815184
1.826831
1.838535
1.848789
1.860542
1.871648
1.882707
1.894303
1.905666
1.916731
1.927719
1.939214
1.950583
1.961202
1.972619
1.983558
1.995066
2.006121
2.01729
2.028202
2.039789
2.050532
2.06175
2.075052
2.086847
2.097749
2.108216
2.118931
2.131235
2.1418
2.152591
2.163854
2.17693
2.189647
2.201943
2.211928
2.221779
2.232372
2.242408
2.252384
2.263418
2.27484
2.285953
2.297179
2.308319
2.319666
2.330741
2.341887
2.352927
2.364029
2.375256
2.386494
2.397496
2.408989
2.419827
2.431709
2.442173
2.453484
2.464676
2.476295
2.487419
2.498088
2.509234
2.520604
2.531576
2.543052
2.554029
2.565723
2.576782
2.588332
2.599223
2.610767
2.622207
2.633421
2.645068
2.656549
2.667191
2.678598
2.690247
2.701293
2.712684
2.724162
2.735221
2.747356
2.757703
2.768613
2.779861
2.796119
2.807008
2.817648
2.8282
2.838704
2.849803
2.861104
2.871767
2.881888
2.892405
2.90282
2.913453
2.924141
2.934354
2.944941
2.955429
2.965708
2.97612
2.987456
2.998285
3.01018
3.020771
3.032051
3.043066
3.0546
3.065464
3.076641
3.087835
3.098924
3.110258
3.121644
3.132374
3.14392
3.154912
3.165873
3.177225
3.188702
3.199581
3.210722
3.22189
3.23289
3.24406
3.255605
3.267109
3.278279
3.29007
3.301153
3.31268
3.324122
3.335355
3.347
3.359353
3.36955
3.38187
3.39326
3.403719
3.415509
3.427065
3.438314
3.449576
3.461142
3.472906
3.483742
3.494941
3.50627
3.517009
3.528417
3.539553
3.550725
3.561874
3.57318
3.584607
3.59521
3.606714
3.617664
3.628733
3.640309
3.651115
3.662261
3.67405
3.684641
3.695791
3.707076
3.71818
3.729919
3.740894
3.752333
3.762788
3.774189
3.785209
3.796423
3.807766
3.818819
3.830044
3.841153
3.85236
3.86394
3.874845
3.891621
3.902491
3.913303
3.923983
3.934744
3.94548
3.956273
3.966971
3.978082
3.988942
3.999644
4.010471
4.020852
4.031651
4.043314
4.053739
4.064331
4.074929
4.0859
4.096913
4.107972
4.119164
4.129845
4.140378
4.151925
4.162839
4.173592
4.184315
4.195185
4.2062
4.217097
4.228448
4.239182
4.249814
4.260788
4.271887
4.282844
4.294269
4.305706
4.316505
4.327907
4.339337
4.350472
4.361304
4.372498
4.383547
4.395197
4.406573
4.418411
4.430097
4.440853
4.452082
4.463682
4.475206
4.486536
4.497896
4.509438
4.520845
4.532118
4.543671
4.554969
4.566437
4.578152
4.58946
4.600385
4.611452
4.623254
4.633912
4.645387
4.658113
4.669586
4.681479
4.693196
4.70456
4.716208
4.728116
4.740089
4.752585
4.765463
4.777139
4.788817
4.800342
4.812036
4.82396
4.841306
4.852515
4.864069
4.883161
4.894995
4.90628
4.917084
4.928525
4.939753
4.95056
4.961528
4.972865
4.984441
4.995653
5.00759
5.01909
5.031325
5.042741
5.053922
5.065011
5.075901
5.08744
5.09847
5.109761
5.121356
5.133118
5.144552
5.155823
5.167289
5.178748
5.190306
5.201536
5.213524
5.225579
5.236852
5.248582
5.260597
5.271233
5.282703
5.293762
5.30553
5.317037
5.328751
5.340416
5.351165
5.362997
5.375025
5.386365
5.397889
5.409358
5.420214
5.43169
5.443435
5.456497
5.468729
5.480412
5.492154
5.503664
5.514671
5.525671
5.536446
5.54861
5.559776
5.570488
5.581965
5.592993
5.607116
5.61833
5.629772
5.641891
5.652876
5.664303
5.676035
5.692985
5.70425
5.715178
5.726544
5.737043
5.748309
5.759606
5.772527
5.783526
5.795152
5.806605
5.817384
5.828267
5.839979
5.850707
5.862355
5.873722
5.884659
5.895656
5.906887
5.91818
5.92929
5.940917
5.951698
5.963028
5.974257
5.985332
5.997224
6.008317
6.019271
6.030649
6.042102
6.052818
6.064107
6.075538
6.086704
6.098017
6.109424
6.120529
6.131728
6.143015
6.154578
6.16633
6.17794
6.18983
6.201015
6.212512
6.224065
6.235147
6.246773
6.25808
6.268924
6.280095
6.291094
6.302018
6.313641
6.324747
6.335564
6.346844
6.358245
6.369689
6.382783
6.394262
6.405444
6.416755
6.427963
6.439154
6.45237
6.463529
6.475489
6.486512
6.498307
6.510089
6.521198
6.532375
6.5445
6.55565
6.56651
6.579146
6.590282
6.601368
6.612703
6.62422
6.634893
6.645997
6.65798
6.668709
6.679644
6.690545
6.701779
6.712934
6.724157
6.73483
6.7461
6.757556
6.769504
6.783228
6.794787
6.812852
6.824678
6.835395
6.846818
6.85851
6.86983
6.88137
6.892715
6.903726
6.915209
6.926335
6.936559
6.947619
6.958573
6.969151
6.980181
6.990852
7.001166
7.01219
7.022227
7.032924
7.043581
7.053841
7.064356
7.075731
7.08642
7.097927
7.108946
7.120108
7.131252
7.142404
7.153804
7.165223
7.176366
7.187017
7.19843
7.209328
7.220699
7.231621
7.242963
7.254335
7.265359
7.27681
7.287933
7.298744
7.310327
7.322295
7.333091
7.344742
7.35626
7.367328
7.378906
7.390224
7.401721
7.412997
7.424775
7.435947
7.447651
7.458638
7.470125
7.481669
7.492894
7.503903
7.515701
7.527132
7.538524
7.549352
7.560721
7.571912
7.582999
7.594264
7.605994
7.616538
7.62787
7.639194
7.649979
7.661155
7.672406
7.683391
7.694686
7.706266
7.717985
7.729274
7.740232
7.751032
7.762215
7.773659
7.786456
7.798031
7.809979
7.821881
7.833776
7.845345
7.857371
7.874227
7.886067
7.897799
7.909422
7.920523
7.932664
7.944176
7.955869
7.967852
7.980147
7.991969
8.003054
8.013513
8.025413
8.035979
8.047227
8.058372
8.069509
8.080765
8.091934
8.103027
8.114723
8.126369
8.138831
8.149688
8.160792
8.172736
8.182947
8.19365
8.203914
8.214572
8.226204
8.237197
8.248405
8.259571
8.271544
8.282094
8.293103
8.304584
8.315487
8.326411
8.338065
8.348782
8.360038
8.371279
8.382292
8.393408
8.404821
8.415988
8.4271
8.438485
8.450207
8.461274
8.472953
8.484143
8.495846
8.507291
8.518735
8.530142
8.542086
8.55316
8.564749
8.576087
8.58843
8.599191
8.610848
8.622134
8.632986
8.644123
8.655647
8.666319
8.677769
8.689048
8.700014
8.711107
8.722675
8.733507
8.745026
8.761491
8.772062
8.782354
8.793923
8.804466
8.81485
8.826067
8.836572
8.846957
8.857533
8.867748
8.878844
8.889455
8.899962
8.910795
8.923334
8.93358
8.944017
8.954033
8.964536
8.974569
8.985427
8.996571
9.008041
9.018924
9.029948
9.041302
9.052811
9.063607
9.074939
9.086009
9.097199
9.108292
9.119503
9.131029
9.141903
9.153172
9.164748
9.176799
9.188385
9.199844
9.211778
9.223627
9.23499
9.247411
9.25916
9.270425
9.282387
9.294324
9.308085
9.319301
9.331793
9.343448
9.354785
9.366198
9.377824
9.389083
9.400557
9.41159
9.422875
9.433711
9.445333
9.456395
9.468925
9.480125
9.491204
9.502039
9.513321
9.524374
9.535168
9.546436
9.557662
9.568428
9.579745
9.591031
9.601887
9.612806
9.623875
9.635316
9.646346
9.657477
9.668153
9.679489
9.690633
9.701119
9.71206
9.723286
9.73428
9.746007
9.757091
9.767862
9.779006
9.790516
9.802206
9.81345
9.830606
9.842114
9.852849
9.863796
9.875456
9.886132
9.897139
9.908434
9.919255
9.930324
9.941991
9.953567
9.967434
9.980011
9.992296
10.00443
10.0162
10.02813
10.03976
10.05023
10.0613
10.07241
10.08292
10.09395
10.10584
10.11675
10.12782
10.1387
10.14987
10.1612
10.17283
10.18333
10.19476
10.20656
10.21712
10.22858
10.24004
10.25092
10.26204
10.27259
10.28351
10.29424
10.30598
10.31727
10.32872
10.34019
10.35112
10.36257
10.37458
10.38548
10.39678
10.4081
10.41887
10.42966
10.44043
10.45106
10.4621
10.47335
10.48471
10.49578
10.50657
10.51798
10.52956
10.5406
10.55166
10.56291
10.57433
10.58535
10.59638
10.60763
10.61903
10.62977
10.64121
10.65273
10.66359
10.67463
10.68573
10.69701
10.70814
10.71925
10.73093
10.74206
10.75271
10.76405
10.77596
10.78655
10.79811
10.80974
10.8266
10.83832
10.84912
10.86846
10.88322
10.89565
10.90706
10.91797
10.9293
10.94198
10.95326
10.9642
10.9754
10.98568
10.9964
11.0071
11.01847
11.02966
11.04079
11.05182
11.06308
11.07429
11.08566
11.09655
11.10767
11.11901
11.13008
11.14121
11.15236
11.16346
11.17504
11.18599
11.19713
11.20832
11.21938
11.23053
11.24205
11.2529
11.26402
11.27553
11.28644
11.29754
11.30885
11.31983
11.33124
11.34231
11.35344
11.36461
11.37606
11.38683
11.39836
11.40923
11.4206
11.4321
11.44348
11.45499
11.46666
11.47823
11.49002
11.50148
11.51323
11.52467
11.53632
11.54789
11.56053
11.57144
11.5823
11.59401
11.6092
11.62135
11.63298
11.64713
11.66222
11.6737
11.68455
11.69575
11.70672
11.71764
11.72909
11.74002
11.75087
11.7622
11.77327
11.78456
11.7958
11.80688
11.81814
11.82995
11.84138
11.85222
11.86357
11.87484
11.89196
11.90278
11.91386
11.92599
11.93651
11.94803
11.95924
11.97017
11.98149
11.99261
12.00388
12.01522
12.02649
12.03704
12.04835
12.06014
12.07073
12.08153
12.09291
12.10371
12.115
12.1258
12.13665
12.14772
12.1592
12.16977
12.18247
12.19408
12.20481
12.21557
TARGET DESTROYED 
12.22678
12.24721
12.25856
12.26945
12.28062
12.29181
12.30285
12.31404
12.32535
12.33676
12.3567
12.36881
12.38142
12.39214
12.40362
12.41497
12.42599
12.43702
12.44798
12.45929
12.47112
12.48215
12.49311
12.50387
12.51504
12.52638
12.53794
12.54845
12.55983
12.57099
12.58203
12.5933
12.60452
12.61554
12.62696
12.63805
12.64932
12.66014
12.67182
12.68251
12.69431
12.70526
12.71623
12.72748
12.73866
12.74974
12.76101
12.77196
12.78331
12.79424
12.80605
12.81658
12.82818
12.83928
12.85066
12.862
12.87393
12.88557
12.89663
12.90819
12.9195
12.93119
12.94278
12.96013
12.97063
12.98139
12.99209
13.00281
13.0142
13.02524
13.03584
13.04667
13.05747
13.06826
13.07881
13.08955
13.09982
13.11081
13.12132
13.13194
13.14267
13.15331
13.16406
13.1755
13.18659
13.1974
13.20812
13.21877
13.23003
13.24114
13.25242
13.26385
13.27466
13.28574
13.29711
13.30808
13.31948
13.33047
13.34166
13.35294
13.36407
13.37549
13.38639
13.39746
13.40877
13.42049
13.43173
13.4431
13.45469
13.46582
13.47745
13.48907
13.50021
13.51179
13.52302
13.53444
13.54686
13.55734
13.56868
13.58019
13.59163
13.60271
13.61428
13.62561
13.6369
13.64808
13.6594
13.67054
13.68163
TARGET DESTROYED 
13.69279
13.70862
13.71959
13.73145
13.74991
13.7621
13.77301
13.78361
13.79451
13.80508
13.81586
13.82696
13.83987
13.85098
13.86185
13.87247
13.88326
13.89502
13.90531
13.91587
13.92676
13.93729
13.94824
13.95865
13.96882
13.97902
13.98963
14.00066
14.01214
14.02878
14.03969
14.04997
14.06048
14.07094
14.08139
14.09239
14.1024
14.11274
14.12347
14.13499
14.14583
14.15717
14.16832
14.17953
14.19089
14.2017
14.21324
14.22447
14.23524
14.24641
14.25751
14.26879
14.27987
14.29129
14.30277
14.31445
14.32581
14.33686
14.34832
14.35924
14.37038
14.38148
14.39306
14.40459
14.4158
14.42739
14.43899
14.44975
14.46113
14.47297
14.48389
14.49549
14.50717
14.51808
14.5297
14.54104
14.55213
14.5634
14.5752
14.58636
14.59763
14.60875
14.61983
14.6312
14.64231
14.65359
14.66492
14.67577
14.68694
14.6987
14.70963
14.72039
14.73161
14.74293
14.75429
14.76526
14.77625
14.78776
14.79868
14.80992
14.82136
14.83224
14.84386
14.85577
14.86623
14.87736
14.88863
14.89951
14.91032
14.92213
14.93273
14.94391
14.95554
14.9662
14.97754
14.98896
14.9998
15.0111
15.0225
15.03353
15.04427
15.05627
15.0666
15.07791
15.08945
15.10042
15.11141
15.12824
15.1384
15.14865
15.15938
15.17108
15.18139
15.19258
15.20285
15.21362
15.22424
15.23484
15.24545
15.25583
15.26601
15.27673
15.28733
15.29853
15.30898
15.31869
15.32989
15.34118
15.35213
15.36352
15.37483
15.38628
15.39682
15.40823
15.41929
15.43048
15.44176
15.45273
15.46385
15.47524
15.48626
15.49739
15.50849
15.51971
15.53115
15.54223
15.5534
15.56458
15.57581
15.5869
TARGET DESTROYED 
15.59844
15.6131
15.62331
15.633
15.64428
15.6557
15.66774
15.67844
15.69005
15.70129
15.71288
15.72439
15.73553
15.74677
15.75825
15.77562
15.78716
15.79898
15.81018
15.8217
15.8326
15.84368
15.85584
15.86628
15.87722
15.88855
15.89948
15.91082
15.92273
15.93359
15.9445
15.95553
15.96646
15.97782
15.98957
16.00007
16.01121
16.02261
16.03357
16.04479
16.05632
16.06727
16.0783
16.08949
16.10157
16.11235
16.12325
16.13411
16.14545
16.15659
16.16786
16.17931
16.19125
16.20788
16.21823
16.2285
16.23957
16.25056
16.26181
16.27236
16.28292
16.29357
16.30365
16.31437
16.32534
16.33641
16.35805
16.36887
16.37998
16.39123
16.40232
16.41338
16.42471
16.43569
16.44843
16.45915
16.47041
16.48126
16.49235
16.50324
16.51489
16.52618
16.53732
16.54866
16.55998
16.57048
16.58177
16.59318
16.60431
16.61547
16.62712
16.63897
16.65084
16.6627
16.67391
16.68644
16.69807
16.71023
16.72164
16.73286
16.74445
16.75571
16.76731
16.77933
16.79124
16.80277
16.81457
16.82689
16.83829
16.84952
16.86129
16.87346
16.88451
16.89603
16.90749
16.91868
16.9307
16.94231
16.95387
16.96587
16.97752
16.98999
17.00136
17.01289
17.02494
17.0366
17.0481
17.05985
17.07088
17.08249
17.09484
17.10652
17.11728
17.12984
17.14256
17.15542
17.16829
17.18079
17.1941
17.20668
17.21879
17.23079
17.24298
17.25539
17.26776
17.27976
17.29756
17.30986
17.32242
17.33418
17.34734
17.36019
17.37046
17.38062
17.39187
17.40197
17.4123
17.42401
17.43573
17.44728
17.45897
17.47059
17.48181
17.49367
17.50505
17.51616
17.52821
17.53986
17.5509
17.56194
17.57334
17.5848
17.59745
17.60851
17.61998
17.6309
17.6425
17.65331
17.66475
17.6759
17.68718
17.69862
17.7099
17.72083
17.73199
17.74303
17.754
17.76586
17.77778
17.78919
17.80017
17.81169
17.82289
17.83373
17.84479
17.85662
17.86767
17.88045
17.89251
17.90475
17.91649
17.92916
TARGET DESTROYED 
17.94768
17.96707
17.9801
17.99047
18.0005
18.01097
18.0223
18.03299
18.04436
18.05578
18.06658
18.07784
18.08961
18.10662
18.11748
18.12762
18.13742
18.14723
18.15688
18.16717
18.17827
18.18949
18.20094
18.21174
18.22313
18.23419
18.24557
18.25673
18.26753
18.27878
18.29007
18.3063
18.31636
18.32701
18.33684
18.35269
18.36423
18.37453
18.38494
18.39589
18.40616
18.41627
18.4269
18.43677
18.44665
18.45754
18.46864
18.4799
18.49105
18.50215
18.51348
18.52458
18.53572
18.54702
18.55793
18.56918
18.5803
18.59153
18.60304
18.61422
18.62497
18.63664
18.64737
18.65874
18.66956
18.68082
18.69205
18.70331
18.71465
18.72561
18.73687
18.74823
18.76023
18.77117
18.78244
18.79377
18.80574
18.8166
18.82819
18.83977
18.85089
18.86275
18.87392
18.88654
18.89626
18.90825
18.91912
18.93096
18.94225
18.95362
18.96507
18.97649
18.98725
18.99866
19.00975
19.02122
19.03205
19.04332
19.05469
19.0656
19.07679
19.088
19.09928
19.11039
19.12214
19.13352
19.1438
19.15543
19.16605
19.17758
19.18874
19.19959
19.21092
19.22255
19.23302
19.24424
19.25574
19.26668
19.27769
19.28933
19.30003
19.31127
19.32278
19.33436
19.34491
19.36037
19.37107
19.38173
19.39184
19.40247
19.41225
19.42207
19.43162
19.44162
19.45242
19.46351
19.4749
19.48614
19.49708
19.50838
19.51948
19.53056
19.54189
19.5529
19.56411
19.57577
19.58708
19.59775
19.60898
19.61991
19.63124
19.64364
19.65357
19.6647
19.67602
19.68699
19.69951
19.70934
19.72036
19.73166
19.74416
19.75515
19.76578
19.77723
19.78853
19.79998
19.81116
19.82275
19.83396
19.84532
19.85685
19.86791
19.87933
19.89095
19.90208
19.91368
19.92502
19.93625
19.94773
19.95919
19.97041
19.98174
19.99268
20.00412
20.01504
20.02643
20.03803
20.04851
20.05985
20.07111
20.08197
20.0934
20.10482
20.1161
20.12698
20.13804
20.14937
20.16026
20.17173
20.18246
20.19393
20.20656
20.21642
20.22756
20.23878
20.24962
20.26093
20.2726
20.28301
20.29446
20.30613
20.31659
20.32767
20.33934
20.34994
20.36129
20.37276
20.38362
20.39477
20.40631
20.42208
20.43248
20.44282
20.45258
20.46215
20.47251
20.48229
20.49251
20.50212
20.51334
20.52455
20.53573
20.54684
20.55854
20.56923
20.58037
20.59172
20.60312
20.61376
20.62523
20.63611
20.64744
20.65853
20.6696
20.68102
20.69217
20.7033
20.71464
20.72587
20.7371
20.74818
20.76507
20.77525
20.78485
TARGET DESTROYED 
20.79496
20.80883
20.81849
20.82822
20.83787
20.84877
20.86
20.87143
20.88256
20.8937
20.90535
20.92166
20.93301
20.94284
20.95238
20.96201
20.97225
20.98193
20.99302
21.00456
21.01626
21.02654
21.03805
21.04884
21.06048
21.07258
21.08235
21.09358
21.10533
21.11597
21.12802
21.13834
21.14941
21.16049
21.17206
21.18432
21.19417
21.20548
21.21678
21.22764
21.23956
21.25067
21.26107
21.27231
21.28362
21.29518
21.3074
21.3177
21.32925
21.34062
21.35198
21.36343
21.37535
21.38626
21.39773
21.40914
21.42049
21.43192
21.4434
21.45486
21.46613
21.47733
21.48941
21.50018
21.51177
21.52786
21.53752
21.54834
21.5579
21.56737
21.57749
21.58706
21.59687
21.60828
21.61932
21.63057
21.64178
21.65276
21.66405
21.67555
21.68657
21.69761
21.70864
21.71974
21.73116
21.74228
21.75344
21.76459
21.77603
21.78705
21.79807
21.80936
21.8203
21.83165
21.84335
21.8539
21.86504
21.87654
21.88754
21.89853
21.91064
21.92165
21.93263
21.94412
21.95583
21.96693
21.97821
21.98985
22.00129
22.01237
22.02395
22.03536
22.04653
22.05814
22.06932
22.08062
22.09236
22.10318
22.11455
22.1263
22.13754
22.1485
22.16006
22.17097
22.18198
22.19332
22.20473
22.21568
22.22688
22.23911
22.24915
22.26037
22.27161
22.28271
22.29478
22.30553
22.31657
22.32759
22.33908
22.35134
22.36167
22.37226
22.38306
22.39428
22.40574
22.41654
22.42763
22.43942
22.44993
22.4614
22.47375
22.48354
22.49474
22.5061
22.51684
22.52829
22.53953
22.5504
22.56173
22.57323
22.58402
22.59527
22.60667
22.61748
22.629
22.64459
22.65449
22.66436
22.67415
22.68438
22.69491
22.70474
22.71517
22.7263
22.73746
22.74846
22.76006
22.7709
22.78233
22.79336
22.8046
22.81571
22.82696
22.83828
22.84921
22.86028
22.87181
22.88262
22.89381
22.90523
22.91654
22.92732
22.93892
22.94959
22.96087
22.972
22.98325
22.99424
23.00585
23.01652
23.02805
23.03946
23.05062
23.06198
23.07357
TARGET DESTROYED 
23.08474
23.09936
23.11648
23.12783
23.13772
23.14882
23.16013
23.17129
23.18222
23.19355
23.20506
23.21608
23.22708
23.23859
23.24957
23.26065
23.27192
23.28297
23.29431
23.30566
23.31625
23.32767
23.33917
23.3498
23.36094
23.37269
23.38349
23.39485
23.40628
23.41716
23.42813
23.4394
23.45032
23.46154
23.47304
23.48387
23.49529
23.50624
23.51737
23.52861
23.53979
23.55103
23.56259
23.57358
23.58492
23.59627
23.60811
23.61927
23.63072
23.64242
23.65399
23.66524
23.67675
23.68843
23.69954
23.71133
23.72317
23.73417
23.74547
23.75709
23.76811
23.78352
23.79402
23.80329
23.81312
23.82355
23.8328
23.84387
23.85584
23.86605
23.87752
23.88881
23.8997
23.91093
23.9235
23.93543
23.94495
23.95585
23.96659
23.97888
23.98928
24.00015
24.0114
24.02274
24.03388
24.04491
24.05638
24.06726
24.07831
24.08968
24.10074
24.11188
24.12321
24.13429
24.14571
24.15703
24.16825
24.17949
24.19115
24.20224
24.21344
24.22518
24.23624
24.24751
24.25857
24.27019
24.28131
24.29303
24.30386
24.31529
24.32673
24.33818
24.34909
24.36023
24.37132
24.38248
24.39386
24.40531
24.41631
24.42728
24.43871
24.44959
24.46095
24.47248
24.48334
24.4943
24.506
24.51643
24.52773
24.53925
24.54992
24.56126
24.57279
24.58385
24.5947
24.60625
24.6169
24.62823
24.63941
24.65061
24.6619
24.67323
24.684
24.69517
24.70657
24.71763
24.72905
24.74017
24.751
24.76217
24.77361
24.78466
24.79578
24.80719
24.81817
24.82924
24.84057
24.85146
24.86275
24.87397
24.88554
24.8963
24.90754
24.91861
24.93015
24.94139
24.95203
24.96345
24.97644
24.98588
24.99681
25.01164
25.02117
25.0311
25.04041
25.05054
25.0619
25.0732
25.08434
25.09533
25.10669
25.11809
25.12977
25.14021
25.15123
25.16227
25.1739
25.18475
25.19615
25.20716
25.21815
25.2295
25.24073
25.25164
25.26292
25.27428
25.28551
25.29637
25.30782
25.31866
25.32993
25.34145
25.35219
25.36347
25.37495
25.38633
25.39756
25.40867
25.42007
25.43124
25.44302
25.45426
25.46563
25.47665
25.48832
25.49906
25.51059
25.52224
25.53297
25.54432
25.55597
25.56642
25.57782
25.58914
25.60021
25.61113
25.62251
25.63347
25.64589
25.65617
25.66689
25.67812
25.68958
25.70169
25.71173
25.72318
25.73408
25.74533
25.75809
25.76818
25.77886
25.79035
25.80099
25.8128
25.8237
25.83502
25.84569
25.85718
25.86862
25.87907
25.89088
25.90479
25.91468
25.92432
25.93394
25.94532
25.95632
25.96723
25.97849
25.98971
26.00071
26.01194
26.02348
26.03448
26.04557
26.05673
26.06783
26.07902
26.09031
26.10131
26.11245
26.12377
26.13475
26.14599
26.1573
26.16836
26.17943
26.19107
26.20178
26.21721
26.22798
26.23751
26.24759
26.25738
26.26779
26.27889
26.29578
26.30524
26.31516
26.32517
26.33478
26.34481
26.35592
26.36688
26.37833
26.38948
26.40101
26.41169
26.42315
26.43417
26.44521
26.45666
26.4676
26.47868
26.4901
26.50095
26.5121
26.52355
26.5349
26.54576
26.5574
26.56813
26.5792
26.59045
TARGET DESTROYED 
26.60156
26.62575
26.63558
26.64588
26.65632
26.66766
26.67878
26.69019
26.70939
26.7201
26.73009
26.73949
26.74888
26.75933
26.76873
26.77941
26.79062
26.80149
26.81279
26.82463
26.83506
26.84637
26.85796
26.86859
26.87961
26.89115
26.90223
26.91315
26.92473
26.93568
26.94682
26.95855
26.96915
26.98009
26.99188
27.00282
27.01374
27.02547
27.0361
27.04745
27.0586
27.06967
27.08074
27.09196
27.10311
27.11428
27.12599
27.13788
27.14844
27.16019
27.17155
27.18282
27.19439
27.20602
27.21731
27.22869
27.24077
27.25142
27.26285
27.27466
27.28578
27.29749
27.30844
27.32375
27.33343
27.34301
27.35262
27.36336
27.37452
27.38584
27.39681
27.40865
27.42
27.43036
27.44181
27.45281
27.46425
27.47569
27.48617
27.49843
27.5087
27.51965
27.53095
27.54216
27.55474
27.56434
27.57623
27.58652
27.59808
27.60913
27.62016
27.63147
27.64247
27.65371
27.66478
27.67609
27.6885
27.69874
27.70996
27.72154
27.73245
27.74403
27.75556
27.76631
27.77755
27.78949
27.80022
27.81167
27.82305
27.83385
27.84511
27.85666
27.86744
27.8786
27.89006
27.90097
27.91214
27.92348
27.93453
27.94586
27.95703
27.96833
27.97911
27.99062
28.00172
28.01259
28.02397
28.03517
28.04627
28.06104
28.07146
28.08108
28.09085
28.10124
28.11214
28.1235
28.13453
28.14584
28.15719
28.17092
