0.02
0.04
0.14
0.1816109
0.1945209
0.2060865
0.2177845
0.2283915
0.2401043
0.2506689
0.26171
0.2720529
0.281352
0.2920318
0.3029112
0.3117807
0.3217512
0.3311106
0.3425889
0.3535475
0.3646793
0.3768127
0.3876259
0.398162
0.4094324
0.4205043
0.4316213
0.4431359
0.4541035
0.4651644
0.4800502
0.4900188
0.4993404
0.5101992
0.5209499
0.5321064
0.543304
0.5547338
0.5657312
0.5768146
0.588016
0.5996172
0.6104962
0.6216097
0.6328231
0.6440152
0.6550983
0.6662721
0.6775233
0.6887093
0.6996256
0.7109168
0.7224233
0.7333739
0.7445298
0.7560399
0.7666652
0.7779564
0.789403
0.8002894
0.8114562
0.8227398
0.8336984
0.8450384
0.8564336
0.867775
0.878458
0.8937114
0.904841
0.9507211
0.9608094
0.9703822
0.9794939
0.9959318
1.008591
1.01841
1.027959
1.038021
1.047036
1.057201
1.068721
1.079665
1.090921
1.102363
1.112984
1.124557
1.137092
1.147549
1.157753
1.169708
1.18008
1.191156
1.202533
1.213653
1.225
1.236065
1.247038
1.25851
1.269921
1.280542
1.291705
1.303223
1.31422
1.3253
1.336645
1.34762
1.358722
1.370179
1.381235
1.392248
1.403891
1.414816
1.425796
1.436906
1.448101
1.459266
1.470483
1.481685
1.492914
1.504112
1.515245
1.526419
1.537796
1.548785
1.559732
1.574262
1.58344
1.593507
1.605937
1.618247
1.630293
1.641733
1.653411
1.664099
1.678996
1.697806
1.708332
1.717719
1.728072
1.738473
1.749681
1.76122
1.772164
1.78317
1.794342
1.805604
1.816749
1.828347
1.839167
1.850203
1.861542
1.872703
1.88414
1.894903
1.906063
1.917561
1.928366
1.939929
1.950964
1.961939
1.973071
1.984384
1.995319
2.011872
2.023172
2.034455
2.044628
2.055088
2.066295
2.078189
2.088704
2.098662
2.109243
2.12
2.129596
2.140664
2.151887
2.162913
2.175056
2.187878
2.200247
2.212196
2.223627
2.235211
2.244687
2.254743
2.265149
2.276279
2.287547
2.298645
2.309747
2.321147
2.340819
2.351376
2.361472
2.372578
2.382603
2.393801
2.403991
2.414403
2.42548
2.436297
2.446906
2.458
2.468576
2.478654
2.490491
2.501544
2.512512
2.523057
2.534058
2.54478
2.55557
2.566026
2.576412
2.587384
2.598597
2.610689
2.62196
2.63229
2.643252
2.654712
2.666467
2.678186
2.69002
2.70068
2.711243
2.72275
2.733826
2.744378
2.758728
2.773017
2.787441
2.80264
2.814051
2.826005
2.837042
2.848274
2.859079
2.869929
2.880971
2.891842
2.902812
2.914072
2.925257
2.936329
2.9475
2.958394
2.969982
2.980946
2.996854
3.00902
3.020422
3.031331
3.043384
3.055135
3.065891
3.07726
3.088926
3.101441
3.112622
3.124391
3.135
3.146149
3.157615
3.169034
3.18008
3.191062
3.202256
3.213297
3.22489
3.235778
3.246855
3.257942
3.26932
3.280439
3.292162
3.304058
3.31523
3.327051
3.338563
3.3494
3.360687
3.372329
3.38306
3.394619
3.406223
3.41716
3.428133
3.439629
3.450363
3.461318
3.472802
3.48346
3.494934
3.506535
3.517817
3.528428
3.539149
3.549448
3.559793
3.571071
3.582401
3.59415
3.605513
3.620159
3.630323
3.641374
3.652015
3.669635
3.68137
3.693479
3.704825
3.7156
3.726884
3.738018
3.749388
3.760438
3.77212
3.783192
3.794214
3.806181
3.817101
3.82812
3.838879
3.849748
3.86101
3.871952
3.883892
3.894443
3.905863
3.916628
3.931335
3.942906
3.954468
3.965768
3.977378
3.989034
3.999967
4.011511
4.023805
4.035371
4.047617
4.059386
4.070836
4.082155
4.093472
4.106021
4.117985
4.129054
4.140271
4.151949
4.163101
4.175035
4.186074
4.197307
4.208567
4.219807
4.230955
4.242483
4.254426
4.265473
4.276816
4.287964
4.298826
4.309981
4.32162
4.333478
4.349654
4.361121
4.372772
4.384386
4.396027
4.408736
4.419852
4.431207
4.442505
4.45314
4.464534
4.475685
4.487103
4.498459
4.510143
4.521649
4.532612
4.544375
4.556951
4.568143
4.579823
4.590994
4.60247
4.613954
4.625153
4.636645
4.647786
4.659645
4.672014
4.683033
4.69459
4.706807
4.718051
4.729955
4.741477
4.752617
4.764503
4.776738
4.788307
4.799222
4.810529
4.822029
4.833327
4.844871
4.856421
4.867343
4.878605
4.890728
4.9019
4.914004
4.925706
4.937243
4.948656
4.959997
4.972093
4.983051
4.994645
5.007034
5.018564
5.035326
5.047072
5.058949
5.070122
5.081565
5.092963
5.104868
5.115893
5.127406
5.139353
5.150416
5.161519
5.173797
5.185528
5.197018
5.208271
5.219755
5.231984
5.24391
5.257041
5.268463
5.27952
5.29142
5.302485
5.313563
5.324681
5.336398
5.34768
5.359025
5.370169
5.381544
5.393714
5.40512
5.416087
5.427233
5.438307
5.448656
5.461257
5.473583
5.48497
5.495963
5.506892
5.521237
5.531577
5.542253
5.552787
5.563143
5.574237
5.584806
5.595802
5.606678
5.621768
5.633449
5.645172
5.656766
5.668072
5.679226
5.693943
5.710952
5.723083
5.734247
5.745544
5.757832
5.768962
5.781193
5.793308
5.805448
5.816703
5.828479
5.840783
5.851844
5.863616
5.875028
5.886377
5.898539
5.910348
5.922377
5.933538
5.944998
5.95721
5.969716
5.981138
5.992295
6.003817
6.015271
6.027826
6.039881
6.050631
6.061462
6.073981
6.085266
6.09765
6.10905
6.121221
6.132722
6.144554
6.156172
6.167906
6.179774
6.191329
6.202652
6.214407
6.225675
6.237772
6.249496
6.261559
6.274303
6.28528
6.29709
6.308508
6.320005
6.331692
6.343379
6.355417
6.366023
6.37742
6.395899
6.407726
6.418824
6.430471
6.441891
6.452989
6.464717
6.476175
6.48793
6.49939
6.511022
6.522679
6.533597
6.546019
6.558399
6.570653
6.582986
6.595018
6.607395
6.619995
6.632681
6.644974
6.657556
6.669575
6.681514
6.693015
6.705264
6.716163
6.727439
6.740002
6.75105
6.763005
6.774187
6.785312
6.796609
6.808552
6.821174
6.83276
6.844001
6.856085
6.866938
6.878439
6.890121
6.901446
6.912785
6.924333
6.936498
6.947937
6.959449
6.971642
6.983529
6.995098
7.007779
7.019285
7.031402
7.042555
7.053596
7.064163
7.075338
7.086689
7.097537
7.108426
7.121262
7.13764
7.149549
7.161389
7.173047
7.184516
7.196312
7.208348
7.22008
7.231883
7.243453
7.255587
7.268054
7.279803
7.291316
7.302119
7.31411
7.325284
7.33665
7.34825
7.35992
7.371538
7.382474
7.394925
7.407146
7.419098
7.431042
7.442545
7.454781
7.466338
7.477995
7.49131
7.502436
7.513714
7.524951
7.535865
7.54695
7.558107
7.569806
7.580427
7.59162
7.603107
7.613959
7.629443
7.641114
7.65236
7.66349
7.675363
7.687909
7.699864
7.71153
7.723329
7.734775
7.746529
7.758018
7.774516
7.786807
7.798456
7.809743
7.821493
7.832621
7.844269
7.856353
7.867509
7.879113
7.891105
7.902164
7.913628
7.924903
7.936123
7.948971
7.9605
7.972147
7.983273
7.995308
8.008782
8.020921
8.032752
8.044674
8.056805
8.068091
8.080003
8.091652
8.103858
8.115675
8.127833
8.139588
8.151139
8.162751
8.174358
8.185809
8.197575
8.209712
8.222596
8.235047
8.247235
8.258915
8.270917
8.281759
8.292817
8.304781
8.315166
8.326087
8.33747
8.348402
8.359483
8.370865
8.382115
8.394397
8.406328
8.419052
8.430479
8.441098
8.457438
8.468795
8.479943
8.491727
8.502736
8.51384
8.525392
8.537343
8.548223
8.559201
8.570291
8.581608
8.59273
8.604335
8.615479
8.626878
8.637721
8.647915
8.659105
8.669677
8.679876
8.691205
8.701998
8.712771
8.727739
8.739936
8.750557
8.761708
8.772851
8.783596
8.795357
8.806804
8.817442
8.828691
8.839849
8.850939
8.862217
8.873379
8.884765
8.89605
8.907637
8.919057
8.930414
8.941694
8.955227
8.966586
8.977879
8.989088
8.999667
9.01096
9.022559
9.033552
9.045306
9.05656
9.0675
9.078693
9.089849
9.100963
9.112507
9.123697
9.139823
9.151636
9.163445
9.174749
9.18568
9.197298
9.208586
9.219944
9.231541
9.242868
9.254438
9.265184
9.27608
9.287636
9.298827
9.310377
9.322079
9.334432
9.346066
9.357607
9.36845
9.379354
9.391389
9.403225
9.414433
9.425201
9.436715
9.447573
9.45912
9.470995
9.48197
9.493961
9.511683
9.524225
9.535794
9.546367
9.557652
9.569577
9.580349
9.591215
9.602169
9.613265
9.628225
9.639977
9.651366
9.662598
9.674064
9.685454
9.697037
9.709332
9.721364
9.732397
9.743634
9.755736
9.767031
9.778373
9.789817
9.801552
9.818019
9.829581
9.841114
9.85238
9.86397
9.875075
9.887114
9.898095
9.909852
9.921689
9.933397
9.944443
9.955897
9.966861
9.978966
9.990718
10.00208
10.01391
10.02579
10.03813
10.04895
10.05994
10.07137
10.0827
10.09387
10.10532
10.11639
10.12778
10.13919
10.15087
10.16243
10.17381
10.18523
10.19663
10.20803
10.21889
10.22981
10.24107
10.25216
10.26408
10.275
10.28538
10.29653
10.30708
10.31703
10.32812
10.33955
10.35075
10.36163
10.37346
10.38486
10.39686
10.40768
10.41793
10.42915
10.44016
10.45166
10.46303
10.47654
10.49498
10.50753
10.51827
10.52923
10.54053
10.55186
10.56276
10.58222
10.59427
10.60683
10.62036
10.63396
10.64622
10.65836
10.67131
10.68428
10.69787
10.71045
10.72377
10.73586
10.74783
10.76078
10.77441
10.78675
10.79919
10.81141
10.82401
10.83609
10.8492
10.86147
10.8749
10.88713
10.89952
10.91222
10.92513
10.93769
10.94967
10.96206
10.97466
10.98763
10.99952
11.01198
11.02462
11.03717
11.04974
11.06235
11.07521
11.08791
11.09956
11.1121
11.12398
11.1359
11.14795
11.16013
11.17257
11.18527
11.19788
11.20994
11.22217
11.23374
11.24541
11.25788
11.26975
11.28768
11.30076
11.31315
11.32539
11.33874
11.35086
11.36354
11.37584
11.38889
11.40096
11.41288
11.4248
11.4367
11.44874
11.46084
11.47347
11.48571
11.49876
11.51089
11.52389
11.53528
11.54621
11.55709
11.56821
11.57913
11.59035
11.60201
TARGET DESTROYED 
11.61266
11.63391
11.64625
11.65759
11.6691
11.67974
11.69175
11.70404
11.71598
11.73033
11.74146
11.75292
11.76363
11.7757
11.78722
11.79772
11.80865
11.81979
11.83023
11.8413
11.85261
11.86362
11.87474
11.88596
11.89731
11.90802
11.9317
11.94361
11.95562
11.97122
11.98207
11.99383
12.00602
12.01643
12.02714
12.03801
12.04926
12.05998
12.07204
12.08248
12.09711
12.10812
12.11841
12.12978
12.1404
12.15103
12.16211
12.17308
12.18354
12.1948
12.20562
12.21594
12.22695
12.23834
12.24949
12.26059
12.27223
12.28282
12.2941
12.3076
12.31864
12.32986
12.34051
12.35114
12.36212
12.37291
12.38498
12.39638
12.40789
12.41888
12.42941
12.44056
12.45077
12.46159
12.47326
12.48382
12.49583
12.50785
12.51898
12.52968
12.54142
12.55366
12.56487
12.57663
12.58834
12.59982
12.61102
12.62263
12.63928
12.65054
12.66147
12.67261
12.68426
TARGET DESTROYED 
12.69612
12.71146
12.72329
12.73408
12.74603
12.75687
12.76719
12.77854
12.79009
12.80197
12.81453
12.82581
12.83718
12.84739
12.85802
12.86904
12.87979
12.89082
12.90263
12.91359
12.92489
12.93594
12.94718
12.95784
12.96861
12.97963
12.99028
13.00112
13.01227
13.02393
13.03464
13.04711
13.05947
13.07214
13.08478
13.09693
13.10988
13.12226
13.1347
13.14683
13.1595
13.17159
13.18375
13.19594
13.20887
13.221
13.23321
13.24578
13.25839
13.27147
13.28354
13.29587
13.30814
13.32552
13.33835
13.35005
13.36272
13.37493
13.38755
13.39989
13.41164
13.42456
13.43619
13.44898
13.46181
13.47469
13.48681
13.49957
13.5119
13.52353
13.53488
13.54744
13.55936
13.57176
13.58377
13.59521
13.60676
13.62295
13.63531
13.64679
13.65841
13.66983
13.68152
13.6937
13.70621
13.71834
13.73621
13.74962
13.76259
13.77492
13.78777
13.80143
13.81415
13.82705
13.84062
13.85351
13.86611
13.87921
13.89191
13.90456
13.91716
13.9303
13.94289
13.95686
13.96941
13.98204
13.99448
14.00771
TARGET DESTROYED 
14.02082
14.04507
14.06036
14.07479
14.08755
14.09992
14.11276
14.1255
14.1381
14.15007
14.16307
14.17551
14.18834
14.20076
14.21349
14.226
14.23965
14.25194
14.26467
14.27764
14.29158
14.30484
14.31695
14.33017
14.34278
14.35679
14.37068
14.38305
14.39658
14.40916
14.42187
14.43499
14.44773
14.46062
14.47366
14.48609
14.49937
14.51255
14.5252
14.53857
14.55058
14.56363
14.57618
14.58925
14.60247
14.61519
14.6278
14.64088
14.65316
14.6658
14.67834
14.69111
14.70208
14.71346
14.72506
14.73631
14.75243
14.76393
14.77657
14.78824
14.79893
14.81008
14.82193
14.83268
14.84451
14.856
14.86718
14.87871
14.8903
14.90179
14.91307
14.92422
14.93567
14.94715
14.95853
14.96966
14.98133
14.99253
15.00371
15.01476
15.02588
15.03733
15.0477
15.06007
15.07134
15.08236
15.09402
15.10543
15.11625
15.12789
15.13981
15.15104
15.16247
15.17423
15.18539
15.19628
15.20801
15.22088
15.23164
15.24317
15.25446
15.26536
15.27632
15.28918
15.3012
15.31335
15.32577
15.33891
15.35096
15.36396
15.37607
15.38985
15.40217
15.41565
15.42773
15.4463
15.45979
15.47214
15.48743
15.50027
15.51288
15.52426
15.53579
15.54744
15.55921
15.57123
15.58263
15.59466
15.60619
15.62177
15.63381
15.64596
15.65807
15.67011
15.68205
15.69488
15.70842
15.72059
15.73353
TARGET DESTROYED 
15.74617
15.7638
15.7773
15.79216
15.80609
15.81786
15.83012
15.84239
15.8549
15.86694
15.87897
15.89067
15.90247
15.91431
15.92837
15.94242
15.95673
15.97067
15.98318
15.99555
16.00979
16.02261
16.03411
16.04651
16.05869
16.07054
16.08227
16.09424
16.10662
16.11847
16.1305
16.14242
16.15981
16.17233
16.18432
16.19629
16.20837
16.22097
16.23307
16.2443
16.25564
16.26631
16.27754
16.28887
16.29984
16.31085
16.32206
16.33247
16.34364
16.35526
16.36585
16.3768
16.38896
16.39968
16.4105
16.42129
16.43244
16.44359
16.45456
16.4651
16.47601
16.48755
16.49879
16.50971
16.52111
16.53145
16.54325
16.55438
16.565
16.57571
16.58676
16.59718
16.60834
16.6197
16.63066
16.64168
16.65376
16.66483
16.67576
16.68651
16.69777
16.71531
16.72633
16.73904
16.75096
16.76233
16.77357
16.78432
16.79549
16.80679
16.81809
16.83414
16.84535
16.85746
16.86894
16.88038
16.892
16.90345
16.91454
16.92597
16.93744
16.94867
16.95981
16.97216
16.98304
16.99492
17.00934
17.02096
17.03162
17.04255
17.05299
17.06385
17.07524
17.08625
TARGET DESTROYED 
17.09714
17.11232
17.12501
17.13701
17.14853
17.16055
17.17463
17.18722
17.19893
17.21066
17.22236
17.23484
17.24686
17.25962
17.2715
17.28301
17.29512
17.30682
17.31865
17.33069
17.34293
17.35487
17.36588
17.37804
17.39114
17.40355
17.41531
17.42723
17.43957
17.45108
17.46312
17.47493
17.48697
17.49918
17.51551
17.52757
17.53972
17.5507
17.56217
17.57348
17.58484
17.59605
17.60754
17.6232
17.63557
17.64764
17.65929
17.67191
17.68403
17.6958
17.70831
17.72049
17.73187
17.74365
17.75694
17.76823
17.78027
17.79213
17.80447
17.81659
17.82837
17.84054
17.85248
17.86424
17.87596
17.88854
17.89993
17.91145
17.92377
17.93546
17.9476
17.95964
17.97165
17.98348
17.99577
18.00851
18.02004
18.03189
18.04401
18.05654
18.06938
18.08105
18.09276
18.10446
18.1164
18.12826
18.14105
18.15269
18.16442
18.17675
18.18927
18.2006
18.21758
18.23042
18.24165
18.25352
18.26605
18.27762
18.29012
18.30226
18.31459
18.32608
18.33778
18.34961
18.36228
18.37488
18.38745
18.39904
18.41115
18.42303
18.43457
18.4467
18.45807
18.4706
18.48238
18.49433
18.50657
18.5181
18.52958
18.54133
18.55387
18.56507
18.5773
18.58964
18.60203
18.61364
18.62551
18.63733
18.65001
18.66239
18.67399
18.68628
18.69754
18.70902
18.72138
18.73311
18.74636
18.7586
18.77045
18.78171
18.79384
18.80612
18.81729
18.82903
18.84105
18.85247
18.86374
18.87532
18.88818
18.90464
18.91645
18.92908
18.94096
18.95292
18.9646
18.97645
18.98846
19.00019
19.0125
19.02528
19.03705
19.04897
19.06111
19.07369
19.086
19.09723
19.1091
19.12139
19.13289
19.14499
19.15675
19.16904
19.1803
19.19214
19.20447
19.21575
19.22774
19.24019
19.25289
19.26469
19.27715
19.28973
19.30258
19.3154
19.32787
19.34017
19.35264
19.36473
19.37743
19.39098
19.40414
19.41614
19.42881
19.44079
19.45349
19.46605
19.47901
19.49199
TARGET DESTROYED 
19.505
19.52389
19.53773
19.55023
19.56188
19.57351
19.58506
19.59679
19.60881
19.62842
19.64055
19.652
19.66249
19.67356
19.68525
19.69593
19.70717
19.71796
19.72897
19.73988
19.75158
19.76208
19.77361
19.78498
19.79572
19.80687
19.81863
19.82943
19.84049
19.85186
19.86249
19.87372
19.88484
19.89554
19.90668
19.91763
19.92842
19.93949
19.94996
19.96181
19.97299
19.98331
19.99504
20.00571
20.01669
20.0279
20.03933
20.05103
20.06189
20.0736
20.08432
20.11836
20.12998
20.14115
20.1538
20.16486
20.17663
20.18762
20.19872
20.21026
20.22079
20.23124
20.24233
20.25379
20.26447
20.27613
20.28751
20.30299
20.31425
20.32535
20.33659
20.34753
20.3586
20.37017
20.38213
20.39453
20.40588
20.41739
20.42882
20.43987
20.45087
20.46119
20.47228
20.48272
20.49389
20.50488
20.51574
20.52658
20.53847
20.54981
20.56066
20.57134
20.58195
20.59358
20.60448
20.61597
20.62701
20.63836
20.64899
20.66032
20.67142
20.68267
20.69423
20.70552
20.71628
20.72761
20.73887
20.74998
20.76081
20.77264
20.78341
20.79459
20.8063
20.81749
20.82891
20.84073
20.85258
20.86364
20.87539
20.88714
20.89815
20.9099
20.92153
20.93254
20.94469
20.95578
20.97122
20.98201
20.9929
21.00405
21.0144
21.02521
21.03588
21.04605
21.05689
21.06722
21.07835
21.08947
21.10044
21.11192
21.12294
21.1334
21.14446
21.15589
21.16646
21.17853
21.18946
21.19982
21.21076
21.22141
21.23153
21.24288
21.25373
21.26399
21.27474
21.28664
21.29714
21.3083
21.31953
21.33055
21.34177
21.35313
21.36418
21.37537
21.38758
21.39844
21.40924
21.42131
21.43378
21.44609
21.4581
21.47265
21.48773
21.50379
21.51888
21.5331
21.54851
21.56302
21.57719
21.59093
21.6049
21.61907
21.63795
21.6525
21.6726
21.68814
21.70138
21.71599
21.73008
21.75337
21.76927
21.78585
21.8052
21.82407
21.84472
21.86929
21.89424
21.91534
21.93414
21.95392
21.97424
21.99454
22.01551
22.0347
22.05663
22.07896
22.10135
22.1239
22.14607
22.16855
22.19118
22.21303
22.23568
22.25789
22.2799
22.30247
22.32494
22.34758
22.37039
22.39175
22.41416
22.43697
22.45907
22.48117
22.50361
22.52587
22.5481
22.5708
22.59321
22.61518
22.63748
22.6599
22.68211
22.7046
22.7268
22.74008
22.75366
22.76612
22.77906
22.79248
22.80491
22.81689
22.82836
22.83914
22.85
22.86123
22.87239
22.88328
22.89445
22.90601
22.91645
22.92792
22.93909
22.95023
22.96279
22.9742
22.98487
22.99666
23.00876
23.02004
23.03118
23.04271
23.05406
23.06459
23.07599
23.08772
23.09863
23.11043
23.12154
23.1334
TARGET DESTROYED 
23.14477
23.16045
23.17222
23.18274
23.19408
23.20518
23.21608
23.22713
23.23837
23.24938
23.26108
23.27198
23.28249
23.29924
23.31255
23.32498
23.3392
23.3526
23.36532
23.37893
23.39352
23.4072
23.42006
23.4367
23.45221
23.46711
23.48071
23.4964
23.51218
23.52676
23.54091
23.55517
23.56736
23.57986
23.59255
23.60509
23.61919
23.63836
23.65381
23.66759
23.68196
23.6962
23.71044
23.7251
23.74013
23.75536
23.77053
23.78291
23.79581
23.80878
23.82139
23.83328
23.84619
23.85851
23.87189
23.88508
23.89774
23.91054
23.9232
23.9359
23.94804
23.96148
23.97399
23.98667
23.99945
24.01253
24.02494
24.03815
24.05628
24.06889
24.08015
24.09207
24.10502
24.11645
24.12815
24.14008
24.15676
24.17186
24.18773
24.20436
24.22152
24.23777
24.25389
24.26979
24.28584
24.30141
24.31703
24.33626
24.35215
24.3684
24.38505
24.40265
24.4185
24.43445
24.45036
24.46217
24.47345
24.48547
24.49797
24.51059
24.52326
24.53608
24.54782
24.56004
24.57179
24.58293
24.5958
24.60778
24.61987
24.63509
24.64789
24.6604
24.67226
24.6839
24.69605
24.70781
24.72275
