0.02
0.04
0.14
0.1759612
0.1928713
0.2027559
0.2122077
0.2224843
0.2336976
0.2448477
0.2561158
0.2669769
0.2783942
0.2898513
0.300698
0.3119787
0.3229963
0.3342417
0.3454441
0.3566025
0.3677799
0.3791533
0.390144
0.4010991
0.4137309
0.423243
0.4347874
0.4464139
0.4614753
0.4711968
0.4815276
0.4915488
0.5021247
0.5132858
0.5239489
0.5351991
0.5465783
0.5576928
0.5688778
0.5802121
0.5911363
0.6022326
0.6134648
0.6244462
0.6358825
0.647014
0.658124
0.6690987
0.6806148
0.6916671
0.7026731
0.7139266
0.7252123
0.7362412
0.7475991
0.7586834
0.7698079
0.7811351
0.7919714
0.8030734
0.814603
0.8254545
0.8368096
0.8482057
0.8592413
0.8700334
0.8815024
0.8969467
0.9077097
0.9191815
0.9306611
0.9414988
0.9530249
0.9644204
0.9758146
0.9874738
0.9981524
1.009488
1.021344
1.032767
1.043426
1.053895
1.064996
1.076524
1.087597
1.098521
1.109642
1.12117
1.13228
1.143186
1.154419
1.165584
1.176807
1.188144
1.199278
1.21136
1.222405
1.232982
1.243724
1.256078
1.266462
1.277508
1.288472
1.303711
1.314275
1.324085
1.334313
1.344229
1.355026
1.365538
1.376138
1.386335
1.397538
1.409043
1.419754
1.430854
1.442302
1.453195
1.464702
1.475606
1.486872
1.498115
1.509389
1.520428
1.531635
1.542814
1.553724
1.565129
1.576644
1.587292
1.598668
1.609628
1.620848
1.632054
1.643123
1.654214
1.665594
1.676575
1.688062
1.699516
1.711967
1.72324
1.733287
1.744957
1.756325
1.767565
1.77899
TARGET DESTROYED 
1.789877
1.808418
1.819056
1.829812
1.839625
1.85027
1.868835
1.880095
1.889923
1.900158
1.909769
1.92077
1.931958
1.942509
1.953981
1.965122
1.97615
1.987363
1.998272
2.009713
2.021324
2.032057
2.042999
2.054911
2.065554
2.076801
2.092268
2.102307
2.112454
2.122755
2.132984
2.143723
2.155011
2.166208
2.177225
2.188425
2.199465
2.211107
2.221767
2.23296
2.243977
2.255899
2.266793
2.277731
2.288645
2.300117
2.311121
2.322523
2.333642
2.3451
2.355861
2.36703
2.378294
2.389528
2.400573
2.411881
2.423111
2.435126
2.446519
2.458372
2.46984
2.48184
2.492719
2.504992
2.515467
2.526878
2.53828
2.550068
2.56052
2.572455
2.583283
2.594935
2.606258
2.617465
2.630342
2.640488
2.651089
2.662902
2.673404
2.684872
2.696094
2.707216
2.718268
2.729623
2.741293
2.751657
2.763061
2.774141
2.785303
2.798026
2.80859
2.818723
2.830261
2.841276
2.85211
2.863598
2.874512
2.885864
2.897303
2.908054
2.919188
2.935023
2.945744
2.956361
2.967006
2.977101
2.987353
2.998106
3.008706
3.019163
3.028902
3.039349
3.049643
3.060194
3.071258
3.082548
3.093668
3.105026
3.116218
3.127252
3.138395
3.149668
3.160959
3.171922
3.183017
3.194872
3.205742
3.216577
3.227694
3.238933
3.25059
3.261454
3.272754
3.283784
3.294849
3.306222
3.317205
3.32845
3.339751
3.351132
3.363013
3.375296
3.386202
3.397352
3.408473
3.419401
3.430974
TARGET DESTROYED 
3.44198
3.458132
3.469732
3.481239
3.492363
3.503509
3.515639
3.526623
3.538083
3.549698
3.56282
3.573508
3.584834
3.602407
3.615103
3.625494
3.636542
3.647962
3.658698
3.670916
3.68247
3.692868
3.704399
3.716003
3.727061
3.738106
3.754621
3.766518
3.776887
3.789033
3.800877
3.811526
3.82354
3.835253
3.846134
3.85682
3.867999
3.879044
3.890326
3.901184
3.912516
3.92335
3.935078
3.946197
3.95717
3.968828
3.980138
3.990718
4.002167
4.013356
4.024554
4.035827
4.048559
4.059771
4.071248
4.083416
4.094628
4.1059
4.116885
4.127302
4.138256
4.149247
4.160343
4.171591
4.182759
4.193516
4.20574
4.216724
4.22811
4.239821
4.250813
4.261425
4.27285
4.284039
4.294565
4.305609
4.316525
4.32746
4.339084
4.350124
4.36112
4.37226
4.384303
4.395309
4.406589
4.417792
4.429826
4.440432
4.451451
4.462809
4.47366
4.485629
4.497114
4.508067
4.519886
4.530966
4.54204
4.553622
4.565061
4.575678
4.586971
4.603063
4.614627
4.625237
4.636986
4.648486
4.659395
4.671711
4.683052
4.693761
4.705001
4.716144
4.727179
4.738352
4.749644
4.760876
4.771469
4.782023
4.792364
4.802552
4.813221
4.824543
4.835618
4.846959
4.857807
4.869617
4.881062
4.891451
4.902558
4.915804
4.925984
4.936592
4.947536
4.958273
4.969551
4.981172
4.991864
5.003052
5.014622
5.025374
5.036767
5.048596
5.059116
5.070155
5.08142
5.092234
5.103534
5.115479
5.125966
5.138508
5.150144
5.161201
5.172811
5.184012
5.196045
5.207535
5.21879
5.230616
5.242037
5.25346
5.265225
5.276172
5.288132
5.299166
5.309582
5.320655
5.332025
5.344429
5.355474
5.366838
5.378563
5.389632
5.401026
5.413194
5.424538
5.440486
5.451703
5.463316
5.475242
5.486859
TARGET DESTROYED 
5.497994
5.515036
5.525697
5.536304
5.547288
5.558508
5.570011
5.581518
5.592717
5.604541
5.623677
5.636214
5.647556
5.658518
5.670417
5.681745
5.692846
5.704164
5.715919
5.727791
5.740511
5.751623
5.763016
5.773974
5.7857
5.79685
5.807661
5.818787
5.830046
5.84169
5.852705
5.863813
5.874976
5.886665
5.898545
5.909675
5.921256
5.933037
5.944985
5.956264
5.967705
5.979164
5.990489
6.001885
6.013667
6.024848
6.037364
6.048972
6.060399
6.071779
6.083855
6.094869
6.106104
6.11745
6.128675
6.139874
6.152013
6.163892
6.175989
6.187124
6.198255
6.209635
6.22208
6.233382
6.244379
6.25602
6.267303
6.2787
6.295238
6.306291
6.317617
6.328557
6.339605
6.350693
6.36197
6.373507
6.385104
6.396383
6.407928
6.418999
6.430308
6.4415
6.453107
6.464124
6.475573
6.487231
6.498539
6.511628
6.52371
6.534917
6.547536
6.558335
6.569406
6.581328
6.592432
6.603522
6.615333
6.626589
6.638143
6.649379
6.661145
6.67242
6.68417
6.69558
6.707526
6.71905
6.73041
6.742057
6.753901
6.765845
6.777532
6.789575
6.801456
6.812665
6.823884
6.835155
6.846925
6.858548
6.87013
6.882009
6.893167
6.905493
6.91824
6.930292
6.941917
6.953631
6.965255
6.976368
6.988209
6.999674
7.010972
7.022489
7.042633
7.055569
7.067192
7.078097
7.089556
7.101419
7.112181
7.123826
7.135135
7.146658
7.162745
7.173793
7.185568
7.196719
7.207498
7.218583
7.231645
7.242851
7.253993
7.265069
7.276498
7.287858
7.299621
7.310206
7.321328
7.333107
7.344091
7.355507
7.366642
7.379308
7.390815
7.40219
7.413533
7.424394
7.435519
7.447453
7.458837
7.470414
7.482947
7.494374
7.50541
7.516729
7.52806
7.539834
7.552278
7.563577
7.575019
7.586807
7.598465
TARGET DESTROYED 
7.610107
7.626726
7.639334
7.650847
7.661984
7.67337
7.684964
7.696383
7.707626
7.719016
7.729008
7.740245
7.750915
7.762436
7.778748
7.790589
7.801035
7.811126
7.821139
7.831492
7.841566
7.851595
7.862951
7.87358
7.88471
7.896471
7.907343
7.91969
7.930559
7.940689
7.952934
7.965147
7.977242
7.989629
8.007427
8.01989
8.032274
8.045488
8.058722
8.071946
8.084517
8.096931
8.108867
8.120961
8.133239
8.146048
8.158161
8.170328
8.183027
8.19497
8.207571
8.220111
8.23412
8.247555
8.25974
8.271823
8.283981
8.296723
8.308566
8.320487
8.334056
8.348372
8.362
8.375418
8.388715
8.402158
8.416117
8.429812
8.442664
8.455819
8.468505
8.481812
8.495745
8.509244
8.522089
8.535808
8.549812
8.563441
8.577173
8.590856
8.604258
8.618144
8.632127
8.645236
8.658257
8.673607
8.686175
8.700098
8.712901
8.725778
8.73865
8.752285
8.76557
8.778541
8.791997
8.804669
8.818055
8.83156
8.84474
8.858053
8.871031
8.883974
8.896151
8.908756
8.921105
8.933615
8.945596
8.957973
8.969933
8.988641
9.001158
9.013736
9.025589
9.038698
9.051282
9.063975
9.075951
9.088926
9.101177
9.114086
9.125958
9.13795
9.149903
9.162521
9.175217
9.187655
9.200148
9.21191
9.224256
9.236629
9.249786
9.26188
9.273953
9.286375
9.297202
9.307563
9.318111
9.330246
9.340464
9.351514
9.362469
9.373234
9.383943
9.394194
9.404292
9.415373
9.426822
9.437563
9.448609
9.460262
9.475086
9.486828
9.497975
9.508855
9.51929
9.530522
9.54082
9.552073
9.563029
9.573178
9.584719
9.596071
9.608047
9.619618
9.63136
9.643138
9.653647
9.664447
9.674361
9.684311
9.694443
9.706232
9.717663
9.729414
9.740631
9.752109
9.763906
9.774822
9.785988
9.797427
9.808232
9.819238
9.830887
9.850613
9.86051
9.875864
9.886311
9.896092
9.906711
9.918159
9.929199
9.94011
9.951453
TARGET DESTROYED 
9.962835
9.977675
9.987995
9.998182
10.00859
10.0188
10.03032
10.04066
10.05205
10.06361
10.07426
10.08557
10.09679
10.108
10.12504
10.13652
10.14672
10.15647
10.16661
10.17669
10.18764
10.19744
10.20813
10.21928
10.23121
10.24172
10.25328
10.26429
10.27545
10.28706
10.29797
10.30879
10.31985
10.33153
10.34245
10.35353
10.37031
10.38183
10.39241
10.4025
10.41266
10.4224
10.43331
10.4431
10.45403
10.46515
10.47655
10.48775
10.49911
10.51049
10.52187
10.53321
10.54461
10.55549
10.56647
10.57763
10.58907
10.59992
10.61142
10.62218
10.63335
10.64468
10.65578
10.66711
10.6788
10.6895
10.70505
10.71564
10.72595
10.73607
10.74604
10.75675
10.76867
10.77975
10.79098
10.80226
10.81401
10.82513
10.8363
10.84768
10.85844
10.86957
10.88112
10.89241
10.90328
10.91452
10.92586
10.93686
10.94795
10.95958
10.97018
10.98143
10.99256
11.00369
11.01499
11.02748
11.03759
11.04878
11.05949
11.07087
11.08225
11.09361
11.10495
11.11638
11.12797
11.13895
11.15039
11.16182
11.17286
11.18435
11.19602
11.20723
11.21823
11.22998
11.24091
11.25201
11.26371
11.27426
11.28558
11.29696
11.3077
11.31907
11.33044
11.34121
11.35248
11.36416
11.37532
11.38617
11.39755
11.4082
11.41958
11.43081
11.44196
11.45294
11.46433
11.47522
11.48669
11.49777
11.50883
11.52021
11.5312
11.54838
11.55861
11.56867
11.57908
11.58937
11.60028
11.6101
11.62012
11.63093
11.64077
11.65088
11.6606
11.67168
11.68268
11.69369
11.7051
11.71634
11.72761
11.73856
11.74986
11.76105
11.77199
11.78331
11.79456
11.80548
11.81682
11.82811
11.83924
11.85024
11.8615
11.87261
11.88364
11.89519
11.90627
11.91721
11.92949
11.93956
11.95067
11.96196
11.97328
11.9847
11.99635
12.00751
12.01893
12.03114
12.04201
12.05398
12.06464
12.07607
12.08759
12.09897
12.11033
12.12166
12.13316
12.14528
12.15641
12.16713
12.17914
12.19
12.20154
12.21292
12.22367
12.23493
12.24636
12.25741
12.26898
12.28077
12.29207
12.30294
12.31347
12.3241
12.33548
12.34682
12.35788
12.36898
12.38553
12.39591
12.40602
12.41669
12.427
12.43716
12.44739
12.45743
12.46757
TARGET DESTROYED 
12.47742
12.4919
12.50172
12.51228
12.52252
12.5327
12.54347
12.55509
12.56526
12.57635
12.58744
12.59879
12.61016
12.62718
12.63806
12.64876
12.65833
12.66866
12.67967
12.68938
12.69933
12.71037
12.72134
12.73267
12.74382
12.75489
12.76643
12.7777
12.78935
12.79962
12.81075
12.82206
12.83312
12.84471
12.85557
12.86683
12.87799
12.88908
12.90015
12.91138
12.92271
12.93374
12.94512
12.9561
12.96714
12.97859
12.98955
13.00064
13.0119
13.02305
13.03449
13.04737
13.05732
13.06968
13.08063
13.09275
13.10311
13.11551
13.12605
13.13772
13.14892
13.1603
13.17169
13.1832
13.19501
13.20605
13.21749
13.2292
13.24061
13.25617
13.26689
13.27785
13.28879
13.29874
13.3085
13.31841
13.32812
13.3382
13.34838
13.35803
13.36953
13.38061
13.39186
13.40308
13.414
13.42517
13.43639
13.44754
13.45866
13.46989
13.48173
13.49226
13.5034
13.51463
13.52599
13.53764
13.54938
13.55921
13.57161
13.5817
13.59255
13.60416
13.61519
13.62627
13.63733
13.64855
13.65968
13.67099
13.68233
13.69343
13.70543
13.7165
13.72777
13.73917
13.75078
13.76213
13.77334
13.78491
13.79675
13.80763
13.81943
13.83079
13.84221
13.85327
13.86576
13.87621
13.88842
13.89931
13.91051
13.92146
13.93286
13.94385
13.95512
13.96627
13.97741
13.98865
13.99991
14.01085
14.02237
14.03325
14.04527
14.05562
14.0673
14.07792
14.08928
14.10045
14.11169
14.12247
14.13381
14.1453
14.16019
14.1704
14.1808
14.19061
14.20136
14.21076
14.22096
14.2319
14.24292
14.25443
14.26551
14.2765
14.28863
14.29879
14.30997
14.32117
14.33258
14.3434
14.35475
14.36598
14.37719
14.38819
14.39948
14.41064
14.42172
14.43294
14.44399
14.45545
14.46699
14.4777
14.4892
14.50012
14.511
14.52253
14.53332
14.54515
14.55628
14.56768
14.579
14.59051
14.60152
14.61314
14.62389
14.63522
14.64717
14.65845
14.66928
14.68079
14.69195
14.70351
14.7152
14.73994
14.75081
14.76162
14.77245
14.78286
14.79355
14.80435
14.81499
14.82538
14.83562
14.84656
14.85641
14.86736
14.87755
14.88863
14.89948
14.91099
14.92226
14.93311
14.94433
14.95585
14.96671
14.97774
14.98892
15.00006
15.01131
15.02244
15.03375
15.04572
15.06177
15.07275
15.08364
15.0939
15.10466
15.11843
15.13142
15.14394
15.15656
15.16863
15.1811
15.1991
15.21145
15.22344
15.23609
15.24856
15.26081
15.27369
15.28698
15.29945
15.31114
TARGET DESTROYED 
15.32263
15.35123
15.36403
15.37678
15.38917
15.40175
15.41365
15.42576
15.44745
15.46002
15.47195
15.48341
15.49589
15.50772
15.51961
15.53184
15.54452
15.55679
15.56868
15.58148
15.59255
15.60444
15.61618
15.62775
15.63978
15.65168
15.66321
15.6745
15.68614
15.69866
15.71093
15.7222
15.73451
15.74611
15.75754
15.76903
15.78063
15.79224
15.80441
15.81591
15.82721
15.83896
15.85028
15.86168
15.87286
15.88509
15.89648
15.90848
15.91968
15.93094
15.94278
15.95421
15.9709
15.98324
15.99427
16.00608
16.01781
16.0295
16.04174
16.05345
16.06391
16.07339
16.0836
16.09478
16.10609
16.11717
16.12819
16.13939
16.15059
16.16258
16.17293
16.18405
16.19585
16.2066
16.21773
16.2292
16.24005
16.25119
16.26246
16.27361
16.28479
16.29607
16.30736
16.31835
16.32963
16.34041
16.35177
16.36311
16.37392
16.38573
16.39708
16.40787
16.41875
16.43048
16.44158
16.4546
16.46517
16.47582
16.48743
16.49901
16.51061
16.52191
16.53345
16.5459
16.55672
16.56789
16.57989
16.59097
16.60197
16.61405
16.62485
16.63611
16.64819
16.65961
16.67191
16.68393
16.69579
16.70751
16.71961
16.73131
16.7434
16.75536
16.76762
16.77952
16.79082
16.8029
16.81482
16.82677
16.83854
16.85139
16.86295
16.87427
16.88602
16.90233
16.91397
16.92511
16.93685
16.94852
16.95997
16.9717
16.98328
16.99469
17.00676
17.01858
17.03017
17.04621
17.05798
17.06943
17.08129
17.09274
17.10752
