0.02
0.04
0.14
0.1785014
0.1928409
0.2035056
0.2160996
0.2270515
0.2380627
0.2491987
0.2606484
0.2715842
0.2828906
0.2963325
0.3055588
0.3162203
0.3275507
0.3385805
0.3499866
0.3609824
0.3719997
0.3833548
0.3945601
0.4057532
0.4168465
0.4279225
0.4390053
0.4506575
0.4614159
0.4727886
0.4840465
0.4972764
0.5088949
0.5180887
0.5283762
0.5398901
0.5511124
0.562709
0.5739528
0.5906467
0.6023951
0.6123698
0.6219853
0.6314656
0.6413701
0.6513528
0.6624381
0.6740993
0.6849927
0.6961858
0.707249
0.7184809
0.7299871
0.7408032
0.7518439
0.7637787
0.7743245
0.7855503
0.7969233
0.8077793
0.8189046
0.8300195
0.8425009
0.8525696
0.8635083
0.8749776
0.8860386
0.8971428
0.9086249
0.9198306
0.9306374
0.9420624
0.9532683
0.9645153
0.9760334
0.9876192
0.9992168
1.010641
1.021482
1.032767
1.044377
1.05598
1.066896
1.078857
1.090595
1.101049
1.112372
1.124209
1.135511
1.146669
1.158299
1.170189
1.181062
1.192497
1.20373
1.22052
1.233651
1.243746
1.254623
1.266005
1.276918
1.287919
1.299015
1.310573
1.321437
1.332719
1.343799
1.357336
1.367809
1.378439
1.388683
1.399664
1.410911
1.422105
1.433145
1.444859
1.455792
1.46751
1.478024
1.488933
1.500228
1.511388
1.522678
1.534018
1.545779
1.556592
1.567244
1.579257
1.593381
1.60272
1.61283
1.623384
1.634465
1.645673
1.65685
1.667799
1.679036
1.690285
1.702098
1.717181
1.727067
1.736987
1.746763
1.757881
1.76948
1.784635
1.795198
1.804906
1.81486
1.826393
1.837804
1.849102
1.860133
1.871115
1.8821
1.893557
1.90696
1.917613
1.92732
1.93801
1.949223
1.960438
1.971449
1.982656
1.99382
2.005328
2.017383
2.028175
2.038431
2.04976
2.061352
2.072078
2.083962
2.094661
2.106249
2.117199
2.128425
2.139791
2.151976
2.162118
2.174263
2.186449
2.196938
2.207956
2.21992
2.23008
2.241979
2.253489
2.264041
2.275621
2.286669
2.298079
2.30934
2.320579
2.331975
2.342882
2.35422
2.365123
2.376499
2.387757
2.398612
2.409967
2.421118
2.432161
2.443385
2.454503
2.465696
2.477148
2.488244
2.499453
2.510415
2.521685
2.533154
2.546001
2.55977
2.570571
2.581344
2.593594
2.605316
2.619713
2.630627
2.641423
2.653735
2.667494
2.678274
2.689952
2.70043
2.712311
2.722466
2.733732
2.744099
2.754662
2.765181
2.776
2.786287
2.797036
2.807566
2.818778
2.829484
2.841502
2.851909
2.868968
2.879992
2.890396
2.901681
2.913549
2.924345
2.935369
2.946541
2.95723
2.967752
2.979344
2.989987
3.001006
3.012095
3.022244
3.033314
3.04466
3.055225
3.066088
3.077252
3.087457
3.098605
3.110045
3.120791
3.132584
3.143418
3.154481
3.16564
3.177013
3.188113
3.199175
3.211139
3.222514
3.234172
3.245746
3.256701
3.268065
3.27896
3.289849
3.300482
3.312274
3.32299
3.334713
3.345784
3.357389
3.368183
3.379691
3.39101
3.402321
3.413481
3.42538
3.436455
3.447668
3.458969
3.470811
3.481485
3.492861
3.504112
3.515672
3.527131
3.538281
3.549717
3.560489
3.571572
3.583251
3.594279
3.605306
3.616143
3.627708
3.638629
3.649726
3.661723
3.672723
3.683647
3.69459
3.706079
3.717134
3.7279
3.739679
3.750211
3.761558
3.772895
3.783912
3.795084
3.806407
3.817345
3.829077
3.839754
3.8509
3.861946
3.873759
3.88477
3.89603
3.908514
3.918951
3.929761
3.940654
3.951518
3.962671
3.97422
3.990726
4.001472
4.012655
4.023609
4.036302
4.047885
4.058768
4.069264
4.080577
4.091906
4.102986
4.11409
4.125376
4.136269
4.147683
4.159014
4.169912
4.181141
4.192226
4.203568
4.215065
4.226404
4.237676
4.248405
4.259184
4.270341
4.281513
4.293085
4.303925
4.315176
4.326287
4.337473
4.348652
4.360548
4.370877
4.382007
4.393398
4.40503
4.415608
4.426678
4.438351
4.449008
4.460436
4.471708
4.483437
4.494505
4.506276
4.517599
4.529061
4.540834
4.55193
4.563587
4.575565
4.586737
4.597639
4.609613
4.620646
4.631857
4.64358
4.654984
4.666324
4.677647
4.688795
4.70005
4.711208
4.72212
4.733183
4.744654
4.756089
4.767485
4.777958
4.789295
4.800308
4.811616
4.822983
4.834638
4.845023
4.856635
4.867288
4.878674
4.891428
4.90135
4.912334
4.923438
4.935859
4.946188
4.957019
4.968053
4.979137
4.990948
5.001493
5.012789
5.024099
5.03521
5.046385
5.057599
5.068599
5.079794
5.096057
5.106527
5.117051
5.127168
5.137051
5.147739
5.158473
5.16814
5.178732
5.188633
5.199126
5.20954
5.220009
5.231339
5.242353
5.253284
5.264362
5.275661
5.286996
5.298234
5.309321
5.320326
5.331485
5.342658
5.353842
5.365195
5.376345
5.387478
5.398518
5.409615
5.420963
5.432014
5.443321
5.454599
5.465687
5.476709
5.48785
5.49915
5.510636
5.522102
5.533435
5.544771
5.556673
5.56776
5.58028
5.591028
5.602378
5.613661
5.625308
5.636236
5.647725
5.659172
5.670413
5.681667
5.69331
5.704643
5.716149
5.72756
5.738627
5.749743
5.761209
5.772267
5.783332
5.794296
5.8065
5.816781
5.828002
5.839211
5.850295
5.862827
5.873504
5.883646
5.895066
5.906799
5.918264
5.92895
5.939945
5.95083
5.962377
5.973439
5.984622
5.995586
6.007201
6.018131
6.028994
6.04088
6.051752
6.062639
6.074265
6.085021
6.096382
6.107405
6.118387
6.13377
6.14471
6.154663
6.164916
6.175112
6.184763
6.195181
6.205177
6.215421
6.226602
6.237658
6.248558
6.259844
6.27111
6.282166
6.293249
6.304672
6.315573
6.327131
6.338082
6.349181
6.360262
6.371851
6.382639
6.394023
6.405072
6.416344
6.427354
6.438627
6.449871
6.460891
6.472003
6.483436
6.494714
6.50697
6.516922
6.528499
6.539718
6.55215
6.56255
6.57413
6.585259
6.596475
6.607955
6.619414
6.63061
6.642087
6.653698
6.665065
6.676261
6.687362
6.698539
6.710277
6.721482
6.732682
6.743871
6.7554
6.766773
6.777512
6.79018
6.800714
6.811495
6.822005
6.833131
6.844398
6.855581
6.867073
6.878414
6.889081
6.900393
6.912116
6.922683
6.933686
6.944921
6.95634
6.96737
6.978794
6.989703
7.000762
7.012183
7.023698
7.034148
7.045399
7.056847
7.068025
7.079073
7.090579
7.10184
7.112596
7.123967
7.134786
7.14607
7.15776
7.1683
7.179801
7.191041
7.202329
7.213123
7.224463
7.235425
7.251581
7.26255
7.273515
7.284411
7.295051
7.305912
7.316981
7.328099
7.338778
7.349516
7.360656
7.370985
7.381752
7.39278
7.403173
7.413901
7.425183
7.435865
7.446741
7.457353
7.469049
7.480555
7.492424
7.503171
7.513577
7.524051
7.534498
7.545191
7.556781
7.567194
7.577652
7.587713
7.599201
7.610151
7.621369
7.632411
7.643918
7.655057
7.666101
7.677087
7.688275
7.699488
7.710987
7.721968
7.733007
7.744292
7.755843
7.767134
7.778792
7.79048
7.801672
7.812933
7.824877
7.83682
7.847707
7.858548
7.869218
7.880765
7.892498
7.908994
7.920139
7.930836
7.942615
7.955222
7.967262
7.979052
7.990642
8.002308
8.013936
8.025586
8.037148
8.049142
8.061402
8.072489
8.084052
8.095962
8.108519
8.12006
8.131874
8.143828
8.155337
8.167182
8.179871
8.191626
8.203193
8.214817
8.226943
8.239023
8.250682
8.262617
8.275152
8.28693
8.298612
8.310161
8.321217
8.332999
8.345107
8.356622
8.368308
8.381193
8.399012
8.410333
8.422149
8.433543
8.445228
8.456613
8.468368
8.479978
8.492953
8.503616
8.515039
8.52651
8.53816
8.55036
8.564601
8.576685
8.588752
8.600538
8.612541
8.624575
8.636329
8.64794
8.660568
8.672395
8.690804
8.702289
8.714736
8.726995
8.738496
8.750114
8.761965
8.773569
8.785059
8.797852
8.81038
8.821909
8.833861
8.845798
8.857163
8.867682
8.879109
8.890204
8.900941
8.911881
8.922925
8.934237
8.945316
8.956121
8.967369
8.978781
8.989846
9.000625
9.01198
9.023776
9.034863
9.046477
9.058084
9.06864
9.07972
9.090818
9.10225
9.113036
9.123992
9.135148
9.1472
9.157611
9.168204
9.179014
9.189506
9.200122
9.212424
9.224659
9.237199
9.249156
9.261109
9.272865
9.28508
9.297207
9.309106
9.320855
9.332473
9.344909
9.356917
9.368752
9.380956
9.393207
9.405085
9.417102
9.430978
9.442973
9.455478
9.468192
9.479786
9.49212
9.504075
9.515554
9.527125
9.538431
9.54999
9.566554
9.577596
9.587949
9.598868
9.60973
9.620701
9.63227
9.644698
9.656396
9.667872
9.678563
9.689631
9.700191
9.712387
9.72343
9.735129
9.746621
9.757943
9.768715
9.779608
9.790482
9.801575
9.813251
9.824372
9.835578
9.846621
9.857591
9.868356
9.879368
9.890281
9.901001
9.912843
9.924471
9.935374
9.946707
9.958244
9.969146
9.980505
9.992435
10.00309
10.01397
10.02547
10.03666
10.04773
10.06052
10.07235
10.08419
10.09695
10.10906
10.12153
10.13343
10.14574
10.15833
10.17005
10.18229
10.19424
10.20625
10.21791
10.22962
10.24189
10.25378
10.26628
10.27889
10.29125
10.3029
10.31454
10.32646
10.33816
10.35034
10.36319
10.37402
10.38456
10.39607
10.40734
10.41796
10.42948
10.44047
10.4522
10.46297
10.47485
10.48591
10.49675
10.50857
10.51949
10.53077
10.54242
10.55355
10.56486
10.57598
10.58735
10.59825
10.60915
10.61962
10.63079
10.6417
10.6524
10.66376
10.67476
10.68545
10.70282
10.71357
10.72536
10.73811
10.74892
10.75999
10.77164
10.78305
10.79427
10.80507
10.81614
10.827
10.83836
10.84947
10.86054
10.87184
10.88318
10.89447
10.90595
10.91645
10.92795
10.93904
10.95008
10.96097
10.97224
10.98357
10.99499
11.00706
11.01815
11.02908
11.04022
11.05176
11.0748
11.08587
11.09755
11.10861
11.11936
11.13012
11.14115
11.15379
11.16499
11.17712
11.18774
11.19863
11.21128
11.22336
11.23586
11.2467
11.2579
11.26861
11.28003
11.29094
11.3016
11.31334
11.32418
11.33434
11.34565
11.35634
11.36757
11.37885
11.3898
11.40115
11.41214
11.42263
11.4335
11.44565
11.45673
11.46733
11.47836
11.48946
11.5006
11.51157
11.52191
11.53233
11.54314
11.55449
11.56556
11.57608
11.58652
11.59797
11.60939
11.62082
11.63202
11.64349
11.6548
11.66643
11.6777
11.68906
11.7004
11.71149
11.72296
11.73429
11.74555
11.75683
11.76797
11.77918
11.79588
11.80673
11.81755
11.82937
11.84065
11.85189
11.86392
11.87571
11.88878
11.89983
11.91147
11.92293
11.93461
11.94607
11.95748
11.96875
11.98077
11.99237
12.00414
12.01564
12.02726
12.03854
12.05002
12.0616
12.07327
12.08477
12.09692
12.11079
12.12342
12.13484
12.1464
12.15775
12.16904
12.18055
12.19212
12.20286
12.21453
12.22651
12.23834
12.24979
12.26175
12.27316
12.28497
12.29717
12.30911
12.32046
12.33218
12.34394
12.35508
12.36648
12.37838
12.39099
12.40225
12.41348
12.42465
12.43661
12.44774
12.4598
12.47133
12.48299
12.49469
12.5061
12.51767
12.52947
12.5417
12.55372
12.56565
12.57712
12.59539
12.60753
12.61872
12.63129
12.64292
12.65421
12.66646
12.67765
12.68965
12.70129
12.71333
12.72524
12.737
12.74875
12.75974
12.7706
12.78172
12.79295
12.80424
12.81541
12.82663
12.83759
12.84927
12.86084
12.87121
12.8825
12.89364
12.90533
12.91619
12.92729
12.93824
12.94942
12.96608
12.9779
12.98839
12.99909
13.0103
13.02052
13.03176
13.04227
13.05444
13.06773
13.08048
13.09317
13.10607
13.1185
13.13073
13.14313
13.15534
13.16778
13.1804
13.19288
13.20509
13.21795
13.23032
13.24295
13.25566
13.26837
13.28157
13.29411
13.30633
13.3184
13.33113
13.34375
13.35638
13.36915
13.38182
13.39464
13.40677
13.41903
13.43163
13.44419
13.45668
13.47073
13.4837
13.49638
13.50907
13.52148
13.53444
13.54794
13.56084
13.5732
13.58536
13.59778
13.61005
13.62261
13.635
13.64684
13.65885
13.67101
13.6829
13.69484
13.70722
13.71927
TARGET DESTROYED 
13.73165
13.7541
13.76685
13.77902
13.7912
13.80309
13.81611
13.82885
13.84173
13.86359
13.87737
13.88921
13.9014
13.91368
13.92587
13.93901
13.95113
13.96396
13.97684
13.98893
14.0014
14.0134
14.02544
14.03732
14.04932
14.06208
14.07494
14.08506
14.09584
14.1057
14.11651
14.12793
14.1432
14.15411
14.1644
14.17543
14.18556
14.19577
14.20636
14.21736
14.22828
14.23839
14.24887
14.25904
14.26914
14.27989
14.29002
14.301
14.31223
14.3236
14.33434
14.34572
14.35741
14.37071
14.3824
14.39471
14.40717
14.41913
14.43099
14.44302
14.4553
14.46731
14.47908
14.49094
14.50229
14.51403
14.52602
14.53777
14.54996
14.56234
14.57448
14.58626
14.59929
14.61159
14.62424
14.63618
14.64821
14.66028
14.67204
14.68444
14.69565
14.70688
14.71801
14.73182
14.74574
14.75988
14.77312
14.78699
14.80027
14.81425
14.82761
14.84055
14.85341
14.86699
14.88022
14.89349
14.90676
14.92025
14.93473
14.9494
14.96273
14.9769
14.99132
15.00476
15.018
15.03053
15.04301
15.05466
15.06678
15.07921
15.09173
15.11322
15.12627
15.1387
15.15072
15.16305
15.17479
15.18635
15.19797
15.20985
15.2215
15.23353
15.24542
15.26164
15.27359
15.28478
15.29612
15.3072
15.31845
15.3297
15.34149
15.35234
15.36354
15.37501
15.38707
15.39839
15.40981
15.42068
15.4319
15.44317
15.45442
15.46557
15.47668
15.48756
15.49918
15.51056
15.52194
15.53332
15.5448
15.55652
15.56758
15.57851
15.59004
15.60152
15.61323
15.62451
15.63578
15.64712
15.65923
15.67094
15.68225
15.69397
15.70555
15.71756
15.72903
15.74131
15.75289
15.76434
15.77545
15.78678
15.79879
15.81053
15.82158
15.83295
15.84454
15.85614
15.86749
15.87813
15.88864
15.89965
15.91117
15.92196
15.93414
15.94518
15.95522
15.96545
15.97695
TARGET DESTROYED 
15.9876
16.00333
16.01422
16.02496
16.0357
16.04636
16.05726
16.07461
16.08634
16.0973
16.10792
16.11838
16.13465
16.1455
16.15606
16.1666
16.17743
16.18861
16.1998
16.21259
16.22355
16.23455
16.24536
16.25601
16.26677
16.27794
16.2894
16.30034
16.31141
16.32256
16.33388
16.34501
16.36102
16.37161
16.38206
16.39266
16.40302
16.41388
16.42469
16.43496
16.44566
16.45732
16.46806
16.47895
16.49033
16.50134
16.51299
16.52448
16.53499
16.54628
16.55859
16.56861
16.58031
16.59122
16.60172
16.61352
16.62471
16.63539
16.64684
16.65846
16.66931
16.68115
16.70452
16.71644
16.72805
16.73977
16.75043
16.76202
16.77343
16.784
16.79669
16.80898
16.82107
16.83345
16.84588
16.85785
16.8701
16.882
16.89377
16.90599
16.91806
16.93014
16.94221
16.95451
16.96668
16.97912
16.99185
17.00372
17.01594
17.02852
17.03971
17.05196
17.06295
17.0736
17.08589
17.0971
17.10855
17.11924
17.13075
17.14265
17.15346
17.16443
17.17601
17.18709
17.19859
17.20993
17.22164
17.23275
17.24406
17.25503
17.26618
17.27738
17.28805
17.29992
17.31123
17.32216
17.33374
17.34502
17.35586
17.36716
17.37855
17.3897
17.40081
17.4122
17.42342
17.43448
17.44552
17.45641
17.46758
17.47873
17.49003
17.50688
17.5179
17.5289
17.54042
17.552
17.5643
17.57537
17.5864
17.59745
17.60817
17.61842
17.62946
17.64083
17.65205
17.66403
17.67544
17.68702
17.69844
17.71004
17.72103
17.73277
17.74438
17.75534
17.76708
17.77909
17.79085
17.80222
17.81359
17.82484
17.83594
17.84803
17.86029
17.87195
17.8836
17.89568
17.90711
17.91904
17.93138
17.9433
17.95454
17.96522
17.97629
17.98672
18.00252
18.01297
18.0238
18.03438
18.0462
18.0571
18.0679
18.07947
18.09143
18.10241
18.11386
18.12572
18.1363
18.14718
18.1591
18.17011
18.1811
18.19265
18.20358
18.21452
18.22592
18.23717
18.24889
18.26019
18.2714
18.28324
18.29471
TARGET DESTROYED 
18.30549
18.32223
18.33373
18.34506
18.35603
18.36725
18.37847
18.39066
18.40897
18.42164
18.43374
18.44488
18.45626
18.46724
18.48784
18.49892
18.51031
18.52103
18.53257
18.54419
18.55589
18.56779
18.57899
18.5902
18.6013
18.61274
18.62425
18.64154
18.65264
18.66498
18.67601
18.69003
18.70204
18.71298
18.72444
18.73567
18.74747
18.75841
18.76935
18.78091
18.7922
18.80276
18.81349
18.8249
18.83609
18.84736
18.85884
18.86935
18.88065
18.89185
18.90279
18.91408
18.92532
18.93645
18.94744
18.95907
18.97011
18.98096
18.99251
19.00327
19.01478
19.02602
19.04472
19.05557
19.06639
19.07734
19.08852
19.09994
19.11107
19.12215
19.13324
19.14483
19.15578
19.16677
19.17781
19.18866
19.20001
19.21109
19.22289
19.23401
19.24529
19.25637
19.26756
19.27898
19.29011
19.30098
19.31242
19.32353
19.33442
19.34584
19.35734
19.3683
19.37954
19.3915
19.40249
19.41348
19.42468
19.43578
19.44656
19.45839
19.46959
19.48104
19.49228
19.50307
19.51421
19.52546
19.53636
19.54791
19.55995
19.57133
19.58224
19.59339
19.6044
19.61566
19.62692
19.63817
19.64964
19.66207
19.67374
19.6848
19.69597
19.70758
19.71818
19.7297
19.74113
19.7519
19.76315
19.77919
19.7908
19.80233
19.81351
19.82434
19.83522
19.84623
19.85728
19.86789
19.87874
19.88949
19.90051
19.91143
19.92267
19.93345
19.94469
19.95542
19.96698
19.97857
19.98973
20.00039
20.01123
20.02123
20.03167
20.04209
20.05357
20.06444
20.07581
20.08701
20.09829
20.10975
20.12043
20.1315
20.14281
20.1541
20.16591
20.17715
20.18888
20.19998
20.21172
20.22311
20.23434
20.24559
20.25803
20.26824
20.27972
20.29138
20.30248
20.31363
20.3251
20.33612
20.3472
20.35867
20.36953
20.38106
20.39267
20.40391
20.41527
20.42636
20.43964
20.44966
20.46024
20.47141
20.48296
20.49412
20.50539
20.5164
20.52856
20.5389
20.55018
20.56112
20.57264
20.58417
20.59449
20.60616
20.617
20.62806
20.63925
20.65036
20.66198
20.67306
20.68428
20.69513
20.7066
20.71722
20.73713
20.74844
20.7592
20.76937
20.77956
20.79538
20.80547
20.81566
20.8266
20.83649
20.84737
20.85821
20.86903
20.8798
20.8916
20.90273
20.91448
20.92546
20.93672
20.94807
20.95968
20.97113
20.98256
20.99495
21.00601
21.01689
21.02823
21.03892
21.04998
21.06101
21.07193
21.08287
21.09499
21.10554
21.11656
21.12805
21.13878
21.14969
21.161
21.1711
21.18183
21.19311
21.20501
21.21616
21.22758
21.23909
21.25048
21.26182
21.27377
21.2848
21.29645
21.30963
21.31981
21.33041
21.34178
21.35275
21.36411
21.37554
21.38688
21.39809
21.40918
21.42
21.43123
21.44277
21.45356
21.46499
21.4763
21.48752
21.49896
21.51031
21.5216
21.53247
21.54413
21.55532
21.56646
21.57764
21.58849
TARGET DESTROYED 
21.5997
21.61536
21.62588
21.63624
21.64653
21.65789
21.66951
21.68037
21.69726
21.70899
21.71986
21.7302
21.74078
21.75184
21.7622
21.77395
21.78491
21.79587
21.80743
21.81809
21.82946
21.84152
21.85746
21.86772
21.87805
21.88832
21.89885
21.90957
21.91968
21.93009
21.94118
21.95287
21.96438
21.97494
21.98572
21.9975
22.0083
22.0193
22.03055
22.0419
22.05264
22.06402
22.07617
22.08623
22.09748
22.1089
22.11984
22.13087
22.14221
22.15338
22.16476
22.17585
22.18703
22.19829
22.20922
22.22112
22.23278
22.24388
22.25547
22.26707
22.27858
22.29016
22.30114
22.31277
22.3243
22.33533
22.3467
22.35839
22.37119
22.38214
22.39299
22.4046
22.41548
22.42639
22.43728
22.44864
22.45972
22.47113
22.48198
22.49327
22.50456
22.51682
22.52821
22.53815
22.54954
22.56118
22.57187
22.58327
22.59385
22.60526
22.6166
22.62751
22.63919
22.64987
22.66134
22.67206
22.68328
22.69425
22.70551
22.7173
22.72796
22.73931
22.7508
22.76164
22.77263
22.78408
22.79572
22.80679
22.81734
22.82834
22.83983
22.85085
22.86236
22.87357
22.88436
22.89565
22.90681
22.91782
22.92917
22.94066
22.95123
22.96273
22.9741
22.99026
23.001
23.01179
23.03374
23.04456
23.05445
23.06504
23.076
23.0863
23.09671
23.10772
23.11783
23.12907
23.13941
23.1499
23.16061
23.17146
23.1822
23.19287
23.20344
23.21456
23.22642
23.23657
23.24836
23.25928
23.27018
23.28174
23.29293
23.30369
23.31517
23.32609
23.33741
23.34865
23.35962
23.37103
23.38219
23.39319
23.40942
23.41973
23.43968
23.45049
23.46106
23.47175
23.48384
23.49524
23.50534
23.51598
23.52739
23.53919
23.54968
23.56115
23.57175
23.58319
23.5941
23.60528
23.61662
23.6279
23.63886
23.65014
23.66172
23.67223
23.6836
23.69468
23.70599
23.71753
23.7281
23.73956
23.75078
23.76185
23.7731
23.78411
23.79533
23.80686
23.81767
23.82879
23.84032
23.85098
23.86233
23.87423
23.88461
23.89583
23.90746
23.91807
23.92951
23.94057
23.95152
23.964
23.97533
23.98646
23.99777
24.00941
24.0209
24.03292
24.04422
24.05623
24.06703
24.07906
24.0907
24.10213
24.11303
24.12441
24.13535
24.15017
24.16646
24.17743
24.1879
24.1985
24.20918
24.21982
24.23458
24.24553
24.25591
24.26658
24.27711
24.28729
24.29808
24.30938
24.32018
24.33135
24.34307
24.3537
24.36487
24.37626
24.38726
24.39857
24.40949
24.42071
24.43188
24.44316
24.45409
24.46558
24.47683
24.48763
24.49916
24.51011
24.52116
24.53228
24.5436
24.55523
24.56611
24.57698
24.58856
24.59936
24.61088
24.62246
24.63373
24.64527
24.65743
24.66825
24.6799
24.69142
24.70269
24.71408
24.72569
24.73762
24.74849
24.76034
24.77124
24.78304
24.79419
24.8054
24.8169
24.82777
24.83912
24.84996
24.86149
24.87278
TARGET DESTROYED 
24.88369
24.89848
24.90992
24.91982
24.93042
24.94074
24.95085
24.96144
24.97379
24.99092
25.00217
25.01273
25.02407
25.0352
25.04633
25.05764
25.06863
25.07978
25.09124
25.10213
25.11326
25.12507
25.13568
25.14688
25.15857
25.16909
25.18024
25.19159
25.20261
25.21392
25.22528
25.2361
25.24732
25.25863
25.27435
25.28549
25.29598
25.30603
25.31623
25.32654
25.3368
25.34827
25.3605
25.37118
25.38179
25.39288
25.40365
25.41478
25.42602
25.43734
25.44844
25.45999
25.47141
25.48282
25.4941
25.50575
25.51734
25.52878
25.54033
25.55137
25.56242
25.57409
25.58507
25.59627
25.60744
25.61996
25.63021
25.64091
25.65194
25.66352
25.67479
25.6865
25.6972
25.70884
25.72038
25.7313
25.74307
25.75422
25.76592
25.77676
25.78797
25.7995
25.81076
25.82174
25.83317
25.84437
25.85548
25.86659
25.87778
25.88903
25.90003
25.91131
25.92258
25.93355
25.94473
25.95607
25.96705
25.97876
25.98968
26.00051
26.0119
26.02308
26.03427
26.04544
26.05702
26.06913
26.08027
26.09069
26.10143
26.11312
26.12382
26.13473
26.14583
26.15746
26.16881
26.17973
26.19107
26.20162
26.2128
26.22515
26.23547
26.24619
26.25772
26.26861
26.28009
26.29592
26.30715
26.31758
26.32839
26.33859
26.34954
26.36036
26.37045
26.38148
26.39217
26.40229
26.41296
26.42496
26.43563
26.44637
26.45708
26.46757
26.47829
26.48904
26.49932
26.50982
26.52066
26.5321
26.54373
26.55584
26.56787
26.57944
26.5919
26.60347
26.61527
26.62747
26.63842
26.65013
26.66235
26.67402
26.68576
26.69763
26.70927
26.72297
26.7345
26.74615
26.7579
26.76837
26.77956
26.79008
26.80039
26.8111
26.8222
26.83339
26.84483
26.85598
26.86687
26.87811
26.88957
26.90054
26.91173
26.92309
26.934
26.94512
26.9566
26.96749
26.97873
26.98998
27.00128
27.01196
27.02345
27.03448
27.04577
27.05709
27.06824
27.07931
27.09103
27.1017
27.11373
27.12442
27.13493
27.14636
27.15797
27.16852
27.17995
27.19173
27.20283
27.2149
27.22601
27.23733
27.24891
27.26035
27.272
27.28357
27.295
27.30688
27.31786
27.32944
27.34125
27.35207
27.3633
27.37505
27.38577
27.39774
27.40888
27.41945
27.43019
27.44207
27.45805
27.46941
27.48012
27.49206
27.50378
27.51495
27.52607
27.53702
27.54865
27.55939
27.57071
27.58182
27.59302
27.60405
27.61534
27.62688
27.63765
27.64877
27.66931
27.68522
27.69579
27.70626
27.71791
27.72837
27.73869
27.7499
27.76067
27.7718
27.78362
27.79419
27.80526
27.81641
27.82774
27.83872
27.85031
27.86151
27.87248
27.88345
27.89471
27.9059
27.91716
27.92879
27.93983
27.95186
27.96318
27.97382
27.98585
27.99687
28.00819
28.01936
28.03035
28.04101
28.05169
28.06229
28.07356
28.08439
28.09613
28.10683
28.11811
28.12912
28.14121
28.15145
28.16281
28.1748
28.1868
28.19893
28.21147
28.22278
28.23552
28.24797
28.26034
28.27204
28.28435
28.29664
28.30857
28.3199
28.33183
28.34383
28.35511
28.36679
TARGET DESTROYED 
28.37836
28.39716
28.40925
28.42745
28.44573
28.46421
28.48151
28.4989
28.51614
28.53338
28.55141
28.56964
28.58663
28.6045
28.62224
28.63968
28.65697
28.67505
28.69733
28.71485
28.73283
28.74999
28.76699
28.78446
28.80188
28.81895
28.83712
28.85414
28.87139
28.88936
28.9069
28.92436
28.94227
28.9598
28.97785
28.99548
29.01288
29.03038
29.04764
29.06523
29.08277
29.10027
29.11768
29.1352
29.15232
29.16942
29.18728
29.20539
29.22257
29.24045
29.25753
29.27577
29.29331
29.31088
29.32841
29.34612
29.36384
29.38099
29.39834
29.41546
29.43324
29.45153
29.46924
29.48711
29.50548
29.52298
29.54111
29.55853
29.57625
29.59393
29.61181
29.62928
29.64717
29.66509
29.68258
29.69993
29.71764
29.73552
29.75271
29.7703
29.78797
29.80544
29.82319
29.84117
29.85885
29.86858
29.87881
29.8894
29.89969
29.90948
29.91922
29.92948
29.93901
29.94978
29.96114
29.97219
29.98345
29.99473
30.00589
30.01693
30.02838
30.0394
30.05029
30.06163
30.07301
30.08382
30.09521
30.10649
30.11739
30.12856
30.14095
30.15132
30.16222
30.1736
30.18503
30.19659
30.20721
30.21788
30.22918
30.24064
30.25138
30.26261
30.2741
30.28516
30.296
30.30797
30.31853
30.33404
30.34444
30.35494
30.36522
30.3755
30.38621
30.39774
30.40945
30.42088
30.43263
30.44371
30.45538
30.46645
30.47711
30.48984
30.50094
30.5111
30.52171
30.53308
30.54414
30.55585
30.56645
30.57764
30.58881
30.60002
30.61118
30.62276
30.63348
30.64499
30.65623
30.66733
30.67848
30.68962
30.70068
30.71207
30.72353
30.73507
30.74607
30.75776
30.76907
30.7805
30.79188
30.8028
30.81405
30.82593
30.8366
30.8482
30.85946
30.87072
30.88191
30.89297
30.90429
30.91534
30.92668
30.93791
30.95004
30.9609
30.97138
30.98271
30.99383
31.00476
31.01588
31.02717
31.03833
31.04946
31.06115
31.07168
31.08297
31.09433
31.10517
31.11651
31.1279
31.13888
31.14984
31.16109
31.1721
31.18329
31.19465
31.20591
31.2173
31.22819
31.23939
31.25073
31.26157
31.27351
31.28447
31.29529
31.30668
31.3174
31.32859
31.34079
31.35087
31.36214
31.37382
31.38452
31.39576
31.40759
31.41823
31.42919
31.44075
31.45156
31.46262
31.47404
31.485
31.49638
31.50789
31.51851
31.52965
31.5412
31.55216
31.56399
31.57471
31.59028
31.60093
31.61196
31.62247
31.63323
31.64357
31.65385
31.66505
31.67597
31.68695
31.69748
31.70841
31.71946
31.73006
31.74047
31.7509
31.76164
31.77212
31.7826
31.79305
31.80444
31.81535
31.82687
31.8375
31.84937
31.85992
31.87146
31.88218
31.89341
31.90471
31.91585
31.92691
31.93799
31.94919
31.9605
31.97162
31.98285
31.99395
32.00504
32.01617
32.02766
32.03875
32.05034
32.06183
32.07348
32.08451
32.09632
32.10786
32.11894
32.13041
32.14202
32.15413
32.16559
32.17672
32.18777
32.19875
32.21422
32.22461
32.23582
32.24664
32.2571
32.26762
32.2786
32.28882
32.29934
32.31026
32.32057
32.33169
32.34328
32.35389
32.3653
32.37642
32.38763
32.39869
32.40991
32.42097
32.43224
32.44335
32.45457
32.466
32.47694
32.48806
32.49993
32.51043
32.52158
32.53278
32.54404
32.55528
32.56631
32.57742
32.58869
32.59988
32.61121
32.62273
32.63435
32.64527
TARGET DESTROYED 
32.6573
32.68346
32.69407
32.7046
32.71706
32.72969
32.74196
32.75388
32.77186
32.78403
32.7968
32.80941
32.83044
32.84382
32.85679
32.86912
32.88139
32.89424
32.9067
32.91906
32.93203
32.94459
32.95768
32.97003
32.98245
32.99551
33.00821
33.02053
33.0331
33.04537
33.05726
33.06929
33.08164
33.09399
33.10669
33.11902
33.13156
33.14462
33.15763
33.16958
33.18158
33.19418
33.20702
33.21926
33.23145
33.24413
33.25718
33.27024
33.28309
33.29631
33.30912
33.32176
33.3347
33.34764
33.36006
33.37222
33.38543
33.39741
33.41009
33.42233
33.43506
33.44659
33.4595
33.47123
33.48385
33.49607
33.50911
33.53379
33.54576
33.55795
33.56899
33.58037
33.59263
33.60418
33.6203
33.63273
33.64468
33.65696
33.66933
33.68183
33.6941
33.70557
33.71726
33.72897
33.74106
33.75272
33.76441
33.77637
33.78817
33.80061
33.8125
33.82439
33.83592
33.84818
33.86007
33.87687
33.88837
33.90064
33.91261
33.92535
33.9379
33.94965
33.96179
33.97325
33.98512
33.99696
34.0095
34.0217
34.03341
34.04519
34.0569
34.06886
34.0821
34.09404
34.10586
34.11794
34.12966
34.14209
34.15385
34.16715
34.17914
34.19138
34.20316
34.21502
34.2274
34.23922
34.25066
34.2624
34.27435
34.28589
34.29782
34.30997
34.32141
34.33352
34.34594
34.35789
34.36976
34.3824
34.39444
34.40719
34.41934
34.43086
34.4427
34.45441
34.46632
34.47859
34.49037
34.50211
34.51439
34.52643
34.53849
34.55106
34.56493
34.57759
34.58899
34.60163
34.61371
34.62597
34.63752
34.65044
34.66278
34.67517
34.68629
34.6985
34.71031
34.7251
34.75009
34.77538
34.78943
