0.02
0.04
0.14
0.1802526
0.1936612
0.205655
0.2166145
0.230291
0.2429761
0.2533351
0.2633858
0.2728023
0.2834828
0.2974117
0.3080719
0.3175436
0.3285089
0.3395281
0.350488
0.3615871
0.3731119
0.3862058
0.3975618
0.4074117
0.4173181
0.4286292
0.4399391
0.4524744
0.462118
0.4732338
0.4844362
0.4973687
0.5092477
0.5198595
0.5299324
0.5402468
0.5515037
0.5626882
0.5736782
0.5849518
0.6003394
0.6108383
0.6207312
0.630429
0.6409757
0.6519866
0.6630569
0.674531
0.6858819
0.6966073
0.7077664
0.7189842
0.7305709
0.741354
0.7526075
0.764156
0.7747617
0.786059
0.7973236
0.8083252
0.8198064
0.8306223
0.8418468
0.8531708
0.8643286
0.8755444
0.887006
0.9004191
0.9116728
0.923129
0.9339429
0.9451218
0.9562411
0.96744
0.9786626
0.9901996
1.00191
1.013055
1.024242
1.035463
1.046964
1.057923
1.069533
1.081875
1.096381
1.106612
1.116404
1.12685
1.136764
1.147167
1.156998
1.168018
1.179351
1.19083
1.201887
1.212859
1.223965
1.235471
1.246404
1.257483
1.268705
1.279885
1.291045
1.302306
1.313465
1.324536
1.335864
1.346784
1.358043
1.369272
1.380452
1.391861
1.403163
1.413855
1.424953
1.436494
1.447415
1.459123
1.470611
1.481462
1.496363
1.506529
1.51589
1.5265
1.537832
1.549156
1.560084
1.571682
1.582253
1.593556
1.612422
1.623487
1.634934
1.646323
1.657414
1.668323
1.679944
1.690825
1.707171
1.717725
1.728621
1.738989
1.749489
1.760327
1.771245
1.782437
1.793713
1.804089
1.814453
1.825178
1.835994
1.847289
1.858449
1.86972
1.880633
1.891941
1.90293
1.91408
1.92521
1.937051
1.947767
1.959056
1.970824
1.98737
2.001462
2.012893
2.023528
2.034213
2.046424
2.057638
2.068218
2.079074
2.089633
2.101487
2.112735
2.123788
2.135402
2.147471
2.160038
2.172375
2.183943
2.19609
2.207438
2.217581
2.227796
2.238228
2.252608
2.263581
2.274729
2.286282
2.29724
2.307879
2.319535
2.330761
2.341816
2.353245
2.364339
2.375617
2.387017
2.398095
2.414918
2.426126
2.436695
2.447565
2.459262
2.469711
2.480474
2.492178
2.503958
2.51495
2.526271
2.537223
2.547948
2.558617
2.568917
2.579705
2.591069
2.602319
2.613744
2.625076
2.636282
2.647579
2.660339
2.671784
2.684407
2.696268
2.707466
2.718758
2.729949
2.740781
2.751961
2.76337
2.774246
2.785523
2.79763
2.80906
2.820042
2.831325
2.843234
2.853934
2.865006
2.876061
2.88683
2.8975
2.908257
2.919823
2.930477
2.942132
2.953717
2.964513
2.976041
2.987068
2.998474
3.010091
3.021261
3.032734
3.04396
3.054919
3.065424
3.076993
3.088084
3.098891
3.110734
3.127204
3.139178
3.150321
3.161475
3.172624
3.185457
3.201334
3.215379
3.226832
3.238747
3.249472
3.261612
3.272827
3.284171
3.295104
3.306494
3.318836
3.329997
3.341011
3.352103
3.363419
3.375124
3.386726
3.397867
3.410777
3.423171
3.434242
3.445041
3.456245
3.467128
3.478053
3.489143
3.500423
3.51171
3.522615
3.533691
3.545006
3.556121
3.567247
3.582354
3.594122
3.605421
3.616549
3.628327
3.639617
3.651054
3.662511
3.674098
3.685907
3.696982
3.707958
3.718904
3.729372
3.740891
3.751121
3.761749
3.772513
3.783209
3.793204
3.803504
3.816431
3.830128
3.846948
3.863288
3.87441
3.886022
3.897647
3.909165
3.92013
3.931091
3.942523
3.953413
3.964132
3.975071
3.986421
3.997104
4.008334
4.018885
4.029472
4.040034
4.05148
4.062407
4.073121
4.084444
4.09573
4.106528
4.117367
4.127942
4.138977
4.15035
4.160861
4.171596
4.182955
4.194006
4.204732
4.215834
4.227639
4.237905
4.249048
4.260282
4.271257
4.282161
4.293283
4.304634
4.315801
4.326877
4.338121
4.3492
4.361413
4.372537
4.383993
4.39553
4.40717
4.418434
4.42983
4.441282
4.452566
4.463974
4.475311
4.486701
4.498112
4.509396
4.521192
4.531911
4.543423
4.555
4.56622
4.582465
4.593385
4.603974
4.614907
4.626211
4.636872
4.647739
4.659184
4.670456
4.682573
4.693731
4.704408
4.715363
4.726687
4.737742
4.748448
4.760549
4.771307
4.782403
4.793314
4.803956
4.814629
4.825782
4.836873
4.847723
4.858894
4.869624
4.880861
4.89226
4.902799
4.913441
4.924556
4.934944
4.946015
4.95686
4.969275
4.980969
4.992808
5.003416
5.014349
5.02651
5.0376
5.051946
5.067805
5.084044
5.097965
5.109576
5.120008
5.131351
5.143176
5.153698
5.164581
5.175761
5.187213
5.198039
5.209184
5.220782
5.232824
5.244215
5.255126
5.26617
5.276772
5.287931
5.305078
5.316268
5.328324
5.339607
5.350412
5.361342
5.372362
5.38302
5.393459
5.403909
5.414228
5.424265
5.439728
5.450696
5.46185
5.47305
5.484133
5.494979
5.506299
5.516432
5.526682
5.537003
5.547379
5.557614
5.567715
5.578103
5.589235
5.603587
5.61453
5.62575
5.636599
5.647341
5.658747
5.669756
5.681567
5.693118
5.704228
5.715409
5.726921
5.737635
5.748088
5.759049
5.770392
5.781181
5.793198
5.803606
5.814272
5.824863
5.836163
5.846882
5.858092
5.869009
5.88024
5.891816
5.903716
5.914608
5.926713
5.937627
5.948731
5.960039
5.971727
5.982833
5.994139
6.005553
6.022147
6.0334
6.045073
6.055962
6.066831
6.07761
6.088563
6.09963
6.111
6.122076
6.133467
6.144524
6.155399
6.166387
6.177254
6.18828
6.198927
6.209967
6.22104
6.232021
6.244992
6.255761
6.266567
6.27731
6.288708
6.299621
6.310801
6.322011
6.333177
6.344633
6.355801
6.366704
6.377575
6.388772
6.399648
6.410656
6.421665
6.432763
6.443271
6.454081
6.465257
6.476488
6.48802
6.498409
6.509838
6.520936
6.532448
6.54444
6.555887
6.567041
6.577712
6.588851
6.600363
6.611571
6.622907
6.634062
6.645434
6.656741
6.668688
6.680525
6.692708
6.703722
6.714779
6.726218
6.742086
6.754141
6.766262
6.778578
6.789762
6.801292
6.812269
6.823781
6.83494
6.846847
6.857983
6.869331
6.881051
6.892511
6.904241
6.915813
6.927022
6.938672
6.949384
6.95996
6.971918
6.982345
6.993256
7.004522
7.015344
7.026412
7.041317
7.052507
7.063439
7.074786
7.086045
7.097163
7.108594
7.11978
7.130857
7.142155
7.152838
7.163988
7.17593
7.187776
7.198303
7.210114
7.221289
7.232288
7.24415
7.256558
7.267873
7.278805
7.290233
7.301552
7.312602
7.324278
7.336709
7.348002
7.359515
7.370745
7.382478
7.394076
7.4057
7.417143
7.428146
7.439663
7.456453
7.467547
7.478959
7.490686
7.501817
7.512736
7.523433
7.533724
7.544111
7.555777
7.566679
7.577292
7.588534
7.603484
7.614064
7.624707
7.635303
7.646331
7.657001
7.667322
7.679096
7.689858
7.704847
7.716166
7.727179
7.738873
7.750684
7.762114
7.773631
7.785379
7.797768
7.809021
7.820266
7.831646
7.843356
7.855247
7.876064
7.88771
7.898873
7.910493
7.921718
7.93282
7.944279
7.95591
7.96851
7.979576
7.990808
8.002491
8.013831
8.025714
8.036807
8.048056
8.060483
8.071611
8.083134
8.093887
8.105173
8.116783
8.12774
8.139074
8.150381
8.161135
8.172664
8.188911
8.199805
8.21131
8.222955
8.233808
8.245222
8.257352
8.268446
8.279809
8.292371
8.304356
8.314936
8.326266
8.338069
8.34873
8.359784
8.371524
8.38203
8.393292
8.404461
8.415216
8.427495
8.438671
8.450016
8.461156
8.471895
8.482911
8.493856
8.504592
8.515596
8.527058
8.538201
8.548946
8.560884
8.571733
8.58285
8.593798
8.60507
8.615912
8.627563
8.642245
8.654502
8.665327
8.676912
8.68791
8.698956
8.709971
8.720605
8.731738
8.743119
8.754339
8.765859
8.777482
8.788293
8.79946
8.810654
8.821869
8.833145
8.844956
8.856187
8.866969
8.878283
8.889642
8.900963
8.917434
8.928788
8.940058
8.956788
8.967966
8.978906
8.990418
9.001698
9.012376
9.024197
9.035327
9.046559
9.058214
9.068531
9.080219
9.091356
9.102298
9.114103
9.125509
9.13632
9.147383
9.15885
9.169445
9.180892
9.192161
9.203727
9.214612
9.226268
9.237461
9.248282
9.259758
9.271568
9.282898
9.293991
9.305356
9.316756
9.327399
9.339114
9.350177
9.361016
9.372246
9.383082
9.394242
9.405366
9.416519
9.427704
9.438992
9.449948
9.460907
9.472373
9.483547
9.494164
9.504766
9.515154
9.52602
9.536757
9.547943
9.558382
9.568343
9.579699
9.591276
9.60745
9.624849
9.637153
9.649149
9.661265
9.673854
9.685891
9.697915
9.710413
9.722114
9.733674
9.74487
9.756838
9.768528
9.780311
9.7933
9.804883
9.816818
9.82837
9.840909
9.852953
9.864674
9.876827
9.888856
9.900743
9.912089
9.923063
9.934096
9.945728
9.957302
9.96859
9.980184
9.992606
10.00418
10.01607
10.02774
10.03897
10.05145
10.06322
10.07521
10.08652
10.09807
10.11135
10.12268
10.14127
10.15263
10.1642
10.17724
10.189
10.19961
10.21083
10.2223
10.23308
10.24406
10.2556
10.26664
10.2795
10.29175
10.30351
10.31386
10.32584
10.33674
10.34813
10.35874
10.36994
10.3812
10.39243
10.40352
10.41448
10.42586
10.43703
10.47472
10.49338
10.50489
10.515
10.52607
10.53747
10.54846
10.56283
10.57391
10.58446
10.59614
10.60733
10.61789
10.62902
10.63979
10.65096
10.66206
10.6732
10.68494
10.69644
10.70856
10.71874
10.72947
10.74
10.75094
10.76149
10.77206
10.78328
10.79472
10.80538
10.81648
10.82769
10.83892
10.85
10.86136
10.8725
10.88344
10.89457
10.906
10.91717
10.92811
10.93966
10.95077
10.96162
10.97308
10.98487
10.99544
11.00629
11.01778
11.02911
11.03992
11.05133
11.06271
11.07371
11.08468
11.09615
11.10787
11.11924
11.13122
11.14329
11.1555
11.16713
11.17862
11.19462
11.20576
11.21656
11.22729
11.23842
11.24986
11.26081
11.27187
11.28381
11.29492
11.3057
11.31701
11.32773
11.33877
11.35012
11.3607
11.37166
11.38279
11.3936
11.40483
11.41596
11.42702
11.4378
11.44886
11.4596
11.47069
11.48132
11.49266
11.50304
11.51382
11.52448
11.53477
11.54511
11.55572
11.56631
11.57664
11.58846
11.60352
11.61436
11.62594
11.63668
11.64728
11.65847
11.66922
11.68072
11.69202
11.70257
11.71439
11.72602
11.73689
11.74762
11.7591
11.76989
11.78123
11.7929
11.80345
11.81382
11.82514
11.83586
11.84752
11.85888
11.86974
11.88061
11.89173
11.90786
11.91879
11.93032
11.94179
11.95256
11.96336
11.97537
11.98615
11.99724
12.0084
12.01885
12.02993
12.04139
12.05242
12.06321
12.07418
12.08513
12.09678
12.1084
12.11918
12.13051
12.14205
12.15275
12.16347
12.17472
12.18532
12.19593
12.20671
12.21728
12.22843
12.23949
12.25035
12.26126
12.27192
12.28294
12.295
12.3059
12.31683
12.32739
12.3391
12.35032
12.36238
12.37342
12.38459
12.39549
12.40621
12.41697
12.42801
12.43856
12.44938
12.45999
TARGET DESTROYED 
12.47062
12.4904
12.51111
12.52391
12.53479
12.54606
12.55702
12.56772
12.57904
12.59475
12.60568
12.61664
12.62758
12.64433
12.6558
12.66665
12.67894
12.69062
12.70085
12.71193
12.723
12.73407
12.74478
12.75594
12.76695
12.77762
12.78896
12.80126
12.81268
12.82443
12.83545
12.84703
12.85869
12.86994
12.8813
12.89315
12.90538
12.91654
12.92779
12.93884
12.95022
12.96209
12.97317
12.98491
12.99633
13.00822
13.02016
13.03224
13.04327
13.05416
13.06544
13.07604
13.08723
13.09855
13.10997
13.1215
13.13309
13.14373
13.15523
13.1668
13.17756
13.18887
13.20558
13.21838
13.22935
13.24067
13.25211
13.26274
13.27422
13.28504
13.29649
13.3142
13.32529
13.33609
13.3473
13.35849
13.36978
13.38089
13.3923
13.4028
13.41352
13.42516
13.43624
13.44692
13.458
13.46869
13.47986
13.49136
13.5016
13.51185
13.52246
13.53269
13.54383
13.55396
13.56459
13.57568
13.58687
13.60119
13.61234
13.62396
13.63458
13.64596
13.65709
13.66764
13.67948
13.69098
13.70152
13.71265
13.72407
13.73586
13.74679
13.75814
13.76988
13.7817
13.79293
13.80405
13.81742
13.83239
13.84456
13.85595
13.86641
13.87717
13.88867
13.89947
13.91072
13.92214
13.9329
13.94417
13.95548
13.96626
13.97781
13.98924
14.00033
14.01133
14.02725
14.03874
14.04979
14.06041
14.07177
14.08304
14.0941
14.10531
14.11665
14.12766
14.1384
14.14929
14.16011
14.17121
14.18244
14.19415
14.20489
14.21639
14.22735
14.23827
14.24962
14.2603
14.27128
14.28284
14.29398
14.30526
14.31769
14.32902
TARGET DESTROYED 
14.34166
14.3598
14.37948
14.3932
14.40598
14.41761
14.42976
14.442
14.45372
14.46601
14.4785
14.49049
14.50287
14.51494
14.52695
14.53892
14.55189
14.56429
14.57682
14.5891
14.60143
14.61384
14.62641
14.63812
14.6506
14.66331
14.67775
14.69055
14.70281
14.71519
14.72732
14.73951
14.75662
14.7694
14.78192
14.7944
14.80627
14.81856
14.83154
14.84512
14.85752
14.86968
14.88205
14.89423
14.90641
14.91879
14.93091
14.94386
14.95645
14.96925
14.98214
14.99456
15.00636
15.01831
15.0302
15.0425
15.05433
15.06683
15.07916
15.09252
15.10431
15.11632
15.12894
15.14176
15.15344
15.16593
15.17758
15.19023
15.2024
15.21451
15.2265
15.23782
15.24972
15.26226
15.27388
15.28474
15.29673
15.30865
15.32109
15.33393
15.34514
15.35796
15.36879
15.38119
15.39286
15.4045
15.41665
15.42847
15.44099
15.4522
15.46363
15.47522
15.48632
15.50317
15.51417
15.52469
15.53497
15.54552
15.55644
15.56691
15.57789
15.58865
15.60493
15.61717
15.62961
15.64184
15.65379
15.66593
15.67833
15.69102
15.70292
15.71648
15.72939
15.74173
15.76567
15.77904
15.79123
15.80342
15.81567
15.82752
15.83992
15.85203
15.86426
15.87665
15.88856
15.90061
15.91288
15.92709
15.93975
15.95237
15.96482
15.97737
15.99
16.00251
16.01493
16.02831
16.04136
16.05382
16.06686
16.07946
16.09283
16.10524
16.11788
16.12978
16.14248
16.15472
16.16685
16.17885
16.19144
16.20377
16.21611
16.2288
16.24272
16.25552
16.27215
16.2833
16.29437
16.30549
16.31682
16.32899
16.3412
16.352
16.36328
16.3753
16.38639
16.39764
16.40955
16.42151
16.43293
16.44477
16.45751
16.46847
16.47987
16.49155
16.50276
16.51376
16.52565
16.53673
16.54919
16.56087
16.57222
16.5839
16.5956
16.60735
16.61825
16.62976
16.64159
16.65393
16.66543
16.67839
16.69028
16.70171
16.71336
16.72553
16.73685
16.74811
16.75941
16.77094
16.78287
16.79383
16.80531
16.8169
16.82854
16.84585
16.85872
16.87592
16.88787
16.89937
16.91078
16.92231
16.93348
TARGET DESTROYED 
16.94469
16.96122
16.97351
16.98646
17.00227
17.01434
17.03287
17.04551
17.05737
17.06916
17.08069
17.09275
17.10403
17.11617
17.12744
17.13919
17.15064
17.16193
17.17384
17.18464
17.19589
17.20781
17.21893
17.23036
17.24183
17.25357
17.26519
17.27703
17.28856
17.30045
17.31197
17.32409
17.33574
17.34805
17.35994
17.37148
17.38304
17.39559
17.40699
17.41779
17.42926
17.44068
17.45166
17.46307
17.47478
17.48636
17.49781
17.50876
17.51961
17.53042
17.54098
17.55189
17.56338
17.57435
17.58537
17.59677
17.61249
17.6244
17.63569
17.64729
17.65955
17.671
17.68332
17.69506
17.70668
17.72303
17.73494
17.74644
17.75865
17.7703
17.78191
17.79314
17.80455
17.8165
17.82763
17.83888
17.85115
17.86295
17.87504
17.88738
17.89908
17.9108
17.92187
17.93336
17.94455
17.95605
17.96774
17.97927
17.99115
18.00222
18.01375
18.02566
18.03735
18.04881
18.06053
18.0718
18.08383
18.09616
18.10838
18.1195
18.13099
18.14305
18.15548
18.16689
18.17816
18.19027
18.20122
18.2128
18.22473
18.23686
18.24847
18.26011
18.27183
18.28349
18.2951
18.30707
18.31838
18.32941
18.34131
18.35395
18.3662
18.37868
18.39055
18.40178
18.41288
18.42463
18.43554
18.45177
18.46368
18.47539
18.48669
18.49847
18.50987
18.52174
18.53325
18.54481
18.55705
18.56841
18.57962
18.59127
18.60237
18.61376
18.62549
18.63707
18.64853
18.66014
18.67185
18.6837
18.69488
18.70654
18.71787
18.73014
18.742
18.7536
18.76554
18.77788
18.78952
18.80066
18.81201
18.82426
18.83663
18.84793
18.85872
18.87056
18.88175
18.8927
18.90395
18.91512
18.92621
18.93807
18.94935
18.96032
18.97191
18.9824
18.99362
19.00471
19.01601
19.0275
19.03889
19.04961
19.06118
19.07243
19.08316
19.09482
19.10669
19.11758
19.12883
19.14092
19.15177
19.16291
19.18039
19.19248
19.20385
19.21649
19.22756
19.23936
19.25
19.26098
19.27227
19.28355
19.29467
19.30642
19.31731
19.32852
19.34028
19.35174
19.36388
19.37554
19.38665
19.39833
19.40963
19.42123
19.43277
19.44406
19.4555
19.46757
19.4788
19.49146
19.502
19.51312
19.52433
19.5351
19.54617
19.55778
19.5682
19.57897
19.5896
19.60493
19.61658
19.62783
19.63948
19.65097
19.66323
19.67478
19.68698
19.69847
19.70935
19.72041
19.73193
19.7432
19.7547
19.76669
19.77885
19.79063
19.80228
19.81384
19.82541
19.83751
19.84931
19.86126
19.87326
19.8842
19.8955
19.91262
19.92419
19.935
19.94598
19.95837
19.97006
19.98324
19.99503
TARGET DESTROYED 
20.00739
20.02383
20.03556
20.04721
20.05935
20.07096
20.08323
20.09499
20.10696
20.11826
20.13686
20.15039
20.1619
20.17456
20.18522
20.19723
20.20926
20.22192
20.23322
20.24421
20.25611
20.26722
20.27872
20.29025
20.30145
20.31363
20.32539
20.33652
20.34837
20.35987
20.37285
20.3848
20.3966
20.40802
20.41877
20.43071
20.4425
20.45352
20.46507
20.47648
20.48846
20.50078
20.51224
20.52376
20.53457
20.54564
20.55717
20.56797
20.5796
20.59151
20.60243
20.61442
20.62634
20.64286
20.65484
20.66618
20.67878
20.69086
20.70284
20.71432
20.72564
20.73718
20.749
20.76031
20.77187
20.78374
20.79572
20.80723
20.81828
20.8293
20.84124
20.85344
20.86518
20.87635
20.88751
20.89926
20.91034
20.92186
20.9333
20.94497
20.95655
20.96988
20.98109
20.99241
21.00364
21.01509
21.02602
21.03714
21.04849
21.05967
21.07088
21.08215
21.09325
21.10429
21.11557
21.12697
21.1385
21.14972
21.1613
21.1732
21.18404
21.19536
21.20711
21.2186
21.23082
21.24247
21.25466
21.26608
21.27789
21.28986
21.30097
21.31213
21.32407
21.33497
21.34655
21.36866
21.38146
21.3983
21.4105
21.42223
21.43342
21.44494
21.45689
21.4683
21.47968
21.49156
21.50315
21.51404
21.52509
21.53629
21.54731
21.55818
21.56874
21.57951
21.59035
21.6058
21.61848
21.62997
21.64155
21.65268
21.66438
21.67643
21.68834
21.69994
21.71167
21.72336
21.73454
21.74681
21.75825
21.77
21.78215
21.79335
21.80517
21.81655
21.82907
21.84087
21.85273
21.86438
21.87541
21.88663
21.89814
21.90982
21.92123
21.93302
21.94414
21.95598
21.96724
21.97863
21.99085
22.00215
22.01407
22.02539
22.03746
22.04921
22.06057
22.07223
22.08333
22.09482
22.10685
22.11777
22.12895
22.1458
22.15777
22.17046
22.18202
22.19356
22.20557
22.21682
22.22829
22.24049
22.2513
22.26269
22.27436
22.28549
22.29737
22.30916
22.3216
22.3329
22.34434
22.35608
22.36773
22.38071
22.39347
22.40595
22.4171
22.42858
22.44141
22.45282
22.46473
22.47619
22.48811
22.50029
22.51185
22.52353
22.53443
22.5458
22.55755
22.56885
22.58038
22.59193
22.60364
22.61512
22.62679
22.63885
22.65078
22.66277
22.67598
22.68774
22.69908
22.71057
22.7227
22.73505
22.74698
22.75853
22.77032
22.78234
22.79391
22.80551
22.81697
22.82875
22.84033
22.85192
22.86443
22.8763
22.89265
22.90432
22.91606
22.92756
22.9395
22.95117
TARGET DESTROYED 
22.96302
22.98049
22.99243
23.00373
23.01529
23.0269
23.03931
23.05043
23.06312
23.07528
23.09309
23.1062
23.11758
23.12914
23.14185
23.15322
23.16478
23.17646
23.18831
23.20014
23.21182
23.22391
23.23524
23.24733
23.25867
23.27115
23.28269
23.29381
23.30531
23.31664
23.32812
23.33992
23.35104
23.36258
23.37436
23.38657
23.40079
23.4128
23.42455
23.43596
23.44765
23.45928
23.4716
23.48381
23.49499
23.50603
23.51683
23.52842
23.53969
23.55055
23.56206
23.57275
23.58353
23.59545
23.61144
23.62903
23.64073
23.65173
23.66355
23.67573
23.68812
23.70001
23.71144
23.72378
23.73494
23.74739
23.7588
23.77038
23.78207
23.79314
23.80465
23.81554
23.82659
23.83808
23.84897
23.86081
23.87192
23.88338
23.89492
23.90722
23.9187
23.92987
23.94126
23.9526
23.96378
23.97532
23.98723
23.99883
24.01005
24.02207
24.03304
24.04416
24.056
24.06709
24.07869
24.09126
24.10191
24.11336
24.12435
24.13511
24.14747
24.15857
24.16977
24.18153
24.19223
24.20355
24.21485
24.22603
24.23776
24.24891
24.26018
24.27185
24.28328
24.29468
24.30606
24.31688
24.32825
24.34056
24.35715
24.36853
24.38176
24.39351
24.40635
24.41763
24.42871
24.44049
24.45167
24.46351
24.47519
24.48653
24.49873
24.51084
24.52207
24.53314
24.54435
24.55589
24.56743
24.57937
24.59105
24.60263
24.61384
24.625
24.63581
24.64718
24.6585
24.66994
24.68163
24.69271
24.70418
24.71585
24.72679
24.7387
24.7505
24.76262
24.77532
24.78698
24.7984
24.8102
24.82181
24.833
24.84398
24.85549
24.8669
24.8794
24.891
24.90175
24.9132
24.92413
24.93514
24.94651
24.95796
24.9693
24.98157
24.99344
25.00525
25.01662
25.02811
25.03966
25.05064
25.06248
25.07429
25.08529
25.10246
25.11469
25.12715
25.13905
25.14985
25.16114
25.17319
25.18392
25.19533
25.20742
25.21828
25.22986
25.24136
25.25325
25.26544
25.27757
25.28904
25.30012
25.31179
25.32371
25.33451
25.34641
25.35826
25.36939
25.38103
25.39357
25.40538
25.41828
25.43011
25.44133
25.45252
25.46385
25.47467
25.48586
25.49758
25.50838
25.51859
25.52959
25.54023
25.55053
25.56171
25.57238
25.5831
25.59444
25.60973
25.62042
25.63105
25.64186
25.65239
25.6632
25.6747
25.68548
25.69613
25.71145
25.72341
25.73574
25.74703
25.75862
25.76967
25.78168
25.79268
25.80416
25.81522
25.82606
25.84196
25.85375
25.86488
25.87598
25.88777
25.89935
25.91034
25.92243
25.93326
25.94449
25.95581
25.96697
25.97794
25.99004
26.00125
26.01263
26.02361
26.03448
26.04621
26.05756
26.06846
26.08025
26.09215
26.1033
26.11454
26.12577
26.13668
26.14836
26.15939
26.17038
26.18209
26.19387
26.20586
26.21688
26.22778
26.23944
26.25006
26.26107
26.27268
26.28355
26.29522
26.30667
26.32545
26.33714
26.3492
26.36066
26.37263
26.3835
26.395
26.40718
26.41892
26.43083
26.44197
26.45474
26.46562
26.47668
26.48831
26.49886
26.51009
26.52222
26.53316
26.54424
26.55576
26.56658
26.58303
26.5943
26.6055
26.61613
26.62802
26.63952
26.65049
26.66206
26.67506
26.68666
26.69803
26.70885
26.72017
26.73137
26.74234
26.75344
26.76561
26.77829
26.78954
26.80054
26.81171
26.82344
26.83446
26.84595
26.85755
26.86847
26.88008
26.89128
26.90249
26.91422
26.92508
26.93621
26.94781
26.95926
26.97188
26.9833
26.99506
27.00703
27.01829
27.02967
27.04094
27.0518
TARGET DESTROYED 
27.06407
27.08011
27.09163
27.10257
27.11367
27.1249
27.13576
27.1474
27.16504
27.17808
27.18958
27.2004
27.21124
27.22235
27.23358
27.24448
27.25552
27.26641
27.27722
27.28912
27.3061
27.31721
27.3282
27.34002
27.35072
27.36188
27.37313
27.38422
27.3961
27.4074
27.41831
27.43127
27.4426
27.45424
27.46569
27.47656
27.48859
27.49944
27.51001
27.52061
27.53097
27.54136
27.55217
27.56289
27.57328
27.58407
27.59473
27.61005
27.62197
27.63296
27.64417
27.65523
27.66622
27.67824
27.68968
27.70047
27.71099
27.72211
27.73265
27.74419
27.75509
27.76628
27.77824
27.78944
27.80023
27.81164
27.82238
27.83304
27.84446
27.85578
27.86646
27.87787
27.88927
27.89924
27.90989
27.92077
27.9313
27.94245
27.95263
27.96341
27.97381
27.98537
27.99636
28.00722
28.01818
28.03381
28.04444
28.05541
28.07141
28.08269
28.09333
28.10412
28.11511
28.12572
28.13589
28.14731
28.15782
28.16829
28.1797
28.19143
28.20208
28.21285
28.22355
28.23399
28.24468
28.25615
28.26684
28.27737
28.28851
28.29907
28.30949
28.32075
28.33112
28.34337
28.3541
28.36466
28.37569
28.38706
28.39814
28.40902
28.42032
28.43137
28.44266
28.45407
28.46482
28.4761
28.48731
28.49867
28.5098
28.52135
28.53252
28.54426
28.55604
28.56689
28.57829
28.58978
28.60096
28.61281
28.624
28.63505
28.64654
28.6577
28.66932
28.68193
28.69339
28.70507
28.71609
28.72665
28.73813
28.74943
28.76005
28.77185
28.78266
28.79376
28.80503
28.81667
28.83386
28.84555
28.85707
28.86806
28.87945
28.89047
28.90083
28.91199
28.9232
28.93401
28.94546
28.95669
28.96772
28.97902
28.9903
29.00102
29.01293
29.02469
29.03558
29.04663
29.05749
29.06806
29.07915
29.09079
29.1017
29.11274
29.12419
29.13521
29.14656
29.15779
29.1688
29.1799
29.19088
29.20205
29.21319
29.22468
29.23599
29.24726
29.25869
29.27041
29.28181
29.29317
29.30458
29.31576
29.32749
29.33898
29.35014
29.36173
29.37308
29.38443
29.39619
29.40832
29.4203
29.43278
29.44473
29.4579
29.46911
29.48121
29.4929
29.50505
29.51592
29.52685
29.53826
29.54948
29.56078
29.57178
29.58277
29.59373
29.61424
29.62729
29.6391
29.65023
29.66147
29.67339
29.68412
29.69442
29.70936
29.72058
29.73119
29.74186
29.75377
29.76487
29.77653
29.78839
29.79972
29.8102
29.82173
29.83279
29.84443
29.85557
29.86696
29.87848
29.88966
29.90052
29.91176
29.92256
29.93337
29.94488
29.95605
29.96672
29.97871
29.99096
30.00178
30.01316
30.02455
30.03547
30.04777
30.05917
30.07078
30.08184
30.09327
30.1048
30.11618
30.12749
30.13858
30.14976
30.16084
30.17327
30.18514
30.19613
30.20738
30.21861
30.22978
30.24092
30.25199
30.2634
30.27462
30.28601
30.29681
30.3078
30.31918
30.33055
30.3417
30.35268
30.36394
30.38139
30.39314
30.40496
30.41573
30.42684
30.43858
30.44925
30.46224
30.47438
30.48685
30.49803
30.51038
30.52184
30.53233
30.54326
30.55459
30.56586
30.57738
30.58883
30.59955
30.61091
30.62194
30.63245
30.64309
30.65487
30.66583
30.678
30.68925
30.69974
30.71035
30.72158
30.73246
30.74379
30.75549
30.76586
30.77835
30.78912
30.79991
30.81123
30.8219
30.83281
30.84475
30.85555
30.86631
30.87774
30.88964
30.90058
30.91135
30.9225
30.93344
30.94472
30.95645
30.96827
30.9796
30.99076
31.00228
31.01379
31.02527
31.03706
31.04837
31.05969
31.07188
31.08325
31.0941
31.10563
31.11719
31.12861
31.14499
31.15647
31.16745
31.1789
31.19045
31.20184
31.21295
31.22376
31.23499
31.24616
31.25749
31.26843
31.28005
31.29106
31.30209
31.31373
31.32441
31.33562
31.3468
31.35823
31.36923
31.38013
31.39145
31.4026
31.4143
31.42512
31.43616
31.44709
31.45845
31.4708
31.48168
31.49261
31.50343
31.51447
31.52544
31.53682
31.54775
31.5588
31.57053
31.58145
31.59253
31.60762
31.61853
31.63056
31.64178
31.65313
31.66444
31.67594
31.6881
31.69921
31.71046
31.72181
31.73245
31.74338
31.75587
31.7666
31.77909
31.79002
31.80109
31.8123
31.82361
31.83416
31.84586
31.85666
31.86709
31.87844
31.88992
31.90583
31.91674
31.92737
31.93875
31.94979
31.96152
31.98418
31.9964
32.00785
32.0182
32.02911
32.03942
32.05034
32.06187
32.07296
32.08397
32.09548
TARGET DESTROYED 
32.10646
32.1319
32.14445
32.16486
32.17722
32.18851
32.19907
32.20951
32.22084
32.23188
32.24284
32.25376
32.26471
32.2756
32.28694
32.29818
32.30915
32.32045
32.33145
32.34369
32.35501
32.36555
32.37654
32.38753
32.39837
32.40903
32.42046
32.43143
32.44252
32.45379
32.46447
32.47785
32.48938
32.5004
32.51136
32.52229
32.53308
32.54414
32.55486
32.56543
32.57665
32.58727
32.59787
32.61436
32.62591
32.63672
32.64772
32.65895
32.66934
32.68143
32.69261
32.70383
32.71435
32.72544
32.73555
32.74627
32.75721
32.76809
32.77997
32.79058
32.80159
32.81378
32.82437
32.83523
32.84767
32.8586
32.87101
32.88221
32.89301
32.90517
32.91605
32.92753
32.93964
32.95042
32.96223
32.97337
32.9849
32.99665
33.00765
33.01859
33.0307
33.04194
33.0536
33.06494
33.07604
33.08778
33.09856
33.11019
33.12183
33.13406
33.1456
33.15676
33.1675
33.17877
33.18966
33.20104
33.21244
33.22358
33.23465
33.24659
33.25741
33.26825
33.27947
33.29064
33.3014
33.31374
33.32476
33.33559
33.34663
33.3578
33.37396
33.38547
33.39723
33.40812
33.41992
33.43113
33.44249
33.45387
33.46477
33.47594
33.4884
33.49913
33.50947
33.52058
33.53082
33.54132
33.55615
33.5669
33.57784
33.58818
33.59917
33.6139
33.62557
33.63688
33.64784
33.65905
33.67146
33.6831
33.69453
33.7056
33.7164
33.72776
33.73878
33.74961
33.76097
33.77259
33.78444
33.79589
33.80687
33.81715
33.82843
33.83885
33.84926
33.86096
33.87236
33.88261
33.89393
33.90509
33.91595
33.9269
33.93821
33.95179
33.96379
33.97493
33.98609
33.9968
34.00729
34.01854
34.02979
34.043
