0.02
0.04
0.14
0.1805875
0.1927992
0.20348
0.2147327
0.2282414
0.2400167
0.2508059
0.2621149
0.2737006
0.2849954
0.2980395
0.3075978
0.317909
0.3296908
0.3402391
0.3514242
0.3628874
0.3736561
0.3848563
0.3968475
0.4072097
0.4183906
0.4305644
0.4407101
0.4520935
0.4635182
0.4767923
0.4891589
0.4997498
0.5091648
0.5189518
0.5304817
0.5411862
0.5525205
0.563949
0.5748878
0.5897931
0.600992
0.611668
0.6219484
0.6313903
0.6417759
0.6529382
0.6644158
0.6754203
0.6863779
0.697859
0.7088273
0.7201297
0.7314707
0.7423212
0.7535614
0.7653118
0.7764327
0.7870195
0.7987791
0.8094683
0.8209218
0.8321258
0.842829
0.853941
0.8653448
0.8764427
0.8875209
0.9019756
0.9131914
0.9244073
0.9353155
0.9465186
0.9576716
0.9688894
0.9803413
0.9924808
1.003982
1.015056
1.02548
1.037072
1.048287
1.05966
1.070842
1.082532
1.09343
1.104674
1.116384
1.128135
1.138376
1.149535
1.16064
1.171721
1.183088
1.194151
1.205333
1.217696
1.227504
1.239125
1.250115
1.261006
1.272151
1.283553
1.294697
1.305769
1.316969
1.328698
1.33948
1.350543
1.362805
1.373282
1.383897
1.396069
1.406552
1.417692
1.42907
1.440116
1.451128
1.462575
1.473258
1.485319
1.495954
1.507019
1.518283
1.529946
1.540832
1.551842
1.565986
1.57569
1.585158
1.5946
1.605792
1.617068
1.628263
1.63968
1.651111
1.661869
1.672706
1.68873
1.698808
1.709223
1.719743
1.729364
1.73906
1.750511
1.761028
1.776956
1.787336
1.797544
1.807156
1.817805
1.827719
1.83896
1.850232
1.861454
1.872401
1.883961
1.894848
1.906043
1.917261
1.92894
1.939697
1.950648
1.961849
1.972904
1.984259
1.995492
2.006395
2.017954
2.029046
2.040196
2.051208
2.062814
2.073595
2.084776
2.096305
2.10701
2.119239
2.130401
2.140848
2.152589
2.163926
2.175001
2.186159
2.197775
2.208971
2.220186
2.231679
2.243083
2.254211
2.265749
2.276988
2.288652
2.299659
2.310977
2.322456
2.333528
2.344579
2.355683
2.366982
2.378257
2.389162
2.40051
2.411624
2.42264
2.434379
2.445023
2.456335
2.467467
2.478789
2.490561
2.511455
2.523263
2.533525
2.543041
2.552713
2.563306
2.574065
2.585281
2.597039
2.608445
2.619728
2.630771
2.641484
2.65234
2.664123
2.674944
2.685902
2.697538
2.708074
2.725097
2.737524
2.747273
2.757001
2.76748
2.777374
2.787448
2.797986
2.808812
2.819829
2.831359
2.844429
2.855558
2.865988
2.876705
2.893972
2.904258
2.914485
2.92434
2.934257
2.943995
2.954443
2.965903
2.977898
2.989053
2.999022
3.009802
3.021144
3.032302
3.043323
3.054907
3.065673
3.076869
3.087879
3.099554
3.110533
3.121484
3.132888
3.143889
3.155145
3.166319
3.177488
3.188515
3.19987
3.210917
3.222634
3.233326
3.244782
3.255507
3.267244
3.27864
3.289935
3.30133
3.312898
3.324374
3.335502
3.347001
3.359768
3.370012
3.381245
3.392516
3.404176
3.416052
3.42769
3.438479
3.449565
3.460956
3.472337
3.483739
3.495605
3.506423
3.51737
3.52882
3.540484
3.551638
3.562016
3.573295
3.58463
3.595799
3.60668
3.618086
3.629992
3.640692
3.651965
3.663199
3.674177
3.685265
3.69681
3.709094
3.719956
3.730617
3.74144
3.752259
3.763685
3.774717
3.785811
3.796859
3.807826
3.819653
3.830683
3.841253
3.853011
3.864073
3.874913
3.886106
3.89791
3.90856
3.919775
3.931279
3.941832
3.95329
3.964469
3.97567
3.986644
3.999413
4.014544
4.024457
4.034863
4.044693
4.055181
4.065085
4.075268
4.085432
4.103849
4.11597
4.126825
4.137882
4.149312
4.160264
4.17153
4.182736
4.193998
4.205259
4.216435
4.227692
4.239145
4.249896
4.26105
4.272477
4.283568
4.294807
4.305964
4.316977
4.328336
4.339433
4.351005
4.362129
4.373515
4.383793
4.395456
4.406721
4.417478
4.429162
4.440021
4.450984
4.463178
4.47353
4.485801
4.496744
4.508204
4.519017
4.529394
4.541096
4.551311
4.562686
4.573659
4.585139
4.596637
4.607982
4.619768
4.631109
4.642571
4.65402
4.665599
4.677315
4.68864
4.700099
4.711667
4.72309
4.73507
4.746546
4.757747
4.769697
4.78068
4.790865
4.803189
4.813748
4.824553
4.835735
4.847043
4.85778
4.868998
4.880495
4.891277
4.902818
4.914342
4.924694
4.936037
4.947475
4.958445
4.970148
4.981146
4.992364
5.003413
5.01434
5.025729
5.036664
5.048179
5.058923
5.070058
5.08637
5.097634
5.108087
5.119481
5.131165
5.143651
5.154398
5.165673
5.177136
5.187946
5.199331
5.210506
5.221493
5.232802
5.243991
5.255091
5.266222
5.277544
5.288614
5.300241
5.310859
5.322146
5.333299
5.345373
5.355546
5.366911
5.378001
5.389065
5.401543
5.411899
5.422722
5.434263
5.444908
5.456725
5.467138
5.478389
5.489754
5.500834
5.511884
5.523106
5.53431
5.545566
5.556546
5.567756
5.578989
5.590113
5.601331
5.613676
5.624273
5.636039
5.647666
5.658887
5.670429
5.682032
5.694061
5.704942
5.716474
5.727895
5.739314
5.75078
5.762377
5.773908
5.784806
5.796373
5.807155
5.818407
5.82998
5.84074
5.852019
5.863561
5.874429
5.887468
5.899252
5.911184
5.923321
5.935183
5.946404
5.958528
5.970037
5.981411
5.992155
6.003359
6.014727
6.025768
6.036818
6.048305
6.059498
6.070366
6.081689
6.092881
6.103959
6.115154
6.12625
6.137377
6.14867
6.159935
6.170788
6.182168
6.197742
6.20848
6.219009
6.229777
6.24008
6.250938
6.261042
6.271339
6.282689
6.293686
6.305079
6.316328
6.327535
6.338509
6.349737
6.360864
6.371956
6.383239
6.394267
6.405834
6.416713
6.428169
6.440021
6.45127
6.462942
6.474235
6.485601
6.497335
6.508777
6.519853
6.531586
6.542195
6.553394
6.565125
6.578106
6.588521
6.598959
6.611052
6.621824
6.633487
6.644684
6.655741
6.666796
6.678113
6.689211
6.700855
6.712615
6.723239
6.734653
6.745724
6.756533
6.767893
6.779073
6.790082
6.801745
6.81261
6.823525
6.834868
6.846066
6.857158
6.868294
6.880154
6.890561
6.902143
6.913639
6.924206
6.935362
6.946761
6.957664
6.969021
6.980536
6.991535
7.002438
7.013794
7.02475
7.036708
7.047953
7.058985
7.069503
7.080969
7.092004
7.103057
7.114309
7.125512
7.13642
7.147979
7.160854
7.170996
7.181636
7.193086
7.203474
7.215006
7.22589
7.236983
7.248737
7.259647
7.270423
7.281875
7.292955
7.30454
7.320076
7.331328
7.341497
7.351938
7.362085
7.372355
7.382874
7.393216
7.40387
7.414216
7.42446
7.435211
7.445496
7.45574
7.466694
7.477791
7.48917
7.500227
7.511683
7.522568
7.533846
7.54506
7.555898
7.567994
7.578389
7.597866
7.608
7.618406
7.628813
7.639164
7.651007
7.661049
7.671609
7.681815
7.692604
7.703035
7.714273
7.72427
7.734738
7.746026
7.757107
7.768186
7.779655
7.790483
7.801868
7.813733
7.824216
7.835609
7.846855
7.868858
7.880471
7.891593
7.902397
7.913795
7.924572
7.935905
7.947192
7.95801
7.969346
7.981008
7.991754
8.003985
8.014118
8.025376
8.036523
8.048194
8.058909
8.070599
8.081157
8.092245
8.104255
8.115071
8.125552
8.137165
8.148098
8.159268
8.170279
8.181763
8.192724
8.203893
8.215281
8.226293
8.237488
8.248926
8.259925
8.270823
8.282212
8.293827
8.304626
8.315725
8.326626
8.338143
8.349388
8.360224
8.371806
8.383369
8.394928
8.406422
8.418033
8.43474
8.445451
8.455436
8.466135
8.476295
8.486447
8.496631
8.507314
8.518936
8.530029
8.54055
8.551864
8.563395
8.574052
8.585379
8.596911
8.607705
8.619092
8.630476
8.641165
8.652583
8.663849
8.674676
8.685712
8.697271
8.708097
8.719455
8.730585
8.741871
8.753706
8.764328
8.775266
8.786378
8.798485
8.809309
8.820592
8.832397
8.843564
8.854458
8.865937
8.877222
8.888611
8.900119
8.911478
8.922746
8.934145
8.946099
8.956622
8.968222
8.979856
8.990749
9.001836
9.013348
9.024108
9.035464
9.046572
9.057623
9.069161
9.080351
9.091309
9.102497
9.113871
9.12481
9.135804
9.147542
9.158278
9.169717
9.181143
9.192009
9.203503
9.21454
9.2257
9.237516
9.247773
9.259039
9.270046
9.282578
9.292891
9.303749
9.315066
9.328126
9.339156
9.3496
9.359446
9.370054
9.381627
9.393993
9.404746
9.414908
9.426106
9.437291
9.448378
9.459687
9.471435
9.482231
9.493325
9.504543
9.515869
9.527125
9.542923
9.553288
9.563166
9.573483
9.583456
9.593611
9.603991
9.614215
9.624234
9.634647
9.645583
9.656752
9.667945
9.679271
9.690207
9.701742
9.712765
9.72369
9.734968
9.746377
9.757248
9.768513
9.779852
9.79075
9.802015
9.813539
9.824285
9.835637
9.846807
9.858006
9.86902
9.880372
9.89126
9.902595
9.913808
9.924948
9.938019
9.9485
9.959865
9.971292
9.98326
9.994334
10.00549
10.01686
10.02774
10.04166
10.0534
10.06562
10.0771
10.08914
10.10061
10.11174
10.12342
10.13544
10.14775
10.15896
10.17083
10.18218
10.19301
10.20397
10.21498
10.22565
10.23667
10.24815
10.25925
10.2704
10.28149
10.29263
10.30367
10.31525
10.32646
10.33781
10.3485
10.35973
10.37086
10.38196
10.39301
10.40438
10.41565
10.42717
10.4395
10.45038
10.46095
10.47195
10.4832
10.49521
10.50611
10.51726
10.52801
10.53886
10.55006
10.56062
10.57181
10.58336
10.5944
10.60538
10.61685
10.62839
10.63999
10.65706
10.66835
10.67949
10.69059
10.70203
10.71296
10.72366
10.73528
10.74651
10.75741
10.76867
10.77973
10.79104
10.80219
10.81374
10.82516
10.83631
10.84712
10.85873
10.87075
10.88263
10.89397
10.906
10.91817
10.92993
10.9418
10.9538
10.96574
10.97686
10.98829
11.00024
11.01133
11.0229
11.03459
11.04669
11.05815
11.06989
11.08164
11.09307
11.10434
11.11583
11.12727
11.13919
11.15144
11.16287
11.17608
11.18743
11.19931
11.21058
11.22188
11.23359
11.24501
11.25647
11.26833
11.28889
11.30055
11.31182
11.3253
11.33831
11.35028
11.36229
11.37685
11.38869
11.40066
11.41365
11.42642
11.43881
11.45047
11.46226
11.47387
11.48598
11.49819
11.51014
11.52176
11.53406
11.54672
11.55933
11.57183
11.58469
11.59726
11.60954
11.6218
11.63491
11.64753
11.66032
11.67271
11.68595
11.69843
11.71116
11.7237
11.73606
11.74806
11.76017
11.7726
11.78579
11.79668
11.80781
11.81899
11.82989
11.84576
11.85659
11.86781
11.87955
11.8922
11.90511
11.91792
11.9302
11.94202
11.95417
11.9667
11.97959
11.99106
12.00343
12.01514
12.0271
12.03935
12.05091
12.06265
12.07443
12.08646
12.09864
12.11019
12.12177
12.13396
12.14585
12.1581
12.16947
12.18144
12.1929
12.20434
12.21598
12.22744
12.23941
12.25152
12.26342
12.27496
12.28654
12.29834
12.31023
12.32236
12.33512
12.34689
12.35911
12.37053
12.38261
12.3938
12.4056
12.41705
12.42919
12.44142
12.45325
12.46586
12.47859
12.49133
12.50412
12.51678
12.52945
12.54149
12.55371
12.56611
12.57775
12.59047
12.60334
12.61552
12.63578
12.64859
12.66068
12.67308
12.68547
12.69783
12.70964
12.7217
12.73399
12.74623
12.75858
12.77088
12.78292
12.79474
12.8069
12.81861
12.83035
12.84226
12.8547
12.86806
12.88008
12.89235
12.90462
12.91698
12.92904
12.94095
12.9529
12.96512
12.97719
12.98943
13.00183
13.01436
13.02612
13.03803
13.05068
13.06832
13.08043
13.09216
13.10465
13.11739
13.12952
13.14146
13.15373
13.16581
13.1778
13.19005
13.20259
13.21487
13.2274
13.23975
13.25196
13.26411
13.27634
13.28852
13.30089
13.31328
13.32709
13.33921
13.35195
13.36434
13.37603
13.38812
13.40038
13.41269
13.42509
13.43768
13.44994
13.46208
13.47448
13.48694
13.49915
13.51077
13.52318
13.53601
13.54821
13.56016
13.57229
13.58462
13.59672
13.60897
13.62137
13.63336
13.64498
13.65709
13.66952
13.68271
13.70866
13.72081
13.73307
13.7455
13.75807
13.7702
13.78262
13.79443
13.80693
13.81901
13.83097
13.84324
13.85538
13.86742
13.87914
13.89154
13.90374
13.91638
13.92913
13.94135
13.95356
13.96667
13.9786
13.99075
14.00273
14.01544
14.0275
14.04003
14.05212
14.06414
14.07651
14.08788
14.10265
14.11631
14.12927
14.14278
14.15606
14.16957
14.18287
14.1963
14.20981
14.22326
14.23654
14.2498
14.26349
14.27577
14.28815
14.30589
14.31932
14.33361
14.34592
14.35918
14.37149
14.38456
14.39732
14.40951
14.42181
14.43261
14.44305
14.45342
14.46456
14.47474
14.48546
14.49559
14.50645
14.51695
14.52777
14.53857
14.54928
14.55946
14.57079
14.58212
14.59307
14.60456
14.61549
TARGET DESTROYED 
14.62655
14.64551
14.65674
14.66736
14.67829
14.68898
14.69978
14.71876
14.73092
14.74116
14.75148
14.76142
14.77227
14.78321
14.7939
14.80511
14.81648
14.82752
14.83881
14.85016
14.86133
14.87231
14.884
14.89469
14.90569
14.91696
14.92955
14.94198
14.95438
14.96737
14.98078
14.99132
15.0034
15.01557
15.02681
15.03837
15.05028
15.06231
15.07374
15.08502
15.09725
15.10959
15.12142
15.13341
15.14496
15.15697
15.16853
15.18035
15.19156
15.20339
15.21494
15.22733
15.2389
15.25058
15.26121
15.27227
15.28381
15.29469
15.3056
15.31685
15.32862
15.34058
15.3527
15.36407
15.37492
15.39141
15.40264
15.41373
15.4244
15.43698
15.44807
15.45899
15.47026
15.48174
15.4928
15.50407
15.51568
15.52666
15.53789
15.54892
15.56002
15.57094
15.58205
15.59277
15.60371
15.61524
15.62612
15.63747
15.64886
15.65953
15.67036
15.68229
15.69346
15.70476
15.71613
15.7272
15.73836
15.74969
15.76054
15.77201
15.78329
15.79426
15.80523
15.81623
15.82713
15.83827
15.84937
15.85996
15.87126
15.88228
15.89326
15.90477
15.91674
15.92826
15.94029
15.95174
15.96316
15.97448
15.98598
15.99804
16.0098
16.02134
16.04146
16.05273
16.06465
16.07861
16.09081
16.10291
16.11566
16.12747
16.13971
16.15143
16.16331
16.17497
16.18656
16.19816
16.20985
16.22168
16.23375
16.24664
16.25849
16.26978
16.28136
16.29281
16.30484
16.31666
16.32855
16.34072
16.35239
16.36411
16.37541
16.3869
16.39913
16.41073
16.42231
16.43561
16.44797
16.45826
16.46961
16.48111
16.49189
16.50315
16.51443
16.52537
16.54108
16.55195
16.56187
16.57212
16.58265
16.59258
16.60358
16.61528
16.62601
16.63713
16.64871
16.6594
16.67052
16.68203
16.693
16.70428
16.71547
16.7266
16.73784
16.74908
16.76007
16.77112
16.78267
16.79359
16.80534
16.81601
16.82692
16.8382
16.85054
16.8608
16.87158
16.88348
16.89406
16.90522
16.91677
16.92817
16.93942
16.95093
16.96262
16.97416
16.98555
16.99717
17.00863
17.02031
17.03196
17.04272
17.05487
17.0662
17.07752
17.08891
17.10008
17.11113
17.12231
17.134
17.14471
17.15575
17.16698
17.17855
17.18941
17.20045
17.21189
17.22385
17.23425
17.24501
17.25641
17.2675
17.2788
17.28981
17.30114
17.31217
17.32398
17.33533
17.34579
17.35693
17.36814
17.37955
17.39045
17.40149
17.41319
17.4239
17.43547
17.44659
17.45744
17.46877
17.48034
TARGET DESTROYED 
17.49142
17.50569
17.5161
17.52644
17.53657
17.54807
17.55782
17.56779
17.57903
17.58969
17.60109
17.61237
17.62316
17.63464
17.65039
17.66764
17.67917
17.68957
17.7
17.70975
17.72054
17.73183
17.74294
17.75413
17.76534
17.77643
17.78786
17.79884
17.81014
17.82107
17.83246
17.84339
17.85473
17.86584
17.87689
17.8882
17.8995
17.9105
17.92159
17.93279
17.9444
17.95504
17.96664
17.97774
17.98861
17.99983
18.01089
18.02254
18.03361
18.04437
18.05572
18.06691
18.07807
18.08969
18.10045
18.11142
18.12301
18.13388
18.1456
18.15639
18.1678
18.17953
18.19092
18.20239
18.21447
18.22591
18.23704
18.24878
18.26005
18.27159
18.28356
18.29432
18.30607
18.3177
18.32909
18.34015
18.35118
18.36238
18.37341
18.38442
18.39603
18.40686
18.41847
18.43075
18.44095
18.4516
18.46292
18.47405
18.48505
18.49692
18.50733
18.51863
18.53085
18.54073
18.55263
18.56397
18.57431
18.58559
18.59722
18.60793
18.61936
18.63074
18.64158
18.65265
18.66417
18.67494
18.68618
18.69769
18.70869
18.7197
18.73122
18.74673
18.75738
18.76768
18.77792
18.78823
18.79895
18.80936
18.81977
18.82953
18.83978
18.84984
18.86037
18.87148
18.88272
18.89424
18.9052
18.91636
18.9274
18.9385
18.94976
18.96087
18.97207
18.98316
18.99434
19.00535
19.01682
19.02781
19.03912
19.05013
19.06135
19.07268
19.08363
19.09495
19.10601
19.11726
19.12948
19.1399
19.15163
19.16274
19.17406
19.18555
19.19699
19.20813
19.21972
19.23135
19.2431
19.25367
19.26533
19.27706
19.28811
19.2993
19.31079
19.32229
19.33327
19.34486
19.35639
19.36745
19.37885
19.3902
19.40096
19.41223
19.42331
19.43488
19.44583
19.4568
19.46801
19.47939
19.49096
19.50143
19.5129
19.52377
19.53497
19.54668
19.55738
19.56858
19.58018
19.5908
19.60208
19.61364
19.62865
19.63892
19.64971
19.65995
19.67033
19.68073
19.69118
19.70208
19.71186
19.72182
19.73285
19.74385
19.75556
19.76623
19.77744
19.78853
19.79988
19.81108
19.82204
19.83341
19.84453
19.86004
19.87004
19.88036
19.89063
19.90085
19.91226
19.92254
19.93373
19.94506
19.95859
19.96873
19.97867
19.99006
20.00093
20.01248
20.02349
20.03504
TARGET DESTROYED 
20.04662
20.06099
20.07147
20.08215
20.09211
20.10244
20.11382
20.12477
20.13587
20.14735
20.15822
20.16972
20.18697
20.19883
20.20935
20.2193
20.22923
20.239
20.2496
20.2605
20.27034
20.28072
20.29044
20.30093
20.31202
20.32383
20.33432
20.34664
20.3568
20.36782
20.37936
20.3901
20.40141
20.41291
20.4235
20.43514
20.44641
20.45753
20.46825
20.48057
20.49123
20.5017
20.51322
20.52429
20.53569
20.5468
20.55778
20.56904
20.58048
20.59122
20.60238
20.61406
20.62513
20.63664
20.6481
20.65951
20.67079
20.6824
20.69389
20.7051
20.71651
20.72846
20.73936
20.75094
20.76256
20.77374
20.78577
20.79775
20.80826
20.81941
20.8311
20.84188
20.85299
20.86477
20.87545
20.88651
20.90236
20.9125
20.9226
20.93336
20.94341
20.95393
20.96489
20.97468
20.98508
20.99512
21.00617
21.01727
21.02845
21.03976
21.05362
21.06738
21.08125
21.09365
21.10543
21.11753
21.12994
21.13978
21.15018
21.16077
21.17215
21.18321
21.19435
21.20559
21.21663
21.22798
21.23912
21.25063
21.26159
21.27287
21.28381
21.29499
21.30601
21.31728
21.32834
21.33956
21.35103
21.36221
21.37324
21.38494
21.39548
21.40666
21.41799
21.42945
21.44014
21.45139
21.46262
21.47381
21.48549
21.4961
21.50705
21.51837
21.52966
21.54171
21.55188
21.56387
21.5751
21.58739
21.59805
21.60959
21.62082
21.63268
21.64382
21.65538
21.66719
21.67803
21.68994
21.70148
21.71282
21.72399
21.73581
21.74706
21.75795
21.7692
21.78062
21.79143
21.80265
21.81425
21.82477
21.83631
21.84744
21.85823
21.86972
21.88102
21.89223
21.90306
21.91451
21.92549
21.93657
21.94827
21.95894
21.97005
21.98164
21.9923
22.00809
22.01963
22.03001
22.04177
22.05299
22.06359
22.07382
22.08387
22.09356
22.10396
22.11483
22.1244
22.1345
22.14385
22.15504
22.16618
22.17739
22.18855
22.1998
22.2114
22.2221
22.23337
22.24432
22.25555
22.26679
22.27785
22.28909
22.30101
22.31143
22.32271
22.33389
22.345
22.35626
22.36748
22.3783
22.3896
22.40094
22.41208
22.42321
22.4344
22.44532
22.45651
22.46781
22.47906
22.49063
22.5014
22.51333
22.52477
22.53596
22.5476
22.55891
22.5703
22.58194
22.59339
22.60477
22.6164
22.62781
22.6389
22.65073
22.66168
22.67355
22.68511
22.69671
22.70733
22.71852
22.73017
22.74064
22.75188
22.7638
22.77472
22.78538
22.79679
22.80804
22.8206
22.83113
22.84186
22.85257
22.86402
22.87482
22.88643
22.89855
22.90821
22.91969
22.9311
22.94195
22.95323
22.96449
22.976
22.98645
22.99845
23.00943
23.02034
23.03162
23.04245
23.05398
23.06994
23.08109
23.09154
23.10239
23.11311
23.12366
23.13427
23.14395
23.15441
23.16418
23.17382
23.18373
23.19408
23.20493
23.21618
23.2273
23.23864
23.24977
23.26105
23.27196
23.28316
23.29443
23.30583
23.31712
23.32859
23.33961
23.35024
23.36145
23.37264
23.38379
23.39534
23.40626
23.41724
23.4287
23.43987
23.45058
23.46229
23.47322
TARGET DESTROYED 
23.48489
23.49905
23.50914
23.5192
23.52941
23.54052
23.55211
23.56378
23.57506
23.5864
23.59813
23.60932
23.62103
23.63778
23.64972
23.6599
23.67006
23.68049
23.69295
23.70368
23.7142
23.72384
23.7344
23.7441
23.75425
23.76414
23.77482
23.78572
23.79716
23.80842
23.81952
23.83071
23.84151
23.85287
23.86434
23.87522
23.88638
23.89835
23.90872
23.91995
23.93205
23.94229
23.95325
23.96493
23.9758
23.98691
23.99813
24.00919
24.02034
24.03167
24.04266
24.05416
24.06529
24.07634
24.08769
24.09906
24.11039
24.12565
24.13612
24.14576
24.15613
24.16775
24.17926
24.1905
24.20201
24.21391
24.22452
24.23578
24.24747
24.25869
24.26935
24.28085
24.29174
24.30327
24.32314
24.33366
24.34421
24.35551
24.36665
24.37794
24.38901
24.40043
24.41121
24.42239
24.43385
24.4455
24.45608
24.46727
24.47838
24.49064
24.50062
24.51203
24.52369
24.5344
24.54716
24.55791
24.56816
24.57903
24.59015
24.60131
24.61263
24.62338
24.6349
24.64609
24.657
24.66817
24.67987
24.69058
24.70167
24.71331
24.72419
24.73509
24.74647
24.75763
24.76889
24.78041
24.79196
24.80327
24.81484
24.8263
24.83773
24.84942
24.86078
24.87228
24.88365
24.895
24.9065
24.91834
24.92948
24.9409
24.95215
24.96404
24.97469
24.98617
24.99749
25.00879
25.02004
25.03129
25.04171
25.05327
25.06443
25.07519
25.08642
25.09789
25.10888
25.12019
25.13131
25.14234
25.15318
25.16511
25.17566
25.18711
25.19824
25.20948
25.22037
25.23223
25.2431
25.25396
25.27076
25.28207
25.29252
25.30335
25.31448
25.32567
25.33743
25.34972
25.36093
25.37256
25.3834
25.3944
25.40539
25.41652
25.42792
25.43895
25.45013
25.46136
25.47268
25.48369
25.49498
25.50585
25.51715
25.52824
25.53959
25.55065
25.56244
25.57307
25.58454
25.59538
25.60639
25.61762
25.62897
25.64012
25.65139
25.66254
25.67349
25.68525
25.696
25.70727
25.71821
25.72973
25.74058
25.75167
25.7631
25.77413
25.78523
25.79649
25.80781
25.81932
25.8308
25.84227
25.8539
25.86547
25.87667
25.88861
25.89982
25.9112
25.92269
25.93425
25.94548
25.9569
25.96876
25.98049
25.99142
26.0026
26.01405
26.02487
26.0359
26.04734
26.05832
26.06944
26.08111
26.09157
26.10282
26.11458
26.1254
26.1362
26.14792
26.15885
26.16993
26.18126
26.19223
26.20336
26.21489
26.22611
26.23695
26.24821
26.25937
26.27049
26.28304
26.2929
26.30394
26.31535
26.32635
26.33768
26.3488
26.35993
26.37129
26.38241
26.39425
26.40445
26.41939
26.43044
26.44081
26.45107
26.46079
26.47087
26.48102
26.49106
26.50219
26.5135
26.52461
26.53564
26.54698
26.55801
26.56924
26.58076
26.59176
26.60293
26.61434
26.62498
26.63667
26.6475
26.65906
26.66981
26.68143
26.6919
26.70331
26.71474
26.72566
26.73709
26.74862
26.75916
26.77064
26.78159
26.79257
26.80394
26.81558
26.82662
26.83817
26.8501
26.86076
26.87197
26.88333
26.89472
26.90619
26.91754
26.92865
26.93999
26.95138
26.96298
26.97406
26.98537
26.99672
27.0076
27.01926
27.0304
27.04116
27.05256
27.06437
27.07474
27.08586
27.09721
27.10813
27.11946
27.13102
27.14167
27.15286
27.16431
27.17526
27.18639
27.19794
27.20873
27.22025
27.23116
27.24369
27.25326
27.26481
27.27573
27.2869
27.29868
27.30935
27.32054
27.33207
27.34281
27.35394
27.36509
27.37679
27.38728
27.39901
27.4099
27.42107
27.43248
27.44447
27.45443
27.46592
27.47716
27.4881
27.49939
27.51035
27.52162
TARGET DESTROYED 
27.53295
27.55212
27.56227
27.57235
27.58366
27.59486
27.60597
27.61715
27.62842
27.63951
27.65072
27.66176
27.67302
27.68491
27.7021
27.71473
27.7246
27.73445
27.74402
27.75423
27.76424
27.77372
27.78483
27.79598
27.80692
27.81822
27.8296
27.84082
27.85299
27.8628
27.87395
27.88522
27.89694
27.90814
27.91866
27.93035
27.941
27.9522
27.96362
27.97443
27.98576
27.99731
28.00815
28.01997
28.03045
28.04156
28.05272
28.06399
28.07542
28.08612
28.09782
28.10871
28.12005
28.13163
28.14323
28.15458
28.16595
28.17732
28.18863
28.20011
28.21148
28.22278
28.23445
28.24581
28.25735
28.26884
28.28035
28.29148
28.30431
28.31472
28.32569
28.33714
28.34818
28.35921
28.37043
28.3817
28.39314
28.40403
28.41517
28.42623
28.4375
28.44887
28.45974
28.47108
28.48255
28.49372
28.50431
28.51585
28.52677
28.53805
28.54926
28.56021
28.57142
28.58294
28.59385
28.60487
28.61622
28.62753
28.63862
28.64986
28.66083
28.67644
28.68665
28.69627
28.70612
28.71608
28.72609
28.73622
28.74778
28.75851
28.76976
28.78151
28.79277
28.80314
28.81474
28.82545
28.83672
28.84824
28.85914
28.87036
28.88152
28.8926
28.90381
28.91508
28.92606
28.93752
28.94866
28.95968
28.97089
28.982
28.99302
29.00441
29.01577
29.02676
29.03778
29.04924
29.06027
29.07167
29.08301
29.09452
29.10568
29.11707
29.12845
29.13991
29.15108
29.1629
29.17358
29.18522
29.19652
29.20773
29.21948
29.23088
29.24143
29.25305
29.26422
29.27583
29.28624
29.29771
29.30874
29.32021
29.33133
29.34205
29.35328
29.36547
29.37605
29.3868
29.39826
29.40955
29.42059
29.4317
29.44273
29.45391
29.46502
29.47635
29.48723
29.49882
29.5098
29.5209
29.53212
29.54316
29.5543
29.56592
29.57721
29.58811
29.59938
29.61041
29.62136
29.63276
29.64386
29.65497
29.66603
29.67744
29.68845
29.69978
29.71069
29.72259
29.73315
29.74417
29.75543
29.76663
29.77814
29.78902
29.80004
29.81502
29.82455
29.83437
29.84369
29.8539
29.86555
29.87653
29.88767
29.8989
29.90997
29.92105
29.93332
29.94345
29.95456
29.96568
29.9771
29.9881
29.99947
30.01043
30.02162
30.03316
30.04433
30.05503
30.06633
30.0836
30.09311
30.10349
30.11334
30.12305
30.13273
30.14262
30.15332
30.16484
30.17565
30.18732
30.19823
30.20954
30.22036
30.23179
30.24338
30.25387
30.26518
30.27633
30.28734
30.30743
30.31795
30.32845
30.33954
30.34955
30.35918
30.36933
30.37936
30.38997
30.40067
30.41088
30.42107
30.43202
30.44297
30.45417
30.46548
30.47652
30.48772
30.49925
30.50999
30.52139
30.5325
30.54354
30.5548
30.56601
30.57759
30.58828
30.59948
30.61055
30.62173
30.63358
30.6441
30.65565
30.66651
30.67763
30.68892
30.69984
30.71102
30.72237
30.73368
30.74486
30.75657
30.76776
30.77958
30.79073
30.80249
30.81427
30.82483
30.8367
30.84851
30.85938
30.87069
30.88232
30.89362
30.90922
30.91959
30.92954
30.93942
30.94936
30.95963
30.97097
30.9822
30.99341
31.00422
31.01557
31.02661
31.03775
31.04899
31.06016
31.07125
31.08264
31.09351
31.10476
31.11599
31.12733
31.1384
31.14963
31.16063
31.17185
31.18304
31.19403
31.20528
31.21656
31.22764
31.23879
31.24997
31.26103
31.27257
31.28424
31.29517
31.30637
31.31773
31.32948
31.34041
31.3518
31.36342
31.37427
31.38567
31.39742
31.40855
31.42002
31.43111
31.44273
31.46328
31.47404
31.48439
31.49566
31.50631
31.51615
31.52658
31.53806
31.54916
31.56009
31.57183
31.58246
31.59372
31.60463
31.61618
31.62712
31.63838
31.64988
31.66051
31.67176
31.68324
31.69422
31.7053
31.71678
31.72771
31.73904
31.75058
31.76138
31.77235
31.78365
31.79493
31.80582
31.81724
31.82812
31.8392
31.8505
31.86167
31.87273
31.8841
31.89533
31.90657
31.9216
31.93172
31.94209
31.95265
31.96332
31.97468
31.98621
31.998
32.00937
32.02068
32.03202
32.043
TARGET DESTROYED 
32.05414
32.06878
32.08625
32.09695
32.10722
32.11862
32.13007
32.1409
32.15216
32.16368
32.17437
32.18562
32.19697
32.20776
32.21948
32.23053
32.24172
32.2528
32.26391
32.27495
32.28603
32.29749
32.3085
32.32013
32.33112
32.34184
32.35313
32.36439
32.37556
32.38701
32.39803
32.40906
32.42077
32.43167
32.44329
32.45359
32.46502
32.47668
32.48708
32.4985
32.50941
32.52074
32.53215
32.54355
32.55453
32.56613
32.57743
32.58904
32.60078
32.61193
32.6233
32.6349
32.64676
32.65784
32.66936
32.68107
32.69252
32.70383
32.71523
32.72656
32.73772
32.74942
32.76007
32.77122
32.78263
32.7937
32.80486
32.81622
32.82798
32.83834
32.84989
32.86069
32.87178
32.88302
32.89465
32.90545
32.91649
32.92807
32.93883
32.95012
32.96132
32.97251
32.9838
32.99511
33.00594
33.01712
33.02834
33.0396
33.05061
33.06179
33.0729
33.08429
33.09529
33.11012
33.12067
33.13066
33.14027
33.15012
33.16083
33.1713
33.18279
33.19438
33.20558
33.21657
33.22729
33.23836
33.24974
33.26096
33.27202
33.28315
33.29417
33.3055
33.31709
33.32776
33.33902
33.35027
33.36185
33.37246
33.38355
33.39479
33.40601
33.41729
33.42848
33.43966
33.45078
33.46209
33.47343
33.48431
33.49582
33.507
33.51873
33.52954
33.54096
33.55251
33.56359
33.57475
33.58664
33.59751
33.60877
33.61998
33.63195
33.64254
33.65375
33.66505
33.67612
33.68704
33.69859
33.70984
33.72076
33.73212
33.743
33.75433
33.76573
33.77665
33.78799
33.79904
33.81006
33.82121
33.83258
33.84412
33.85479
33.86615
33.87725
33.88824
33.89957
33.91057
33.92191
33.93316
33.94437
33.95528
33.96651
33.97767
33.98895
34.00004
34.01134
34.02224
34.0336
34.04479
34.05581
34.0669
34.07846
34.08921
34.10094
34.11161
34.12282
34.13417
34.14523
34.1565
34.16759
34.17865
34.18997
34.2011
34.21344
34.22332
34.23461
34.24582
34.25714
34.26804
34.2797
34.29047
34.3016
34.31312
34.32402
34.33508
34.35008
34.35981
34.36995
34.38032
34.38966
34.39998
34.41199
34.42233
34.43381
34.44486
34.45585
34.46706
34.47861
34.48947
34.50067
34.51186
34.52294
34.53407
34.54525
34.55688
34.56802
34.5789
34.59
34.6013
34.6124
34.6234
34.63475
34.64588
34.65707
34.66814
34.67952
34.69044
34.70244
34.71317
34.72474
34.73582
34.74722
34.75827
34.76978
34.78151
34.79211
34.80387
34.81491
34.8261
34.83775
34.84925
34.8601
34.87123
34.88279
34.89348
34.90474
34.91602
34.93847
34.94995
34.95999
34.9697
34.97906
34.98943
35.0003
35.0116
35.0227
35.03416
35.04498
35.05629
35.06745
35.07875
35.08967
35.10106
35.11238
35.12339
35.13435
35.14563
35.15682
35.16789
35.17924
35.19056
35.20142
35.21281
35.22373
35.23495
35.24631
35.25723
35.26849
35.28014
35.29065
35.30206
35.31329
35.32418
35.33557
35.34727
35.3578
35.36983
35.38037
35.39157
35.4025
35.41382
35.42471
35.43639
35.44795
35.45982
35.47085
35.48258
35.49466
35.50613
35.5171
35.52872
35.54062
35.55196
35.56348
35.57448
35.58606
35.60126
35.61182
35.62164
35.63139
35.64084
35.65097
35.66235
35.67312
35.6843
35.69576
35.70668
35.71779
35.72918
35.74035
35.75177
35.76362
35.77369
35.78654
35.79618
35.80734
35.81926
35.82988
35.84103
35.85211
35.86319
35.87415
35.88541
35.89712
35.90763
35.91893
35.93048
35.9412
35.95251
35.96384
35.97488
35.9861
35.99752
36.00878
36.02036
36.0316
36.04282
36.05473
36.06545
36.07657
36.08813
36.09946
36.11054
36.12189
36.13352
36.14504
36.15595
36.1672
36.1787
36.18935
36.20052
36.21176
36.22283
36.23426
36.24526
36.2565
36.26746
36.27893
36.28999
36.30093
36.31208
36.32378
36.33469
36.34578
36.35675
36.36784
36.37944
36.39034
36.40188
36.41303
36.42389
36.43553
36.44697
36.45727
36.46862
36.48037
36.49083
36.50212
36.51358
36.52441
36.53561
36.54713
36.55798
36.56918
36.58065
36.59163
36.60297
36.61445
36.62529
36.63655
36.64768
36.65854
36.66971
36.68119
36.69185
36.70311
36.71443
36.72551
36.73678
36.74813
36.7591
36.77023
36.78157
36.79252
36.80367
36.81926
36.82896
36.83904
36.84909
36.85861
36.86832
36.87933
36.8904
36.90175
36.91323
36.92384
36.9351
36.94671
36.95753
36.96868
36.98002
36.99116
37.00216
37.01348
37.02449
37.03555
37.04712
37.05792
37.06936
37.08055
37.09136
37.10253
37.11404
37.12492
37.13604
37.14754
37.15846
37.16965
37.18095
37.19198
37.20336
37.21487
37.22663
37.23758
37.24885
37.26003
37.27608
37.28572
37.29496
37.30436
37.31506
37.32573
37.33699
37.34826
37.35927
37.37033
37.38196
37.39278
37.40434
37.41513
37.42636
37.43748
TARGET DESTROYED 
37.44886
37.47282
37.48289
37.49286
37.50298
37.51382
37.5248
37.53632
37.55554
37.56662
37.57622
37.58587
37.59492
37.60458
37.61436
37.62527
37.63659
37.64783
37.65875
37.66997
37.68127
37.69259
37.70345
37.71481
37.72581
37.73704
37.7488
37.75959
37.77044
37.78188
37.79266
37.8042
37.81526
37.82651
37.83749
37.84929
37.85982
37.87099
37.88227
37.8935
37.90453
37.91589
37.92685
37.94185
37.9526
37.96266
37.97255
37.98281
37.99435
38.00652
38.01737
38.02875
38.04012
38.05189
38.06324
38.07471
38.08597
38.09759
38.10879
38.12003
38.13132
38.14248
38.15347
38.16503
38.17566
38.18698
38.19822
38.20937
38.22035
38.23183
38.24276
38.25389
38.26516
38.27624
38.28743
38.29894
38.31029
38.32159
38.33256
38.34396
38.35517
38.36659
38.37776
38.38925
38.40055
38.41191
38.42319
38.43468
38.44554
38.45697
38.46793
38.4795
38.49019
38.50154
38.51277
38.5239
38.53501
38.54628
38.55728
38.56871
38.58001
38.5908
38.60272
38.61343
38.62435
38.63577
38.64715
38.65783
38.66897
38.68061
38.69152
38.70243
38.71394
38.72487
38.73621
38.74748
38.75862
38.76964
38.78097
38.792
38.80317
38.81431
38.82527
38.83669
38.84808
38.85941
38.87001
38.88149
38.89244
38.90356
38.91513
38.92589
38.93713
38.94875
38.95992
38.97092
38.98226
38.99314
39.00445
39.01575
39.03015
39.04024
39.05045
39.05986
39.0703
39.0807
39.09169
39.10357
39.11533
39.12525
39.13635
39.14763
39.159
39.16995
39.18135
39.19276
39.20354
39.21476
39.22578
39.23675
39.24815
39.25945
39.27038
39.28168
39.29263
39.30395
39.31504
39.32754
39.33766
39.3498
39.3598
39.37086
39.38233
39.39333
39.40476
39.41612
39.42719
39.4389
39.44995
39.46128
39.47544
39.48556
39.49504
39.50701
39.51762
39.52945
39.54117
39.55401
