0.02
0.04
0.14
0.1804265
0.1944462
0.2053858
0.2170733
0.2275661
0.2386732
0.2497354
0.2610222
0.2723173
0.2834526
0.2947153
0.3059995
0.3167682
0.3280655
0.3389722
0.350224
0.3617263
0.3725681
0.3841831
0.3950095
0.4061606
0.4171127
0.4285285
0.4395984
0.451427
0.4671302
0.4777109
0.4875178
0.4988117
0.5095354
0.5200998
0.5302105
0.5405195
0.5515195
0.5625893
0.5737305
0.584801
0.5960037
0.6075141
0.6183684
0.6297546
0.6409326
0.651896
0.6631356
0.6745215
0.6853486
0.6964059
0.7080536
0.7189353
0.7300283
0.7417587
0.7522749
0.7638921
0.7749713
0.7860348
0.7970387
0.8084528
0.8193774
0.830726
0.8419108
0.8529586
0.8639771
0.8755465
0.8862513
0.9008581
0.9121888
0.9238015
0.9345722
0.9461262
0.9574608
0.9686096
0.9799134
0.9919348
1.003097
1.014924
1.027393
1.037451
1.047952
1.059034
1.070169
1.08184
1.092626
1.103987
1.114914
1.126139
1.13704
1.148349
1.159773
1.170871
1.181755
1.193152
1.204091
1.216373
1.228615
1.238469
1.251276
1.261967
1.271729
1.281888
1.292845
1.30875
1.319302
1.329862
1.33949
1.349583
1.360881
1.37072
1.381683
1.392072
1.402485
1.413387
1.423064
1.43427
1.446251
1.456499
1.467797
1.478961
1.490201
1.501481
1.512491
1.523982
1.535262
1.546097
1.557583
1.56817
1.579536
1.590877
1.601984
1.613187
1.624558
1.635223
1.646472
1.657862
1.668711
1.680077
1.691859
1.702906
1.71497
1.726462
1.737067
1.748331
1.759751
1.771003
1.782811
1.793908
1.805956
1.816837
1.828253
1.839607
1.851309
1.862186
1.873771
1.885554
1.896452
1.90854
1.918969
1.929994
1.94185
1.952323
1.96388
1.975009
1.985881
1.997008
2.00879
2.019678
2.030572
2.043171
2.053463
2.064053
2.075911
2.086531
2.097663
2.10923
2.120396
2.137114
2.147748
2.158018
2.168134
2.179091
2.189476
2.201091
2.211547
2.221583
2.233616
2.244155
2.254069
2.264652
2.276198
2.286457
2.296815
2.308485
2.318597
2.328841
2.339298
2.349599
2.360913
2.372053
2.383667
2.394246
2.40553
2.416595
2.427803
2.439071
2.450168
2.461692
2.47246
2.483559
2.495044
2.505998
2.518451
2.52915
2.540076
2.550611
2.562068
2.573152
2.584274
2.59536
2.606865
2.618197
TARGET DESTROYED 
2.629889
2.648176
2.6674
2.678831
2.688996
2.699634
2.7102
2.7206
2.731081
2.742078
2.752184
2.763395
2.774381
2.785409
2.796762
2.807955
2.818886
2.830015
2.841431
2.852567
2.864093
2.874697
2.88572
2.897022
2.908423
2.919161
2.934289
2.945015
2.955078
2.965369
2.975394
2.986252
2.997643
3.008829
3.019889
3.030972
3.042846
3.053302
3.064718
3.076058
3.08754
3.098161
3.109545
3.120857
3.131645
3.14314
3.15382
3.164998
3.176311
3.187497
3.198624
3.209696
3.221327
3.23301
3.244877
3.256543
3.268106
3.280056
3.291297
3.302186
3.31342
3.325283
3.336104
3.347323
3.358924
3.370056
3.381366
3.393051
3.40433
3.415034
3.426805
3.438419
3.449184
3.460619
3.471601
3.482755
3.49416
3.505607
3.516285
3.527506
3.539631
3.550515
3.561509
3.572272
3.583279
3.594668
3.605586
3.616946
3.627851
3.639046
3.650246
3.662165
3.672617
3.683852
3.695451
3.706098
3.71788
3.728426
3.739735
3.751982
3.767537
3.778729
3.788847
3.799845
3.81023
3.820483
3.83151
3.842041
3.852153
3.8626
3.87258
3.883168
3.893622
3.904034
3.914387
3.924826
3.935853
3.947407
3.95829
3.969233
3.980509
3.991973
4.002756
4.013864
4.025388
4.036861
4.047437
4.059071
4.069798
4.080904
4.092422
4.104112
4.115044
4.126109
4.137084
4.147856
4.159258
4.170248
4.18142
4.19284
4.203847
4.215436
4.226549
4.237609
4.250208
4.261506
4.27213
4.283466
4.294963
4.306398
4.317735
4.329268
4.340861
4.352245
4.363696
4.375612
4.38783
4.399098
4.410086
4.421267
4.432004
4.443542
4.454964
4.465982
4.477088
4.487897
4.499259
4.510633
4.521679
4.533418
4.544916
4.55559
4.566995
4.578238
4.593551
4.60439
4.615037
4.625789
4.636189
4.646831
4.657273
4.667459
4.678253
4.688572
4.699261
4.709798
4.720432
4.730887
4.74149
4.751668
4.762372
4.773533
4.784741
4.795804
4.80713
4.818208
4.829962
4.841017
4.851794
4.862888
4.874139
TARGET DESTROYED 
4.885058
4.899863
4.91078
4.921246
4.931596
4.941954
4.952513
4.963346
4.974808
4.985836
4.997416
5.015152
5.027675
5.038067
5.048715
5.059592
5.069887
5.080542
5.091704
5.102385
5.11263
5.122911
5.133598
5.144198
5.15437
5.165453
5.17601
5.186735
5.197778
5.209506
5.220273
5.231438
5.243041
5.254038
5.265425
5.276207
5.287576
5.298321
5.310139
5.320907
5.331958
5.343252
5.354153
5.365373
5.376636
5.387948
5.403962
5.414526
5.424879
5.436172
5.447159
5.457781
5.468554
5.479468
5.489987
5.501121
5.512559
5.523817
5.53544
5.546274
5.557441
5.568522
5.579652
5.590731
5.601882
5.612917
5.624583
5.635256
5.646574
5.657816
5.668998
5.680215
5.691513
5.702294
5.713657
5.725033
5.735739
5.747031
5.758436
5.769665
5.780999
5.792387
5.804225
5.814853
5.826364
5.84115
5.852469
5.863081
5.873441
5.883864
5.894109
5.905126
5.916351
5.927466
5.938683
5.949772
5.961132
5.972213
5.983149
5.994592
6.005511
6.016862
6.028609
6.039973
6.050413
6.061781
6.07259
6.083825
6.095363
6.106221
6.117506
6.128712
6.139651
6.151244
6.162336
6.173302
6.184371
6.195965
6.207013
6.218195
6.233943
6.245062
6.255665
6.268075
6.279041
6.289474
6.300044
6.311405
6.321665
6.33224
6.343482
6.355028
6.365763
6.376588
6.386835
6.398808
6.409338
6.420167
6.430947
6.44116
6.451722
6.462522
6.472932
6.483309
6.49466
6.505107
6.515881
6.527604
6.538879
6.549761
6.561398
6.571793
6.583192
6.594131
6.605264
6.616705
6.627865
6.638749
6.650134
6.661327
6.672422
6.683627
6.695136
6.706171
6.718252
6.729148
6.740674
6.751707
6.763056
6.774662
6.78583
6.7975
6.808743
6.819995
6.831597
6.84277
6.853958
6.865302
6.877213
6.888323
TARGET DESTROYED 
6.899197
6.914344
6.925212
6.935898
6.946447
6.956443
6.96681
6.977154
6.988185
6.999537
7.010795
7.021838
7.03357
7.05554
7.067499
7.078402
7.089015
7.099818
7.110225
7.120408
7.130806
7.141837
7.152795
7.164353
7.17534
7.186459
7.197293
7.208692
7.219591
7.230713
7.242414
7.25331
7.264303
7.27673
7.287088
7.297982
7.309117
7.320596
7.331284
7.342964
7.3538
7.365201
7.376034
7.387123
7.398725
7.409907
7.420816
7.431994
7.443098
7.45432
7.465439
7.476816
7.487763
7.499196
7.510185
7.521302
7.532509
7.543685
7.555169
7.566568
7.578236
7.589756
7.601397
7.61285
7.624685
7.635947
7.647562
7.659384
7.669978
7.682339
7.693367
7.70486
7.716497
7.727389
7.738289
7.7498
7.760722
7.772251
7.782936
7.794128
7.805822
7.817787
7.829026
7.839378
7.850104
7.861596
7.8726
7.888193
7.898828
7.909676
7.91999
7.930572
7.94142
7.951741
7.962196
7.972314
7.983112
7.993818
8.003834
8.014184
8.024358
8.036098
8.046832
8.058147
8.0685
8.080019
8.091182
8.102201
8.113585
8.124866
8.135704
8.14676
8.158084
8.169191
8.180221
8.191792
8.202552
8.213872
8.225737
8.236267
8.247304
8.258784
8.269624
8.281211
8.292984
8.303847
8.314946
8.326609
8.337685
8.349222
8.360668
8.37254
8.383585
8.394902
8.406334
8.41771
8.428983
8.441616
8.451975
8.463341
8.475234
8.486118
8.497353
8.509098
8.520057
8.532169
8.543026
8.553756
8.565065
8.576289
8.587414
8.598744
8.609665
8.622025
8.632959
8.643498
8.654209
8.665462
8.677007
8.687748
8.699173
8.710507
8.727015
8.738066
8.749017
8.760498
8.772374
8.783646
8.794667
8.805843
8.817019
8.828735
8.84001
8.850586
8.862319
8.873348
8.884583
8.895204
8.906586
8.917525
8.928967
8.940048
8.951221
8.962143
8.973533
8.984649
8.996203
9.007158
9.018162
9.029981
9.042385
9.053179
9.064187
9.075279
9.085877
9.097237
9.107674
9.118925
9.130023
9.141124
9.152069
9.163311
9.174751
9.186326
9.198067
9.208925
9.219625
9.230596
9.24229
9.25375
9.265261
9.276736
9.288323
9.30056
9.312078
9.322957
9.334313
9.345484
9.357323
9.368281
9.38021
9.39184
9.402739
9.414533
9.425187
9.436086
9.447819
9.458898
9.469666
9.480924
9.492409
9.503428
9.514791
9.525871
TARGET DESTROYED 
9.538508
9.560368
9.571386
9.582247
9.593515
9.604228
9.615179
9.62618
9.638097
9.64869
9.659511
9.670331
9.681325
9.692994
9.711251
9.72371
9.734273
9.745749
9.756672
9.768083
9.779328
9.789933
9.801094
9.812404
9.822864
9.834449
9.845209
9.856429
9.867335
9.8781
9.889323
9.900448
9.911955
9.922889
9.933931
9.945248
9.956264
9.967545
9.979006
9.990025
10.00119
10.01239
10.02342
10.03475
10.04553
10.05724
10.0679
10.07916
10.09044
10.10213
10.11313
10.12413
10.13554
10.14704
10.15818
10.16883
10.17999
10.19101
10.202
10.21317
10.2251
10.2363
10.24792
10.25962
10.2713
10.28263
10.29411
10.3071
10.3179
10.32881
10.3402
10.35181
10.36325
10.37482
10.38575
10.40153
10.41406
10.42459
10.43535
10.44773
10.4592
10.47037
10.48126
10.49386
10.50399
10.51474
10.5261
10.53703
10.54829
10.56006
10.57133
10.58219
10.59313
10.60425
10.61524
10.62691
10.63754
10.64935
10.66011
10.67112
10.68242
10.69364
10.70465
10.71604
10.72797
10.73825
10.74937
10.76101
10.77186
10.78332
10.79401
10.80518
10.81689
10.82845
10.83902
10.84986
10.86117
10.87215
10.88362
10.89536
10.90652
10.91814
10.92959
10.94142
10.95243
10.96404
10.97553
10.98696
10.99833
11.01035
11.02145
11.0333
11.04454
11.05542
11.06694
11.07895
11.08932
11.10123
11.11254
11.12349
11.1347
11.14583
11.15627
11.16775
11.17964
11.18987
11.20113
11.21252
11.22402
11.23548
11.24657
11.26303
11.27432
11.28632
11.29745
11.30927
11.32093
11.33245
11.34294
11.35401
11.36464
11.37586
11.38684
11.39812
11.4094
11.42106
11.43207
11.44288
11.45401
11.46572
11.47608
11.48715
11.49822
11.50992
11.52106
11.53266
11.54361
11.5546
11.56553
11.57693
11.58825
11.59931
11.61062
11.62176
11.63262
11.64407
11.65554
11.66729
11.67808
11.68964
11.70105
11.71371
11.72926
11.74576
11.75835
11.7712
11.78485
11.79782
11.81053
11.82274
11.83364
11.84442
11.85503
11.86635
11.87819
11.89077
11.90164
11.91254
11.92283
11.93409
11.94511
11.9557
11.96686
11.97801
11.99098
12.00193
12.01292
12.02611
12.03691
12.04847
12.0612
12.07186
12.08939
12.10016
12.11399
12.12437
12.13517
12.14596
12.15683
12.16777
12.18059
12.19087
12.20301
12.21367
12.22563
12.23565
12.24626
12.25993
12.27039
12.28317
12.29374
12.30604
12.31711
12.33068
12.34128
12.35366
12.36512
12.37813
12.38901
12.39986
12.41071
12.4223
12.43317
12.44388
12.45619
12.46718
12.48043
12.4911
12.50309
12.5143
12.52744
12.53866
12.54978
12.56052
12.57048
12.58113
12.59265
12.60365
12.61539
12.62627
12.63693
12.64884
12.65944
12.67063
12.68325
12.69359
12.70408
12.71561
12.72687
12.73751
12.74865
12.75998
12.77116
12.78218
12.79336
12.80464
12.81568
12.82828
12.83904
12.84926
12.86069
12.87232
12.88318
12.89403
12.90499
12.91651
12.93169
12.94223
12.95278
12.96265
12.97239
12.98421
12.99562
13.00728
13.01852
TARGET DESTROYED 
13.03059
13.0459
13.05624
13.06655
13.07723
13.08844
13.09898
13.10905
13.12005
13.13129
13.14298
13.15972
13.17084
13.18138
13.19168
13.20162
13.21201
13.22179
13.2326
13.24336
13.25319
13.26342
13.27396
13.28485
13.29728
13.30733
13.31846
13.33007
13.34083
13.35212
13.36311
13.3745
13.38541
13.39663
13.4083
13.41915
13.43014
13.44176
13.45269
13.46378
13.47524
13.4859
13.49718
13.50906
13.51997
13.53142
13.54229
13.55305
13.56411
13.57572
13.58703
13.59847
13.61005
13.62121
13.6348
13.64561
13.65723
13.66732
13.67836
13.69008
13.70147
13.71301
13.7263
13.73619
13.74686
13.76288
13.77414
13.7856
13.79626
13.80721
13.81767
13.8284
13.83851
13.84927
13.85977
13.8695
13.87978
13.88942
13.89932
13.91048
13.92185
13.93284
13.94419
13.95497
13.96618
13.97794
13.98888
13.99973
14.0111
14.02217
14.03336
14.0445
14.0557
14.06722
14.07843
14.10427
14.11488
14.12505
14.13554
14.14737
14.1576
14.16769
14.18005
14.18997
14.20238
14.21258
14.22477
14.23493
14.24589
14.25863
14.26878
14.27925
14.29015
14.30151
14.314
14.32396
14.33484
14.34633
14.35737
14.36853
14.37975
14.39108
14.40178
14.41328
14.42447
14.43597
14.447
14.45788
14.46887
14.48021
14.49221
14.50248
14.51387
14.52513
14.5361
14.54747
14.55852
14.57057
14.58062
14.59212
14.60315
14.61859
14.62927
14.6395
14.64983
14.66053
14.67086
14.68252
14.69477
14.70602
14.71696
14.72834
14.73935
14.75076
14.76337
14.77374
14.7843
14.79523
14.80624
14.81753
14.8291
14.84002
14.85105
14.86294
14.87401
14.88533
14.89591
14.90773
14.91931
14.93066
14.94239
14.95413
14.9658
14.97746
14.98842
15.00004
15.01199
15.02392
15.03535
15.04735
15.05903
15.07084
15.08353
15.09544
15.10684
15.11861
15.13005
15.14141
15.15269
15.16427
15.17616
15.18754
15.19879
15.2107
15.22153
15.23278
15.24391
15.25463
15.26583
15.27744
15.28868
15.29966
15.31077
15.32222
15.3333
15.34487
15.3574
15.36815
15.37934
15.39017
15.40129
15.41261
15.42339
15.4351
15.44635
15.45743
15.46836
15.47987
15.49608
15.5085
15.51895
15.5309
15.54287
15.55407
15.56545
15.57657
15.58847
15.59976
15.61087
15.62174
15.63313
15.64457
15.6556
15.66664
15.67828
15.68956
15.70057
15.7121
15.72508
15.73665
15.74834
15.76003
15.77117
TARGET DESTROYED 
15.78316
15.80289
15.81386
15.83125
15.8428
15.85416
15.865
15.87649
15.88771
15.89962
15.91013
15.92103
15.93233
15.94361
15.95551
15.96609
15.97712
15.98794
15.99936
16.01053
16.02166
16.03317
16.04409
16.05509
16.06613
16.07795
16.0889
16.09972
16.11121
16.12243
16.13321
16.1448
16.15568
16.16685
16.17825
16.18883
16.20029
16.21144
16.22263
16.23388
16.24494
16.25617
16.26721
16.2787
16.28967
16.3009
16.31207
16.32298
16.33447
16.34576
16.35706
16.36781
16.37984
16.39562
16.40605
16.41686
16.42736
16.43795
16.44836
16.46008
16.47084
16.48206
16.49342
16.50419
16.51533
16.52673
16.53788
16.54905
16.56031
16.57133
16.58257
16.5941
16.60472
16.61595
16.62718
16.6383
16.64997
16.66066
16.67186
16.68298
16.69437
16.70537
16.71653
16.72782
16.73891
16.75042
16.7615
16.77297
16.78417
16.79535
16.80807
16.81787
16.82962
16.84098
16.85207
16.86343
16.87507
16.88628
16.89723
16.90902
16.92008
16.93157
16.94257
16.95358
16.96486
16.9761
16.98694
16.99814
17.00964
17.0278
17.03841
17.04936
17.0607
17.07193
17.08264
17.09397
17.10499
17.11606
17.12738
17.13847
17.14965
17.1609
17.17208
17.18315
17.19442
17.20551
17.21696
17.228
17.239
17.2501
17.26154
17.27265
17.28382
17.29519
17.30606
17.31719
17.33304
17.34375
17.35411
17.36476
17.37546
17.38621
17.39658
17.40669
17.41809
17.42932
17.44102
17.4523
17.46358
17.47547
17.48644
17.49795
17.50971
17.52034
17.5322
17.54307
17.55404
17.56521
17.57663
17.58787
17.59875
17.60987
17.62107
17.63245
17.6435
17.65462
17.66637
17.67729
17.68818
17.69943
17.71082
17.72248
17.73335
17.74464
17.75635
17.76759
17.77871
17.79047
17.80142
17.81282
17.82435
17.83559
17.84698
17.85872
17.86943
17.88063
17.89224
17.90299
17.91413
17.92542
17.9365
17.94755
17.95916
17.97152
17.98189
17.99289
18.0038
18.01557
18.02612
18.03698
18.04811
18.05976
18.07109
18.08173
18.09324
18.10411
18.11521
18.12645
18.13754
18.14865
18.16031
18.17135
18.18254
18.19347
18.2045
18.21559
18.22767
18.23822
18.25388
18.2647
18.27536
18.28528
18.29575
18.30571
18.31641
18.3275
18.33821
18.34872
18.35929
18.36904
18.38007
18.38959
18.40118
18.41235
18.42332
18.43474
18.44563
18.45676
18.46806
18.4791
18.49033
18.50137
18.51265
18.52395
18.53489
18.54625
18.55755
18.56849
18.58117
18.59151
18.60217
18.61334
18.62498
18.63546
18.64684
18.65849
18.66962
18.68101
18.69279
18.70368
18.71538
18.72661
18.73796
18.74934
18.76102
18.77199
18.7837
18.79486
18.80632
18.81777
18.82956
18.84034
18.85252
18.86306
18.87491
18.88587
18.89717
18.90864
18.91938
18.93051
18.94259
18.95294
18.96408
18.97564
18.98646
18.99754
19.00924
19.01987
19.03153
19.04243
19.05492
19.06526
19.0762
19.08695
19.09841
19.11005
19.12057
19.13163
19.14328
19.15422
19.16591
19.18188
TARGET DESTROYED 
19.19268
19.21742
19.2283
19.2385
19.24987
19.26976
19.28176
19.29248
19.30283
19.31335
19.32358
19.33375
19.34469
19.35494
19.36601
19.37639
19.38851
19.39878
19.4098
19.41986
19.43026
19.44051
19.45074
19.46189
19.47317
19.48528
19.49576
19.50642
19.51756
19.52932
19.54051
19.55319
19.56603
19.57858
19.59051
19.60295
19.61675
19.62934
19.64153
19.65374
19.66616
19.67819
19.6897
19.70232
19.71525
19.72956
19.74147
19.75381
19.76438
19.77749
19.78978
19.80201
19.8149
19.82744
19.84038
19.85207
19.86378
19.87545
19.88696
19.89817
19.90908
19.91994
19.9319
19.94337
19.95463
19.96623
19.97781
19.99545
20.00647
20.01765
20.02885
20.04051
20.05157
20.06263
20.07332
20.08434
20.09548
20.10631
20.11771
20.12894
20.13945
20.15174
20.16318
20.17435
20.18516
20.19632
20.20676
20.21792
20.23034
20.24162
20.25246
20.26374
20.27502
20.28571
20.29681
20.30788
20.31883
20.32994
20.34127
20.35259
20.36361
20.37491
20.38581
20.3978
20.40872
20.4201
20.43113
20.44282
20.45345
20.46463
20.47533
20.48595
20.49714
20.50821
20.51856
20.52973
20.5405
20.55122
20.5658
20.57817
20.59003
20.60115
20.61242
20.62355
20.63724
