0.02
0.04
0.14
0.1760488
0.1905786
0.2035002
0.2154917
0.2263913
0.2365229
0.248304
0.2615733
0.2712811
0.2808487
0.2940988
0.3041245
0.314326
0.3255207
0.3367898
0.3485511
0.3588507
0.3701612
0.3813219
0.3927611
0.4039468
0.4148066
0.4262868
0.4372059
0.4487683
0.4595697
0.4707634
0.4817701
0.4933014
0.5048894
0.5166118
0.526369
0.5376413
0.5489669
0.5602238
0.5713069
0.5853975
0.5948926
0.6064633
0.6165156
0.6272413
0.6383561
0.6494607
0.6605142
0.6718148
0.6830993
0.6942331
0.7053168
0.7166789
0.7276221
0.7386628
0.7501221
0.7612418
0.7725391
0.7837335
0.7946591
0.8059782
0.8175104
0.8283189
0.8393679
0.8511173
0.8620807
0.8730245
0.884226
0.8996703
0.9103187
0.921855
0.9330728
0.9440349
0.9552248
0.9668766
0.9776206
0.9893427
1.000378
1.011647
1.023037
1.03476
1.045309
1.05635
1.068115
1.079005
1.090289
1.101948
1.112166
1.123547
1.134939
1.146295
1.157074
1.168307
1.179526
1.190553
1.202127
1.213109
1.224091
1.23589
1.24636
1.257607
1.269107
1.280113
1.290958
1.30252
1.31345
1.324698
1.335575
1.346851
1.357951
1.369323
1.380475
1.391747
1.402781
1.413979
1.425192
1.436206
1.447203
1.458633
1.46989
1.48103
1.49201
1.503426
1.514427
1.52566
1.536836
1.548073
1.559119
1.573202
1.583162
1.592846
1.603057
1.617848
1.629653
1.639297
1.649124
1.658834
1.668867
1.679474
1.701494
1.719522
1.730042
1.740295
1.750541
1.761051
1.771724
1.782279
1.792907
1.803856
1.81402
1.825116
1.836226
1.846071
1.856629
1.867244
1.878219
1.889268
1.900945
1.911545
1.92291
1.934473
1.945006
1.956176
1.967788
1.978645
1.989813
2.00106
2.012446
2.023571
2.034691
2.045575
2.056896
2.068031
2.079473
2.090399
2.101676
2.112851
2.124197
2.134961
2.146266
2.157319
2.169069
2.180948
2.191859
2.20304
2.218903
2.232426
2.24299
2.254437
2.264954
2.275537
2.286786
2.297562
2.310358
2.322316
2.334376
2.345844
2.357103
2.368438
2.380713
2.392319
2.403181
2.414353
2.425625
2.444285
2.454789
2.464757
2.475749
2.49263
2.504631
2.5164
2.526457
2.53764
2.548198
2.559561
2.570642
2.581786
2.593197
2.60481
2.615937
2.627057
2.63784
2.648949
2.660001
2.671487
2.683141
2.694149
2.704888
2.71598
2.726906
2.73925
2.749825
2.761128
2.772491
2.783231
2.794172
2.806087
2.817441
2.828515
2.839036
2.851005
2.861584
2.87264
2.883896
2.894741
2.905797
2.917166
2.928243
2.939657
2.950578
2.96194
2.973645
2.985228
2.996964
3.007778
3.018552
3.030123
3.041643
3.054327
3.065143
3.076627
3.088302
3.099995
3.111475
3.12244
3.138517
3.150571
3.162151
3.173489
3.185102
3.196487
3.20729
3.218639
3.229713
3.241291
3.25258
3.263514
3.274814
3.285848
3.296665
3.307835
3.319821
3.33033
3.341424
3.352814
3.364168
3.374902
3.386165
3.397268
3.408619
3.419589
3.430847
3.442199
3.453387
3.464264
3.47544
3.486663
3.497764
3.50885
3.520213
3.531187
3.542674
3.554033
3.565313
3.576455
3.587047
3.602117
3.611802
3.622154
3.633208
3.643416
3.655029
3.666807
3.678027
3.689862
3.704896
3.715857
3.726953
3.73786
3.748386
3.758761
3.769453
3.780069
3.790877
3.802412
3.813138
3.824308
3.835581
3.846823
3.862395
3.873842
3.885428
3.897699
3.908968
3.920795
3.931984
3.943207
3.95597
3.967181
3.978294
3.989876
4.000721
4.011671
4.022786
4.034284
4.045073
4.056497
4.067627
4.082909
4.094224
4.105357
4.117209
4.128567
4.139817
4.150998
4.162822
4.174252
4.186852
4.198243
4.209687
4.221319
4.232213
4.242756
4.253853
4.264684
4.27548
4.287056
4.297668
4.30796
4.319012
4.329277
4.340307
4.351254
4.361974
4.372894
4.384137
4.395005
4.405534
4.41671
4.427958
4.438332
4.44864
4.459869
4.471335
4.482071
4.492883
4.504636
4.514936
4.525764
4.536931
4.547641
4.559216
4.575445
4.587056
4.597492
4.60808
4.619404
4.630366
4.643193
4.654326
4.664816
4.675564
4.687218
4.698052
4.708919
4.720316
4.731218
4.741821
4.75267
4.763673
4.775292
4.787325
4.799671
4.811398
4.82302
4.834879
4.846539
4.858034
4.870335
4.883126
4.89487
4.906486
4.918079
4.930341
4.942281
4.954449
4.965925
4.977868
4.990119
5.001703
5.014328
5.026845
5.039515
5.050646
5.062366
5.074216
5.086501
5.098593
5.111253
5.123252
5.135247
5.1471
5.159197
5.171743
5.183255
5.196841
5.208621
5.220563
5.232573
5.244577
5.256565
5.26854
5.280328
5.292199
5.304966
5.322124
5.334703
5.347053
5.358952
5.371764
5.383473
5.395573
5.408067
5.42044
5.432477
5.444268
5.455886
5.467539
5.479439
5.491313
5.503208
5.51455
5.526507
5.539057
5.550675
5.562705
5.575755
5.588416
5.599956
5.611463
5.622723
5.63391
5.646357
5.657707
5.669908
5.684303
5.695145
5.707551
5.719121
5.732486
5.74415
5.755387
5.76669
5.779276
5.790594
5.802107
5.814146
5.825803
5.837881
5.849505
5.861568
5.873734
5.88582
5.897559
5.909079
5.921013
5.933001
5.94486
5.956413
5.967643
5.979262
5.991534
6.003668
6.015329
6.027032
6.039243
6.055786
6.067674
6.079152
6.090971
6.102043
6.113742
6.125471
6.137545
6.148448
6.15972
6.171264
6.182699
6.194996
6.206387
6.217529
6.229357
6.240814
6.253095
6.264553
6.276635
6.289188
6.301769
6.313274
6.325026
6.33723
6.349305
6.361437
6.373477
6.385864
6.397805
6.409931
6.422279
6.434402
6.446597
6.458291
6.47064
6.482288
6.494336
6.507024
6.518899
6.530835
6.542842
6.555146
6.566976
6.578876
6.590921
6.603081
6.614419
6.626002
6.638144
6.649433
6.663179
6.675234
6.687565
6.699471
6.712031
6.723307
6.734997
6.746814
6.759332
6.7714
6.782615
6.79925
6.811517
6.823443
6.835401
6.847179
6.859253
6.872061
6.884257
6.895772
6.907258
6.919177
6.931506
6.943388
6.955389
6.967325
6.979849
6.991939
7.003569
7.014002
7.025034
7.03597
7.04791
7.059676
7.072292
7.084027
7.096351
7.108223
7.120415
7.133042
7.145367
7.157217
7.169133
7.181466
7.193213
7.204966
7.217786
7.229031
7.240533
7.252533
7.263706
7.278818
7.290659
7.302094
7.313164
7.323942
7.335903
7.346465
7.357224
7.368546
7.379521
7.390369
7.401229
7.412015
7.422744
7.433731
7.445068
7.455684
7.466297
7.477393
7.488504
7.49907
7.510595
7.522139
7.538256
7.549673
7.560873
7.571993
7.582552
7.592968
7.603609
7.613656
7.623973
7.634168
7.644373
7.654737
7.666468
7.676699
7.691022
7.702191
7.712737
7.723066
7.733222
7.743535
7.754275
7.764511
7.775988
7.791393
7.803408
7.814654
7.825594
7.83678
7.847177
7.858278
7.869264
7.880023
7.891042
7.902083
7.91283
7.924218
7.935175
7.945677
7.957098
7.968116
7.979295
7.990543
8.002048
8.012795
8.024559
8.036013
8.046652
8.057477
8.069323
8.07963
8.090175
8.101332
8.112354
8.123647
8.13477
8.146061
8.1571
8.168477
8.17947
8.190771
8.203034
8.213509
8.224889
8.236687
8.252729
8.26369
8.274825
8.286378
8.297183
8.308099
8.319559
8.330123
8.341143
8.352527
8.362803
8.374049
8.386185
8.398179
8.409067
8.420457
8.431118
8.442492
8.453698
8.464175
8.474473
8.485527
8.49647
8.507594
8.519221
8.530655
8.542087
8.553801
8.564598
8.575739
8.587362
8.598933
8.610188
8.621635
8.633061
8.644343
8.655688
8.667296
8.679645
8.691901
8.704391
8.715111
8.72601
8.737004
8.747769
8.758946
8.770432
8.781968
8.7928
8.804029
8.814862
8.82561
8.83695
8.847926
8.859486
8.870425
8.885774
8.896917
8.908298
8.919753
8.930718
8.942293
8.95984
8.971945
8.983096
8.99459
9.005912
9.016908
9.028467
9.039634
9.051032
9.06261
9.073751
9.085251
9.096292
9.107523
9.119458
9.130353
9.141216
9.153215
9.164209
9.175345
9.186775
9.198466
9.210748
9.221948
9.233376
9.24474
9.25618
9.267275
9.27887
9.290467
9.302437
9.313933
9.325532
9.337212
9.34904
9.360871
9.373152
9.384523
9.396564
9.407636
9.419279
9.430857
9.442449
9.45416
9.465599
9.477373
9.488983
9.500257
9.512212
9.524255
9.536736
9.547507
9.558567
9.57033
9.581216
9.591884
9.602849
9.613879
9.625133
9.636302
9.646931
9.658302
9.669039
9.690003
9.702719
9.714029
9.725547
9.737545
9.777135
9.790909
9.803492
9.814948
9.826335
9.837953
9.848984
9.860723
9.872943
9.885775
9.899756
9.912378
9.924789
9.936673
9.948067
9.959372
9.971464
9.982653
9.994734
10.0076
10.01972
10.03058
10.04221
10.05481
10.06608
10.07784
10.08954
10.10132
10.11272
10.12423
10.13619
10.14843
10.15981
10.1716
10.18289
10.19503
10.207
10.21872
10.23043
10.24199
10.25421
10.26562
10.27734
10.28883
10.30074
10.31194
10.3233
10.3352
10.34613
10.35758
10.37015
10.38198
10.3927
10.40366
10.41696
10.42818
10.44404
10.45502
10.46589
10.47686
10.48814
10.49888
10.51011
10.52121
10.53227
10.54369
10.55509
10.56542
10.57663
10.58748
10.59798
10.60884
10.62003
10.63038
10.6409
10.6517
10.66228
10.67301
10.68408
10.69713
10.70816
10.71887
10.72945
10.74028
10.75091
10.7615
10.77306
10.7838
10.79446
10.80665
10.81929
10.8426
10.85394
10.8645
10.87536
10.88638
10.89827
10.91016
10.92476
10.93698
10.94833
10.95935
10.97028
10.98169
10.99297
11.00395
11.01499
11.02605
11.03756
11.04884
11.06013
11.07125
11.08317
11.09461
11.10575
11.11685
11.12778
11.13914
11.14976
11.16092
11.17207
11.18291
11.19425
11.20528
11.21635
11.22765
11.23896
11.24984
11.26111
11.27253
11.28367
11.30094
11.31259
11.32433
11.33636
11.34763
11.35874
11.37024
11.38104
11.39247
11.40393
11.41474
11.42611
11.43742
11.44839
11.45996
11.47121
11.4824
11.49409
11.50683
11.51811
11.52898
11.54073
11.55206
11.56292
11.57362
11.58488
11.59575
11.60702
11.61843
11.62941
11.64067
11.65219
11.66408
11.67478
11.68986
11.70417
11.71519
11.72659
11.73788
11.74957
11.76143
11.77316
11.78576
11.79725
11.80877
11.82098
11.83292
11.84481
11.85639
11.86814
11.87981
11.89131
11.9035
11.91498
11.92679
11.93838
11.95024
11.96169
11.97364
11.9865
11.99794
12.00974
12.02192
12.03905
12.05112
12.06295
12.0747
12.08681
12.09874
12.11062
12.12227
12.13455
12.14652
12.15797
12.17016
12.18156
12.19363
12.20549
12.218
12.2296
12.24104
12.25327
12.26519
12.27729
12.28929
12.30027
12.31184
12.32334
12.33577
12.34708
12.35912
12.37133
12.38384
12.3957
12.40748
12.42006
12.43252
12.44496
12.45659
12.46951
12.48115
12.49414
12.50738
12.5197
12.53158
12.54472
12.55718
12.56914
12.58034
12.59292
12.60588
12.61853
12.63007
12.64191
12.65421
12.66628
12.67827
12.69065
12.70368
12.71943
12.73274
12.74511
12.75802
12.76988
12.78646
12.79797
12.81022
12.82193
12.83403
12.84577
12.85803
12.86975
12.88078
12.89211
12.90393
12.91551
12.92753
12.93937
12.9513
12.96271
12.97432
12.98717
12.9999
13.01217
13.02468
13.03796
13.04985
13.06187
13.07402
13.08716
13.09937
13.11164
13.12401
13.13649
13.14873
13.16118
13.17306
13.18527
13.19691
13.20879
13.22205
13.23484
13.24691
13.25928
13.27184
13.28417
13.29613
13.30825
13.32142
13.33453
13.3471
13.35932
13.3724
13.3853
13.39836
13.41097
13.42334
13.43608
13.4484
13.46081
13.47288
13.48529
13.49741
TARGET DESTROYED 
13.50952
13.53815
13.56088
13.575
13.58734
13.59916
13.611
13.62333
13.64007
13.66257
13.68485
13.70786
13.72953
13.75169
13.77405
13.79677
13.81885
13.84111
13.86391
13.8859
13.90827
13.93038
13.95288
13.97514
13.99752
14.02003
14.04212
14.06452
14.08695
14.10932
14.1315
14.15412
14.1764
14.19884
14.22107
14.24331
14.26577
14.28797
14.31027
14.33401
14.35536
14.36922
14.38254
14.39595
14.40892
14.42261
14.43585
14.45437
14.46845
14.48127
14.49494
14.50786
14.52152
14.53455
14.54775
14.56277
14.57594
14.58935
14.60179
14.61327
14.62507
14.63739
14.64942
14.66189
14.67373
14.68543
14.69665
14.70823
14.7203
14.73279
14.74507
14.75708
14.76871
14.77977
14.79114
14.80284
14.81452
14.82587
14.83715
14.84821
14.85965
14.8719
14.88376
14.89526
14.90682
14.91842
14.92959
14.94106
14.95293
14.96435
14.97637
14.98802
14.99941
15.01146
15.02343
15.03568
15.04738
15.05932
15.07094
15.08157
15.09346
15.10519
15.11654
15.12791
15.13957
15.15183
15.16434
15.17596
15.19344
15.20491
15.21679
15.22837
15.24002
15.25172
15.26287
15.27481
15.28665
15.29748
15.30917
15.32144
15.33283
15.34443
15.3557
15.36785
15.37889
15.39008
15.4021
15.41402
15.42637
TARGET DESTROYED 
15.43892
15.45548
15.46789
15.47885
15.49138
15.50306
15.51415
15.52565
15.53814
15.55012
15.5617
15.57424
15.59328
15.60688
15.61829
15.62966
15.64021
15.65111
15.66202
15.67431
15.68994
15.70255
15.71436
15.72709
15.7396
15.75116
15.76222
15.77396
15.79113
15.80405
15.81661
15.82932
15.84041
15.85237
15.8629
15.87409
15.88523
15.89618
15.90749
15.92327
15.93468
15.94516
15.95556
15.96627
15.97698
15.98753
15.99818
16.00924
16.01975
16.03029
16.04178
16.05339
16.06399
16.07506
16.08616
16.09737
16.10843
16.11977
16.13074
16.14207
16.1533
16.16435
16.17541
16.18671
16.19843
16.20896
16.22048
16.23145
16.24245
16.25535
16.26584
16.27709
16.28836
16.29895
16.30982
16.32079
16.33233
16.34369
16.35554
16.36708
16.37854
16.38999
16.40178
16.41313
16.42452
16.43655
16.44726
16.45942
16.47032
16.48256
16.49365
16.50426
16.51594
16.52687
16.53795
16.54931
16.56039
16.57162
16.58335
16.59407
16.60483
16.61643
16.63234
16.64347
16.65455
16.66508
16.67635
16.68735
16.69974
16.7119
16.72292
16.73403
16.74566
16.75718
16.76789
16.77863
16.79002
16.80125
16.81308
16.82353
16.83489
16.84581
16.85688
16.86873
16.87988
16.89705
16.90886
16.91997
16.93039
16.94168
16.9524
16.96329
16.97423
16.98595
16.99646
17.00723
17.01797
17.02855
17.03946
17.05003
17.06044
17.07124
17.08172
17.09316
17.10443
17.11514
17.12569
17.13662
17.15332
17.16388
17.17501
17.18556
17.19595
17.20634
17.21733
17.22841
17.23926
17.24986
17.26015
17.27082
17.28121
17.29269
17.30386
17.31546
17.32688
17.34262
17.35404
17.36439
17.37509
17.38662
17.39699
17.40797
17.4194
17.42961
17.44009
17.45168
17.46205
17.47279
17.48368
17.49473
17.50584
17.51732
17.52911
17.53982
17.55143
17.56276
17.57412
17.58491
17.59614
17.60753
17.61856
17.62976
17.64061
17.65195
17.66316
17.67445
17.68909
17.70059
17.71101
17.72166
17.73192
17.74336
17.75521
17.76656
17.77682
17.7877
17.79825
17.80979
17.82038
17.83181
17.84275
17.85407
17.86531
17.87702
17.88736
17.8987
TARGET DESTROYED 
17.90973
17.92479
17.94227
17.95484
17.9652
17.97595
17.98678
17.99687
18.00762
18.01863
18.02964
18.04504
18.05627
18.06833
18.07893
18.08977
18.10083
18.11137
18.12189
18.13297
18.14324
18.15435
18.16451
18.17542
18.18617
18.19718
18.20867
18.21957
18.23098
18.24206
18.2531
18.26437
18.27539
18.28675
18.29778
18.30924
18.32001
18.33189
18.34316
18.354
18.36503
18.37627
18.38731
18.39821
18.40933
18.4218
18.43283
18.44407
18.45577
18.46709
18.47843
18.49029
18.50166
18.51319
18.52484
18.53664
18.54729
18.55917
18.5703
18.58154
18.59295
18.60437
18.61567
18.6266
18.63773
18.64953
18.66062
18.67149
18.68293
18.69465
18.70586
18.71683
18.72751
18.73898
18.75544
18.76687
18.77908
18.78982
18.80147
18.81206
18.82324
18.8346
18.84552
18.8571
18.86817
18.87912
18.89019
18.90175
18.91288
18.92474
18.93587
18.94641
18.95814
18.96927
18.97981
18.99116
19.00203
19.01339
19.02447
19.0354
19.04665
19.05812
19.0695
19.08007
19.09141
19.10268
19.11364
19.12508
19.13625
19.14769
19.15914
19.17074
19.18221
19.19339
19.20453
19.2164
19.2274
19.23881
19.25035
19.26169
19.27291
19.286
19.29626
19.30704
19.3187
19.32999
19.3412
19.35265
19.36392
19.37524
19.38695
19.3974
19.40839
19.41991
19.43089
19.44226
19.45327
19.46458
19.48104
19.49262
19.50349
19.51373
19.52466
19.53566
19.54658
19.55767
19.57017
19.58305
19.59382
19.60484
19.61677
19.62729
19.63855
19.6501
19.66072
19.67155
19.68741
19.69949
19.71115
19.72295
19.73473
19.74546
19.757
19.76931
19.78053
19.79281
19.80517
19.81807
19.82865
19.84003
19.85135
19.86257
19.874
19.88523
19.89594
19.90762
19.91944
19.93031
19.94226
19.95417
19.96546
19.97717
19.98843
20.00036
20.01195
20.02325
20.03514
20.04653
20.05834
20.07066
20.08243
20.09421
20.10657
20.1189
20.12964
20.1412
20.15284
20.16455
20.17676
20.18853
20.206
20.21787
20.23091
20.24267
20.25466
20.26666
20.27762
20.28925
20.30113
20.31233
20.32417
20.33597
20.34694
20.35845
20.36974
20.38093
20.39742
20.40917
20.42088
20.43237
20.44481
20.45569
20.46705
20.4782
20.49
20.50157
20.51258
20.52375
20.53541
20.54684
20.55831
20.57042
20.58153
20.59328
20.60443
20.61572
20.62725
20.63887
20.65025
20.66131
TARGET DESTROYED 
20.67332
20.68931
20.70263
20.7135
20.72516
20.73634
20.7553
20.76807
20.78081
20.79257
20.80404
20.8157
20.82637
20.83765
20.84825
20.85969
20.87084
20.88219
20.89373
20.90545
20.92187
20.93443
20.94565
20.95647
20.96736
20.97868
20.99001
21.00137
21.01235
21.02357
21.03556
21.04642
21.05779
21.06897
21.07981
21.09129
21.10286
21.11377
21.12502
21.13668
21.14762
21.15911
21.17073
21.18167
21.19326
21.20457
21.21627
21.22726
21.24385
21.2556
21.26715
21.27805
21.2899
21.3012
21.31377
21.32537
21.33618
21.34712
21.35862
21.36971
21.38084
21.39178
21.40306
21.41402
21.42539
21.43662
21.44757
21.45874
21.47016
21.48117
21.49388
21.50621
21.51779
21.52859
21.53969
21.55093
21.5614
21.57274
21.58401
21.5945
21.60523
21.61588
21.6263
21.63757
21.64938
21.65983
21.67132
21.69163
21.70396
21.716
21.7276
21.73878
21.74971
21.76072
21.772
21.78491
21.79758
21.80937
21.82045
21.83123
21.84266
21.85394
21.86473
21.87611
21.88719
21.89781
21.90927
21.92013
21.93093
21.94222
21.95326
21.96377
21.97553
21.98694
21.99795
22.00975
22.02079
22.03164
22.04308
22.05406
22.06768
22.08016
22.09329
22.10605
22.11904
22.13174
22.1453
22.158
22.1719
22.18511
22.20015
22.21676
22.23215
22.24825
22.2645
22.2781
22.28995
22.30246
22.31368
22.32544
22.33686
22.3492
22.3609
22.37266
22.38489
22.39737
22.41601
22.42722
22.43807
22.44956
22.46067
22.47211
22.48337
22.4942
22.50525
22.51653
22.52794
22.53898
22.55095
22.56219
22.57327
22.58558
22.59662
22.60801
22.61931
22.6302
22.64134
22.6523
22.66342
22.67457
22.68561
22.69731
22.7087
22.72133
22.7326
22.74365
22.75491
22.76651
22.77832
22.78968
22.80264
22.81441
22.82568
22.83737
22.84887
22.85986
22.87101
22.88298
22.89424
22.9053
22.91675
22.92835
22.93946
22.95098
22.96278
22.97398
22.98484
22.99572
23.00742
23.01865
23.02952
23.04091
23.05196
23.06296
23.07481
23.08614
23.09714
23.10931
23.12042
23.13642
23.14768
23.15903
23.16993
23.18078
23.19287
23.20354
23.21517
23.22611
23.23733
23.24901
23.25981
23.27087
23.28198
23.29279
23.30394
23.31526
23.32669
23.33779
23.34911
23.35971
23.37086
23.38183
23.39319
23.40403
23.41517
23.42623
23.43722
23.44818
23.45919
23.47049
23.48149
23.49317
23.50489
23.51589
23.52687
23.53818
23.54997
23.56109
23.57273
23.58447
23.59468
23.60547
23.6165
23.62668
23.63721
23.64803
23.65938
23.67099
23.68652
23.69769
23.70953
23.72076
23.73193
23.74347
23.75456
23.76591
23.77688
23.78812
23.80029
23.81248
23.82406
23.83597
23.84687
23.86333
23.87487
23.88618
23.89684
23.90838
23.9196
23.93073
23.94204
23.95327
23.96398
23.97553
23.98707
23.99876
24.00993
24.02169
24.03344
24.04441
TARGET DESTROYED 
24.0556
24.07174
24.08408
24.09499
24.10623
24.11745
24.1284
24.13992
24.15107
24.16204
24.17381
24.19185
24.20468
24.21608
24.22688
24.23874
24.25072
24.26305
24.27706
24.28926
24.30157
24.31487
24.32739
24.33897
24.35194
24.36479
24.37855
24.39146
24.40515
24.4176
24.43006
24.44127
24.45238
24.46369
24.47464
24.48606
24.49701
24.50868
24.51943
24.53062
24.54174
24.55384
24.56496
24.57564
24.59234
24.60388
24.61499
24.62599
24.63722
24.64839
24.65932
24.67086
24.68163
24.69314
24.70499
24.71631
24.72718
24.73837
24.74986
24.76055
24.77163
24.78268
24.79413
24.80615
24.81816
24.82913
24.84098
24.85221
24.86286
24.87443
24.88562
24.8964
24.90789
24.91902
24.92971
24.94112
24.95224
24.96304
24.97434
24.98576
24.99669
25.00944
25.0214
25.03365
25.04475
25.0561
25.06721
25.07795
25.08974
25.10097
25.11229
25.12382
25.13454
25.1454
25.15697
25.16781
25.179
25.1906
25.20144
25.21242
25.22371
25.23453
25.2456
25.25784
25.26906
25.27967
25.29114
25.30212
25.32004
25.33318
25.34601
25.35877
25.37226
25.3856
25.39787
25.41162
25.42501
25.43763
25.45055
25.46314
25.47653
25.48944
25.50184
25.51403
25.52674
25.5392
25.55195
25.5644
25.57772
25.59034
25.60066
25.6112
25.62185
25.63262
25.64306
25.65381
25.66399
25.67452
25.68945
25.70128
25.71216
25.72375
25.7347
25.74526
25.75645
25.76789
25.77879
25.79015
25.8014
25.81285
25.82543
25.83855
25.84965
25.86026
25.87116
25.88246
25.89418
25.90581
25.91735
25.92822
25.939
25.94987
25.96059
25.97167
25.98341
25.9941
26.00555
26.01667
26.02739
26.03924
26.05601
26.06761
26.07827
26.08971
26.10077
26.11167
26.12297
26.13433
26.14485
26.1558
26.16757
26.17843
26.18948
26.20129
26.21312
26.22444
26.23547
26.24609
26.25841
26.26932
26.27995
26.29139
26.30261
26.3136
26.32484
26.3362
26.34679
26.35796
26.36924
26.3802
26.39143
26.40224
26.41346
26.42496
26.43649
26.44822
26.45978
26.47084
26.48222
26.49468
26.50694
26.51888
26.53003
26.54116
26.55244
26.56344
26.57464
26.58602
26.59701
26.6085
26.61927
26.6305
26.6416
26.65284
26.66415
26.67549
26.68746
26.69897
26.71036
26.72186
26.73295
26.7436
26.75484
26.76576
26.78271
26.79391
26.80542
26.81745
26.83031
26.8432
26.85449
26.86729
26.87784
26.88912
26.89983
26.91066
26.92153
26.93282
26.94386
26.95463
26.96586
26.9767
26.9882
26.99981
27.0104
27.022
27.03366
27.04413
27.05539
27.0675
27.07856
27.08987
27.10042
27.11096
27.12276
27.13383
27.14431
27.15599
27.16692
27.17816
27.18941
27.20031
27.21126
27.22282
27.23383
27.24477
27.2569
27.26867
27.27954
27.29097
27.30201
27.31311
27.32427
27.33534
27.34688
27.35861
27.36981
27.38192
27.39363
27.40464
27.41613
27.42756
27.43903
27.45066
27.46191
27.47438
27.48527
27.49612
27.51339
TARGET DESTROYED 
27.52502
27.54112
27.55237
27.56285
27.57427
27.58527
27.59601
27.60636
27.61707
27.62701
27.64449
27.65623
27.66679
27.67748
27.69176
27.70308
27.71401
27.72516
27.73629
27.74745
27.75853
27.77011
27.78484
27.79506
27.80718
27.81862
27.82886
27.84213
27.85295
27.86377
27.87491
27.88612
27.89689
27.908
27.91952
27.93038
27.94151
27.95211
27.96288
27.97426
27.98486
27.99536
28.00662
28.01754
28.02816
28.03983
28.05047
28.06126
28.07192
28.08295
28.09385
28.10504
28.11634
28.12712
28.13857
28.15004
28.16065
28.17198
28.18342
28.19509
28.20632
28.21781
28.22937
28.24149
28.2527
28.2699
28.28075
28.29134
28.30257
28.31341
28.32467
28.33574
28.34637
28.35778
28.36901
28.37942
28.3909
28.40145
28.41229
28.42368
28.43452
28.44531
28.45674
28.46715
28.47767
28.48843
28.4998
28.5105
28.52122
28.53216
28.54284
28.55406
28.56525
28.57579
28.58669
28.59788
28.60842
28.61929
28.62983
28.64095
28.6524
28.66339
28.67461
28.68568
28.6971
28.70842
28.71974
28.73049
28.74162
28.75311
28.76561
28.77652
28.7873
28.79875
28.80981
28.82144
28.83324
28.8443
28.8555
28.86694
28.87845
28.88965
28.90101
28.91217
28.92361
28.93511
28.9463
28.95765
28.96914
28.98034
28.99231
29.00307
29.01922
29.03035
29.04159
29.05245
29.06298
29.07332
29.08425
29.09443
29.10566
29.11611
29.12709
29.13817
29.14919
29.15973
29.17036
29.18155
29.19249
29.2034
29.21416
29.22475
29.23577
29.24606
29.25704
29.26789
29.27827
29.28897
29.30013
29.31119
29.32264
29.33413
29.34465
29.35587
29.36769
29.37835
29.38976
29.401
29.41178
29.42295
29.43436
29.44559
29.45745
29.46791
29.47882
29.49055
29.50161
29.51311
29.52447
29.536
29.54751
29.55885
29.57059
29.58188
29.5935
29.60494
29.61667
29.62763
29.63903
29.65089
29.66162
29.67311
29.6881
29.69861
29.70892
29.7193
29.729
29.73961
29.75088
29.76124
29.77248
29.79142
29.8034
29.81435
29.82515
29.83625
29.84753
29.85887
29.86968
29.88112
29.89201
29.90342
29.91437
29.92546
29.93689
29.94798
29.95923
29.97046
29.98145
29.99266
30.00404
30.01614
30.0265
30.038
30.04869
30.05979
30.07188
30.08201
30.09303
30.10457
30.11599
30.12671
30.13793
30.14915
30.16014
30.17147
30.18281
30.19373
30.20491
30.2162
30.22756
30.23889
30.2505
30.26193
30.27358
30.29124
30.30187
30.31216
30.3233
30.33364
30.34377
30.35438
30.36486
30.37548
30.38573
30.39598
30.40693
30.41752
30.42882
30.43963
30.45105
30.46202
30.47343
30.48462
30.49553
30.50678
30.51798
30.52921
30.54451
30.55575
30.56589
30.57607
30.58666
30.59694
30.60814
30.61853
30.62964
30.64113
30.65206
30.66307
30.67436
30.68586
30.69737
30.70897
30.71996
30.73125
30.74298
30.75438
30.76581
30.77703
30.7883
30.79986
30.81076
30.82181
30.83337
30.84466
30.85585
30.86669
30.8776
30.8889
30.90066
30.91117
30.92254
30.9341
30.94517
30.95653
30.96791
30.97906
30.99077
31.01401
31.02482
31.0352
31.04543
31.05693
31.06747
31.07727
31.08832
31.09893
31.10962
31.12085
31.13177
31.14301
31.15439
31.16583
31.17664
31.18811
31.19895
31.21035
31.22136
31.23293
31.24356
31.25513
31.26628
31.27757
31.2883
31.30311
31.31377
31.32405
31.3349
31.34496
31.35575
31.36722
31.37767
31.38945
31.40023
31.41121
31.42241
31.43368
31.4446
31.45593
31.4671
31.47829
31.48953
31.50056
31.51228
31.52349
TARGET DESTROYED 
31.53497
31.55904
31.57061
31.58138
31.59147
31.60118
31.61245
31.62347
31.63491
31.64614
31.65695
31.66825
31.67951
31.70356
31.71421
31.72387
31.73503
31.74627
31.75734
31.76857
31.77987
31.79414
31.80539
31.81569
31.82598
31.83656
31.84674
31.85819
31.86938
31.88037
31.89149
31.90293
31.91376
31.92507
31.93634
31.94726
31.95914
31.96961
31.98088
31.9922
32.00755
32.01828
32.02885
32.03917
32.04887
32.05937
32.07026
32.08122
32.09243
32.10376
32.11538
32.12595
32.1372
32.14881
32.15943
32.17085
32.18187
32.19314
32.20426
32.21554
32.2266
32.23831
32.24999
32.26153
32.27361
32.28499
32.29623
32.30766
32.31886
32.33076
32.34139
32.35215
32.36329
32.37494
32.38598
32.39727
32.40855
32.41989
32.43119
32.44258
32.45369
32.46563
32.47656
32.48833
32.49932
32.5104
32.5219
32.53376
32.54438
32.55558
32.56715
32.57786
32.58902
32.60043
32.61151
32.62281
32.63383
32.64492
32.65699
32.66736
32.67852
32.68968
32.70147
32.71283
32.72322
32.73431
32.74541
32.75658
32.77208
32.78463
32.79512
32.8074
32.81857
32.82984
32.8409
32.85246
32.86385
32.87469
32.88578
32.89693
32.90839
32.91921
32.93038
32.94209
32.95269
32.96383
32.97496
32.98622
32.99725
33.0087
33.01982
33.03101
33.04208
33.05389
33.06461
33.0757
33.08685
33.09825
33.10915
33.12048
33.13137
33.14268
33.15402
33.16603
33.17616
33.18752
33.19851
33.20957
33.22152
33.23225
33.2436
33.25546
33.2668
33.27828
33.2896
33.30136
33.31225
33.32405
33.33527
33.34661
33.35794
33.36968
33.38139
33.3924
33.40401
33.41547
33.42648
33.43801
33.44921
33.46018
33.47423
33.48515
33.49563
33.52958
33.57299
