0.02
0.04
0.14
0.1715512
0.1859443
0.2052174
0.2183934
0.2307542
0.2426807
0.2554383
0.2686348
0.2804881
0.2918089
0.3030896
0.3155848
0.3321767
0.3442273
0.3549507
0.3660129
0.3775294
0.3881989
0.3999633
0.4110535
0.4223126
0.4331044
0.4447309
0.4565441
0.4672503
0.4783737
0.4892714
0.5005985
0.5133206
0.5259585
0.5368786
0.5480345
0.5596642
0.5710729
0.5824589
0.594222
0.606101
0.6183774
0.6294872
0.6408618
0.6523994
0.6637327
0.6750423
0.6859277
0.6977525
0.7093472
0.7207761
0.7317187
0.7432088
0.754826
0.7712536
0.7828327
0.79408
0.8050222
0.8162298
0.8276288
0.839904
0.8510246
0.8626742
0.8735551
0.8846067
0.8958883
0.9073361
0.9186884
0.9303299
0.9423308
0.9535136
0.964674
0.976261
0.987296
0.9989058
1.011093
1.022828
1.033962
1.04559
1.057437
1.068529
1.080525
1.091777
1.102962
1.114353
1.12599
1.13691
1.148459
1.159926
1.170623
1.18212
1.193161
1.208972
1.219796
1.230895
1.241997
1.252577
1.263794
1.275111
1.286133
1.297313
1.309107
1.320014
1.331791
1.343503
1.354341
1.365553
1.376601
1.387945
1.399967
1.411267
1.4223
1.433356
1.444455
1.455672
1.466697
1.478206
1.490021
1.501194
1.513162
1.525005
1.536191
1.547821
1.559427
1.570785
1.582447
1.594324
1.606288
1.61779
1.629192
1.645017
1.655947
1.667414
1.678507
1.689804
1.701146
1.712909
1.724464
1.735493
1.746941
1.758208
1.769033
1.780959
1.793258
1.804631
1.816053
1.82769
1.839076
1.852535
1.864509
1.876135
1.888518
1.899954
TARGET DESTROYED 
1.919055
1.930555
1.942945
1.954138
1.965748
1.977921
1.98946
2.000523
2.012263
2.032304
2.0458
2.057923
2.068807
2.085402
2.09702
2.107939
2.118786
2.130363
2.142318
2.153506
2.164794
2.176077
2.186861
2.198134
2.209756
2.22113
2.232459
2.243745
2.254977
2.266235
2.277929
2.289347
2.300586
2.312999
2.324914
2.336732
2.347919
2.359311
2.37045
2.382928
2.394466
2.405917
2.417269
2.429202
2.441199
2.452226
2.46338
2.475106
2.486672
2.498034
2.510126
2.521476
2.538715
2.550356
2.561965
2.573509
2.585267
2.597291
2.610428
2.622447
2.6351
2.647028
2.659413
2.670276
2.681979
2.693674
2.705274
2.717102
2.729297
2.741494
2.753098
2.764678
2.776666
2.788297
2.799849
2.812429
2.824711
2.836858
2.849064
2.861912
2.873329
2.884974
2.896929
2.90935
2.921279
2.933542
2.946176
2.959228
2.970608
2.982748
2.999679
3.012171
3.024452
3.036689
3.049628
3.061693
3.073235
3.084949
3.096947
3.109068
3.12063
3.132499
3.144759
3.156741
3.168649
3.180547
3.192791
3.204418
3.216715
3.230687
3.242425
3.254812
3.26664
3.278718
3.290837
3.302297
3.314476
3.326402
3.338063
3.350324
3.362469
3.374227
3.385513
3.397727
3.409797
3.420791
3.432499
3.443976
3.461248
3.472569
3.483656
3.495663
3.50857
3.51989
3.532148
3.543764
3.555003
3.566494
3.578202
3.589961
3.601353
TARGET DESTROYED 
3.617884
3.629391
3.641383
3.653541
3.66513
3.676741
3.68746
3.698713
3.710664
3.722294
3.741424
3.753634
3.765018
3.776297
3.787318
3.798881
3.810703
3.822127
3.833908
3.845495
3.856841
3.870893
3.882584
3.894329
3.910721
3.922055
3.933553
3.945355
3.956755
3.968044
3.97959
3.992084
4.003325
4.015102
4.027448
4.039036
4.050501
4.06201
4.074814
4.086088
4.097398
4.108688
4.119912
4.131487
4.143656
4.156371
4.16767
4.179488
4.191592
4.202635
4.214446
4.226232
4.237206
4.248834
4.260547
4.271741
4.284245
4.295738
4.3073
4.318555
4.330447
4.342614
4.358736
4.369511
4.381016
4.392339
4.403143
4.414465
4.425944
4.437232
4.449004
4.460231
4.471063
4.48244
4.495808
4.507876
4.5191
4.53135
4.543047
4.554358
4.565378
4.576766
4.588038
4.599975
4.613163
4.625277
4.636298
4.648131
4.65932
4.67063
4.682266
4.693683
4.705568
4.71711
4.728714
4.739814
4.751095
4.762495
4.774065
4.785552
4.801568
4.813209
4.824809
4.835786
4.847444
4.859672
4.871608
4.882909
4.89448
4.905723
4.916842
4.928238
4.940279
4.952131
4.963817
4.976307
4.987903
5.000319
5.01201
5.023605
5.035119
5.046407
5.058359
5.0693
5.080873
5.092438
5.103992
5.11597
5.12823
5.139249
5.15025
5.16164
5.172946
5.184046
5.195507
5.206703
5.217689
5.229237
5.246207
5.258391
5.269482
5.280882
5.292645
5.304831
5.316576
5.328889
5.341441
5.352385
5.364142
5.375356
5.386683
5.399735
5.411464
5.422655
5.434186
5.445718
5.457352
5.468225
5.479721
5.491803
5.502777
5.514919
5.527575
5.538676
5.549665
5.56152
5.57291
5.58419
5.595635
5.608381
5.619473
TARGET DESTROYED 
5.635783
5.647574
5.659251
5.670304
5.681576
5.697972
5.70998
5.722114
5.740547
5.752998
5.764673
5.776145
5.787584
5.799146
5.810833
5.822004
5.833467
5.845224
5.856357
5.867622
5.880088
5.892006
5.902939
5.914443
5.926198
5.93754
5.948889
5.960576
5.972024
5.983501
5.995179
6.006361
6.017671
6.030134
6.041578
6.052915
6.06422
6.132468
6.145928
6.157104
6.167781
6.179821
6.192698
6.208955
6.219979
6.231493
6.243417
6.254859
6.267078
6.278816
6.290339
6.301557
6.312931
6.324746
6.335849
6.34846
6.359723
6.370828
6.382071
6.393551
6.405097
6.416419
6.428156
6.440164
6.451147
6.462463
6.474087
6.48512
6.496531
6.509227
6.520526
6.532482
6.543914
6.556587
6.569429
6.580592
6.591764
6.602725
6.614556
6.625579
6.636891
6.65309
6.665015
6.676661
6.687671
6.699019
6.71032
6.721832
6.732955
6.744619
6.757879
6.769687
6.781067
6.792417
6.803128
6.814506
6.826065
6.837235
6.848713
6.85991
6.870831
6.882726
6.89578
6.907866
6.918603
6.930468
6.942212
6.953532
6.965259
6.977239
6.988526
7.000181
7.01168
7.022964
7.035161
7.046736
7.058246
7.069677
7.081436
7.097514
7.109284
7.121083
7.132774
7.144246
7.155832
7.167557
7.180089
7.191644
7.203206
7.214774
7.226288
7.23772
7.250023
7.261407
7.272605
7.28425
7.295477
7.306896
7.317927
7.329388
7.341484
7.353214
7.364488
7.376613
7.387932
7.399266
7.411301
7.422585
7.434273
7.445986
7.457593
7.468662
7.480309
7.49214
7.503299
7.515063
7.528015
7.544316
7.555736
7.566999
7.578883
7.590398
7.601298
7.613321
7.624991
7.636081
7.64789
7.659679
7.670703
7.681998
7.693573
7.704753
7.715829
7.728553
7.741357
7.75335
7.765753
7.778131
7.791078
7.804245
7.817215
7.830025
7.843019
7.855477
7.868007
7.881102
7.894758
7.908495
TARGET DESTROYED 
7.926883
7.939667
7.95209
7.964972
7.97748
7.990943
8.003948
8.021555
8.035074
8.047761
8.068007
8.081576
8.093764
8.105644
8.118063
8.130695
8.143218
8.154973
8.167293
8.179734
8.193551
8.206093
8.21817
8.231222
8.243821
8.255667
8.26751
8.279935
8.292509
8.304161
8.316339
8.328959
8.341228
8.35366
8.366238
8.378583
8.391252
8.403041
8.416266
8.428704
8.441295
8.453553
8.465861
8.478316
8.490762
8.509527
8.522264
8.534962
8.554675
8.566866
8.579222
8.592121
8.604309
8.61727
8.629568
8.642034
8.655302
8.667682
8.680219
8.692484
8.704335
8.716742
8.729479
8.742233
8.754675
8.767033
8.779316
8.791658
8.80335
8.815855
8.829248
8.842164
8.854766
8.867237
8.879655
8.892956
8.90545
8.917909
8.930099
8.943073
8.955066
8.967246
8.979675
8.992406
9.009524
9.021462
9.034727
9.046946
9.059613
9.072102
9.084561
9.097181
9.110524
9.123513
9.135588
9.148231
9.160417
9.172383
9.184649
9.19688
9.209664
9.222487
9.235417
9.247334
9.260083
9.272016
9.284506
9.296876
9.309691
9.321752
9.33456
9.346834
9.359779
9.372564
9.384702
9.396793
9.408759
9.420648
9.433469
9.446588
9.458835
9.470842
9.483261
9.500827
9.513359
9.526027
9.538107
9.550034
9.562157
9.574207
9.586672
9.598967
9.611876
9.624989
9.637321
9.650096
9.662737
9.675292
9.687492
9.699933
9.712733
9.725247
9.737381
9.749459
9.761919
9.775215
9.787196
9.799291
9.811599
9.823871
9.836229
9.848837
9.861792
9.874503
9.886546
9.898574
9.91128
9.925916
9.937636
9.949691
9.962337
9.979935
9.99317
10.00603
10.01836
10.03154
10.04416
10.05621
10.06884
10.08166
10.09442
10.10663
10.11865
10.13094
10.14349
10.15607
10.16905
10.18118
TARGET DESTROYED 
10.199
10.2121
10.22482
10.2369
10.25652
10.26998
10.28245
10.29494
10.30757
10.31932
10.33179
10.34429
10.35658
10.3689
10.38141
10.3945
10.40669
10.41906
10.43152
10.44404
10.45611
10.47355
10.48589
10.49868
10.51186
10.52449
10.53716
10.5495
10.56218
10.57426
10.58638
10.59908
10.6123
10.62455
10.63678
10.64912
10.66171
10.67457
10.68799
10.70053
10.71338
10.7261
10.73825
10.7504
10.7628
10.77605
10.78802
10.80006
10.81247
10.82457
10.83642
10.84906
10.86182
10.87412
10.88659
10.89924
10.91179
10.92515
10.93695
10.9545
10.96742
10.97999
10.99231
11.00385
11.01673
11.02956
11.04259
11.05568
11.0677
11.07988
11.09213
11.10437
11.11668
11.12868
11.14126
11.15293
11.16498
11.17773
11.19012
11.2026
11.21476
11.22744
11.23975
11.2518
11.26419
11.27667
11.28913
11.30204
11.31511
11.32744
11.33965
11.35171
11.36488
11.37797
11.38999
11.40242
11.41473
11.42774
11.44522
11.45814
11.46993
11.48218
11.49523
11.50798
11.5203
11.53286
11.54524
11.55754
11.56959
11.58221
11.59462
11.60685
11.61949
11.63267
11.64533
11.65812
11.67057
11.68296
11.69519
11.7076
11.71966
11.73223
11.74542
11.75801
11.7707
11.78279
11.79507
11.80812
11.82043
11.83294
11.84552
11.85819
11.87022
11.88309
11.89562
11.90843
11.9264
11.93944
11.95134
11.9639
11.97646
11.98926
12.00199
12.01496
12.02947
12.04225
12.05487
12.06729
12.08005
12.09308
12.10605
12.11921
12.13178
12.14561
12.15871
12.17117
12.1842
12.19688
12.20956
12.22209
12.23513
12.24788
12.26087
12.27438
12.28647
12.2987
12.31116
12.32325
12.33528
12.34774
12.36047
12.37306
TARGET DESTROYED 
12.39046
12.4033
12.42034
12.43299
12.45151
12.46504
12.47744
12.48905
12.50075
12.51341
12.52585
12.53791
12.55048
12.56242
12.57507
12.58672
12.59855
12.61128
12.62324
12.6352
12.64763
12.65984
12.67174
12.68371
12.69589
12.70841
12.72025
12.73251
12.74577
12.75805
12.76967
12.78182
12.79423
12.80688
12.81942
12.83143
12.84438
12.85606
12.86857
12.8808
12.8937
12.91121
12.92348
12.93574
12.94842
12.96166
12.97381
12.98634
12.99867
13.01107
13.02293
13.0355
13.04773
13.06051
13.07344
13.08566
13.09792
13.11014
13.12169
13.13399
13.14668
13.15892
13.17094
13.18412
13.19629
13.2087
13.22157
13.2342
13.24645
13.25848
13.27073
13.28306
13.2955
13.30716
13.31909
13.33173
13.34434
13.35679
13.36964
13.38204
13.39471
13.41193
13.42514
13.43666
13.44885
13.46065
13.47242
13.48426
13.49616
13.50997
13.52205
13.53395
13.5461
13.55725
13.56824
13.57955
13.59129
13.60181
13.61427
13.62517
13.63575
13.64713
13.659
13.6697
13.68061
13.69196
13.703
13.71497
13.72641
13.73742
13.74941
13.76037
13.77136
13.78311
13.79496
13.80677
13.81777
13.82901
13.84045
13.8516
13.86821
13.8798
13.89073
13.9016
13.91248
13.92476
13.93553
13.94695
13.95935
13.97027
13.98107
13.99278
14.00408
14.01541
14.02767
14.03836
14.04965
14.06126
14.07185
14.08315
14.09436
14.10571
14.12215
14.13342
14.1453
14.15653
14.16792
14.17945
14.1911
14.20202
14.21421
14.22598
14.23736
14.24878
14.26058
14.27249
14.28383
14.29547
14.30727
14.31829
14.33517
14.34685
14.35835
14.36985
14.38162
14.39345
14.40496
14.41676
14.42845
14.43983
14.46199
14.47378
14.48489
14.49688
14.50968
14.52173
14.53326
14.54429
14.55658
14.56754
14.57925
14.59128
14.60232
14.6144
14.6265
14.63789
14.6497
14.66137
14.6732
14.68477
14.69644
14.70869
14.71995
14.73184
14.74361
14.75617
14.76726
14.77869
14.78985
14.8062
14.81817
14.82983
14.84356
14.85678
14.86955
14.88358
14.8972
14.91053
14.92376
14.93671
14.94993
14.96385
14.97709
14.99133
15.00551
15.0187
15.03262
TARGET DESTROYED 
15.0618
15.07584
15.0891
15.10219
15.11552
15.13795
15.152
15.16537
15.17908
15.19248
15.20536
15.21832
15.23214
15.24564
15.2591
15.27206
15.28545
15.29805
15.31137
15.32907
15.34256
15.35661
15.36972
15.38256
15.39559
15.40835
15.42027
15.43288
15.44583
15.45842
15.47027
15.48242
15.49522
15.50842
15.52145
15.53469
15.54695
15.55956
15.57129
15.58426
15.59684
15.61004
15.62312
15.63531
15.6482
15.66125
15.6738
15.68613
15.69889
15.71158
15.72416
15.73628
15.74953
15.76259
15.77646
15.78852
15.80105
15.81349
15.83037
15.84324
15.85602
15.86896
15.88254
15.89666
15.91004
15.92371
15.93678
15.94987
15.96326
15.97731
15.9906
16.00354
16.01665
16.03069
16.0441
16.0591
16.07202
16.0856
16.09887
16.11219
16.12531
16.13789
16.15134
16.1648
16.17808
16.19194
16.20498
16.21866
16.23789
16.25097
16.26468
16.27782
16.29076
16.30408
16.31759
16.33083
16.34419
16.35743
16.37648
16.38981
16.40289
16.416
16.42944
16.4425
16.45503
16.46784
16.4804
16.49402
16.50827
16.5219
16.53597
16.5489
16.56209
16.57534
16.5862
16.59753
16.60905
16.62048
16.63592
16.64797
16.65925
16.67051
16.68158
16.69671
