0.02
0.04
0.14
0.1806847
0.1930301
0.2037639
0.2164849
0.2294684
0.243602
0.2587012
0.2706709
0.2813883
0.292506
0.3085079
0.3188098
0.329821
0.3402692
0.3514543
0.3626525
0.3738838
0.3847603
0.3960512
0.4072581
0.4184659
0.4304177
0.4411316
0.4519872
0.4632457
0.4743147
0.4861741
0.496424
0.5085654
0.5191317
0.5301512
0.5414075
0.5523959
0.56335
0.5747666
0.5858625
0.5972481
0.6082952
0.6200083
0.6349366
0.6481902
0.6592123
0.6697163
0.6806049
0.6916794
0.7071324
0.7176232
0.7284163
0.739608
0.7500816
0.7616333
0.7727716
0.7835987
0.7942509
0.8049849
0.8158004
0.8268582
0.8374629
0.8483381
0.8593605
0.8700945
0.8809681
0.8921092
0.9032394
0.9142795
0.9250655
0.9360979
0.9471986
0.9583369
0.9692262
0.9802441
0.9911671
1.001814
1.013265
1.02553
1.036154
1.047402
1.058481
1.069436
1.080817
1.091899
1.107864
1.118801
1.130168
1.141549
1.151903
1.162647
1.174433
1.185285
1.196713
1.207348
1.218158
1.228989
1.239998
1.25061
1.261606
1.272812
1.283472
1.294534
1.305017
1.316092
1.327222
1.338091
1.348742
1.360015
1.370833
1.382022
1.393062
1.403671
1.414478
1.425574
1.436074
1.446672
1.4577
1.468728
1.479431
1.491034
1.50614
1.516943
1.527731
1.539879
1.551329
1.562649
1.573423
1.584512
1.595371
1.606089
1.61688
1.627778
1.638727
1.649043
1.660126
1.671439
1.682276
1.693804
1.704765
1.715668
1.727093
1.738486
1.749892
1.761538
1.772249
1.782857
1.794964
1.805838
1.816465
1.828744
1.840331
1.851642
1.863015
1.874362
1.884947
1.895837
1.911502
1.922454
1.933138
1.944149
1.955479
1.966224
1.977255
1.98793
1.999835
2.011239
2.022531
2.033187
2.045178
2.057114
2.067728
2.079256
2.090512
2.101094
2.112386
2.124572
2.135116
2.146195
2.157865
2.16918
2.180518
2.191362
2.202727
2.213904
2.225071
2.23596
2.246701
2.257933
2.268664
2.279523
2.290468
2.301194
2.316735
2.328588
2.340276
2.351038
2.362441
2.373974
2.384902
2.396193
2.407883
2.419094
2.430349
2.441463
2.452451
2.463548
2.474617
2.48529
2.496122
2.507208
2.518184
2.529587
2.540486
2.551944
2.563389
2.57423
2.585446
2.596552
2.608297
2.619094
2.630198
2.641553
2.652383
2.663544
2.674617
2.685723
2.696968
2.70811
2.723591
2.734616
2.745631
2.756611
2.767551
2.778894
2.78994
2.800745
2.812296
2.823211
2.834044
2.845461
2.856472
2.867337
2.878088
2.88971
2.900529
2.911711
2.923593
2.934129
2.945595
2.958037
2.968557
2.979811
2.990752
3.001792
3.013156
3.0238
3.034804
3.046762
3.058499
3.069147
3.079887
3.090574
3.101916
3.113401
3.12895
3.140518
3.151473
3.162885
3.174244
3.185296
3.196725
3.20808
3.219169
3.230097
3.241456
3.252531
3.263616
3.27489
3.285721
3.298084
3.309552
3.32104
3.332076
3.344695
3.356266
3.367234
3.378572
3.389798
3.400551
3.411929
3.424663
3.435861
3.447314
3.458864
3.469741
3.480635
3.491342
3.503319
3.514596
3.525414
3.54145
3.552677
3.563972
3.575792
3.587255
3.598132
3.60968
3.620841
3.632395
3.644257
3.655781
3.667661
3.679699
3.69135
3.703166
3.714756
3.726929
3.738676
3.750382
3.76233
3.773981
3.785616
3.797163
3.809724
3.821371
3.833462
3.846456
3.858931
3.869936
3.881394
3.893839
3.905655
3.917355
3.928922
3.940871
3.957195
3.96862
3.980475
3.992822
4.005424
4.016752
4.028465
4.041651
4.054152
4.065836
4.077879
4.089639
4.101305
4.113332
4.125725
4.137235
4.149044
4.160744
4.172202
4.183521
4.195392
4.207345
4.219511
4.231866
4.244165
4.256021
4.267539
4.279045
4.290754
4.302114
4.313614
4.325234
4.336625
4.348833
4.360704
4.372674
4.388401
4.399731
4.411687
4.423721
4.435653
4.448128
4.460507
4.471961
4.484494
TARGET DESTROYED 
4.502629
4.515846
4.528463
4.54137
4.552897
4.565183
4.577208
4.589152
4.600785
4.612833
4.625501
4.637488
4.649556
4.661424
4.673678
4.685509
4.696987
4.709481
4.722073
4.733825
4.745728
4.757689
4.769346
4.781216
4.793487
4.80552
4.81761
4.833433
4.846105
4.858243
4.869866
4.882067
4.894
4.906283
4.917913
4.93026
4.942138
4.95403
4.965993
4.978292
5.001836
5.013795
5.025724
5.037642
5.049958
5.062491
5.074541
5.086655
5.098492
5.110534
5.122079
5.133978
5.145843
5.157728
5.169606
5.181123
5.193199
5.205379
5.217178
5.229104
5.241169
5.252714
5.26888
5.281184
5.293068
5.305289
5.317047
5.32886
5.340925
5.352559
5.364791
5.377573
5.389326
5.401013
5.413093
5.425159
5.437552
5.449538
5.462473
5.475758
5.488058
5.499985
5.511902
5.523741
5.535426
5.54725
5.559474
5.571792
5.583922
5.596025
5.608178
5.619752
5.631767
5.644213
5.656249
5.6682
5.680257
5.692393
5.708678
5.720654
5.732697
5.744671
5.757276
5.769489
5.781504
5.793376
5.805426
5.817135
5.829262
5.841362
5.853419
5.865417
5.877537
5.890138
5.901841
5.913969
5.926921
5.938906
5.951652
5.963753
5.976221
5.988058
6.00049
6.01277
6.025408
6.038195
6.051645
6.063611
6.075627
6.087683
6.099705
6.111083
6.123078
6.13467
6.150542
6.162322
6.174123
6.185571
6.197143
6.209193
6.221183
6.23312
6.245291
6.257245
6.269467
6.281885
6.293973
6.306018
6.317584
6.329243
6.341213
6.353326
6.365164
6.377939
6.389877
6.401641
6.413322
6.425396
6.437454
6.449669
6.462645
6.474399
6.485485
6.496968
6.509535
6.521283
6.533342
6.545604
6.558379
6.570538
6.586151
6.597728
6.610664
6.622829
6.634262
6.646605
6.659396
6.672384
6.684734
6.697548
6.711177
6.723568
6.735632
6.74732
6.760015
6.772478
6.784526
6.796703
6.80904
6.820601
6.832609
6.844879
6.856482
6.868689
6.881074
6.894431
6.906682
6.919829
6.932162
6.94451
6.956641
TARGET DESTROYED 
6.973346
6.984952
6.997516
7.009711
7.026495
7.04117
7.05371
7.065888
7.077863
7.089979
7.101315
7.113353
7.12607
7.137689
7.149608
7.162307
7.174226
7.1861
7.197802
7.209631
7.221981
7.233749
7.245754
7.257188
7.268648
7.280237
7.291899
7.303541
7.315757
7.328815
7.34087
7.352811
7.364844
7.37736
7.388655
7.399862
7.411119
7.422382
7.433683
7.449811
7.461995
7.473323
7.48426
7.495793
7.507475
7.518607
7.530749
7.542892
7.554788
7.567011
7.578599
7.589968
7.600624
7.611943
7.623688
7.634687
7.646218
7.657831
7.668918
7.680169
7.691463
7.702697
7.714107
7.72542
7.737396
7.748596
7.759889
7.771291
7.783069
7.795189
7.806894
7.81822
7.829831
7.84255
7.853889
7.869079
7.880509
7.891874
7.903118
7.914804
7.926684
7.938026
7.949334
7.960962
7.972163
7.983726
7.994786
8.006296
8.01742
8.028831
8.040447
8.051678
8.063032
8.0753
8.086233
8.097519
8.10905
8.120756
8.132206
8.144449
8.156521
8.167758
8.179097
8.190862
8.201934
8.213114
8.224231
8.235274
8.246481
8.258148
8.269358
8.285092
8.296616
8.308225
8.319538
8.332047
8.344462
8.35767
8.368819
8.380355
8.392761
8.405436
8.416498
8.427734
8.439647
8.45289
8.464754
8.476522
8.48872
8.499468
8.510785
8.521919
8.533014
8.544938
8.556329
8.567525
8.579169
8.590519
8.601535
8.612922
8.624417
8.635456
8.646665
8.657979
8.669045
8.680205
8.691364
8.707105
8.717831
8.729033
8.7409
8.751756
8.763542
8.775039
8.785995
8.797234
8.808494
8.819975
8.831793
8.843175
8.854114
8.865883
8.877715
8.888892
8.900233
8.911448
8.923411
8.934345
8.945872
8.957502
8.969049
8.980088
8.991648
9.004682
9.016269
9.027534
9.039357
9.051591
9.063832
9.077019
9.089294
9.100546
9.112617
9.12931
9.14076
9.15199
9.164317
9.176126
9.187966
9.199743
9.211807
9.223701
9.235448
9.247108
9.25847
9.270377
9.282485
9.294397
9.305984
9.317501
9.329212
9.34085
9.352196
9.364684
9.376495
9.388032
9.399269
9.411105
9.423039
9.434476
9.446267
9.458915
9.470592
9.482295
9.493863
9.506055
9.517719
9.529673
9.547979
9.56073
9.572577
9.584308
9.596245
9.607729
9.619329
9.630743
9.642715
9.655079
9.667046
9.67907
9.690579
9.702062
9.713547
9.72547
9.737391
9.749567
9.76097
9.772839
9.784945
9.796336
9.808135
9.819707
9.8313
9.843283
9.854804
9.866697
9.878606
9.890606
9.901885
9.913402
9.925188
9.936322
9.947909
9.959507
9.975194
9.987738
9.999763
10.01167
10.02324
10.03565
10.04809
10.06008
10.07163
10.08378
10.09537
10.10706
10.11861
10.13014
10.14187
10.15345
10.16552
10.1775
10.18926
10.20075
10.21244
10.22394
10.23638
10.24811
10.25967
10.27192
10.2839
10.29595
10.30723
10.31882
10.33035
10.34192
10.35345
10.36617
10.37872
10.39061
10.40677
10.41824
10.42963
10.44144
10.4535
10.46549
10.47754
10.48927
10.50152
10.51307
10.52484
10.53753
10.54954
10.56247
10.58162
10.59475
10.60638
10.61787
10.62937
10.64114
10.65275
10.66466
10.67666
10.6882
10.69975
10.71188
10.72378
10.73538
TARGET DESTROYED 
10.75229
10.76455
10.77728
10.79005
10.80192
10.8137
10.82549
10.84121
10.85236
10.86391
10.8759
10.88775
10.89933
10.91088
10.92295
10.93413
10.94579
10.95783
10.96913
10.9809
10.99278
11.00554
11.01674
11.02849
11.04146
11.05353
11.06528
11.07767
11.08923
11.10043
11.11234
11.12432
11.13577
11.1474
11.15887
11.17025
11.18161
11.19318
11.20545
11.21728
11.22922
11.24111
11.25304
11.26923
11.28081
11.29262
11.30392
11.31529
11.32688
11.33854
11.35049
11.36236
11.37436
11.38596
11.39745
11.40974
11.42168
11.43319
11.44522
11.4588
11.47112
11.48291
11.49492
11.50662
11.51848
11.53015
11.54378
11.55577
11.56757
11.57962
11.5911
11.60328
11.61567
11.62808
11.64006
11.65194
11.66332
11.6748
11.6905
11.70251
11.71381
11.72565
11.73766
11.74949
11.76229
11.7742
11.78615
11.79795
11.81108
11.82299
11.83465
11.84666
11.85868
11.87012
11.88217
11.89455
11.90647
11.9183
11.93005
11.94316
11.95498
11.96662
11.97847
11.9905
12.00245
12.01534
12.02792
12.04064
12.05272
12.06464
12.07699
12.08862
12.10035
12.11243
12.12877
12.14037
12.15185
12.16378
12.17613
12.18851
12.20023
12.21235
12.22456
12.23701
12.24904
12.26046
12.27248
12.2839
12.29609
12.308
12.31945
12.33171
12.34381
12.35524
12.36713
12.37971
12.39127
12.4037
12.41509
12.42685
12.43874
12.45067
12.46328
12.47562
12.48765
12.49909
12.51084
12.52278
12.53543
12.54753
12.56384
12.57551
12.58728
12.59885
12.61059
12.62258
12.63433
12.64687
12.65891
12.67041
12.68201
12.69415
12.70541
12.71671
12.72841
12.74099
12.75283
12.76451
12.77638
12.78838
12.79987
12.81213
12.82414
12.83549
12.84743
12.85942
12.87102
12.88241
12.89412
12.90641
12.9176
12.92988
12.9415
12.95389
12.96547
12.98192
12.99386
13.00588
13.01796
13.02986
13.04255
13.05475
13.06626
13.07844
13.09062
13.10239
13.11439
13.12626
13.1376
13.149
13.16051
13.17194
13.18346
13.19528
13.20708
13.21894
13.23061
13.24219
13.25397
13.26707
13.27874
13.29053
13.30191
13.31377
13.32597
13.33864
13.35025
13.36183
13.37402
13.38589
13.39758
13.41364
13.42537
13.43672
13.4485
13.46094
13.47365
13.48548
13.49694
13.50959
13.52158
13.53306
13.54525
13.55831
13.56964
13.58152
13.59369
13.60558
13.61788
13.62932
13.64085
13.65249
13.66402
13.6764
13.68852
13.69977
13.71132
13.72309
13.73504
13.74678
13.75881
13.77043
13.7826
13.79482
13.80689
13.81851
13.83036
13.84651
13.85812
13.86947
13.88143
13.89321
13.90518
13.91651
13.92831
13.94034
13.95153
13.96318
13.97498
13.98654
TARGET DESTROYED 
14.00242
14.01474
14.02643
14.03801
14.05039
14.06312
14.07607
14.08902
14.1015
14.11286
14.12417
14.13551
14.14723
14.15898
14.17058
14.18217
14.19387
14.20593
14.21777
14.22984
14.24122
14.25292
14.26849
14.28004
14.29163
14.30262
14.31399
14.32559
14.33679
14.34827
14.3606
14.37232
14.3841
14.39611
14.408
14.41936
14.43091
14.4428
14.45437
14.46616
14.47765
14.48953
14.50128
14.51305
14.52465
14.53587
14.54827
14.56068
14.57213
14.58308
14.59455
14.60609
14.61692
14.62836
14.63969
14.6506
14.66274
14.67434
14.69032
14.70196
14.71385
14.72573
14.73831
14.74935
14.76064
14.77211
14.78324
14.79457
14.80573
14.81674
14.82883
14.84023
14.85148
14.86301
14.87435
14.88623
14.89757
14.90976
14.92141
14.93265
14.94402
14.95621
14.96708
14.97857
14.9905
15.00227
15.01355
15.02476
15.03625
15.05345
15.06553
15.07804
15.0908
15.10711
15.1191
15.13129
15.14388
15.15642
15.16874
15.18104
15.19349
15.20627
15.21827
15.2305
15.2426
15.25479
15.26723
15.28015
15.29297
15.30577
15.31793
15.33065
15.34243
15.354
15.36533
15.3774
15.38963
15.40141
15.41304
15.42476
15.43645
15.44778
15.46125
15.473
15.48439
15.49612
15.50805
15.52055
15.5328
15.54872
15.56116
15.57283
15.58397
15.59611
15.60772
15.61905
15.63063
15.64297
15.65503
15.66653
15.6784
15.68986
15.70101
15.71335
15.72497
15.7373
15.74887
15.76076
15.77307
15.78547
15.79699
15.8088
15.82084
15.83283
15.8445
15.85636
15.86774
15.87956
15.89143
15.90311
15.91454
15.92704
15.9391
15.95057
15.96296
15.97971
15.99166
16.00393
16.01568
16.02799
16.04044
16.05205
16.06377
16.07559
16.08778
16.09935
16.11096
16.12344
16.13468
16.14684
16.15854
16.17029
16.18173
16.19347
16.20487
16.21597
16.2277
16.23973
16.25123
16.26275
16.27445
16.2857
16.29736
16.30985
16.32297
16.33596
16.3497
16.3628
16.37589
16.39015
16.40717
16.45923
16.5118
16.52537
16.54089
16.5562
16.56902
16.58101
16.60362
16.62593
16.6481
16.67173
16.69315
16.71529
16.73795
16.76045
16.78297
16.80479
16.82707
16.84951
16.8719
16.89396
16.91643
16.93874
16.96099
16.98377
17.00613
17.02798
17.05039
17.073
17.09543
17.11733
17.13984
17.16247
17.18452
17.20683
17.229
17.25135
17.27388
17.29617
17.30845
17.32047
17.33351
17.34729
17.36066
17.37807
17.39548
17.4089
17.42536
17.44133
17.45464
17.46835
17.48191
17.49676
17.51181
17.52448
17.53768
17.55017
17.56424
17.57746
17.59117
17.60525
17.61897
17.63268
17.65066
17.66893
17.68233
17.69573
17.70823
17.72089
17.7338
17.74613
17.76498
17.77793
17.79083
17.80353
17.8171
17.83169
17.8457
17.85896
17.87241
17.88574
17.89884
17.91235
17.92595
17.93964
17.952
17.96663
TARGET DESTROYED 
17.98735
18.00081
18.01348
18.02698
18.04045
18.05432
18.06739
18.08073
18.095
18.10916
18.12332
18.13728
18.15017
18.16352
18.17665
18.18972
18.20262
18.21564
18.22955
18.24652
18.25977
18.27278
18.28539
18.29828
18.31155
18.32345
18.33512
18.34723
18.35935
18.371
18.38299
18.39554
18.40756
18.41933
18.43149
18.444
18.45601
18.46776
18.48026
18.49244
18.50463
18.51605
18.52781
18.54037
18.55386
18.56645
18.57867
18.59097
18.60296
18.61499
18.62733
18.63945
18.65124
18.66521
18.68106
18.69807
18.71094
18.72399
18.73676
18.74966
18.76237
18.77517
18.78767
18.79974
18.81235
18.82443
18.83625
18.84888
18.86073
18.87362
18.8854
18.89772
18.91062
18.92397
18.93583
18.94837
18.96074
18.97252
18.98443
18.99675
19.00977
19.02275
19.03599
19.04918
19.06277
19.07519
19.08811
19.10066
19.11407
19.12652
19.13905
19.15583
19.16828
19.1805
19.19333
19.20679
19.21912
19.23154
19.24422
19.25682
19.26942
19.28188
19.29426
19.30658
19.31839
19.33108
19.34431
19.35782
19.37029
19.38428
19.39761
19.41113
19.42594
19.44027
19.45434
19.46969
19.48482
19.49858
19.51284
19.52652
19.54112
19.55494
19.56904
19.58321
19.59738
19.60879
19.62004
19.63612
19.6476
19.65924
19.67078
19.68239
19.69423
19.70585
19.71724
19.7289
19.7403
19.75156
19.76298
19.7745
19.78693
19.79843
19.81017
19.82168
19.83302
19.84506
19.8565
19.86829
19.88051
19.89264
19.90453
19.91611
19.92768
19.93917
19.95044
19.96219
19.97448
19.98561
19.9973
20.0091
20.02148
20.03303
20.04519
20.06149
20.07306
20.08466
20.0973
20.10941
20.12109
20.13346
20.14479
20.1559
20.1672
20.17844
20.19024
20.20149
20.21318
20.22476
20.23615
20.24758
20.25895
20.27016
20.28221
20.29463
20.30724
20.31887
20.33088
20.34258
20.35416
20.36562
20.37787
20.39024
20.40191
20.41335
20.42488
20.43599
20.44769
20.45967
20.47253
20.48926
20.50172
20.51364
20.52493
20.53613
20.54824
20.56027
20.57195
20.58367
20.59587
20.60777
20.61977
20.63111
20.64319
20.65535
20.66689
20.67886
20.69094
20.7028
20.71416
20.72596
20.73774
20.74938
20.76102
20.77277
20.78424
20.79609
20.80835
20.81951
20.83669
20.84844
20.86071
20.87252
20.88371
20.89542
20.90736
20.92409
20.93539
20.94696
20.95938
20.97137
20.98284
20.99495
21.00662
21.01888
21.03212
21.04587
21.06017
21.07269
21.08513
21.09755
21.11011
21.12244
21.13418
21.14581
21.15767
21.16895
21.18119
21.1934
21.20637
21.21883
21.23046
21.24328
21.25527
21.26707
21.27894
21.29078
21.30241
21.3141
21.32621
21.33787
21.35328
21.36481
21.377
21.38861
21.40082
21.41293
21.42477
21.43659
21.44851
21.46094
21.47315
21.485
21.4966
21.50822
21.51951
21.53221
21.54502
21.5572
21.56878
21.58069
21.59273
21.60441
21.61605
21.62799
21.64002
21.6524
21.66405
21.67602
21.68806
21.69957
21.71172
21.72372
TARGET DESTROYED 
21.74085
21.75287
21.76552
21.77829
21.79524
21.80708
21.8189
21.83086
21.84296
21.85494
21.86774
21.88102
21.89479
21.90764
21.91951
21.93164
21.94413
21.95608
21.96777
21.97979
21.99213
22.00503
22.01678
22.02931
22.04251
22.05448
22.06609
22.07846
22.09104
22.10269
22.11493
22.12723
22.13964
22.15206
22.16533
22.17755
22.18964
22.20132
22.21367
22.23017
22.2424
22.25454
22.26648
22.27845
22.29045
22.3021
22.31404
22.32656
22.3387
22.35062
22.36336
22.37635
22.38833
22.40058
22.41307
22.42528
22.43733
22.44919
22.4619
22.4742
22.48812
22.49979
22.51206
22.52402
22.53581
22.54798
22.56166
22.58114
22.59372
22.60557
22.61732
22.6296
22.64258
22.65524
22.6677
22.68384
22.6957
22.70801
22.72033
22.73316
22.74538
22.7574
22.7692
22.78127
22.79372
22.80556
22.8169
22.82875
22.84097
22.85244
22.8642
22.87673
22.88857
22.9
22.91183
22.92379
22.9349
22.94658
22.95922
22.9711
22.98284
22.99471
23.00648
23.01783
23.02956
23.04252
23.0539
23.06586
23.07803
23.08963
23.1054
23.11747
23.12971
23.14164
23.1534
23.16565
23.17726
23.18949
23.20087
23.21255
23.22446
23.2362
23.24785
23.25949
23.27225
23.28361
23.29577
23.3071
23.31822
23.33071
23.34216
23.35365
23.3661
23.37813
23.39023
23.4016
23.41384
23.4256
23.43727
23.44897
23.46157
23.47305
23.48513
23.49705
23.50852
23.51994
23.53595
23.54809
23.56098
23.57341
23.5854
23.59698
23.60856
23.61995
23.63168
23.64362
23.65542
23.66689
23.67836
23.68994
23.70145
23.71307
23.72515
23.73687
23.74873
23.76116
23.77328
23.78563
23.79811
23.81079
23.82362
23.83587
23.84825
23.86064
23.87345
23.88531
23.89785
23.91022
23.92261
23.93468
23.94716
23.95991
23.9769
23.98896
24.00153
24.01422
24.0264
24.03873
24.05097
24.06317
24.07582
24.08784
24.09986
24.11233
24.12541
24.13733
24.14949
24.16159
24.17396
24.18585
24.19818
24.21099
24.22317
24.2355
24.24843
24.26085
24.27315
24.28542
24.29823
24.31069
24.32276
24.33464
24.34711
24.35938
24.37161
24.38394
24.39645
24.40875
24.42664
24.43947
24.45213
24.46478
24.47742
24.48945
24.50263
24.5152
24.52765
24.54076
24.55375
24.56625
24.57918
24.59196
24.60399
24.61618
24.62927
24.64158
24.6541
24.66654
24.67934
24.69163
24.70423
24.71684
24.72903
24.74154
24.75371
24.76595
24.77872
24.791
24.80291
24.81499
24.82761
24.8402
24.85225
24.86537
24.88179
24.8944
24.90729
24.91901
24.93226
24.94463
24.95679
24.96865
24.98088
24.9934
25.00659
25.01933
25.03171
25.04572
25.05737
25.06921
25.08173
25.09475
25.10702
25.11941
25.13217
25.14525
25.15784
25.17028
25.18268
25.19567
25.20841
25.22046
25.2329
25.2451
25.25766
25.27031
25.28299
25.29498
25.30661
25.32326
25.33535
25.34789
25.36114
25.37388
25.38589
25.39797
25.4107
25.42384
25.43637
25.44948
25.46231
25.47497
25.48712
25.49994
25.51282
25.52575
25.53824
25.55053
25.56312
25.57568
25.58848
25.60106
25.61361
25.62693
25.63941
25.65228
25.66475
25.67724
25.68996
25.70212
25.71448
25.72793
25.74094
25.75419
25.76632
25.78298
25.7953
25.80744
25.81958
25.83256
25.84642
25.85967
25.87269
25.90104
25.9139
25.92672
25.93988
25.95219
25.9648
25.97781
25.9906
26.00317
26.01655
26.02941
26.04255
26.05472
26.06742
26.0805
26.09418
26.10726
26.11933
26.13181
26.14501
26.15795
26.17076
26.18333
26.19641
26.20927
26.22241
26.23519
26.24825
26.26475
26.27828
26.29135
26.30356
26.31595
26.32869
26.34114
26.35365
26.36635
26.37902
26.39228
26.40548
26.41902
26.43213
26.44483
26.4583
26.4711
26.48378
26.49636
26.50948
26.52219
TARGET DESTROYED 
26.54152
26.5548
26.56835
26.58322
26.59706
26.61021
26.62371
26.63618
26.64885
26.66134
26.67462
26.68777
26.70027
26.71272
26.73009
26.74325
26.75605
26.76937
26.7828
26.79664
26.80984
26.8228
26.8356
26.84859
26.86209
26.87601
26.89003
26.90288
26.91575
26.92937
26.94296
26.95641
26.96971
26.98213
26.99525
27.00847
27.02186
27.03575
27.04865
27.06164
27.07524
27.0969
27.11072
27.12397
27.13716
27.15034
27.16419
27.1772
27.19032
27.20347
27.22104
27.23439
27.24727
27.26035
27.27256
27.2847
27.29758
27.31089
27.32397
27.3366
27.34898
27.36164
27.37431
27.38661
27.39889
27.41146
27.42463
27.43728
27.44952
27.46231
27.47497
27.48777
27.50069
27.51383
27.52651
27.54005
27.55277
27.56535
27.57785
27.59086
27.60322
27.62198
27.63477
27.64728
27.65965
27.6771
27.68979
27.70198
27.71513
27.72799
27.74069
27.75303
27.76551
27.77863
27.79168
27.80425
27.81681
27.82928
27.84197
27.85441
27.8672
27.87959
27.89254
27.90503
27.91796
27.93036
27.94316
27.95596
27.96817
27.98482
27.99783
28.01089
28.02342
28.03658
28.05005
28.06578
