0.02
0.04
0.14
0.1834228
0.2024133
0.2134396
0.2240417
0.2351293
0.246154
0.25751
0.268878
0.2815089
0.2918079
0.3027043
0.3139484
0.3247652
0.3357106
0.3528584
0.3627827
0.3733904
0.3831546
0.3932419
0.4030161
0.4137261
0.4251533
0.436144
0.447324
0.4583387
0.4696746
0.4806912
0.4923254
0.5033559
0.5141579
0.5258052
0.5409211
0.5500392
0.5594465
0.5706312
0.580946
0.5922199
0.6039333
0.6147546
0.6257001
0.6370587
0.6480176
0.6592613
0.6706546
0.6824383
0.6928288
0.7041634
0.7148974
0.7265152
0.7379557
0.7490426
0.7597346
0.7710872
0.7821529
0.7935539
0.8045295
0.8157364
0.8265211
0.838326
0.849205
0.860257
0.871596
0.8827484
0.8938603
0.9074357
0.9187744
0.9299576
0.9412293
0.9525863
0.963856
0.9752163
0.9868594
0.9980326
1.009415
1.020915
1.031924
1.043077
1.054599
1.066047
1.07779
1.088817
1.099828
1.110986
1.122533
1.133423
1.144392
1.155863
1.166768
1.177919
1.189141
1.200444
1.211409
1.223324
1.233911
1.245129
1.256313
1.267098
1.278526
1.289851
1.301091
1.312063
1.323666
1.335024
TARGET DESTROYED 
1.349508
1.360115
1.369759
1.379748
1.390449
1.401196
1.411857
1.421495
1.432577
1.443669
1.455227
1.465895
1.477081
1.488544
1.499506
1.511044
1.522091
1.53294
1.544459
1.555899
1.566442
1.577601
1.58889
1.599981
1.611302
1.622209
1.633489
1.644716
1.655964
1.667315
1.6781
1.692298
1.702247
1.712022
1.722941
1.734112
1.745416
1.756931
1.768129
1.779452
1.7909
1.802383
1.813676
1.824674
1.836315
1.848194
1.858405
1.869585
1.880457
1.892109
1.903002
1.914106
1.925281
1.9366
1.947757
1.958907
1.97031
1.981105
1.992248
2.003405
2.014698
2.025786
2.037227
2.048333
2.05931
2.070698
2.081876
2.093081
2.105266
2.115708
2.127133
2.138689
2.149609
2.160772
2.172378
2.18327
2.194475
2.205761
2.216595
2.227889
2.239195
2.2501
2.261456
2.272743
2.283722
2.294931
2.30626
2.318074
2.328728
2.339722
2.350838
2.362109
2.373886
2.3842
2.395586
2.406718
2.417852
2.429862
2.440124
2.451354
2.462631
2.473567
2.485121
2.495916
2.507349
2.51831
2.529734
2.540987
2.551984
2.56311
2.574515
2.585464
2.596479
2.607814
2.619141
2.629939
2.641583
2.652647
2.663561
2.674667
2.686052
2.697121
2.708187
2.719513
2.730689
2.741914
2.753028
2.764042
2.7757
2.786605
2.797901
2.809821
2.820594
2.832563
2.847477
2.857805
2.8675
2.877536
2.887656
2.897374
2.9072
2.917474
2.927351
2.938311
2.949442
2.960573
2.97162
2.982735
2.994259
3.005247
TARGET DESTROYED 
3.019394
3.029246
3.039793
3.050157
3.060956
3.072247
3.084063
3.094551
3.105901
3.117137
3.128382
3.139164
3.150911
3.161487
3.172727
3.183833
3.194875
3.206156
3.217173
3.22894
3.240181
3.251444
3.26309
3.274351
3.286119
3.297221
3.30836
3.320098
3.331417
3.342729
3.354542
3.365364
3.377049
3.388324
3.399904
3.411272
3.422981
3.434304
3.444978
3.458133
3.467969
3.478727
3.490052
3.501192
3.513059
3.523802
3.534544
3.545872
3.557254
3.567971
3.579473
3.590528
3.601821
3.612915
3.623862
3.635392
3.646234
3.657421
3.668642
3.679757
3.691077
3.702348
3.713436
3.72453
3.736494
3.746998
3.75802
3.769358
3.780283
3.791666
3.80286
3.814041
3.825449
3.836442
3.847387
3.858769
3.870023
3.880997
3.892382
3.903783
3.914434
3.925745
3.937525
3.948086
3.95925
3.970594
3.986245
3.996689
4.007303
4.018251
4.028853
4.039904
4.05037
4.060884
4.071829
4.082233
4.092801
4.103415
4.113635
4.124321
4.134331
4.144642
4.155451
4.166554
4.177662
4.189035
4.200056
4.211572
4.222411
4.233508
4.244837
4.255961
4.266944
4.278064
4.289443
4.30057
4.311803
4.32299
4.334046
4.345131
4.356498
4.367812
4.379179
4.389849
4.401213
4.412356
4.423735
4.435135
4.447118
4.457981
4.469589
4.480789
4.492373
4.503875
4.515035
4.526848
4.538025
4.549294
4.560869
4.572356
4.583363
4.59492
4.606259
4.61793
4.629041
4.640379
4.652061
4.662859
4.674015
4.685418
4.696401
4.70747
4.718776
4.730242
4.741172
4.752316
4.763278
4.774987
4.785884
4.814858
4.827256
4.839511
4.850305
4.861035
4.871642
4.882078
4.89276
4.904109
TARGET DESTROYED 
4.919701
4.930585
4.941963
4.952917
4.963715
4.975084
4.986048
4.99694
5.008899
5.020977
5.032439
5.043809
5.054783
5.065672
5.076245
5.086826
5.097502
5.10847
5.119517
5.13005
5.1453
5.156449
5.167033
5.177683
5.188454
5.1995
5.210494
5.22145
5.232072
5.24409
5.25549
5.266054
5.277066
5.28827
5.298976
5.310339
5.321429
5.332628
5.343426
5.355068
5.366173
5.377184
5.388064
5.39869
5.410163
5.421102
5.431814
5.443371
5.454061
5.465142
5.475918
5.486915
5.497622
5.508577
5.51889
5.529932
5.541136
5.552746
5.563742
5.575267
5.586399
5.59782
5.608784
5.620502
5.631476
5.643384
5.654922
5.665578
5.676646
5.687887
5.699015
5.710254
5.721597
5.732941
5.74417
5.755586
5.766765
5.778523
5.789361
5.800715
5.811852
5.823345
5.834908
5.846359
5.857496
5.868591
5.879902
5.891275
5.902605
5.913892
5.924998
5.937568
5.948187
5.959321
5.970124
5.981088
5.992189
6.00379
6.014648
6.026029
6.037239
6.048925
6.060006
6.070667
6.081526
6.09291
6.104336
6.115149
6.126163
6.137632
6.148623
6.159803
6.170916
6.182528
6.19308
6.20458
6.215494
6.226847
6.238272
6.249203
6.260245
6.271934
6.282414
6.297421
6.308809
6.319257
6.330155
6.341237
6.352021
6.362693
6.37364
6.384163
6.395027
6.40638
6.417067
6.428073
6.438973
6.449853
6.461059
6.472274
6.483048
6.493567
6.504562
6.514644
6.525537
6.536442
6.547066
6.558232
6.569007
6.580066
6.59059
6.60191
6.612942
6.624234
6.635419
6.646364
6.657679
6.668922
6.679988
6.691593
6.702331
6.713884
6.72497
6.736581
6.747599
6.75924
6.770769
6.781976
6.793156
6.804678
6.815966
6.827189
6.839014
6.850334
6.861104
6.872763
6.884015
6.895089
6.906708
6.921681
6.932455
6.943991
6.955194
6.965728
6.976702
6.987314
6.997873
7.008579
7.019542
7.03165
7.043222
7.053982
7.064743
7.075862
7.086565
7.09687
7.10796
7.119137
7.129357
7.14027
7.151257
7.162526
7.173657
7.18495
7.196463
TARGET DESTROYED 
7.212626
7.223928
7.234446
7.244678
7.255219
7.265223
7.275777
7.285969
7.295806
7.306086
7.317075
7.328077
7.339708
7.351031
7.362637
7.373376
7.384093
7.395198
7.406513
7.421669
7.431646
7.441986
7.452514
7.462673
7.473669
7.48437
7.496154
7.506781
7.51815
7.529046
7.540841
7.551704
7.562743
7.574253
7.584952
7.596333
7.607765
7.62002
7.630526
7.642083
7.653893
7.665281
7.67626
7.687649
7.69902
7.710024
7.721753
7.732396
7.743475
7.754898
7.765905
7.777472
7.788494
7.79963
7.811195
7.822433
7.833484
7.845201
7.856797
7.867796
7.878961
7.890609
7.901859
7.912985
7.924455
7.936196
7.94772
7.959371
7.971138
7.982278
7.993567
8.00504
8.016473
8.027374
8.03968
8.05137
8.062998
8.074202
8.085702
8.097229
8.109488
8.121306
8.132126
8.143302
8.154356
8.165316
8.176652
8.18774
8.198996
8.210836
8.222092
8.232919
8.243827
8.255044
8.265962
8.277362
8.288914
8.299713
8.310772
8.322035
8.332896
8.34409
8.355512
8.36639
8.377754
8.38926
8.400337
8.411027
8.422249
8.433756
8.445271
8.456357
8.466763
8.477956
8.489313
8.500418
8.511562
8.522727
8.53396
8.544986
8.556639
8.567417
8.578988
8.59428
8.605175
8.615037
8.625818
8.636826
8.648109
8.659548
8.671428
8.682731
8.693385
8.704802
8.71572
8.726804
8.738208
8.749357
8.760366
8.77177
8.783584
8.793984
8.805162
8.816309
8.827352
8.838786
8.850091
8.861101
8.872312
8.88329
8.894469
8.906014
8.91723
8.927875
8.939795
8.950458
8.961612
8.972764
8.98424
8.99586
9.006742
9.01807
9.02938
9.041328
9.052462
9.063759
9.074964
9.086105
9.098452
9.10907
9.120137
9.13102
9.142131
9.154141
9.164516
9.175411
9.186977
9.197936
9.209203
9.220769
9.232031
9.242561
9.254242
9.265724
9.276258
9.287758
9.298448
9.309432
9.321039
9.332035
9.343049
9.354499
9.365506
9.376831
9.388
9.398869
9.41011
9.421579
9.432814
9.443589
9.455268
9.466111
9.477244
9.488619
9.499506
9.510786
9.522011
9.533619
9.54418
9.555326
9.566442
9.578521
9.588966
9.599933
9.61182
9.622866
9.634186
9.64566
9.657001
9.667155
9.678187
9.69005
9.700446
9.711705
9.722895
9.738232
9.748837
9.759312
9.769706
9.780027
9.790742
9.800817
9.811584
9.821876
9.832012
9.843143
9.854351
9.864235
9.875725
9.886931
9.897843
9.90903
9.920747
9.931675
9.942554
9.953957
9.965105
9.976043
9.987388
9.998541
10.01016
10.02088
10.03223
10.04318
10.05442
10.06548
10.07668
10.08802
10.0991
10.1101
10.12187
10.13307
10.1445
10.1571
10.16804
10.17909
10.19038
10.20096
10.21272
10.22386
10.23549
TARGET DESTROYED 
10.25199
10.2626
10.27359
10.28366
10.29441
10.30488
10.31538
10.32748
10.33918
10.34937
10.36012
10.37089
10.38115
10.39165
10.40149
10.4122
10.42246
10.43297
10.44408
10.45557
10.46663
10.47739
10.48895
10.49994
10.51122
10.52316
10.53501
10.54645
10.55903
10.57032
10.58152
10.59291
10.60471
10.61587
10.62739
10.63903
10.65039
10.66278
10.67447
10.6854
10.69654
10.7081
10.71951
10.73063
10.74206
10.75227
10.76256
10.77302
10.78374
10.79443
10.8052
10.81557
10.82568
10.83638
10.84669
10.85781
10.87301
10.88401
10.89425
10.90521
10.91548
10.926
10.93685
10.94719
10.95782
10.96913
10.98022
10.99152
11.00262
11.01365
11.02516
11.03612
11.04701
11.05823
11.06964
11.08071
11.09213
11.10382
11.11434
11.12533
11.1367
11.14928
11.15998
11.17115
11.18244
11.19392
11.20519
11.21679
11.22804
11.23949
11.25101
11.26233
11.27363
11.28487
11.29584
11.30758
11.31902
11.33011
11.3415
11.35297
11.36415
11.37559
11.38697
11.39827
11.40967
11.421
11.43213
11.44327
11.45446
11.46546
11.47734
11.48801
11.49883
11.5101
11.52236
11.53325
11.54408
11.55493
11.56607
11.5771
11.58843
11.59939
11.6105
11.62204
11.63363
11.64413
11.65554
11.66638
11.67779
11.68883
11.69986
11.71119
11.72258
11.73341
11.74481
11.75603
11.76711
11.77814
11.78928
11.8008
11.81178
11.82343
11.8342
11.84506
11.85655
11.86744
11.87879
11.89019
11.90099
11.91265
11.92327
11.93468
11.94558
11.95686
11.96793
11.97922
11.99038
12.00153
12.01284
12.02375
12.03959
12.05002
12.06065
12.0711
12.08144
12.0926
12.1029
12.11336
12.12431
12.13451
12.14485
12.15562
12.16637
12.17747
12.18876
12.19957
12.2109
12.2222
12.23304
12.24381
12.25489
12.26577
12.27666
12.28788
12.29864
12.31005
12.3216
12.33236
12.34356
12.35508
12.36589
12.37697
12.38847
12.39921
12.41063
12.42206
12.43346
12.44431
12.45556
12.46714
12.47838
12.48965
12.50091
12.51273
12.52433
12.55496
12.56608
12.5776
12.58867
12.59973
12.61093
12.62246
12.63319
12.64438
12.65565
12.66693
12.67793
12.68916
12.70027
12.71163
12.72387
12.73473
12.74638
12.75792
12.76877
12.78063
12.79218
12.80332
12.81418
12.82552
12.83683
12.84798
12.86023
12.87151
12.88234
12.89331
12.90582
12.91724
12.92839
12.94117
12.95267
12.9638
12.97507
12.98606
12.99745
13.0087
13.01988
13.03158
13.04397
13.05501
13.06614
13.07852
13.09047
13.1044
13.11699
13.13
13.14282
13.15382
13.16449
13.17496
13.18486
13.19579
13.21073
13.22317
13.23687
13.24925
13.26119
13.27359
13.28575
13.29823
13.31182
13.32327
13.33366
13.3442
13.35552
13.36611
13.37664
13.38738
13.39861
13.40998
13.42098
13.43167
13.44243
13.45356
13.46418
13.4755
13.48677
13.49749
13.5083
13.5184
13.52933
13.54044
13.55082
13.56144
13.57229
13.58289
13.59376
13.6054
13.61617
13.62752
13.63883
13.64994
13.66105
13.67228
13.68472
13.69532
13.70604
13.71678
13.72782
13.74007
13.75062
13.76239
13.77364
13.78501
13.79648
13.8083
13.81924
13.83715
13.84775
13.85857
13.86983
13.88075
13.89189
13.90304
13.91471
13.92564
13.93666
13.94746
13.95809
13.96848
13.97895
13.98992
14.00016
14.0111
14.02142
14.03171
14.04222
14.05198
14.06309
14.07456
14.08557
14.09647
14.10777
14.11922
14.13003
14.14131
14.15246
14.16356
14.17481
14.1864
14.19706
14.20846
14.21963
14.23148
14.24226
14.25297
14.26411
14.27554
14.28672
14.29761
TARGET DESTROYED 
14.32709
14.33797
14.34843
14.35902
14.3696
14.3801
14.39099
14.40341
14.41535
14.42584
14.43664
14.4474
14.4582
14.46832
14.47908
14.48971
14.50014
14.51038
14.52128
14.53257
14.54364
14.55478
14.56585
14.57685
14.58852
14.59916
14.61041
14.62191
14.6329
14.64409
14.65511
14.66755
14.67821
14.68848
14.7001
14.7111
14.72236
14.73333
14.74468
14.75576
14.76668
14.77843
14.78931
14.80063
14.81301
14.82538
14.83819
14.85034
14.86272
14.87531
14.88685
14.89791
14.9094
14.92254
14.93471
14.94566
14.95679
14.96774
14.97892
14.99032
15.00172
15.01255
15.02365
15.03495
15.04618
15.05814
15.06841
15.07947
15.09063
15.10209
15.11304
15.12439
15.13533
15.14666
15.15827
15.16929
15.18003
15.19123
15.20264
15.21396
15.22493
15.23598
15.24755
15.25887
15.27012
15.28073
15.29225
15.30293
15.31485
15.32589
15.33682
15.34863
15.35986
15.37183
15.38297
15.39416
15.40471
15.41524
15.42663
15.43851
15.44988
15.46559
15.47717
15.48772
15.49848
15.50941
15.52003
15.53105
15.54182
15.5526
15.56317
15.57427
15.58442
15.59596
15.60685
15.61837
15.62915
15.64025
15.6514
15.66265
15.67359
15.68459
15.69593
15.70713
15.71825
15.72951
15.74093
15.75205
15.76311
15.77477
15.78752
15.80005
15.81068
15.82191
15.83258
15.84481
15.85781
15.87079
15.88294
15.89487
15.90737
15.91941
15.934
15.94634
15.95853
15.97082
15.98253
15.99417
16.00687
16.01771
16.02899
16.04032
16.05125
16.06781
16.07904
16.09058
16.10164
16.11291
16.12435
16.13552
16.14661
16.15769
16.1693
16.18027
16.19139
16.2024
16.21397
16.22523
16.23617
16.24712
16.25828
16.26908
16.27994
16.29107
16.30182
16.31266
16.32373
16.33488
16.34576
16.35665
16.36679
16.37694
16.38714
16.39788
16.40863
16.42071
16.43107
16.4424
16.45355
16.46462
16.47595
16.48717
16.49821
16.50939
16.52095
16.53194
16.54302
16.55459
16.56539
16.57637
16.58824
16.59934
16.61351
16.62473
16.63474
16.64974
16.65999
16.67043
16.68321
