0.02
0.04
0.14
0.1782976
0.1894275
0.1991799
0.2086118
0.2182144
0.2290758
0.2398486
0.2514183
0.2624978
0.2736688
0.2845475
0.2964752
0.307055
0.3182461
0.3295361
0.3407141
0.3516371
0.3630714
0.3738712
0.3850704
0.3966437
0.4076633
0.4187376
0.4300546
0.4413349
0.4524616
0.4633038
0.474656
0.4863117
0.497039
0.5078968
0.5191349
0.5305384
0.5416979
0.5544629
0.5643147
0.5789019
0.5884374
0.5988224
0.6091281
0.6195536
0.63113
0.641977
0.6532593
0.6654151
0.6756468
0.6866901
0.697753
0.7089637
0.7202938
0.7316168
0.7427217
0.7538728
0.765421
0.7763641
0.78781
0.7984408
0.8097172
0.8209546
0.8319071
0.8434017
0.8543443
0.866281
0.8776454
0.8906761
0.9020896
0.9133703
0.924633
0.9356012
0.9469284
0.9579839
0.9692196
0.9815875
0.9923289
1.004214
1.015064
1.025928
1.037493
1.048686
1.061125
1.071409
1.082974
1.094021
1.104908
1.116787
1.127673
1.139759
1.149992
1.161133
1.173486
1.183777
1.194553
1.205443
1.216765
1.228735
1.239376
1.250318
1.2619
1.272704
1.283598
1.295026
1.306793
1.317541
1.328871
1.339516
1.350765
1.362529
1.372966
1.38489
1.396706
1.406791
1.417821
1.429711
1.440518
1.451122
1.462782
1.473694
1.485407
1.499967
1.510018
1.52063
1.530793
1.540814
1.550637
1.560062
1.571507
1.582531
1.594002
1.605555
1.621719
1.631959
1.641165
1.650887
1.660658
1.670823
1.682101
1.693403
1.7045
1.71577
1.726837
1.737777
1.754453
1.764477
1.773687
1.783582
1.793818
1.805118
1.815954
1.827384
1.838298
1.849751
1.861406
1.872453
1.883178
1.894395
1.905301
1.91661
1.928727
1.939582
1.949957
1.961543
1.97236
1.983712
1.994965
2.006154
2.017461
2.029323
2.039622
2.050808
2.062079
2.073486
2.084216
2.09582
2.106703
2.118204
2.129529
2.14076
2.15208
2.163626
2.175102
2.186269
2.197746
2.209338
2.220206
2.231685
2.243101
2.254243
2.265971
2.277437
2.288444
2.299905
2.311636
2.323056
2.333761
2.345446
2.355955
2.367044
2.378708
2.389707
2.400649
2.412335
2.422774
2.439859
2.452696
2.463477
2.47456
2.485306
2.496296
2.507383
2.5186
2.530158
2.542433
2.555362
2.566259
2.576405
2.587404
2.599916
2.611195
2.621484
2.631685
2.642141
2.654473
2.665977
2.675873
2.686155
2.697365
2.708967
2.720366
2.731091
2.74198
2.75321
2.764316
2.775433
2.786905
2.79816
2.809614
2.820846
2.831887
2.842592
2.858772
2.870434
2.881312
2.891689
2.902592
2.913687
2.924456
2.935714
2.946406
2.957697
2.968798
2.980026
2.990521
3.001758
3.012316
3.024038
3.035271
3.046104
3.056702
3.067602
3.079515
3.090271
3.10117
3.113205
3.124044
3.135153
3.146916
3.157467
3.168014
3.179211
3.190381
3.201483
3.212678
3.223692
3.235273
3.246824
3.257838
3.269578
3.280622
3.29197
3.30478
3.31527
3.326338
3.337712
3.34927
3.360817
3.371494
3.382625
3.394794
3.405418
3.417188
3.429131
3.448856
3.465047
3.475589
3.486131
3.496911
3.507634
3.518771
3.529436
3.541182
3.551722
3.563052
3.573447
3.584462
3.595865
3.60697
3.618679
3.629605
3.639609
3.649769
3.659586
3.670066
3.680795
3.691458
3.70257
3.714073
3.724812
3.736375
3.747412
3.758423
3.769644
3.780952
3.792162
3.803954
3.814231
3.825565
3.836562
3.847971
3.859223
3.870125
3.881472
3.892756
3.903477
3.915035
3.925888
3.937129
3.94862
3.9601
3.97198
3.988178
3.999769
4.010556
4.021684
4.032984
4.043911
4.054679
4.065548
4.076075
4.086699
4.097774
4.108118
4.119247
4.1299
4.140501
4.150751
4.160943
4.172007
4.183689
4.195705
4.206306
4.217299
4.228591
4.238974
4.25045
4.261739
4.272673
4.283655
4.295018
4.306059
4.317031
4.328632
4.339423
4.350904
4.362285
4.373257
4.384507
4.396261
4.407317
4.418629
4.430438
4.441564
4.453181
4.464224
4.475681
4.486904
4.49843
4.510015
4.52149
4.532424
4.544036
4.555159
4.566445
4.578379
4.589379
4.601037
4.613142
4.624265
4.635236
4.645842
4.656917
4.668464
4.679674
4.690279
4.701729
4.712844
4.723856
4.735222
4.746343
4.757443
4.76861
4.779915
4.791276
4.802203
4.813523
4.825234
4.836384
4.847523
4.858006
4.869208
4.880457
4.89155
4.904018
4.915473
4.925906
4.936564
4.947749
4.958549
4.97
4.981419
4.992482
5.003286
5.015377
5.026516
5.037184
5.047888
5.059166
5.070149
5.081449
5.092633
5.108749
5.120065
5.131741
5.142322
5.154603
5.165735
5.177945
5.188401
5.199442
5.210902
5.221935
5.232852
5.245004
5.25522
5.266353
5.277649
5.289758
5.300616
5.311436
5.322199
5.333463
5.344808
5.355765
5.36696
5.378401
5.389228
5.400519
5.412198
5.422832
5.433928
5.445524
5.456263
5.467493
5.478588
5.489897
5.501085
5.512495
5.524506
5.535642
5.54599
5.557155
5.567912
5.579621
5.590816
5.602728
5.613657
5.62529
5.636569
5.648079
5.659534
5.671119
5.68259
5.694709
5.705649
5.717042
5.728138
5.739989
5.751227
5.763289
5.773973
5.785137
5.796382
5.807568
5.819334
5.830127
5.841289
5.852378
5.863539
5.874744
5.885821
5.897079
5.908367
5.919935
5.930858
5.941743
5.952816
5.964378
5.975199
5.986822
5.997329
6.008646
6.020121
6.031768
6.042552
6.053082
6.064835
6.075882
6.086561
6.098576
6.109107
6.1203
6.131995
6.142739
6.154262
6.165257
6.176206
6.187155
6.198471
6.209889
6.220736
6.237718
6.249562
6.260945
6.27187
6.282813
6.294338
6.305168
6.316858
6.328012
6.338689
6.350072
6.361696
6.372388
6.383471
6.395194
6.405703
6.417053
6.428555
6.439436
6.450519
6.461871
6.472779
6.484128
6.495364
6.506658
6.518238
6.529085
6.539867
6.551315
6.56264
6.573373
6.584466
6.595999
6.606952
6.618303
6.629754
6.641254
6.652462
6.664311
6.675282
6.686717
6.698081
6.709795
6.721343
6.732785
6.744387
6.755156
6.767796
6.779634
6.791775
6.803851
6.815822
6.826847
6.838039
6.849345
6.860638
6.872222
6.883493
6.894889
6.905902
6.917085
6.928124
6.939522
6.950901
6.961941
6.972848
6.984506
6.995879
7.007031
7.019923
7.031651
7.042803
7.054267
7.065943
7.077573
7.088752
7.100058
7.111608
7.122618
7.13379
7.144929
7.155998
7.167587
7.179219
7.190474
7.201787
7.213348
7.224903
7.236498
7.248425
7.259351
7.270827
7.282313
7.293488
7.305069
7.316503
7.327289
7.33995
7.351177
7.361861
7.377798
7.388684
7.399815
7.411432
7.422231
7.433417
7.445393
7.455956
7.46718
7.478169
7.489093
7.500708
7.51226
7.523967
7.534878
7.546015
7.55647
7.567483
7.578979
7.589677
7.600868
7.612197
7.623509
7.634418
7.645814
7.65739
7.668658
7.680115
7.691052
7.702184
7.713306
7.724757
7.735784
7.747418
7.75811
7.769243
7.781176
7.792398
7.80344
7.815833
7.828102
7.839465
7.850862
7.862992
7.874092
7.885928
7.89758
7.908449
7.920554
7.932076
7.943554
7.95492
7.967285
7.979882
7.991924
8.002921
8.014567
8.025626
8.037876
8.049574
8.060748
8.071733
8.083282
8.094545
8.105724
8.117277
8.128533
8.139256
8.150747
8.16188
8.173006
8.184627
8.196543
8.207347
8.21853
8.229801
8.240646
8.251966
8.263851
8.27569
8.286879
8.298054
8.308836
8.320367
8.331712
8.34251
8.353735
8.364544
8.375624
8.387336
8.398523
8.409534
8.420815
8.432389
8.442841
8.459258
8.47051
8.48181
8.492851
8.503813
8.516109
8.528506
8.53916
8.550432
8.562586
8.573377
8.584842
8.595722
8.607784
8.619226
8.630684
8.641537
8.65301
8.664742
8.675237
8.686039
8.697027
8.708138
8.719682
8.730483
8.741082
8.752337
8.763378
8.774336
8.78531
8.796576
8.807226
8.818266
8.82993
8.840869
8.851919
8.863278
8.874348
8.885621
8.897197
8.907802
8.91887
8.93031
8.941442
8.952369
8.963577
8.974703
8.985991
8.997604
9.009048
9.021187
9.032866
9.04391
9.05529
9.06653
9.078349
9.08965
9.10123
9.112987
9.123809
9.135228
9.147268
9.158917
9.170692
9.181533
9.192903
9.204391
9.216045
9.227497
9.238635
9.250989
9.262702
9.273959
9.285454
9.296736
9.307664
9.319098
9.330333
9.34178
9.353481
9.365699
9.377642
9.388871
9.40105
9.412915
9.424638
9.437521
9.448902
9.460509
9.472448
9.484226
9.49636
9.507421
9.518847
9.529998
9.542089
9.553658
9.565689
9.578587
9.595778
9.607481
9.620353
9.633402
9.64611
9.657922
9.67017
9.684096
9.696258
9.707965
9.72042
9.732747
9.744427
9.755569
9.768094
9.780729
9.792395
9.804511
9.816501
9.828358
9.840594
9.852363
9.864281
9.875511
9.8872
9.89919
9.910982
9.922459
9.933976
9.947139
9.958696
9.970338
9.981837
9.993343
10.00449
10.01696
10.02868
10.04322
10.0552
10.06699
10.08057
10.09176
10.1035
10.11522
10.1271
10.13876
10.15073
10.16288
10.17508
10.18708
10.19916
10.21084
10.22234
10.23444
10.24681
10.25835
10.27054
10.28275
10.29408
10.30578
10.32028
10.33181
10.34301
10.35495
10.36663
10.37826
10.38985
10.40135
10.41306
10.42482
10.43668
10.44925
10.46107
10.47235
10.48453
10.49586
10.50735
10.51928
10.53128
10.54346
10.55534
10.56736
10.57901
10.59054
10.6031
10.61637
10.62853
10.64037
10.65222
10.66463
10.67692
10.68924
10.70127
10.71341
10.72531
10.7377
10.75577
10.76795
10.78084
10.79251
10.80461
10.81701
10.82933
10.84101
10.85283
10.86468
10.87639
10.88863
10.90086
10.91273
10.92506
10.93768
10.95123
10.96339
10.97575
10.98773
11.02632
11.03915
11.0518
11.07044
11.08349
11.09778
11.11013
11.12191
11.1347
11.14724
11.15956
11.17172
11.18389
11.19628
11.209
11.22096
11.23266
11.24439
11.25618
11.26839
11.28077
11.29256
11.30498
11.3169
11.32901
11.34144
11.35339
11.36588
11.3778
11.38963
11.40193
11.41397
11.42593
11.43793
11.4509
11.46345
11.47518
11.48708
11.49928
11.51072
11.52221
11.53383
11.54572
11.55778
11.56991
11.58188
11.59404
11.60748
11.61944
11.63134
11.64405
11.65663
11.66827
11.68052
11.69258
11.70471
11.71747
11.72986
11.74551
11.76074
11.77237
11.78464
11.79658
11.80817
11.81984
11.83203
11.84472
11.85668
11.86976
11.88258
11.89482
11.90646
11.918
11.92973
11.94157
11.95344
11.96554
11.97795
11.99625
12.00788
12.02108
12.03331
12.04507
12.05713
12.0691
12.08196
12.09402
12.10619
12.11847
12.13081
12.1432
12.1568
12.16958
12.18203
12.19374
12.20554
12.21745
12.22997
12.24211
12.25443
12.26733
12.28095
12.29266
12.30479
12.31679
12.32808
12.3408
12.35367
12.36623
12.37829
12.39066
12.40337
12.41545
12.42719
12.43898
12.4514
12.46299
12.47451
12.48724
12.50006
12.51228
12.5246
12.5369
12.54931
12.5612
12.57308
12.58743
12.60186
12.61473
12.62636
12.63847
12.65299
12.66691
12.67896
12.69051
12.70261
12.71546
12.72772
12.73912
12.7505
12.76226
12.77439
12.78652
12.79823
12.81031
12.82204
12.83378
12.84624
12.8582
12.87012
12.88255
12.8949
12.90664
12.91866
12.93115
12.94312
12.95509
12.96748
12.98015
12.99188
13.00399
13.01739
13.02962
13.04215
TARGET DESTROYED 
13.05411
13.07671
13.08908
13.10085
13.11268
13.12441
13.14531
13.15833
13.17518
13.18704
13.19876
13.21077
13.22282
13.23489
13.24699
13.25898
13.27092
13.28324
13.29435
13.30524
13.3165
13.32759
13.33907
13.35091
13.36307
13.37484
13.38712
13.39941
13.41101
13.42235
13.43407
13.44578
13.45661
13.46765
13.47898
13.49055
13.50236
13.5151
13.52716
13.53807
13.54943
13.5611
13.57256
13.58449
13.5958
13.60808
13.61993
13.63189
13.64431
13.65601
13.66809
13.68279
13.69542
13.70711
13.71974
13.73225
13.74499
13.7568
13.76857
13.78132
13.79548
13.80758
13.82089
13.83328
13.84529
13.8571
13.86932
13.88232
13.89352
13.90522
13.91797
13.93053
13.94337
13.96127
13.97858
13.99054
14.00275
14.01557
14.03244
14.0489
14.06126
14.07231
14.08353
14.0964
14.1155
14.1275
14.14001
14.15252
14.16799
14.1838
14.19564
14.20703
14.21917
14.23137
14.24348
14.25556
14.26794
14.28036
14.29166
14.30331
14.31529
14.32678
14.33813
14.35047
14.3631
14.3746
14.39189
14.4037
14.41603
14.42776
14.43919
14.45141
14.46324
14.47479
14.48652
14.49854
14.51065
14.52231
14.53428
14.54587
14.55698
14.56874
14.58058
14.59202
14.60462
14.61614
14.62737
14.63812
14.65065
14.66249
14.67424
14.68611
14.69787
14.70972
14.72162
14.73345
14.74562
14.75714
14.76862
14.78041
14.7922
14.80363
14.81562
14.82829
14.84018
14.85219
14.86482
14.8768
14.88876
14.90145
14.91398
14.9263
14.93847
14.95067
14.96308
14.9752
14.98722
14.99996
15.01331
15.02556
15.03788
15.05041
15.06296
15.07483
15.08703
15.09971
15.1106
15.1214
15.13228
15.14237
15.15314
15.16411
15.1763
15.18895
15.20182
15.2149
15.22664
15.23878
15.25105
15.26342
15.27526
15.28751
15.30027
15.31352
15.32556
15.33778
15.35022
15.36294
15.37524
15.38758
15.40001
15.41219
15.42442
15.43663
15.44882
15.46134
15.47386
15.48611
15.49832
15.51071
15.5226
15.53469
15.54755
15.57024
15.583
TARGET DESTROYED 
15.6009
15.61994
15.63247
15.65181
15.66574
15.67836
15.69021
15.70245
15.71555
15.7279
15.74072
15.75349
15.76578
15.77774
15.79041
15.80238
15.81486
15.8272
15.84013
15.85296
15.8658
15.878
15.8966
15.91515
15.93375
15.95234
15.9701
15.98794
16.00528
16.02444
16.0419
16.05439
16.06769
16.0798
16.09286
16.10596
16.11879
16.13221
16.14521
16.15768
16.1708
16.1835
16.19653
16.20863
16.22107
16.23414
16.24685
16.25834
16.27019
16.28292
16.29567
16.30808
16.32114
16.33372
16.346
16.35833
16.37023
16.38264
16.39523
16.40731
16.42023
16.43268
16.44478
16.4567
16.46892
16.48105
16.49274
16.50432
16.51655
16.52951
16.54176
16.55391
16.56643
16.57825
16.58962
16.60099
16.61304
16.62402
16.63525
16.64638
16.65778
16.66921
16.68054
16.69141
16.70237
16.71351
16.72492
16.73668
16.74793
16.76026
16.7715
16.78296
16.79443
16.80527
16.81636
16.82721
16.84317
16.85424
16.86558
16.87602
16.88684
16.89832
16.90868
16.919
16.9297
16.93979
16.95056
16.96132
16.97239
16.98354
16.9951
17.00584
17.0175
17.02848
17.03979
17.05078
17.06209
17.07307
17.08443
17.09553
17.10644
17.11813
17.12892
17.14017
17.15114
17.1628
17.17447
17.18645
17.19935
17.21246
17.22437
17.23699
17.2495
17.26173
17.27472
17.28657
17.2991
17.31156
17.32362
17.33591
17.3484
17.36131
17.37263
17.38453
17.39705
17.40849
17.42006
17.43138
17.44255
17.45405
17.46584
17.4772
17.48855
17.50016
17.51204
17.5238
17.53556
17.54741
17.55865
17.57013
17.58237
17.5936
17.60633
17.61864
17.6301
17.64254
17.65392
17.66595
17.67759
17.68854
17.69985
17.71092
17.72256
17.73369
17.74601
17.75805
17.76906
17.78
17.79144
17.80302
17.81388
17.82466
17.8359
17.84688
17.85773
17.86867
17.87958
17.89017
17.90107
17.91197
17.92303
17.93383
17.9451
17.95604
17.96712
17.98302
17.9939
18.00549
18.01701
18.02827
18.03888
18.04969
18.0607
18.07154
18.08418
18.09728
18.1094
18.12218
TARGET DESTROYED 
18.13457
18.15303
18.1659
18.1778
18.19034
18.20264
18.21455
18.22613
18.23833
18.25025
18.26222
18.2732
18.28482
18.30372
18.3161
18.3265
18.3378
18.3485
18.35975
18.3708
18.38241
18.39325
18.40416
18.41567
18.42621
18.43771
18.44848
18.45933
18.4706
18.48135
18.49207
18.5034
18.51587
18.527
18.53752
18.54864
18.55894
18.57033
18.58167
18.59267
18.60366
18.61539
18.62614
18.63693
18.64774
18.65953
18.67174
18.68423
18.69679
18.70874
18.72221
18.73521
18.74879
18.76117
18.77313
18.78513
18.79731
18.80999
18.82258
18.83524
18.84772
18.86022
18.87322
18.88564
18.89813
18.91669
18.93466
18.95241
18.97035
18.98816
19.00577
19.02439
19.04183
19.05963
19.07771
19.09538
19.11358
19.1314
19.14928
19.16772
19.18559
19.20316
19.22572
19.24405
19.26243
19.28023
19.29927
19.31696
19.3346
19.34715
19.3591
19.37124
19.38218
19.39261
19.40453
19.41605
19.42741
19.43856
19.44956
19.46106
19.47234
19.48341
19.4945
19.50533
19.51715
19.52833
19.53898
19.55001
19.56145
19.57186
19.58321
19.59388
19.60526
19.6167
19.62752
19.63823
19.64931
19.65975
19.67086
19.68157
19.69223
19.70304
19.71478
19.72601
19.73707
19.74828
19.75963
19.77049
19.78242
19.79299
19.80441
19.81552
19.82611
19.83703
19.84843
19.85892
19.87044
19.88147
19.8923
19.90329
19.91441
19.92487
19.93577
19.9468
19.95733
19.96803
19.97886
19.99104
20.00326
20.01641
20.02857
20.04011
20.05206
20.0636
20.07519
20.08698
20.09894
20.11166
20.12319
20.13476
20.1464
20.15777
20.16958
20.18145
20.193
20.2049
20.21698
20.22908
20.24065
20.25251
20.26467
20.27726
20.28822
20.29945
20.31042
20.32145
20.33288
20.3543
20.36567
20.37622
20.38735
20.40366
20.41531
20.42592
20.44525
20.45753
20.46849
20.48004
20.49154
20.50227
20.51359
20.52475
20.53572
20.5468
20.55789
20.56919
20.58076
20.59168
20.60338
20.61591
20.62719
20.63845
20.64991
20.66214
20.67466
20.68614
20.69824
20.70938
20.72109
20.733
20.74463
20.75633
20.76763
20.77903
20.79013
20.80183
20.81376
20.82624
20.83743
20.84898
20.8594
20.87065
20.88176
20.89305
20.90416
20.91545
20.9277
20.93995
20.95246
20.96496
20.97762
20.98965
21.00196
21.01515
21.02724
21.03899
21.05091
21.06311
21.07537
21.08883
21.10177
21.1145
21.12623
21.13858
21.15162
21.16426
21.17601
21.18838
21.20086
21.21315
21.22544
21.23747
21.25019
21.26193
21.27383
21.28523
21.29697
21.30828
21.3207
21.33236
21.34429
21.35572
21.3677
21.37955
21.39107
21.4031
21.41573
21.4275
21.43847
21.45037
21.46303
21.47498
21.48687
21.49872
21.50998
21.52184
21.53239
21.54255
21.55291
21.56347
21.57427
21.59042
21.60108
21.61232
TARGET DESTROYED 
21.62247
21.63781
21.6491
21.65911
21.66926
21.68033
21.69021
21.7005
21.71063
21.72132
21.73209
21.74236
21.75887
21.77113
21.782
21.79197
21.80239
21.81374
21.82393
21.83448
21.84522
21.85539
21.86617
21.8768
21.88716
21.89847
21.90937
21.92062
21.93203
21.9431
21.95404
21.96546
21.97652
21.98782
21.99885
22.01007
22.02136
22.03245
22.04344
22.05523
22.0663
22.07699
22.08841
22.10031
22.11193
22.12295
22.13355
22.14484
22.15591
22.16749
22.1789
22.19023
22.20165
22.2134
22.22431
22.24541
22.25574
22.267
22.27837
22.28932
22.30042
22.31183
22.3227
22.33387
22.34528
22.35645
22.36761
22.37867
22.39034
22.40112
22.41289
22.42344
22.43469
22.44576
22.45674
22.46807
22.47987
22.49034
22.5017
22.5128
22.52487
22.53502
22.54625
22.55722
22.56856
22.58012
22.59088
22.60214
22.61347
22.62432
22.6356
22.64666
22.65791
22.66941
22.68073
22.69696
22.70743
22.71826
22.72879
22.73906
22.7496
22.76044
22.77086
22.78212
22.79306
22.80428
22.81603
22.82725
22.83782
22.84892
22.86027
22.87148
22.88274
22.89398
22.90493
22.91623
22.92852
22.93888
22.94941
22.96096
22.97253
22.98336
22.9945
23.00536
23.01669
23.02803
23.03885
23.05017
23.06184
23.07277
23.08456
23.09576
23.10704
23.11842
23.13011
23.14095
23.15244
23.16385
23.17521
23.18662
23.19788
23.20914
23.22083
23.23191
23.24309
23.25461
23.2661
23.27746
23.29013
23.30089
23.31189
23.3223
23.33302
23.34548
23.35535
23.36661
23.37821
23.38957
23.40109
23.41185
23.42225
23.43353
23.4452
23.45609
23.46725
23.47902
23.48968
23.50126
23.51222
23.52285
23.53395
23.54538
23.55651
23.56767
23.57898
23.59006
23.60144
23.61279
23.62351
23.63465
23.64586
23.65677
23.66811
23.67959
23.69043
23.70174
23.71283
23.72456
23.73492
23.74631
23.75756
23.76884
23.78002
23.79136
23.8027
23.81355
23.83018
23.84159
23.85359
23.8648
23.87606
23.88742
23.89938
23.91018
23.92136
23.9328
23.94417
23.9557
23.96734
23.97864
23.98967
24.00132
24.01266
24.02408
24.03514
24.04673
24.05827
24.06971
24.0815
24.09289
24.104
24.11689
24.12931
24.14156
24.15448
24.16733
24.18005
24.19211
24.20519
24.21791
24.23068
24.24343
24.25579
24.2681
24.28057
24.29301
24.30554
24.32361
24.33648
24.34899
24.35883
24.37042
24.38084
24.39193
24.40373
24.41539
24.42765
24.43887
24.45078
24.46292
24.47403
24.48643
24.49829
24.51021
24.52257
24.53435
24.54572
24.55722
24.56876
24.58045
24.59157
24.60351
24.61637
24.62803
24.63896
24.65011
24.66178
24.67295
24.68454
24.69641
24.70792
24.72019
24.73183
24.74294
24.75405
24.76521
24.77613
24.78742
24.79933
24.81057
24.82158
24.83303
24.84428
24.8553
TARGET DESTROYED 
24.86713
24.88364
24.89511
24.90603
24.91721
24.92863
24.93974
24.95088
24.9631
24.97444
24.98539
24.9966
25.01444
25.02609
25.04429
25.05687
25.06859
25.08048
25.0931
25.10456
25.11719
25.12857
25.14024
25.15257
25.16427
25.1762
25.18777
25.20017
25.21187
25.22312
25.23511
25.25114
25.26788
25.28452
25.3011
25.31747
25.32832
25.33896
25.34972
25.36122
25.37214
25.38328
25.39476
25.40579
25.41688
25.4285
25.43927
25.45052
25.46198
25.47271
25.48465
25.49566
25.50711
25.51844
25.52869
25.53976
25.55211
25.58497
25.59571
25.6068
25.61875
25.62903
25.64039
25.65143
25.66266
25.67389
25.68488
25.69601
25.70718
25.71844
25.72951
25.74146
25.75182
25.76336
25.77448
25.78548
25.79698
25.8076
25.81898
25.83029
25.84148
25.85233
25.86359
25.87484
25.88581
25.89745
25.90811
25.91949
25.93101
25.94184
25.95317
25.96455
25.97603
25.98693
25.99827
26.00885
26.02007
26.03159
26.04226
26.05348
26.06488
26.07588
26.08696
26.09854
26.10964
26.12048
26.1317
26.1429
26.15398
26.16529
26.17656
26.1874
26.20274
26.21362
26.22334
26.23493
26.24681
26.25794
26.26914
26.28113
26.29159
26.30239
26.31422
26.32513
26.33583
26.34723
26.35909
26.36969
26.38123
26.39175
26.40287
26.41418
26.42542
26.43644
26.448
26.45866
26.46988
26.48135
26.49281
26.50342
26.51533
26.52657
26.53697
26.54832
26.5596
26.57061
26.58248
26.59342
26.6046
26.61609
26.62712
26.63844
26.64995
26.66154
26.67247
26.68375
26.6958
26.70623
26.71782
26.72881
26.74009
26.75101
26.7625
26.77338
26.78451
26.79601
26.80679
26.81801
26.82945
26.84025
26.85136
26.86288
26.87386
26.88508
26.89672
26.90734
26.91851
26.9298
26.94099
26.95197
26.96322
26.97432
26.98541
26.99672
27.00787
27.01907
27.03044
27.04155
27.05302
27.0638
27.07485
27.08617
27.09739
27.10827
27.11935
27.13097
27.1419
27.15295
27.16416
27.17534
27.18645
27.19765
27.20953
27.21995
27.23135
27.24289
27.25348
27.26481
27.27576
27.28703
27.29828
27.30929
27.32069
27.33193
27.3475
27.35816
27.3688
27.37899
27.38913
27.40017
27.40988
27.41991
27.43007
27.43987
27.4505
27.46184
27.47281
27.48416
27.49568
27.5064
27.51769
27.52936
27.54055
27.55105
27.5625
27.57348
27.58494
27.59589
27.60741
27.62018
27.63072
27.64028
27.65161
27.66273
27.67478
27.6856
27.69658
27.70744
27.71868
27.73
27.74131
27.75261
27.76414
27.77541
27.79236
27.80275
27.81299
27.82252
27.83283
27.84254
27.85347
27.86424
27.87536
27.88655
27.89773
27.90885
27.92007
27.93122
27.94241
27.95401
27.96485
27.97595
27.98708
27.99851
28.00932
28.02079
28.03191
28.04273
28.05405
28.06527
28.07652
28.08754
28.09872
28.11039
28.12121
28.13244
28.14359
28.15504
28.16619
28.17794
28.18884
28.20037
28.21194
28.22424
28.23443
28.24591
28.25756
28.26848
28.27994
28.29131
28.30261
28.3144
28.32526
28.33661
28.34806
28.3595
28.37076
28.38178
28.39289
28.40399
28.41532
28.4264
28.43819
28.44887
TARGET DESTROYED 
28.46028
28.48072
28.49856
28.51196
28.52185
28.5333
28.54457
28.55556
28.56666
28.57809
28.58903
28.60022
28.61201
28.62247
28.63399
28.64508
28.65604
28.66712
28.67881
28.68966
28.70131
28.71212
28.72302
28.73428
28.74591
28.75747
28.76788
28.779
28.79036
28.80182
28.8134
28.82354
28.83478
28.8466
28.85717
28.86836
28.87952
28.89063
28.90178
28.91322
28.924
28.93533
28.94681
28.95764
28.96884
28.98022
28.99123
29.00233
29.01425
29.02462
29.03588
29.04713
29.0583
29.06979
29.08207
29.0933
29.10526
29.11664
29.12855
29.13999
29.15177
29.16347
29.17465
29.18599
29.19719
29.20829
29.2194
29.23074
29.24183
29.25297
29.26447
29.27542
29.28654
29.29807
29.30896
29.32
29.33115
29.34232
29.35348
29.36478
29.37606
29.38708
29.39808
29.40948
29.4208
29.43172
29.44293
29.45397
29.46539
29.47735
29.48759
29.49862
29.51013
29.52113
29.53218
29.54343
29.55457
29.56572
29.57718
29.58819
29.5992
29.61101
29.62188
29.63309
29.64414
29.65511
29.66633
29.67893
29.68927
29.70562
29.71655
29.72624
29.73639
29.74617
29.75558
29.7657
29.77521
29.78492
29.79565
29.80643
29.81777
29.82901
29.84059
29.85205
29.86241
29.87394
29.88483
29.89663
29.90705
29.91822
29.92966
29.94074
29.95204
29.96315
29.97401
29.98518
29.99651
30.00779
30.01937
30.03019
30.04111
30.05361
30.06501
30.07572
30.08681
30.09807
30.1091
30.12118
30.13254
30.14409
30.1552
30.16664
30.17795
30.18893
30.20024
30.21188
30.22276
30.23392
30.24525
30.2565
30.26803
30.27949
30.29094
30.30231
30.31382
30.32635
30.33734
30.34755
30.35872
30.37023
30.38116
30.39217
30.40336
30.41476
30.42567
30.43678
30.44808
30.45946
30.4702
30.48159
30.49291
30.50428
30.51553
30.52664
30.5378
30.54868
30.55982
30.57119
30.58237
30.59352
30.60484
30.61588
30.62724
30.6384
30.64916
30.66065
30.6716
30.68297
30.69414
30.70531
30.71683
30.72764
30.7386
30.74969
30.76161
30.77202
30.78329
30.79492
30.80543
30.81688
30.82802
30.83931
30.85069
30.86201
30.8725
30.88383
30.89533
30.90624
30.91759
30.92876
30.93959
30.95508
30.96565
30.97531
30.98519
30.99511
31.00498
31.01622
31.02643
31.03737
31.0489
31.05974
31.07115
31.0824
31.0937
31.10522
31.11601
31.1269
31.13806
31.14929
31.16042
31.17198
31.18261
31.19413
31.20488
31.21614
31.22787
31.23844
31.24963
31.26149
31.27276
31.2832
31.29452
31.30565
31.3168
31.32796
31.33931
31.35058
31.36301
31.37322
31.38456
31.39608
31.40735
31.4184
31.43002
31.4411
31.4526
31.46408
31.47527
31.48653
31.49783
31.50954
31.52088
31.53175
31.54296
31.55404
31.5652
31.57637
31.58753
31.59862
31.61006
31.62135
31.63213
31.6432
31.65467
31.66581
31.6769
31.68817
31.6991
31.7109
31.72159
31.73276
31.74414
31.75499
31.76655
31.77796
31.7892
31.79972
31.81178
31.82207
31.83331
31.84496
31.85632
31.8666
31.87827
31.88898
31.90018
31.91194
31.92261
31.93407
31.94539
31.95613
31.96736
31.97883
31.98967
32.00079
32.01236
32.02318
32.03447
32.04573
32.05671
32.0678
32.0793
32.09048
32.10145
32.11273
32.12365
32.13478
32.14626
32.15711
32.17207
32.18243
32.19244
32.20203
32.21161
32.22237
32.23349
32.24494
32.25569
32.26726
32.27835
32.28922
32.30114
32.31178
32.32274
32.33426
32.34541
32.35609
32.36747
32.37899
32.38978
32.40147
TARGET DESTROYED 
32.41234
32.43612
32.4465
32.45611
32.46589
32.4763
32.48741
32.49852
32.50967
32.5213
32.53209
32.54333
32.55472
32.57389
32.58492
32.59538
32.60629
32.61617
32.62561
32.63531
32.64518
32.65591
32.66648
32.67733
32.68865
32.69951
32.71143
32.72997
32.73984
32.7503
32.75979
32.76976
32.77986
32.78962
32.80061
32.81171
32.8231
32.83381
32.84534
32.85616
32.8674
32.87881
32.8895
32.90091
32.9124
32.92332
32.93441
32.9458
32.95634
32.96749
32.97914
32.99004
33.00131
33.01323
33.02403
33.03463
33.04626
33.05718
33.06873
33.07963
33.09078
33.10252
33.11385
33.12413
33.13562
33.14715
33.15852
33.17045
33.18169
33.19281
33.20802
33.21804
33.22792
33.23867
33.25026
33.26284
33.27338
33.28378
33.29602
33.30619
33.31733
33.32883
33.33958
33.35057
33.36219
33.37479
33.3849
33.39555
33.40645
33.41771
33.42894
33.43998
33.45128
33.46254
33.47337
33.4852
33.49615
33.5069
33.51857
33.52943
33.54053
33.55159
33.56298
33.57408
33.58548
33.59678
33.60799
33.61982
33.63064
33.64198
33.6536
33.66474
33.67571
33.68721
33.69852
33.70977
33.72118
33.73219
33.74325
33.75431
33.76557
33.77675
33.78791
33.79908
33.81072
33.82154
33.8325
33.84395
33.85532
33.8661
33.87757
33.88856
33.89964
33.91158
33.92255
33.93314
33.94484
33.95549
33.96681
33.97806
33.9889
34.00028
34.01183
34.02268
34.034
34.04506
34.05638
34.06702
34.0786
34.08981
34.10065
34.1122
34.12333
34.13417
34.14844
34.15871
34.16824
34.17919
34.18972
34.20166
34.21524
