0.02
0.04
0.14
0.1815384
0.1961086
0.2066793
0.2171166
0.2266646
0.236689
0.2466711
0.2572412
0.2670042
0.2779253
0.2894802
0.3020348
0.3119524
0.3234939
0.3337951
0.3448792
0.3558737
0.3674614
0.3800015
0.3897494
0.4005084
0.4126636
0.4242609
0.4344066
0.4456196
0.456941
0.4678226
0.4798892
0.4903775
0.5014663
0.5125215
0.524003
0.5344856
0.5459995
0.5569619
0.568206
0.5799647
0.5957475
0.6059394
0.6161572
0.6257101
0.6355725
0.6468343
0.6574984
0.668404
0.68007
0.6907976
0.7019287
0.7133163
0.7243291
0.7356075
0.7472622
0.7578221
0.7689145
0.7805519
0.7912955
0.8024614
0.8137369
0.8249537
0.8359762
0.8472816
0.8583832
0.8699055
0.8807325
0.8932595
0.9043734
0.9196959
0.9298528
0.9397088
0.949363
0.9602744
0.9718056
0.9832531
0.994657
1.005695
1.017005
1.028963
1.039773
1.050815
1.062433
1.073029
1.084108
1.095813
1.106503
1.117683
1.129209
1.140095
1.151014
1.162618
1.173359
1.184521
1.196605
1.206943
1.218316
1.229623
1.240373
1.251892
1.26278
1.275074
1.285181
1.297189
1.30788
1.319929
1.331184
1.34216
1.353236
1.364763
1.376002
1.387143
1.398819
1.410343
1.421436
1.432762
1.443784
1.455167
1.466357
1.478313
1.488603
1.499962
1.511569
1.522122
1.533744
1.544713
1.555996
1.566946
1.578182
1.589278
1.60028
1.611927
1.622708
1.634472
1.645401
1.656399
1.668415
1.679058
1.690074
1.701432
1.712578
1.723691
1.735213
1.746024
1.757365
1.768884
1.779419
1.790576
1.805718
1.816125
1.825894
1.835779
1.846067
1.855748
1.865772
1.876228
1.887317
1.899001
1.910295
1.921069
1.932169
1.943238
1.954366
1.965634
1.976733
1.987908
1.999292
2.010261
2.021362
2.032882
2.043844
2.055294
2.066247
2.077362
2.088327
2.099674
2.110718
2.12198
2.133005
2.144336
2.155617
2.166608
2.177827
2.189269
2.200443
2.212199
2.223136
2.234546
2.246077
2.2576
2.268789
2.280545
2.29193
2.302786
2.314719
2.325321
2.336742
2.348447
2.359584
2.370904
2.382425
2.393633
2.404586
2.416607
2.427044
2.438401
2.44947
2.460515
2.471908
2.483169
2.494292
2.505065
2.516391
2.528036
2.539066
2.54999
2.560961
2.572481
2.583415
2.594548
2.605736
2.617035
2.628508
2.639383
2.650598
2.661547
2.672771
2.684162
2.695418
2.706346
2.717534
2.728737
2.739779
2.75108
2.763006
2.774232
2.784706
2.796118
2.8069
TARGET DESTROYED 
2.825398
2.836742
2.847404
2.857689
2.869824
2.880242
2.891361
2.902428
2.914273
2.92468
2.936156
2.960933
2.972469
2.983349
2.993816
3.00424
3.014793
3.026059
3.037467
3.048488
3.060045
3.071143
3.081882
3.092483
3.103495
3.114986
3.125827
3.136824
3.148708
3.159346
3.170535
3.18192
3.192731
3.203809
3.215226
3.226446
3.237306
3.249068
3.260278
3.271006
3.282048
3.293149
3.304633
3.315711
3.32674
3.338021
3.349223
3.360363
3.371436
3.383028
3.3936
3.405075
3.416332
3.427296
3.438529
3.449985
3.460778
3.472079
3.483566
3.494404
3.505974
3.518109
3.529479
3.541006
3.55251
3.564666
3.575971
3.586885
3.599133
3.610476
3.621955
3.633574
3.644476
3.655671
3.666856
3.67825
3.689209
3.700837
3.711826
3.72307
3.733893
3.74532
3.757039
3.767867
3.778655
3.790026
3.800901
3.813206
3.823885
3.834654
3.845791
3.856557
3.869019
3.879775
3.890192
3.901305
3.912898
3.924271
3.934991
3.946463
3.957276
3.968596
3.980095
3.990873
4.001832
4.013933
4.024343
4.036071
4.047023
4.0582
4.070496
4.082543
4.093299
4.104918
4.121998
4.133162
4.14367
4.154651
4.16505
4.175794
4.187222
4.198656
4.209154
4.220394
4.231744
4.243275
4.254541
4.265148
4.276146
4.287713
4.298798
4.309748
4.321038
4.332389
4.343348
4.354347
4.365856
4.376766
4.388388
4.399484
4.410299
4.421591
4.432961
4.44382
4.455055
4.466454
4.477993
4.488665
4.49971
4.510825
4.522051
4.533186
4.544316
4.555419
4.566679
4.578052
4.589619
4.601445
4.612697
4.623923
4.635222
4.647227
4.65856
4.669792
4.681554
4.692713
4.704214
4.71589
4.727606
4.73877
4.750243
4.762152
4.77343
4.784609
4.795357
4.806357
4.817631
4.828719
4.839758
4.851044
4.86206
4.873485
4.884555
4.895683
4.906758
4.917912
4.929389
4.940205
4.951897
4.963097
4.974601
4.985716
4.996598
5.008596
5.019656
5.030111
5.04088
5.052543
5.06385
5.074985
5.085857
5.096943
5.107788
5.119049
5.130908
5.141196
5.152397
5.164153
5.174886
5.18588
5.197676
5.208643
5.219368
5.230812
5.24191
5.252849
5.264266
5.275074
5.286615
5.303058
5.314822
5.326779
5.3378
5.349129
5.359938
5.371147
5.382618
5.393622
5.404739
5.415877
5.427422
5.43916
5.450125
5.461085
5.472196
5.488136
5.499774
5.510899
5.52254
5.532917
5.543463
5.553709
5.56414
5.573917
5.584307
5.59514
5.605961
5.618791
5.631833
5.644543
5.657419
5.670147
5.682487
5.695326
5.707755
5.720128
5.73262
5.745619
5.758152
5.770988
5.783645
5.795954
5.808899
5.821716
5.833904
5.846873
5.857728
5.869857
5.880959
5.891768
5.903067
5.91477
5.925508
5.936741
5.94836
5.959375
TARGET DESTROYED 
5.975472
5.987193
5.998494
6.009551
6.021035
6.032061
6.042869
6.054794
6.07291
6.085711
6.097156
6.108111
6.119253
6.130906
6.1419
6.153007
6.16427
6.175157
6.186486
6.197626
6.208851
6.219737
6.23106
6.24204
6.253232
6.264977
6.275761
6.286782
6.298706
6.309292
6.320563
6.331539
6.342649
6.354002
6.365236
6.376038
6.387223
6.398499
6.409651
6.420804
6.432245
6.443209
6.454403
6.46584
6.477574
6.49166
6.51034
6.523879
6.537239
6.55297
6.565362
6.577655
6.590005
6.602655
6.615613
6.627793
6.64029
6.652519
6.665071
6.678177
6.69041
6.703391
6.715718
6.728137
6.740839
6.753713
6.767114
6.779882
6.792107
6.804262
6.816419
6.829765
6.842309
6.855338
6.868279
6.880682
6.893234
6.905993
6.919246
6.932703
6.946259
6.959697
6.973197
6.987476
7.001452
7.0157
7.029544
7.04347
7.057899
7.071598
7.085382
7.100075
7.113487
7.127242
7.141019
7.154905
7.168889
7.182243
7.196199
7.209985
7.223902
7.237251
7.251514
7.265469
7.279683
7.293962
7.307868
7.32157
7.335104
7.348112
7.360807
7.373959
7.387028
7.400351
7.414277
7.426965
7.440859
7.454031
7.467719
7.48125
7.493809
7.50734
7.528104
7.541699
7.55511
7.56856
7.582062
7.595071
7.608623
7.624349
7.640699
7.65587
7.671642
7.687427
7.703217
7.718708
7.734523
7.750283
7.767017
7.783408
7.79953
7.815402
7.831056
7.846793
7.86273
7.876438
7.890385
7.903802
7.917737
7.932088
7.954971
7.967763
7.980381
7.990707
8.001369
8.012647
8.023412
8.034849
8.045968
8.057029
8.068419
8.079041
8.089804
8.100193
8.111597
8.122262
8.133302
8.143912
8.15469
8.165654
8.175773
8.186192
8.197205
8.207927
8.219415
8.230837
8.24172
8.253049
8.265305
8.276797
8.288467
8.300421
8.312064
8.323495
8.335205
8.346698
8.358337
8.370249
8.381627
8.393128
8.404698
8.416052
8.427164
8.439111
8.451395
8.463964
8.476375
8.487881
8.499114
8.510484
8.522647
8.534314
8.545664
8.55689
8.568717
8.580309
8.591962
8.603864
8.615224
8.626223
8.637761
8.649404
8.660662
8.672056
8.683818
8.69561
8.707037
8.718405
8.730217
8.741573
8.753332
8.765294
8.777717
8.788925
TARGET DESTROYED 
8.804272
8.815358
8.826137
8.837491
8.855585
8.868435
8.878762
8.889425
8.90051
8.911963
8.922826
8.93428
8.946042
8.956411
8.967628
8.979053
8.99012
9.001725
9.01305
9.023949
9.03459
9.046035
9.05757
9.070385
9.081366
9.092364
9.104588
9.118368
9.131333
9.14992
9.162601
9.17512
9.18741
9.200317
9.212326
9.224364
9.236811
9.24981
9.26221
9.274505
9.286708
9.299394
9.311376
9.323876
9.336581
9.348545
9.360215
9.372693
9.385283
9.39808
9.410192
9.422368
9.434783
9.446679
9.459082
9.470768
9.481413
9.492954
9.503712
9.515051
9.526362
9.537356
9.548786
9.55998
9.571839
9.582682
9.593213
9.60424
9.615688
9.627097
9.638146
9.649541
9.66024
9.671323
9.682446
9.700841
9.711924
9.722689
9.733987
9.745306
9.756316
9.768806
9.781066
9.792726
9.805909
9.817353
9.829089
9.840763
9.852352
9.864259
9.876113
9.888378
9.900448
9.912149
9.923673
9.935803
9.94767
9.959098
9.97113
9.983581
9.995818
10.00747
10.01916
10.03105
10.04243
10.05464
10.06707
10.07876
10.0906
10.10284
10.11471
10.12725
10.13967
10.15195
10.16352
10.17483
10.18666
10.19866
10.2104
10.22267
10.23498
10.24707
10.25896
10.27035
10.28248
10.2948
10.3069
10.31906
10.33069
10.34227
10.35376
10.36403
10.37511
10.3871
10.4051
10.41667
10.42782
10.43959
10.45144
10.46332
10.47538
10.48674
10.49798
10.50902
10.52016
10.53159
10.54273
10.55388
10.56546
10.57625
10.58761
10.59912
10.61016
10.62181
10.6335
10.64501
10.65871
10.67205
10.68519
10.69847
10.71115
10.72451
10.73777
10.75154
10.76599
10.77743
10.7887
10.80045
10.81174
10.82364
10.83616
10.8483
10.86049
10.87254
10.88503
10.90314
10.91533
10.92681
10.93869
10.95053
10.96207
10.97376
10.98588
10.9976
11.0091
11.02081
11.03256
11.04576
11.05806
11.0707
11.0823
11.09351
11.10559
11.11737
11.1293
11.14156
11.15394
11.16578
11.17764
11.19036
11.20245
11.21406
11.22534
11.23703
11.24903
11.26055
11.27178
11.28351
11.29489
11.30652
11.31829
11.33042
11.34189
11.35408
11.36588
11.37767
11.38935
11.40154
11.41417
11.42558
11.43719
11.44947
11.46083
TARGET DESTROYED 
11.47998
11.49226
11.50364
11.51565
11.53489
11.5479
11.55921
11.57084
11.58252
11.59397
11.60583
11.61642
11.62631
11.63714
11.65301
11.66398
11.67434
11.68451
11.69458
11.70525
11.71578
11.72656
11.73761
11.74872
11.7604
11.77134
11.78237
11.79328
11.80507
11.81596
11.82714
11.83844
11.84934
11.86061
11.87176
11.88331
11.89412
11.90522
11.91625
11.92764
11.93877
11.95001
11.96103
11.97213
11.98359
11.99469
12.00561
12.01702
12.02814
12.03943
12.05075
12.06234
12.07368
12.08545
12.09769
12.10857
12.12017
12.13178
12.14414
12.15465
12.16635
12.17756
12.18922
12.20047
12.21208
12.22348
12.23541
12.24694
12.25895
12.2707
12.28222
12.29343
12.30502
12.31671
12.32801
12.33985
12.35198
12.36395
12.37488
12.38624
12.3976
12.40884
12.42013
12.43133
12.44203
12.45311
12.46483
12.47604
12.4877
12.50015
12.51183
12.52405
12.53589
12.54792
12.55935
12.57173
12.58358
12.59491
12.60653
12.61866
12.63011
12.64243
12.65355
12.66519
12.67605
12.68764
12.69896
12.70987
12.7213
12.73266
12.74399
12.75588
12.76826
12.78008
12.79145
12.803
12.81496
12.82631
12.83867
12.85125
12.86305
12.87546
12.89273
12.9041
12.91631
12.92736
12.93909
12.951
12.96248
12.97402
12.98592
12.99802
13.01043
13.02289
13.03462
13.04626
13.05767
13.06997
13.08197
13.09392
13.10535
13.11694
13.12881
13.14047
13.1528
13.16585
13.17718
13.18987
13.2013
13.21284
13.22409
13.23568
13.24803
13.25997
13.27145
13.28299
13.29471
13.30617
13.31784
13.32958
13.34111
13.35328
13.36513
13.37733
13.38963
13.40216
13.41391
13.42546
13.43714
13.44975
13.46197
13.47457
13.48623
13.49931
13.51182
13.52385
13.53623
13.54817
13.55993
13.57191
13.58433
13.59645
13.60815
13.61987
13.63227
13.64408
13.65637
13.66864
13.68131
13.69293
13.70453
13.71657
13.72838
13.73992
13.75173
13.76385
13.77531
13.78713
13.79909
13.81029
13.82176
13.83354
13.84496
13.85678
13.86992
13.88107
13.8935
13.90478
13.91635
13.92797
13.93931
13.95131
13.96294
13.97418
13.986
13.99776
14.00803
14.01845
14.02915
14.04087
14.0525
14.06474
14.0779
14.08982
14.10253
14.11426
14.12576
14.13815
14.15064
14.17071
14.18384
14.19565
14.20726
14.21964
14.23119
14.24317
14.25497
14.26753
14.27765
14.28832
14.29937
14.30887
14.32057
14.33248
14.34476
14.35667
14.37206
14.38519
14.39656
14.40707
14.41844
14.43035
14.44067
14.45194
14.46334
14.47422
14.48811
14.49867
14.5086
14.51951
14.53022
14.54168
14.55243
14.56413
14.57482
14.58624
14.59741
14.60831
14.61951
14.6308
14.64177
14.65396
14.66462
14.67522
14.68627
14.6977
14.70896
14.71991
14.7312
14.74232
14.75349
14.76529
14.77574
14.78701
14.79808
14.80956
14.82045
14.8318
14.84312
14.85468
14.86636
14.87788
14.88913
14.90064
14.91225
14.92371
14.93513
14.94719
14.95796
14.96962
14.98117
14.99268
15.00398
15.01594
15.02634
15.03804
15.04945
15.05995
15.07149
15.0823
15.09333
15.10455
15.11583
15.12741
15.13815
15.15073
15.16091
15.17208
15.1839
15.19416
15.20533
15.21754
15.22785
15.23917
15.2512
15.26308
15.27483
15.2868
15.29885
15.31058
15.32242
15.33455
15.3459
15.35721
15.36884
15.38067
15.39278
15.40954
15.42174
15.43385
15.44696
15.45799
15.4697
15.48148
15.49245
15.5051
15.51688
15.52837
15.5394
15.5501
15.56131
15.57406
15.58554
15.59761
15.60945
15.62091
15.63348
15.64489
15.6566
15.66855
15.68089
15.69238
15.70338
15.71485
15.72573
15.73728
TARGET DESTROYED 
15.75487
15.77374
15.78633
15.79746
15.80846
15.81984
15.83118
15.84252
15.85369
15.86477
15.87643
15.88815
15.89949
15.91095
15.92224
15.93409
15.94579
15.95753
15.96922
15.98097
15.99397
16.00539
16.01776
16.02857
16.04009
16.05126
16.06239
16.07361
16.08409
16.09402
16.10557
16.11631
16.12761
16.13856
16.14952
16.16098
16.17208
16.18355
16.19522
16.20553
16.21692
16.22885
16.23928
16.25021
16.26143
16.27258
16.28375
16.29499
16.30598
16.31714
16.32862
16.3396
16.35084
16.36203
16.37342
16.38446
16.39544
16.40674
16.41782
16.42912
16.4401
16.45129
16.46378
16.47465
16.48613
16.49802
16.50888
16.52057
16.53205
16.54351
16.55545
16.56647
16.57897
16.58956
16.60185
16.61261
16.62853
16.63939
16.65037
16.6609
16.67194
16.68303
16.6937
16.70448
16.71568
16.72617
16.7368
16.74773
16.75809
16.7691
16.77969
16.79028
16.8007
16.81059
16.82124
16.83175
16.84245
16.8539
16.86503
16.87606
16.88699
16.8986
16.90933
16.92155
16.93433
16.94769
16.96035
16.97344
16.98608
16.99925
17.01222
17.02435
17.03731
17.05114
17.06488
17.07878
17.09225
17.10624
17.11963
17.1325
17.1452
17.15872
17.17147
17.18437
17.19892
17.21119
17.22421
17.23665
17.24976
17.2628
17.27554
17.28889
17.30213
17.31519
17.32691
17.33875
17.35101
17.36261
17.37449
17.38669
17.39907
17.41214
17.42377
17.43575
17.4482
17.46005
17.47281
17.48522
17.49736
17.50974
17.52219
17.53494
17.54692
17.55855
17.57059
17.58283
17.59473
17.60672
17.61871
17.63115
17.64261
17.65467
17.66664
17.67822
17.6906
17.70241
17.71389
17.72554
17.73748
17.74903
17.76129
17.77326
17.78495
17.79677
17.80844
17.81991
17.83159
17.84378
17.8564
17.86868
17.88115
17.89242
17.9038
17.91536
17.9324
17.94372
17.95454
17.96534
17.97643
17.987
17.99782
18.00833
18.01892
18.02995
18.04071
18.05181
18.06256
18.0737
18.08457
18.09577
18.10652
18.11736
18.12803
18.13867
18.14962
18.16027
18.17155
18.18264
18.19453
18.20625
18.21671
18.2274
18.23862
18.24986
18.26067
18.27199
18.28326
18.29435
18.30647
18.3174
18.32804
18.33923
18.3505
18.36226
18.37372
18.38507
18.39683
18.40826
18.41951
18.43098
18.44247
18.45404
18.46509
18.47665
18.48772
18.49928
18.51045
18.52188
18.53339
18.54498
18.55604
18.56756
18.5785
18.59065
18.60143
18.61213
18.62334
18.63482
18.64655
18.65707
18.66786
18.67942
18.69013
18.70168
18.71275
18.72396
18.73495
18.74623
18.75764
18.76874
18.77973
18.79139
18.80186
18.81342
18.82411
18.83537
18.84699
18.85775
18.86928
18.88042
18.89099
18.90272
18.91385
18.92486
18.93591
18.94763
18.95917
18.97073
18.98412
18.99595
19.0079
19.01982
19.03176
19.04266
19.05436
19.06546
19.07643
19.08745
19.09876
19.11009
19.12076
19.13274
19.14305
19.15919
19.16987
19.18026
19.19054
19.20127
19.21206
19.22282
19.23305
19.24393
19.25486
19.26618
19.27748
19.28865
19.29964
19.31071
19.32211
19.33327
19.3446
19.35568
19.36662
19.37784
19.38894
19.40014
19.41155
19.42246
19.43352
19.44508
19.4564
19.46816
19.47996
19.49076
19.50251
19.51418
19.52525
19.5365
19.54794
19.55919
19.5704
19.58196
19.59311
19.60441
19.61623
19.62718
19.63843
19.64997
19.66147
19.67254
19.68407
19.69654
19.70641
19.71783
19.72903
19.74023
19.75123
19.7629
19.77368
19.78483
19.79605
19.80706
19.81888
19.82982
19.8406
19.85254
19.8634
19.87424
19.88534
19.89676
19.90769
19.91925
19.93063
19.94147
19.95228
19.96356
19.97477
19.98577
19.99735
20.00848
20.01938
20.03086
20.04167
20.05324
20.06461
20.07546
20.08655
20.09813
20.10894
20.12014
20.1315
20.14215
20.15336
20.16503
20.17574
20.1869
20.19815
20.20954
20.22226
20.23323
20.24423
20.25548
20.26667
20.27714
20.28893
20.30037
20.31093
20.32195
20.33231
20.34342
20.35494
20.3658
20.38226
20.3933
20.40407
20.41619
20.42803
20.43957
20.45079
20.46135
20.47248
20.48368
20.49498
20.50598
20.5172
20.52874
20.53947
20.55073
20.56202
20.57297
20.58422
20.59566
20.60648
20.6179
20.62895
20.64006
20.65125
20.6625
20.67347
20.68452
20.69644
20.70702
20.71816
20.73001
20.74038
20.7519
20.76344
20.77407
20.78521
20.79653
20.80765
20.8189
20.82989
20.84105
20.85222
20.86374
20.87444
20.88591
20.89748
20.91006
20.92103
20.93187
20.9436
20.95536
20.96656
20.97866
20.99239
21.00341
21.01549
21.02614
21.03702
21.04817
21.05823
21.07159
