0.02
0.04
0.14
0.1805606
0.1968875
0.2065815
0.2162556
0.2263384
0.2360862
0.2457671
0.2555695
0.2659366
0.2788081
0.2896056
0.2995842
0.3181114
0.3279411
0.3374106
0.3471745
0.357067
0.3669266
0.3779202
0.3890023
0.3998637
0.4113779
0.4223849
0.4336168
0.4449848
0.4558295
0.4669882
0.4782214
0.4894585
0.5006789
0.5118563
0.5228918
0.5341584
0.5452697
0.556459
0.5677043
0.5787255
0.5934567
0.6035093
0.6134182
0.6233733
0.6344079
0.6457598
0.656968
0.6679731
0.6792625
0.6904324
0.7014754
0.7126849
0.7239149
0.7351757
0.7462273
0.7584559
0.7685711
0.7799795
0.7909592
0.8020606
0.8133281
0.8246714
0.8357137
0.8467448
0.8579792
0.8690059
0.8801823
0.8950242
0.9109347
0.9209482
0.9306993
0.9399711
0.9494383
0.9609846
0.9720879
0.983212
0.9947252
1.005859
1.016969
1.027953
1.039016
1.050234
1.061875
1.072493
1.083828
1.095111
1.106083
1.117107
1.128429
1.139635
1.150637
1.162598
1.173031
1.184291
1.195525
1.206533
1.217955
1.228915
1.240335
1.251242
1.262389
1.273715
1.285113
1.296281
1.307793
1.319101
1.330345
1.341752
1.353202
1.364539
1.376204
1.386927
1.398316
1.409849
1.42138
1.432459
1.444028
1.455182
1.466146
1.4777
1.491767
1.501575
1.511261
1.520843
1.531694
1.542889
1.554278
1.565292
1.57631
1.587744
1.598658
1.618248
1.628704
1.639788
1.650918
1.662206
1.673356
1.689738
1.701129
1.712507
1.723082
1.733617
1.744494
1.754775
1.765555
1.776048
1.786466
1.797434
1.807685
1.818701
1.829605
1.84116
1.852213
1.863439
1.874506
1.885599
1.896667
1.907878
1.919091
1.930362
1.941413
1.952712
1.964576
1.97509
1.986045
1.997895
2.008862
2.020386
2.031523
2.042018
2.054141
2.065557
2.076704
2.088305
2.09911
2.110734
2.122503
2.133557
2.14522
2.156673
2.168174
2.185391
2.199721
2.210396
2.221168
2.231886
2.245151
2.256753
2.267898
2.278743
2.289569
2.301393
2.313743
2.327473
2.339843
2.351864
2.362503
2.372846
2.383377
2.393517
2.404267
2.414375
2.430293
2.440394
2.454771
2.468035
2.479014
2.489761
2.501011
2.511898
2.52282
2.533978
2.544914
2.556094
2.566974
2.578565
2.589882
2.600597
2.612032
2.623261
2.63525
2.646207
2.656874
2.66767
2.678712
2.689921
2.702797
2.714294
2.725199
2.735826
2.746988
2.757661
2.768183
2.779344
2.790626
2.802178
2.813808
2.824751
2.835791
2.847426
2.857994
2.86868
2.880339
2.891179
2.902044
2.914804
2.925929
2.937223
2.949053
2.961224
2.972789
2.985062
2.997858
3.009596
3.02203
3.033567
3.045055
3.056621
3.067771
3.079324
3.09092
3.103145
3.115041
3.131037
3.142638
3.153945
3.166148
3.177421
3.188855
3.200174
3.211669
3.222773
3.233816
3.245728
3.256931
3.268099
3.279792
3.290911
3.302184
3.313886
3.326972
3.338237
3.349032
3.360276
3.371549
3.382525
3.393731
3.405559
3.416316
3.427237
3.438458
3.449472
3.460744
3.472112
3.482861
3.49471
3.505178
3.516495
3.527655
3.538857
3.54985
3.561532
3.572116
3.583451
3.596784
3.61077
3.622558
3.633776
3.644614
3.655904
3.66744
3.67869
3.689844
3.701497
3.713821
3.724892
3.736184
3.74793
3.760628
3.771668
3.783196
3.796102
3.807979
3.819317
3.830978
3.84277
3.859648
3.871854
3.883574
3.894775
3.906466
3.91879
3.93137
3.941815
3.952521
3.963561
3.974397
3.985569
3.996639
4.008083
4.019542
4.034993
4.0469
4.057837
4.068923
4.080459
4.091834
4.102878
4.114817
4.126138
4.137577
4.149281
4.160659
4.173035
4.184368
4.19643
4.207843
4.220265
4.232418
4.243164
4.254748
4.265719
4.276545
4.287786
4.298925
4.310596
4.321905
4.3334
4.344961
4.356166
4.367782
4.379839
4.39066
4.401794
4.41416
4.425555
4.437486
4.449093
4.461151
4.472771
4.48407
4.496104
4.507894
4.519039
4.530816
4.542324
4.554016
4.566262
4.577733
4.594675
4.606158
4.617449
4.63593
4.648834
4.660048
4.671788
4.683086
4.696108
4.707824
4.719423
4.730922
4.742599
4.754039
4.765962
4.777836
4.790528
4.802327
4.813769
4.824822
4.835958
4.847623
4.858606
4.869815
4.881332
4.892285
4.903605
4.915452
4.926822
4.938659
4.950118
4.961686
4.973575
4.984941
4.997112
5.008452
5.020138
5.031958
5.043739
5.055989
5.067835
5.079566
5.091443
5.102882
5.11468
5.126303
5.137503
5.148729
5.159983
5.171207
5.182777
5.194713
5.206095
5.21843
5.230645
5.241787
5.252887
5.265061
5.276711
5.288008
5.299607
5.311125
5.327995
5.339284
5.35061
5.361986
5.373582
5.385116
5.39724
5.408708
5.420626
5.432684
5.444273
5.455827
5.467692
5.479412
5.490693
5.502189
5.514377
5.525567
5.537239
5.549333
5.560722
5.571952
5.583496
5.594437
5.605197
5.616376
5.627859
5.638657
5.650159
5.661329
5.672511
5.687169
5.700116
5.712368
5.723805
5.735733
5.747607
5.759122
5.770574
5.781789
5.793273
5.805961
5.817393
5.828627
5.840553
5.851713
5.862946
5.874133
5.885499
5.89713
5.907786
5.918729
5.930757
5.94171
5.952777
5.964465
5.975798
5.98701
5.998655
6.010425
6.021778
6.033921
6.045653
6.062668
6.074317
6.086471
6.098331
6.109805
6.121207
6.132737
6.143924
6.155189
6.166688
6.178828
6.190143
6.201423
6.213656
6.224727
6.236292
6.249039
6.260411
6.272099
6.283071
6.295093
6.306679
6.317849
6.329996
6.342658
6.354281
6.36553
6.376532
6.387687
6.398948
6.410059
6.421535
6.432832
6.44469
6.456006
6.467126
6.478384
6.489889
6.50168
6.513446
6.524671
6.53626
6.548944
6.560765
6.572423
6.583644
6.595694
6.607356
6.618927
6.63094
6.642622
6.655206
6.666533
6.678216
6.689575
6.701405
6.714173
6.725246
6.736398
6.748357
6.759421
6.771153
6.787733
6.80044
6.81254
6.823832
6.835267
6.847026
6.858322
6.869904
6.882367
6.894371
6.905945
6.918125
6.92996
6.941321
6.953063
6.965333
6.977035
6.98919
7.001604
7.014441
7.02563
7.037502
7.049507
7.06146
7.073722
7.085208
7.097564
7.108989
7.121675
7.133241
7.145076
7.156748
7.168981
7.181655
7.193531
7.20453
7.215931
7.227277
7.238348
7.249584
7.26122
7.271911
7.282862
7.293622
7.309678
7.322841
7.334654
7.346621
7.359145
7.370848
7.382172
7.393578
7.405803
7.417217
7.429001
7.439978
7.451437
7.4635
7.475574
7.489033
7.500428
7.512672
7.530515
7.542584
7.555616
7.567178
7.579051
7.589975
7.601158
7.612413
7.62361
7.63482
7.646117
7.656744
7.667348
7.678673
7.694255
7.705563
7.71674
7.727754
7.738788
7.749862
7.760984
7.772185
7.787776
7.800828
7.812846
7.824226
7.835674
7.847517
7.858918
7.870467
7.88319
7.895136
7.906829
7.918323
7.930874
7.942093
7.953381
7.964972
7.97665
7.988249
7.999851
8.011487
8.023189
8.035819
8.047874
8.059838
8.071833
8.083795
8.096611
8.107933
8.119039
8.131117
8.142565
8.154161
8.165666
8.17734
8.189075
8.200904
8.213512
8.224648
8.235823
8.247886
8.259297
8.276419
8.287832
8.299287
8.310928
8.322608
8.334465
8.346446
8.357386
8.368711
8.380692
8.391927
8.403963
8.416224
8.427665
8.439138
8.450281
8.4621
8.473795
8.485972
8.49848
8.51132
8.523336
8.536339
8.549575
8.561932
8.574046
8.586928
8.599439
8.611559
8.623856
8.637102
8.649542
8.662094
8.674574
8.686554
8.699826
8.712627
8.724709
8.73732
8.749936
8.762396
8.774937
8.787233
8.799794
8.811912
8.824411
8.836449
8.848167
8.859803
8.871578
8.883137
8.895011
8.911118
8.923214
8.935077
8.948011
8.959945
8.972474
8.984632
8.997607
9.009583
9.02857
9.041409
9.05386
9.066516
9.079251
9.091636
9.103771
9.115607
9.12717
9.138771
9.150514
9.163069
9.174489
9.185987
9.198724
9.210484
9.221999
9.233541
9.245476
9.258897
9.270304
9.281889
9.293016
9.304604
9.315718
9.327225
9.339489
9.351878
9.363643
9.374805
9.386068
9.398379
9.410164
9.422237
9.43392
9.445727
9.457002
9.468776
9.48116
9.493348
9.504673
9.516313
9.527503
9.539942
9.551988
9.564024
9.575595
9.58743
9.598469
9.609609
9.620544
9.631751
9.642799
9.653738
9.664977
9.675904
9.690841
9.702866
9.714108
9.724725
9.735417
9.746796
9.757959
9.768869
9.781117
9.802624
9.815393
9.827566
9.83877
9.849895
9.861024
9.872294
9.883661
9.895188
9.905962
9.917355
9.929286
9.940373
9.951728
9.964157
9.975578
9.988235
9.999912
10.01217
10.02327
10.03454
10.04663
10.05807
10.06946
10.08136
10.09267
10.10478
10.11617
10.12802
10.14012
10.15128
10.16273
10.17438
10.18535
10.19813
10.2098
10.2211
10.2326
10.24467
10.25586
10.26765
10.27984
10.29135
10.30263
10.31458
10.32582
10.3376
10.34883
10.36041
10.37186
10.38387
10.39589
10.40845
10.41964
10.4325
10.44397
10.45464
10.46525
10.47632
10.48678
10.49765
10.51371
10.52498
10.5359
10.54668
10.55815
10.56887
10.57991
10.59122
10.60217
10.61296
10.62378
10.63484
10.64572
10.65627
10.66712
10.67803
10.68841
10.7009
10.71277
10.7232
10.73421
10.74605
10.7572
10.76855
10.80186
10.81361
10.82465
10.83579
10.84891
10.85977
10.87035
10.88478
10.89724
10.90996
10.92286
10.93404
10.94561
10.95645
10.96773
10.97952
10.99083
11.0023
11.01445
11.02578
11.03738
11.04956
11.06172
11.07365
11.08509
11.09673
11.11834
11.13033
11.14183
11.15321
11.16508
11.17669
11.18823
11.20046
11.21275
11.22407
11.23546
11.247
11.25809
11.26968
11.28129
11.29223
11.30425
11.31609
11.32776
11.33929
11.35627
11.36878
11.38127
11.39199
11.40374
11.41539
11.42713
11.43884
11.45039
11.46278
11.47412
11.48531
11.49786
11.51024
11.52216
11.53332
11.545
11.55673
11.56838
11.58009
11.59252
11.60348
11.61469
11.62585
11.63733
11.64814
11.65954
11.67094
11.68593
11.69771
11.7092
11.71986
11.73048
11.74093
11.75197
11.76323
11.7743
11.78988
11.80221
11.81401
11.8256
11.8378
11.84975
11.86099
11.87223
11.88337
11.89501
11.90591
11.91741
11.92901
11.93994
11.95131
11.96343
11.97453
11.98637
11.99934
12.0113
12.02304
12.03492
12.04737
12.05945
12.0715
12.08905
12.10126
12.11432
12.12601
12.13805
12.15071
12.16264
12.17341
12.18524
12.19707
12.20869
12.22046
12.23255
12.24427
12.25605
12.26756
12.27971
12.29102
12.30297
12.31509
12.32664
12.33894
12.35057
12.36334
12.37405
12.38534
12.3967
12.40795
12.41939
12.43144
12.44367
12.4548
12.46643
12.47944
12.49096
12.50235
12.51455
12.52582
12.53735
12.54858
12.56037
12.57221
12.5868
12.59871
12.61016
12.62135
12.63304
12.64492
12.65618
12.66779
TARGET DESTROYED 
12.68019
12.70089
12.71376
12.72463
12.73589
12.74702
12.75866
12.77895
12.7972
12.81014
12.82229
12.83329
12.84486
12.85613
12.86746
12.87884
12.89093
12.90279
12.91482
12.92649
12.938
12.94966
12.96146
12.9724
12.98375
12.99584
13.00758
13.01849
13.03037
13.04125
13.05349
13.06573
13.07811
13.08948
13.10106
13.1128
13.12361
13.13504
13.14748
13.15928
13.17128
13.18368
13.19599
13.20887
13.22101
13.23272
13.245
13.25643
13.26796
13.2799
13.29178
13.30464
13.31735
13.32969
13.34117
13.35346
13.36524
13.37731
13.38917
13.40174
13.41399
13.42563
13.43737
13.44971
13.46223
13.47433
13.48664
13.49931
13.51206
13.52476
13.54288
13.55537
13.56762
13.58017
13.59154
13.60344
13.6146
13.62609
13.63731
13.64888
13.65962
13.6703
13.68082
13.69694
13.70864
13.7205
13.73161
13.74264
13.75432
13.76558
13.77756
13.78897
13.80101
13.81265
13.82443
13.83612
13.84867
13.86015
13.87181
13.8834
13.89543
13.90761
13.91974
13.93205
13.9436
13.9553
13.96644
13.97802
13.98897
14.00041
14.01197
14.02275
14.03401
14.04597
14.05763
14.06948
14.0808
14.0919
14.10345
14.1151
14.12644
14.13835
14.1501
14.16191
14.17255
14.18376
14.19611
14.20752
14.21898
14.23022
14.24122
14.25254
14.2692
14.28098
14.29271
14.30431
14.3158
14.32767
14.34002
14.35119
14.36259
14.37361
14.38542
14.39724
14.40789
14.41945
14.43068
14.44141
14.4524
14.46441
14.47556
14.48702
14.49838
14.5099
14.52138
14.53246
14.5441
14.55559
14.56641
14.57847
14.58933
14.60045
14.61194
14.62348
14.6349
14.6465
14.65727
14.66837
14.67999
14.6907
14.70316
14.71456
14.72563
14.73681
14.74855
TARGET DESTROYED 
14.75971
14.77563
14.78783
14.80621
14.82018
14.83147
14.84266
14.85388
14.86517
14.8764
14.8879
14.89911
14.9101
14.92129
14.93304
14.94488
14.95646
14.968
14.98537
14.9992
15.01181
15.02331
15.03511
15.04747
15.06044
15.07253
15.08455
15.09766
15.11013
15.12237
15.13411
15.14664
15.15875
15.17119
15.18305
15.19571
15.20737
15.21995
15.23139
15.24267
15.25408
15.26539
15.27688
15.28777
15.29958
15.31198
15.32345
15.33412
15.34612
15.35671
15.36832
15.37944
15.39039
15.40128
15.41349
15.42416
15.43516
15.44652
15.45728
15.46827
15.4797
15.49044
15.5015
15.51297
15.52413
15.53594
15.54707
15.55846
15.57079
15.58192
15.59288
15.60378
15.61475
15.62531
15.63631
15.64763
15.65812
15.66918
15.6803
15.69634
15.71406
15.72578
15.73708
15.7481
15.75955
15.77094
15.78213
15.79325
15.80525
15.81662
15.82821
15.83889
15.85017
15.86144
15.87263
15.88619
15.89801
15.90918
15.92073
15.93234
15.94416
15.95494
15.96615
15.97802
15.989
16.00044
16.01208
16.02281
16.03397
16.04619
16.05742
16.06922
16.08075
16.09174
16.10348
16.1163
16.128
16.13879
16.14981
16.16096
16.172
16.18324
16.19534
16.20626
16.21789
16.22905
16.23984
16.25121
16.2622
16.2725
16.28358
16.29482
16.30584
16.31702
16.3284
16.3392
16.35072
16.3621
16.37288
16.3845
16.39614
16.40714
16.41841
16.43504
16.44663
16.45748
16.4688
16.47994
16.49094
16.50233
16.51367
16.52448
16.53636
16.54736
16.55836
16.56954
16.58103
16.59241
16.60346
16.61478
16.62568
16.63715
16.64864
16.65977
16.67121
16.68208
16.69382
16.70579
16.71681
16.72829
16.73934
16.74997
16.76177
16.77252
16.7837
16.79542
16.80661
16.81803
16.82985
16.84211
16.85324
16.86457
16.87587
16.88723
16.89825
16.90922
16.92054
16.93213
16.94356
16.95452
16.96542
16.97658
16.98827
17.00086
17.01244
17.02339
17.03483
17.04662
17.05734
17.07121
17.08368
17.0962
17.10866
17.12162
17.13453
17.14859
17.16686
17.18032
17.19256
17.20591
17.21893
17.23195
17.24552
17.25786
17.27086
17.28439
17.29767
17.31015
17.32298
17.3355
17.34867
17.36162
17.37552
17.38785
17.40026
17.41333
17.43459
17.45696
17.46931
17.48168
17.4943
17.50634
17.5187
17.53137
17.54307
17.55565
17.56816
17.58047
17.59175
17.60377
17.61602
17.62826
17.63981
17.65146
17.66294
17.67418
17.68992
17.70273
17.71527
17.7275
17.73926
17.75116
17.76357
17.77624
17.78903
17.80285
TARGET DESTROYED 
17.81541
17.83333
17.84605
17.85873
17.87143
17.88351
17.89601
17.90778
17.92006
17.93783
17.95034
17.9702
17.98472
17.9974
18.00893
18.02109
18.0338
18.04622
18.05817
18.07117
18.08354
18.0971
18.1095
18.12248
18.13577
18.1486
18.16121
18.17303
18.18563
18.19872
18.21196
18.22458
18.23765
18.25024
18.26385
18.27635
18.28916
18.30122
18.31347
18.32559
18.33819
18.35026
18.36239
18.37395
18.38651
18.39835
18.41108
18.42308
18.43493
18.44761
18.45971
18.47194
18.48392
18.49617
18.50826
18.52067
18.5394
18.55157
18.56379
18.57584
18.5895
18.60247
18.6158
18.62878
18.64141
18.65492
18.66773
18.68059
18.69864
18.71286
18.72559
18.73811
18.74958
18.76201
18.77391
18.78557
18.79771
18.80939
18.82194
18.83339
18.84573
18.85805
18.87001
18.88169
18.89402
18.90563
18.91724
18.93312
18.94888
18.96438
18.97973
18.99264
19.00534
19.01788
19.03116
19.04443
19.05748
19.07121
19.08485
19.09855
19.11202
19.12483
19.13823
19.15105
19.16458
19.17798
19.19107
19.20492
19.21809
19.23199
19.24619
19.25928
19.2734
19.28698
19.30018
19.3138
19.32664
19.34007
19.35315
19.3662
19.37917
19.39164
19.40465
19.41788
19.43111
19.44328
19.45667
19.47489
19.48848
19.50076
19.5139
19.52674
19.53942
19.55228
19.56532
19.5784
19.5906
19.60267
19.61462
19.62669
19.63867
19.65053
19.66315
19.67502
19.69255
19.70745
19.72065
19.7338
19.74723
19.76052
19.77346
19.78728
19.80078
19.81397
19.82716
19.84052
19.85415
19.8671
19.88091
19.89428
19.90716
19.9202
19.93309
19.94654
19.9596
19.97263
19.9854
19.99857
20.01267
20.02524
20.03789
20.05045
20.06344
20.07649
20.0903
20.10366
20.11624
20.12914
20.14144
20.15483
20.16835
20.18154
20.19431
20.20621
20.21881
20.23295
20.25078
20.26347
20.27626
20.30506
20.3187
20.33221
20.34513
20.35744
20.37031
20.38263
20.39546
20.413
20.43075
20.44872
20.46659
20.48421
20.50178
20.51892
20.53701
20.55492
20.57253
20.59052
20.60832
20.62663
20.64417
20.66225
20.67988
20.69839
20.71676
20.73392
20.75212
20.76938
20.78705
20.8055
20.82215
20.83395
20.8456
20.85641
20.86806
20.88019
20.89117
20.90359
20.915
20.9267
20.938
20.94982
20.96187
20.97308
20.98494
20.99722
21.00837
21.01962
21.03098
21.04227
21.05379
21.06503
21.08235
21.09434
21.10567
21.11718
21.12913
21.14013
21.15236
21.16415
21.1763
21.18839
21.1999
21.21269
21.22521
21.23796
21.24991
21.26253
21.27439
21.28691
21.29913
21.31159
21.32376
21.33594
21.34793
21.36095
21.37284
21.38586
21.39851
21.41085
21.42242
21.43434
21.44685
21.45947
21.47165
21.48355
21.49693
21.51212
21.52833
21.54433
21.56
21.5764
21.59381
21.60836
21.62334
21.63897
21.65366
21.66894
21.68418
21.70329
21.71847
21.73362
21.749
TARGET DESTROYED 
21.76433
21.78929
21.81006
21.82644
21.84211
21.85831
21.88007
21.89579
21.91208
21.93457
21.95197
21.96727
21.98324
21.99961
22.01631
22.03595
22.0585
22.08104
22.10337
22.12558
22.14783
22.17026
22.19267
22.215
22.23756
22.25965
22.28196
22.30443
22.32687
22.3489
22.37143
22.39409
22.4162
22.43827
22.46079
22.48288
22.50545
22.52828
22.55025
22.57226
22.59525
22.61703
22.6393
22.66165
22.68458
22.70649
22.72874
22.75092
22.76345
22.77512
22.78739
22.79985
22.81206
22.82385
22.84093
22.85324
22.86554
22.87793
22.8898
22.9024
22.91458
22.92756
22.93929
22.95136
22.96319
22.97506
22.98762
23.00033
23.01281
23.025
23.03782
23.05717
23.06983
23.08235
23.09541
23.10741
23.11991
23.13151
23.1441
23.15587
23.16827
23.18034
23.19262
23.20567
23.21865
23.23156
23.24596
23.25835
23.27077
23.28343
23.29621
23.30855
23.32105
23.3331
23.34589
23.35769
23.37145
23.38337
23.39597
23.4088
23.42117
23.43333
23.4456
23.45676
23.46846
23.48128
23.4942
23.50568
23.51753
23.52933
23.54105
23.55375
23.56569
23.57774
23.58896
23.60028
23.61724
23.62859
23.63955
23.65107
23.66267
23.67354
23.68857
23.70169
23.71399
23.72604
23.73736
23.74898
23.7612
23.7728
23.78461
23.79722
23.81002
23.82217
23.83467
23.84668
23.85925
23.87196
23.88438
23.8975
23.91061
23.9232
23.93539
23.94799
23.96095
23.97311
23.98596
23.99868
24.01163
24.02396
24.03693
24.04895
24.06157
24.07388
24.08651
24.09923
24.1122
24.12456
24.13802
24.15013
24.16242
24.17462
24.18725
24.19978
24.21235
24.22474
24.23743
24.2497
24.26227
24.27419
24.2872
24.29983
24.31234
24.32447
24.33692
24.34925
24.36391
24.37683
24.39415
24.40661
24.41936
24.43252
24.44596
24.45841
24.47083
24.48295
24.49536
24.50768
24.51994
24.53215
24.54501
24.55706
24.56968
24.58187
24.59425
24.6068
24.61909
24.63089
24.64412
24.6561
24.66831
24.68052
24.69334
24.70581
24.71801
24.72993
24.74182
24.75483
24.76705
24.77975
24.79215
24.80535
24.81729
24.82954
24.84126
24.85482
24.86762
24.88032
24.89303
24.90568
24.9179
24.92972
24.94156
24.95378
24.96599
24.97881
24.99081
25.00339
25.01568
25.02819
25.04013
25.05274
25.06539
25.07807
25.0899
25.10442
25.11647
25.12936
25.14153
25.15943
25.17237
25.18541
25.19826
25.21101
25.22321
25.23644
25.24947
25.26235
25.27498
25.28847
25.3015
25.31383
25.32651
25.33921
25.35213
25.36457
25.3773
TARGET DESTROYED 
25.38983
25.40866
25.42178
25.43426
25.44699
25.45905
25.47162
25.48409
25.49693
25.50987
25.52897
25.54261
25.55586
25.56834
25.58055
25.59285
25.60443
25.61667
25.62867
25.6403
25.6517
25.66349
25.67498
25.69107
25.70394
25.71573
25.72781
25.73985
25.75162
25.76378
25.77591
25.79167
25.80472
25.81676
25.82935
25.84141
25.85409
25.8666
25.8794
25.89147
25.9041
25.91644
25.93391
25.9465
25.9585
25.97117
25.98316
25.99594
26.00811
26.02045
26.03277
26.04535
26.05722
26.06962
26.0822
26.09552
26.10833
26.12228
26.13489
26.14714
26.15957
26.17152
26.18364
26.19619
26.20868
26.22163
26.23431
26.24693
26.25923
26.27098
26.28331
26.29626
26.30951
26.32163
26.33436
26.3467
26.35897
26.37082
26.38328
26.39513
26.40764
26.41986
26.43197
26.4446
26.45627
26.4687
26.48076
26.49331
26.50564
26.51767
26.53036
26.54246
26.55438
26.56613
26.57858
26.59047
26.6034
26.61594
26.62832
26.6399
26.65201
26.66465
26.67702
26.68908
26.70719
26.71996
26.73195
26.74473
26.75675
26.76922
26.78135
26.79394
26.80575
26.81766
26.8294
26.84107
26.85359
26.86559
26.87857
26.89057
26.9027
26.91534
26.9288
26.94036
26.95238
26.96403
26.97593
26.98795
27.00113
27.01426
27.02706
27.04019
27.05305
27.06577
27.07809
27.09049
27.10312
27.116
27.12902
27.14086
27.15369
27.16715
27.17997
27.19197
27.20426
27.2169
27.22956
27.24126
27.25374
27.26578
27.27817
27.28996
27.30296
27.31545
27.32813
27.34058
27.35314
27.36508
27.37768
27.38947
27.40213
27.41549
27.42845
27.44045
27.45307
27.46559
27.48371
27.4964
27.50905
27.52192
27.53434
27.54729
27.56004
27.57225
27.58488
27.59688
27.60921
27.62116
27.63269
27.64454
27.65596
27.66761
27.67947
27.69647
27.70916
27.7224
27.73418
27.74672
27.75878
27.77053
27.7821
27.79498
27.8067
27.81949
27.83169
27.84401
27.85597
27.8679
27.87997
27.89172
27.90328
27.9153
27.92766
27.93934
27.95186
27.96433
27.97702
27.98867
28.00081
28.0126
28.02375
28.03568
28.04769
28.06012
28.07173
28.08422
28.09655
28.10935
28.12243
28.13466
28.14616
28.15796
28.17006
28.18193
28.19417
28.20613
28.21822
28.23026
28.24793
28.26027
28.2721
28.28432
28.29597
28.30734
28.31978
28.33187
28.34418
28.35595
28.36897
28.38099
28.39273
28.40442
28.4163
28.42788
28.43964
28.45164
28.46367
28.47564
28.48771
28.49929
28.51167
28.52325
28.53565
28.54774
28.5604
28.57216
28.58454
28.59672
28.60988
28.62304
28.63596
28.64855
28.66144
28.67377
28.68639
28.69922
28.71272
28.7249
28.73754
28.74964
28.76295
TARGET DESTROYED 
28.77601
28.7945
28.80741
28.82646
28.83954
28.85139
28.8633
28.87526
28.88717
28.89934
28.91166
28.92317
28.93528
28.94731
28.95982
28.97255
28.9845
29.00144
29.01381
29.02596
29.03764
29.04969
29.06204
29.07347
29.0863
29.09773
29.11012
29.12179
29.13342
29.14467
29.15604
29.16779
29.17924
29.19151
29.2032
29.21497
29.22699
29.23865
29.25067
29.26327
29.27486
29.28663
29.29808
29.31026
29.3217
29.33332
29.34499
29.35661
29.36896
29.38098
29.39292
29.40438
29.41649
29.42812
29.44018
29.45223
29.464
29.4756
29.48713
29.49896
29.51109
29.52289
29.53469
29.54623
29.5581
29.56996
29.58175
29.59485
29.60581
29.61779
29.629
29.63997
29.65115
29.66279
29.67385
29.6892
29.70113
29.71265
29.72369
29.73459
29.74632
29.7571
29.76823
29.7794
29.80162
29.8143
29.8262
29.83798
29.85011
29.86192
29.8741
29.88629
29.89839
29.91099
29.92233
29.93414
29.9459
29.95742
29.97037
29.98194
29.99391
30.00603
30.01895
30.03182
30.04441
30.05621
30.06865
30.08128
30.09377
30.10578
30.11831
30.13058
30.14313
30.15541
30.16777
30.17957
30.19185
30.20415
30.21655
30.2292
30.24106
30.25271
30.26541
30.27779
30.28929
30.30141
30.31354
30.32547
30.33671
30.34845
30.36062
30.37208
30.38407
30.39564
30.40734
30.41949
30.43166
30.44354
30.45497
30.46718
30.47933
30.49235
30.50439
30.51625
30.5281
30.5394
30.55114
30.56287
30.57506
30.59261
30.60504
30.6177
30.63124
30.64426
30.6563
30.66854
30.68058
30.69356
30.7056
30.71744
30.72904
30.7411
30.75305
30.76465
30.777
30.78862
30.80036
30.81262
30.82545
30.83804
30.85046
30.86248
30.87414
30.88602
30.89802
30.92282
30.93558
30.94778
30.95978
30.97293
30.98496
30.9971
31.00929
31.02104
31.03433
31.04735
31.06122
31.07375
31.08698
31.0999
31.11399
31.12815
31.1406
31.15353
31.16619
31.17979
31.19357
31.2062
31.21934
31.23213
31.246
31.25933
31.27319
31.28622
31.29927
31.31315
31.3265
31.33933
31.35227
31.36554
31.37888
31.39196
31.4057
31.41881
31.43681
31.45022
31.46339
31.47703
31.49035
31.50393
31.51672
31.53036
31.5437
31.5566
31.56788
31.57984
31.59125
31.60206
31.61321
31.6254
31.63666
31.64764
31.65899
31.67033
31.68192
31.69841
31.71053
31.72182
31.73339
31.74517
31.75637
31.7683
31.77962
31.79104
31.80249
31.81577
31.82791
31.83958
31.85171
31.86368
31.87594
31.88847
31.90115
31.9149
31.92812
31.94086
31.95296
31.96508
31.97746
31.98899
32.00209
32.01445
32.02713
32.03913
32.05201
32.06456
32.07717
32.08966
32.10189
32.1147
32.12721
32.1391
32.15121
32.16449
32.17659
32.18853
32.20079
32.21292
32.22507
32.2423
32.25477
32.26735
32.27936
32.29187
32.30355
32.31579
32.32755
32.33973
32.35178
32.3641
32.37615
32.38823
32.40122
32.41378
32.42612
32.4376
32.44987
32.46214
32.47381
32.48583
32.49837
32.51138
32.52327
32.53519
32.54689
32.55844
32.57043
32.58241
32.59464
32.60665
32.61875
32.6317
32.64419
32.65668
32.66885
32.68149
32.69387
32.70665
32.71873
32.73108
32.74369
32.75517
32.76707
32.77945
32.7914
32.80376
32.81547
32.82715
32.83835
32.84978
32.86123
32.87226
32.88466
32.896
32.90756
32.91988
32.93091
TARGET DESTROYED 
32.94193
32.96909
32.98198
32.99906
33.02003
33.03275
33.04455
33.05583
33.06709
33.07834
33.0895
33.10098
33.1129
33.12495
33.13644
33.14851
33.16032
33.17242
33.18374
33.19562
33.20692
33.21821
33.22943
33.24066
33.25188
33.26381
33.27582
33.28695
33.29831
33.30982
33.32264
33.33425
33.34531
33.35703
33.36818
33.37967
33.39101
33.4025
33.4138
33.42541
33.43665
33.4484
33.45919
33.47042
33.48237
33.49404
33.50507
33.51641
33.52784
33.54245
33.55473
33.56622
33.57743
33.58838
33.59935
33.62243
33.63398
33.64448
33.65497
33.66581
33.67646
33.69103
33.70181
33.71303
33.72378
33.73497
33.746
33.75721
33.7683
33.78001
33.79988
33.81171
33.82335
33.83541
33.8472
33.85934
33.87102
33.8839
33.89543
33.90728
33.91899
33.93096
33.94497
33.95716
33.96858
33.98014
33.99226
34.00394
34.01546
34.02662
34.03758
34.04895
34.05986
34.07061
34.08183
34.09274
34.10419
34.11554
34.12675
34.13762
34.14955
34.16039
34.17158
34.18302
34.19411
34.20502
34.21616
34.22705
34.23795
34.24942
34.26008
34.27134
34.28265
34.29397
34.30462
34.31574
34.32649
34.33757
34.34863
34.36033
34.3711
34.38255
34.39358
34.4053
34.41722
34.42957
34.4412
34.45317
34.465
34.47886
34.49065
34.50249
34.51427
34.53209
34.54484
34.5568
34.56889
34.58101
34.59299
34.6049
34.61688
34.62911
34.64137
34.65338
34.66602
34.67845
34.69031
34.7026
34.71596
34.72813
34.74051
34.75304
34.76556
34.77781
34.78989
34.80175
34.81459
34.82652
34.83906
34.85059
34.86293
34.87518
34.88717
34.89982
34.91171
34.92394
34.93591
34.94809
34.9601
34.97179
34.98433
34.99669
35.00911
35.02149
35.03365
35.04564
35.05793
35.06993
35.08219
35.09406
35.10572
35.11756
35.12963
35.14145
35.15361
35.16605
35.17846
35.19131
35.20356
35.21608
35.22805
35.23955
35.25161
35.26351
35.27615
35.28819
35.3001
35.31236
35.3251
35.34228
35.35476
35.36755
35.37993
35.39271
35.40491
35.41759
35.42961
35.44161
35.4535
35.4663
35.47826
35.49043
35.50302
35.51536
35.52807
35.54018
35.55227
35.56437
35.57658
35.58889
35.60112
35.61281
35.62447
35.6364
35.64873
35.66035
35.67177
35.68415
35.70075
35.71272
35.72407
35.73544
35.74734
35.75878
35.77046
35.78203
35.79845
35.8121
35.82406
35.83673
35.84889
35.86158
35.87379
35.88608
35.89802
35.91034
35.92117
35.93243
35.94319
35.95385
35.96512
35.97634
35.98743
35.9987
36.00995
36.02071
36.03197
36.04338
36.05436
36.06565
36.07671
36.08771
36.09923
36.1104
36.12131
36.13889
36.14989
36.16105
36.17189
36.18316
36.19432
36.20509
36.21695
36.22826
36.23945
36.25061
36.26186
36.27308
36.28434
36.29616
36.30737
36.31857
36.32984
36.34098
36.35268
36.36395
36.37509
36.38716
36.39925
36.41182
36.42351
36.43457
36.44662
36.45754
36.46798
36.47892
36.48975
36.50106
36.5122
36.52461
36.53667
36.54904
36.56139
36.57415
36.58655
36.60003
36.6123
36.62463
36.63634
36.64837
36.66087
36.67292
36.68607
36.69906
36.71293
36.72502
36.73708
36.75007
36.76315
36.77547
36.78816
36.80153
36.81494
36.82773
36.84038
36.85231
36.86433
36.87519
36.88637
36.89814
36.90921
36.92557
36.93723
36.94865
36.96049
36.97158
36.98272
36.99464
37.00663
37.01815
37.03057
37.043
37.05478
37.06716
37.07862
37.09072
37.10331
37.11584
37.12784
37.1393
37.15062
37.1618
37.17294
37.18435
37.19589
37.20798
37.22017
37.23347
37.24539
37.26076
37.27357
37.28699
37.30052
37.31299
37.32826
