0.02
0.04
0.14
0.1795629
0.1919256
0.2019552
0.2115135
0.2217557
0.231271
0.2411915
0.2522168
0.263236
0.2744448
0.2860579
0.2971846
0.3078882
0.3192092
0.3304178
0.3415444
0.3527247
0.3638113
0.3749287
0.3861901
0.3972401
0.4087001
0.4198724
0.4309878
0.4420578
0.4534725
0.4646794
0.4761792
0.4868423
0.498278
0.5090864
0.5207107
0.5317418
0.5426176
0.5541437
0.5655171
0.5761501
0.5918678
0.6020488
0.6128845
0.6224652
0.6325614
0.6433481
0.6543458
0.6658568
0.6770704
0.6880265
0.6991262
0.7105564
0.7223157
0.7325897
0.743786
0.754939
0.7662582
0.7772482
0.7882514
0.7996274
0.8110842
0.8219231
0.833241
0.8442547
0.8555472
0.8685163
0.8798628
0.8913645
0.9030446
0.9138588
0.9258327
0.9359919
0.9472918
0.9600398
0.9714414
0.9822608
0.9933124
1.003798
1.015525
1.027013
1.037793
1.049346
1.060915
1.07181
1.083819
1.094879
1.105725
1.11742
1.128361
1.13946
1.151316
1.162027
1.172776
1.184276
1.195483
1.207344
1.217618
1.228823
1.240413
1.251065
1.262404
1.273357
1.284782
1.296156
1.307117
1.318157
1.329473
1.340687
1.3517
1.363089
1.373942
1.385116
1.396627
1.407456
1.418739
1.429886
1.441209
1.452168
1.463507
1.474844
1.486754
1.496963
1.508023
1.519264
1.530544
1.541567
1.553151
1.564001
1.578247
1.588047
1.598245
1.607828
1.618649
1.630101
1.640949
1.652174
1.663689
1.674669
1.685607
1.705588
1.71667
1.732618
1.743537
1.754667
1.765715
1.776034
1.787012
1.798123
1.809627
1.820105
1.830114
1.84071
1.851522
1.861592
1.871681
1.882885
1.8942
1.905141
1.916748
1.928069
1.938667
1.950062
1.961585
1.977586
1.989331
1.999979
2.010321
2.021063
2.031422
2.04818
2.061071
2.072913
2.084131
2.09527
2.106474
2.117489
2.128954
2.139914
2.150977
2.1638
2.176449
2.189229
2.202455
2.214242
2.224217
2.234676
2.244367
2.254391
2.265054
2.274816
2.284924
2.296452
2.309974
2.320371
2.330492
2.340948
2.35215
2.363433
2.374352
2.38562
2.396887
2.41187
2.422927
2.43913
2.450493
2.461884
2.473248
2.485654
2.497541
2.50857
2.519676
2.530909
2.54183
2.553425
2.56468
2.575518
2.586648
2.59778
2.60896
2.620458
2.631531
2.642635
2.653481
2.665073
2.675951
2.687213
2.698606
2.710151
2.72156
2.733466
2.743721
2.754873
2.766053
2.776511
2.788399
2.799841
2.811013
2.821536
2.832501
2.843465
2.854781
2.866173
2.877176
2.888282
2.899702
2.911038
2.92182
2.932942
2.944874
2.955773
2.967258
2.977921
2.989957
3.001551
3.012612
3.02419
3.03593
3.047216
3.058595
3.070339
3.082924
3.093669
3.104633
3.116734
3.128135
3.139208
3.155986
3.167443
3.179375
3.190748
3.202124
3.212853
3.224098
3.235072
3.246122
3.257319
3.268769
3.280018
3.291323
3.30234
3.313923
3.325096
3.335989
3.346643
3.358882
3.37026
3.38128
3.392732
3.404147
3.415881
3.427404
3.438607
3.450951
3.462909
3.474676
3.488671
3.500083
3.511081
3.521953
3.533375
3.544008
3.555138
3.566063
3.576679
3.592115
3.603746
3.615257
3.626002
3.639062
3.651421
3.662548
3.674137
3.685869
3.69746
3.708863
3.72022
3.732615
3.745243
3.75659
3.768475
3.779422
3.791098
3.803593
3.815919
3.826716
3.837778
3.849231
3.86032
3.871656
3.88288
3.893619
3.915638
3.927396
3.938752
3.950294
3.961865
3.973418
3.985238
3.996144
4.008211
4.019949
4.032076
4.043805
4.055507
4.067856
4.085308
4.096989
4.10865
4.120237
4.132409
4.143614
4.155653
4.167511
4.178652
4.190051
4.201992
4.212811
4.224739
4.23638
4.247441
4.259107
4.27028
4.281281
4.292559
4.30418
4.316023
4.326678
4.338095
4.349873
4.361008
4.372284
4.384563
4.396394
4.40759
4.418797
4.43032
4.442111
4.453186
4.463816
4.475811
4.487585
4.499559
4.511023
4.522068
4.533427
4.544202
4.555313
4.566912
4.577479
4.588197
4.599479
4.610651
4.62712
4.63882
4.650463
4.66101
4.672044
4.683719
4.694676
4.705672
4.717271
4.728319
4.739917
4.751076
4.761879
4.773683
4.785495
4.796041
4.807681
4.818898
4.829533
4.841861
4.854513
4.865837
4.876357
4.887747
4.898981
4.910095
4.921593
4.932916
4.943643
4.954797
4.966309
4.97698
4.988308
4.999765
5.010915
5.022123
5.033597
5.044395
5.055359
5.066575
5.077489
5.088706
5.100009
5.112226
5.124094
5.135386
5.146135
5.157376
5.168387
5.179081
5.190403
5.201492
5.212316
5.223714
5.234866
5.246186
5.25758
5.268676
5.279203
5.290767
5.302186
5.312523
5.323748
5.340169
5.351645
5.362404
5.374424
5.386587
5.397003
5.40834
5.41949
5.431507
5.442338
5.453782
5.464049
5.474659
5.488548
5.499446
5.509778
5.520637
5.53142
5.541762
5.552094
5.562156
5.57267
5.58291
5.597348
5.608456
5.619481
5.630358
5.641258
5.652192
5.66351
5.674815
5.685997
5.696912
5.708217
5.719599
5.730385
5.741523
5.752574
5.763714
5.774527
5.786282
5.797359
5.809207
5.820313
5.831016
5.841863
5.853682
5.865263
5.876438
5.887528
5.89895
5.90945
5.920875
5.932416
5.94325
5.954332
5.965869
5.977387
5.988313
5.999367
6.0101
6.020823
6.031983
6.042797
6.059146
6.071082
6.083167
6.094125
6.105249
6.116635
6.127832
6.139337
6.150496
6.161682
6.172374
6.183578
6.19457
6.206071
6.21734
6.228151
6.239217
6.250655
6.261515
6.272654
6.284147
6.295391
6.306931
6.317976
6.32974
6.341352
6.352682
6.363614
6.375062
6.386081
6.396428
6.407785
6.418539
6.429519
6.440621
6.451763
6.462739
6.474015
6.485951
6.497041
6.508211
6.518907
6.529945
6.541268
6.552577
6.564991
6.576148
6.587245
6.598864
6.610033
6.621583
6.633132
6.644635
6.656165
6.667765
6.679257
6.690481
6.701812
6.713489
6.72487
6.735943
6.74686
6.757929
6.774054
6.785326
6.796375
6.808507
6.820007
6.832227
6.842967
6.854118
6.866039
6.877881
6.890029
6.902308
6.913661
6.926178
6.937933
6.949868
6.961214
6.973542
6.985642
6.997096
7.009013
7.021186
7.033315
7.044208
7.054906
7.066
7.077139
7.088272
7.09948
7.110565
7.121947
7.138204
7.150208
7.161502
7.173274
7.185507
7.196762
7.208633
7.220434
7.232941
7.245117
7.256501
7.268454
7.279338
7.290944
7.302852
7.31453
7.326381
7.338267
7.350615
7.362154
7.373839
7.385895
7.397256
7.409228
7.421291
7.433335
7.44587
7.458058
7.469452
7.480851
7.492605
7.5051
7.51622
7.532597
7.543626
7.554955
7.566245
7.576822
7.591872
7.603721
7.61595
7.627297
7.638451
7.650565
7.661724
7.673201
7.685018
7.69613
7.708405
7.720173
7.731925
7.744072
7.755661
7.767385
7.778573
7.78982
7.802387
7.814731
7.826456
7.83766
7.850089
7.861564
7.873352
7.88543
7.89692
7.90982
7.921718
7.933594
7.944783
7.956737
7.968642
7.981018
7.993041
8.005051
8.017714
8.028773
8.040674
8.064801
8.076885
8.088419
8.100684
8.112731
8.124745
8.137364
8.149261
8.160605
8.171927
8.183878
8.195189
8.206705
8.218347
8.229603
8.240971
8.258059
8.271201
8.283541
8.29467
8.306114
8.318805
8.330016
8.341581
8.353281
8.365012
8.376672
8.388017
8.400365
8.411693
8.423377
8.435252
8.446531
8.458325
8.470183
8.481934
8.493573
8.505761
8.51799
8.530378
8.542054
8.553555
8.565663
8.577002
8.588449
8.600692
8.61223
8.62394
8.635058
8.646242
8.657115
8.668598
8.679804
8.690746
8.701774
8.71272
8.72806
8.74072
8.753443
8.765358
8.776576
8.787913
8.799861
8.812027
8.824043
8.836244
8.847808
8.859363
8.870904
8.882905
8.894034
8.905368
8.917828
8.929579
8.941709
8.953835
8.965709
8.976698
8.993804
9.005785
9.018148
9.029503
9.041853
9.054202
9.066384
9.077819
9.089157
9.101403
9.112851
9.124928
9.136595
9.148958
9.160652
9.172454
9.184348
9.196529
9.208465
9.220687
9.233203
9.244058
9.255443
9.267678
9.278747
9.290596
9.302154
9.313461
9.325365
9.337804
9.351766
9.364689
9.377041
9.388996
9.401425
9.413711
9.42631
9.438599
9.451787
9.464394
9.477592
9.491248
9.50311
9.515242
9.526653
9.538992
9.551619
9.563173
9.574836
9.587279
9.60403
9.61695
9.628811
9.64187
9.655184
9.668223
9.680626
9.694479
9.706906
9.719598
9.732517
9.750427
9.763382
9.776227
9.789003
9.803006
9.8163
9.828366
9.841053
9.853374
9.866954
9.879432
9.892341
9.904814
9.917732
9.930427
9.943327
9.955861
9.969348
9.982289
9.995129
10.00752
10.02003
10.03303
10.04536
10.0583
10.07073
10.08348
10.09576
10.10989
10.12333
10.13686
10.1497
10.16212
10.17576
10.18871
10.20205
10.21488
10.22815
10.24112
10.25432
10.26738
10.27966
10.29345
10.30544
10.32042
10.33562
10.35051
10.36557
10.38162
10.39624
10.41081
10.42544
10.44089
10.45529
10.4702
10.48525
10.50066
10.51576
10.5306
10.54549
10.55997
10.57473
10.5897
10.60476
10.61937
10.63401
10.64878
10.66391
10.67987
10.69511
10.7387
10.75425
10.76587
10.77847
10.79172
10.80326
10.8156
10.83051
10.84271
10.85479
10.86669
10.87798
10.88983
10.9016
10.91299
10.92584
10.93806
10.95031
10.96249
10.97435
10.98699
10.99963
11.01094
11.02253
11.03468
11.04622
11.05824
11.06993
11.08225
11.09406
11.10569
11.11748
11.12882
11.14109
11.15309
11.1653
11.17798
11.18985
11.20173
11.21332
11.22575
11.23812
11.25027
11.26191
11.27405
11.28591
11.29722
11.30941
11.3217
11.33432
11.3456
11.35722
11.36892
11.37993
11.39223
11.40547
11.41753
11.42941
11.4416
11.4533
11.47073
11.48326
11.49412
11.50558
11.51779
11.52866
11.53979
11.55127
11.56228
11.57335
11.58466
11.60103
11.61343
11.62518
11.63658
11.64843
11.66009
11.67193
11.68373
11.6953
11.70773
11.7194
11.73087
11.74295
11.75585
11.7678
11.77964
11.79131
11.8035
11.8166
11.82771
11.84008
11.85251
11.86502
11.87702
11.88885
11.90127
11.91362
11.92563
11.9369
11.94952
11.96084
11.97294
11.98454
11.9976
12.01001
12.0228
12.03522
12.04696
12.05868
12.07045
12.08243
12.09364
12.10518
12.11758
12.12977
12.14207
12.15467
12.16693
12.17883
12.19101
12.20824
12.22039
12.23374
12.24531
12.25744
12.2696
TARGET DESTROYED 
12.28143
12.30255
12.31609
12.32724
12.33893
12.35969
12.37269
12.38493
12.39642
12.40842
12.42057
12.4335
12.44481
12.45693
12.46917
12.48067
12.49309
12.50493
12.51738
12.52871
12.54053
12.55274
12.56463
12.57618
12.58803
12.60029
12.61231
12.62478
12.63724
12.64962
12.6609
12.67311
12.68524
12.69693
12.70976
12.72199
12.7355
12.74754
12.76012
12.77256
12.78493
12.79679
12.80939
12.82185
12.83448
12.84708
12.86019
12.87209
12.88459
12.89676
12.90891
12.92142
12.93899
12.95212
12.96549
12.97803
12.99081
13.00354
13.01598
13.0279
13.04018
13.05308
13.06576
13.0777
13.08985
13.10189
13.11409
13.12685
13.1389
13.15164
13.16371
13.1759
13.18811
13.20069
13.21247
13.22556
13.23799
13.25085
13.26365
13.27613
13.28803
13.29978
13.3104
13.32187
13.33372
13.34465
13.35634
13.36732
13.37813
13.38926
13.40037
13.41116
13.42302
13.43426
13.44552
13.45698
13.46879
13.48009
13.49179
13.50294
13.5135
13.52467
13.53528
13.54578
13.55632
13.5674
13.57782
13.59308
13.60494
13.6171
13.62832
13.6408
13.65252
13.66397
13.68141
13.69278
13.70409
13.71578
13.72712
13.73858
13.75018
13.76184
13.77321
13.78479
13.79572
13.80822
13.81967
13.83183
13.84279
13.85437
13.86574
13.87717
13.88835
13.90056
13.9134
13.92532
13.93654
13.9478
13.9591
13.97058
13.98259
13.99395
14.0056
14.01736
14.02825
14.04008
14.05124
14.0626
14.07433
14.08617
14.09875
14.11
14.12108
14.13321
14.14485
14.15697
14.16846
14.17993
14.19211
14.20342
14.21509
14.22718
14.23859
14.25067
14.26262
14.27497
14.28716
14.30026
14.312
14.32448
14.3366
14.34947
14.36074
14.3727
14.38481
14.39726
14.41541
14.42737
14.43928
14.45141
TARGET DESTROYED 
14.46289
14.48083
14.49419
14.50715
14.51946
14.53223
14.54489
14.56458
14.5778
14.58984
14.60174
14.61362
14.62572
14.63805
14.65047
14.66193
14.67376
14.68551
14.69778
14.70936
14.72176
14.73425
14.74603
14.758
14.77057
14.78889
14.80148
14.81373
14.82515
14.83628
14.84831
14.85933
14.87045
14.88287
14.89403
14.90569
14.91869
14.93005
14.9414
14.95238
14.9642
14.97573
14.98728
14.99963
15.01091
15.02233
15.03345
15.04456
15.05666
15.06769
15.07866
15.09018
15.10177
15.11395
15.12574
15.14371
15.15784
15.17184
15.18544
15.1977
15.20966
15.22247
15.23503
15.2473
15.25969
15.27212
15.2842
15.29647
15.30905
15.32139
15.33356
15.34521
15.3572
15.3695
15.38207
15.39412
15.40659
15.41883
15.43108
15.44317
15.45533
15.46821
15.48072
15.4936
15.50684
15.5185
15.53065
15.54274
15.55501
15.5667
15.57814
15.59426
15.60694
15.61976
15.63225
15.64429
15.65665
15.66878
15.68062
15.69319
15.70543
15.71822
15.72965
15.74253
15.7547
15.76725
15.77994
15.79295
15.80568
15.81914
15.83318
15.84546
15.85774
15.87041
15.88309
15.90115
15.91323
15.92563
15.93762
15.95063
15.96235
15.9751
15.9872
16.00009
16.01223
16.02441
16.03712
16.05
16.0622
16.07479
16.08678
16.0999
16.11197
16.12422
16.13606
16.14823
16.16052
16.17324
16.18524
16.19783
16.20985
16.22265
16.23578
16.24804
16.26018
16.27215
16.30745
16.32092
16.33354
16.34637
16.35885
16.37118
16.38359
16.39586
16.40818
16.42127
16.43449
16.4472
16.46121
16.47523
16.48802
16.50143
16.51434
16.52753
16.5395
16.55165
16.56355
16.57644
16.58855
16.60088
16.61278
16.62523
16.63725
16.64981
16.66129
16.67911
16.69163
16.70369
16.71599
16.7282
16.74053
16.75294
16.76556
16.77916
16.79225
16.80496
16.81803
16.82988
TARGET DESTROYED 
16.8424
16.85997
16.87253
16.885
16.90554
16.91948
16.93203
16.94408
16.95612
16.96815
16.98055
16.99346
17.00607
17.01888
17.03075
17.04272
17.05533
17.06765
17.07962
17.09213
17.10368
17.11527
17.1265
17.14903
17.16078
17.17356
17.18572
17.19782
17.20943
17.22145
17.23364
17.24538
17.25788
17.27048
17.28266
17.29454
17.30698
17.31881
17.33094
17.34237
17.35514
17.3671
17.37858
17.39159
17.40366
17.42104
17.43322
17.44493
17.45739
17.46923
17.48182
17.49494
17.50773
17.52055
17.53464
17.5469
17.5592
17.57195
17.58468
17.60239
17.61621
17.62894
17.64237
17.65538
17.67054
17.68401
17.69719
17.71074
17.72565
17.73895
17.75434
17.76843
17.78337
17.7988
17.81687
17.83113
17.84615
17.86117
17.87587
17.89001
17.90542
17.91977
17.93444
17.94921
17.96493
17.98048
17.99639
18.01257
18.02835
18.04422
18.05996
18.07538
18.09052
18.10634
18.1219
18.13779
18.15429
18.1682
18.182
18.19398
18.21015
18.22319
18.24116
18.25401
18.26643
18.27824
18.29063
18.30269
18.31511
18.32693
18.33919
18.35169
18.36357
18.37562
18.38769
18.40042
18.41234
18.42472
18.43676
18.44865
18.46025
18.47279
18.48479
18.49663
18.5086
18.52048
18.54265
18.56299
18.58366
18.60429
18.62455
18.64475
18.66641
18.68637
18.70659
18.72694
18.74748
18.76771
18.78813
18.80829
18.82809
18.85014
18.87239
18.89483
18.91718
18.94002
18.96201
18.98405
19.0064
19.02868
19.05113
19.07339
19.09597
19.11823
19.14348
19.16418
19.18534
19.20739
19.22993
19.25253
19.27452
19.29682
19.31938
19.34142
19.36373
19.38628
19.4088
19.43092
19.45312
19.47562
19.49556
19.51556
19.53509
19.55465
19.56652
19.5774
19.59248
19.60457
19.61671
19.62832
19.64034
19.65224
19.66405
19.67608
19.68796
19.6993
19.7106
19.72286
19.73463
19.74645
19.75792
19.76992
19.78208
19.79359
19.80676
19.81861
19.83053
19.84212
19.8534
19.86571
19.87815
19.88957
19.90073
19.91172
19.92359
19.9349
19.94623
19.9578
19.96893
19.98607
19.99908
20.01322
TARGET DESTROYED 
20.02733
20.04644
20.06562
20.07864
20.09037
20.10244
20.11488
20.12589
20.13762
20.1498
20.16129
20.17395
20.18632
20.19852
20.21098
20.22339
20.23548
20.24781
20.25968
20.27234
20.28415
20.29643
20.30808
20.32007
20.33166
20.34301
20.35522
20.36674
20.37813
20.38998
20.40166
20.41382
20.42507
20.43689
20.44796
20.45912
20.47146
20.48322
20.49406
20.50691
20.51845
20.53027
20.54179
20.55349
20.56562
20.57712
20.58881
20.60023
20.61178
20.62291
20.63461
20.64614
20.65767
20.66955
20.68195
20.69309
20.7045
20.71648
20.73308
20.74539
20.75716
20.76853
20.78015
20.79146
20.80293
20.81602
20.82718
20.83859
20.84986
20.86062
20.87197
20.88337
20.89493
20.90747
20.91887
20.9309
20.94186
20.95295
20.96459
20.97635
20.98851
21.00007
21.01111
21.02287
21.03436
21.0458
21.05695
21.07015
21.08208
21.09315
21.10528
21.11763
21.13024
21.14165
21.15371
21.1658
21.17732
21.18947
21.20099
21.21272
21.22372
21.23552
21.24794
21.25961
21.27193
21.28426
21.29631
21.30779
21.31963
21.33176
21.34333
21.35534
21.36754
21.37947
21.39072
21.40278
21.4145
21.42573
21.4383
21.45018
21.46147
21.47833
21.49031
21.5014
21.51229
21.52304
21.53413
21.54517
21.5562
21.5677
21.57834
21.59332
21.60489
21.61724
21.62834
21.63997
21.65183
21.6636
21.67623
21.68841
21.70013
21.71215
21.72433
21.73688
21.74922
21.76083
21.77301
21.78532
21.79734
21.80979
21.82183
21.83394
21.84629
21.85792
21.87001
21.88265
21.89434
21.9074
21.91905
21.93138
21.94371
21.9557
21.96729
21.97906
21.99071
22.00259
22.01515
22.02683
22.0386
22.05011
22.06136
22.07342
22.08479
22.09614
22.10717
22.11864
22.13019
22.1417
22.15373
22.16589
22.17682
22.18952
22.20149
22.21877
22.23033
22.24171
22.25364
22.26532
22.27682
22.28854
22.29986
22.31143
22.32391
22.33621
22.34763
22.35938
22.37109
22.38263
22.39414
22.40616
22.41771
22.4294
22.44101
22.4534
22.46549
22.47745
22.48922
22.50054
22.51216
22.52424
22.53615
22.54773
22.55927
22.57124
22.58237
22.59345
22.60551
22.61758
22.63007
22.64134
22.65323
22.66518
22.6768
22.68853
22.7001
22.71204
22.72389
22.73531
22.74691
22.75956
22.772
22.78336
22.79446
22.80698
22.81977
22.8331
22.8454
22.8578
22.86987
22.88259
22.89345
22.90475
22.91605
22.92778
22.93944
22.9506
22.96758
22.98033
22.99243
23.00439
23.01667
23.02794
23.04019
23.05198
23.06354
23.07487
23.08636
23.09835
23.11007
23.12186
23.13358
23.14523
23.15741
23.16931
23.18142
23.19374
23.20614
23.21821
23.22987
23.24098
23.25232
23.2638
23.27511
23.28673
23.29871
23.31002
23.32231
23.3337
23.34478
23.35665
23.36794
23.37955
23.3917
23.40334
23.41537
23.42672
23.43873
23.45133
23.46328
23.47525
23.48663
23.49793
23.50953
23.52049
23.53103
23.54138
23.55296
23.56377
23.57508
23.58653
23.60296
23.61502
23.62622
23.63789
23.64934
23.66103
23.67279
23.6843
23.69597
23.71304
23.72521
23.73658
23.74824
23.76034
23.77161
TARGET DESTROYED 
23.78332
23.80028
23.81342
23.82469
23.8363
23.8482
23.85926
23.87105
23.88268
23.89281
23.90455
23.91561
23.93256
23.94426
23.95533
23.96597
23.97713
23.98802
23.99975
24.01042
24.02188
24.03345
24.04399
24.0552
24.06675
24.07758
24.08877
24.10009
24.11102
24.12211
24.13362
24.14478
24.15566
24.16711
24.1779
24.1896
24.20045
24.21152
24.22312
24.234
24.2451
24.25616
24.26764
24.27866
24.28983
24.30115
24.31212
24.32317
24.33468
24.34559
24.35682
24.36794
24.37937
24.39042
24.40147
24.41272
24.42883
24.43937
24.44986
24.46025
24.47058
24.48161
24.49258
24.50368
24.51538
24.52603
24.53806
24.54887
24.55964
24.57079
24.58226
24.59303
24.6044
24.61563
24.6266
24.63771
24.64927
24.66025
24.67125
24.68264
24.69395
24.70487
24.71625
24.7272
24.73837
24.74966
24.76075
24.77181
24.7832
24.79439
24.80583
24.81742
24.82884
24.8403
24.85168
24.86844
24.87966
24.89015
24.90081
24.91154
24.92232
24.93249
24.94298
24.95399
24.96428
24.97548
24.98657
24.99684
25.00761
25.01827
25.02895
25.0401
25.05072
25.06143
25.0722
25.08307
25.09402
25.10599
25.11674
25.12761
25.14402
25.15538
25.16582
25.17672
25.18784
25.1992
25.21012
25.22137
25.23221
25.24302
25.25407
25.2649
25.27566
25.28715
25.29741
25.30825
25.31992
25.3305
25.34111
25.35262
25.36325
25.37435
25.38564
25.39666
25.40792
25.41898
25.43029
25.44143
25.45275
25.46372
25.47539
25.48646
25.49727
25.50846
25.51985
25.53129
25.54268
25.55403
25.5657
25.57664
25.58798
25.60365
25.6142
25.62466
25.63548
25.6467
25.65732
25.66766
25.67807
25.68859
25.7001
25.71154
25.722
25.73344
25.74454
25.75554
25.76699
25.77792
25.78927
25.8006
25.81284
25.82348
25.83385
25.8453
25.86209
25.87312
25.88426
25.89484
25.90676
25.91708
25.92782
25.93825
25.94894
25.95896
25.97019
25.98027
25.99081
26.00146
26.01247
26.0229
26.033
26.04409
26.05565
26.0669
26.07729
26.08805
26.09979
26.11042
26.12186
26.13316
26.144
26.15502
26.16636
26.17744
26.18867
26.20005
26.21108
26.22225
26.23344
26.24455
26.25601
26.26693
26.27817
26.28914
26.30045
26.31153
26.32276
26.33441
26.34628
26.35715
26.36876
26.38022
26.39219
26.40306
26.41502
26.42591
26.43731
26.44907
26.46045
26.47192
26.48332
26.49439
26.50601
26.51735
26.52877
26.53982
26.55128
26.56233
26.57343
26.58918
26.59999
26.61082
26.62155
26.63207
26.64265
26.65339
26.66365
26.67456
26.6897
26.70095
26.71151
26.72177
26.73238
26.74289
26.75394
26.76403
26.77414
26.78473
26.79518
26.80586
26.81649
26.82732
26.83753
26.84783
26.85891
26.87014
26.88142
26.89261
26.90399
26.91496
26.92581
26.93704
26.94839
26.95936
26.97069
26.98171
26.99282
27.00403
27.01557
27.02673
27.03757
27.04938
27.06007
27.07113
27.08251
27.09338
27.10449
27.11573
27.12695
27.13799
27.14953
27.1609
27.17211
27.1839
27.19533
27.207
TARGET DESTROYED 
27.21847
27.2338
27.24488
27.25494
27.26474
27.27627
27.28759
27.30311
27.31337
27.32362
27.33383
27.34425
27.35468
27.36541
27.38311
27.3953
27.40611
27.41754
27.42849
27.43963
27.45094
27.46209
27.47388
27.48454
27.49564
27.50678
27.51883
27.52895
27.5405
27.55155
27.56271
27.57375
27.58476
27.59888
27.60915
27.62006
27.63012
27.64076
27.65255
27.66305
27.67445
27.68537
27.69652
27.70787
27.71885
27.73012
27.74112
27.75232
27.76361
27.7747
27.78595
27.79723
27.80815
27.81947
27.83094
27.84181
27.8531
27.86396
27.87548
27.88699
27.89897
27.91008
27.92149
27.93326
27.94456
27.95613
27.96774
27.97917
27.99082
28.00227
28.01361
28.02518
28.0365
28.05269
28.0631
28.0735
28.08398
28.0944
28.1051
28.11564
28.12559
28.13637
28.14748
28.1577
28.16818
28.17838
28.18838
28.19986
28.21107
28.22202
28.2331
28.24425
28.25533
28.26667
28.27781
28.28893
28.30036
28.31155
28.32219
28.33374
28.34471
28.3558
28.36715
28.37848
28.38951
28.4007
28.4123
28.42284
28.43398
28.44512
28.45689
28.46803
28.47939
28.49095
28.50233
28.51377
28.52516
28.53656
28.54783
28.55961
28.57125
28.58232
28.59345
28.60487
28.61665
28.62801
28.63864
28.65079
28.66164
28.67319
28.68436
28.69567
28.70687
28.71799
28.72905
28.74044
28.75137
28.76259
28.77411
28.78506
28.79731
28.81577
28.82821
28.84072
28.85299
28.86528
28.87783
28.89071
28.90291
28.91534
28.9281
28.94089
28.95369
28.96611
28.97882
28.99132
29.00407
29.01573
29.02753
29.04004
29.05262
29.06529
29.07744
29.09029
29.10295
29.11546
29.128
29.14061
29.15299
29.16582
29.17902
29.19226
29.20477
29.21752
29.2301
29.24296
29.25621
29.2689
29.28162
29.29394
29.30647
29.31874
29.3317
29.3444
29.35687
29.36942
29.38213
29.39522
29.40789
29.42086
29.43369
29.44636
29.45857
29.47209
29.48458
29.49641
29.50834
29.52016
29.53294
29.54465
29.55674
29.5696
29.58168
29.59745
29.60992
29.62303
29.64012
29.65259
29.66528
29.67818
29.69084
29.70393
29.71685
29.72933
29.74218
29.75525
29.76832
29.78118
29.7934
29.80636
29.81904
29.83148
29.8434
29.85583
29.86837
29.88127
29.89315
29.90611
29.91901
29.93237
29.94526
29.95715
29.96993
29.98323
29.99569
30.00853
30.02132
30.03405
30.04627
30.0589
30.07195
30.08447
30.09703
30.11077
30.12373
30.13656
30.15001
30.16287
30.17588
30.18894
30.20163
30.21497
30.22972
30.24273
30.25614
30.26919
30.28207
30.29468
30.30716
30.32018
30.33385
30.34698
30.36007
30.37284
30.3853
30.39812
30.41081
30.42384
30.43657
30.45473
30.46743
30.48104
30.4935
30.50702
30.51973
30.53253
30.54536
30.5574
30.5707
TARGET DESTROYED 
30.58338
30.61329
30.62659
30.63929
30.65204
30.6743
30.68852
30.70069
30.71289
30.72518
30.73798
30.75038
30.76305
30.77594
30.78864
30.80144
30.81445
30.82663
30.83922
30.85217
30.8647
30.87742
30.89006
30.90277
30.91538
30.92727
30.93954
30.95236
30.96569
30.97877
30.99178
31.00487
31.0173
31.02963
31.04156
31.0544
31.06722
31.07973
31.09147
31.10332
31.11469
31.126
31.13808
31.15055
31.1624
31.17417
31.18705
31.20432
31.21742
31.23061
31.24244
31.25509
31.26724
31.27977
31.29183
31.30412
31.31615
31.32817
31.34008
31.35289
31.36565
31.37805
31.39037
31.40277
31.41521
31.42731
31.43885
31.45037
31.46106
31.47224
31.48385
31.49431
31.50556
31.51689
31.52803
31.5391
31.55046
31.56156
31.57236
31.58389
31.59926
31.61131
31.62256
31.6339
31.64529
31.65643
31.66828
31.67959
31.69064
31.70247
31.71394
31.72525
31.7369
31.74768
31.75898
31.77085
31.78278
31.79452
31.80691
31.81832
31.82953
31.84066
31.85205
31.86288
31.87408
31.88574
31.89701
31.91005
31.92112
31.93285
31.94407
31.95543
31.96666
31.97798
31.9946
32.00683
32.01942
32.03046
32.04184
32.05386
32.06633
32.07772
32.08916
32.10041
32.11226
32.12435
32.13605
32.14679
32.15789
32.16975
32.18081
32.19242
32.20379
32.21532
32.22766
32.23889
32.25108
32.26255
32.27387
32.2865
32.29786
32.30986
32.32108
32.33282
32.34366
32.35465
32.36602
32.37664
32.38866
32.40033
32.41113
32.422
32.43287
32.44405
32.45481
32.46653
32.47799
32.48917
32.5002
32.51134
32.5224
32.53358
32.54495
32.55595
32.56696
32.5778
32.58921
32.60136
32.61273
32.62418
32.63589
32.64684
32.65831
32.66972
32.68132
32.69209
32.70406
32.71517
32.72955
32.74243
32.75873
32.77012
32.78368
