0.02
0.04
0.14
0.1814685
0.1958818
0.2080289
0.2197921
0.2313766
0.2413737
0.2524099
0.2622813
0.2724469
0.2826076
0.2929471
0.3047295
0.3145306
0.3244197
0.3345955
0.3451293
0.3571036
0.3681626
0.3792152
0.3898209
0.4011616
0.4120778
0.423686
0.434414
0.4460033
0.4613222
0.47154
0.4810823
0.4927284
0.5036035
0.5135997
0.5237425
0.5349779
0.5463542
0.5577487
0.5684519
0.579672
0.5908712
0.6025721
0.6130591
0.6244171
0.6356977
0.6465928
0.6580535
0.669047
0.6802536
0.6912866
0.7025101
0.7136753
0.7252945
0.7361597
0.7471699
0.7586427
0.769688
0.7808246
0.792291
0.8031585
0.8141425
0.8254122
0.8366294
0.8477083
0.8592463
0.8701561
0.8811022
0.896066
0.9071436
0.9188218
0.9298426
0.9411403
0.9525182
0.9638951
0.9752175
0.986544
0.9978677
1.009495
1.02017
1.031625
1.042673
1.055804
1.067552
1.079572
1.090831
1.102538
1.112802
1.123971
1.134564
1.14459
1.154523
1.165077
1.17521
1.185224
1.195137
1.205593
1.216479
1.227385
1.238924
1.249934
1.261044
1.272298
1.283653
1.2945
1.305563
1.320521
1.330585
1.34079
1.350753
1.362266
1.373014
1.38385
1.39528
1.406229
1.417622
1.428519
1.440005
1.451178
1.462073
1.473231
1.485035
1.495992
1.507627
TARGET DESTROYED 
1.518626
1.537322
1.547819
1.569103
1.580571
1.590914
1.601433
1.611806
1.621715
1.631568
1.642181
1.652056
1.663009
1.674291
1.685389
1.696576
1.707764
1.719698
1.730114
1.741211
1.752625
1.763647
1.774696
1.786148
1.797573
1.808288
1.819714
1.830536
1.841936
1.853265
1.864326
1.875051
1.887066
1.897706
1.90934
1.920237
1.931075
1.942465
1.953785
1.964739
1.975806
1.987375
1.998323
2.009323
2.020847
2.031544
2.042926
2.054133
2.065419
2.076329
2.087583
2.09856
2.110098
2.120945
2.136988
2.147719
2.15851
2.169426
2.179893
2.191153
2.201697
2.212828
2.224038
2.235349
2.246283
2.25736
2.268831
2.27985
2.290825
2.302328
2.31396
2.324403
2.336262
2.346935
2.357968
2.369343
2.380288
2.391317
2.402878
2.413867
2.424984
2.436218
2.447409
2.458576
2.470558
2.480853
2.492567
2.503498
2.515142
2.526024
2.537987
2.548562
2.560714
2.57288
2.583267
2.593791
2.60551
2.616948
2.628039
2.639327
2.65138
2.661974
2.673245
2.684781
2.695558
2.70683
2.718337
2.729307
2.740415
2.751841
2.762717
2.77371
2.785322
2.796215
2.807642
2.818677
2.829639
2.841328
2.852334
2.863076
2.874449
2.885976
2.896835
2.908208
2.919297
2.930118
2.941411
2.952569
2.963963
2.974778
2.986367
3.002077
3.012383
3.022789
3.032613
3.043922
3.054506
3.064545
3.075191
3.085163
3.09516
3.105715
3.11625
3.12729
3.13799
3.148983
3.160082
3.171588
3.182783
3.193815
3.205663
3.216011
3.22733
TARGET DESTROYED 
3.238463
3.253916
3.26472
3.275865
3.293272
3.307331
3.317744
3.327831
3.33855
3.351125
3.361397
3.372206
3.384328
3.394693
3.405477
3.417416
3.429076
3.439557
3.450475
3.461527
3.472555
3.48395
3.495644
3.506506
3.517484
3.529313
3.539874
3.550829
3.561989
3.57349
3.585866
3.597113
3.608747
3.619364
3.630194
3.640687
3.651612
3.662428
3.673611
3.684978
3.695841
3.707159
3.71854
3.730145
3.74123
3.752565
3.762842
3.774292
3.786026
3.798022
3.808941
3.820463
3.835612
3.845522
3.85612
3.86712
3.877954
3.889169
3.900755
3.911326
3.922566
3.934116
3.945239
3.956003
3.967621
3.978398
3.989515
4.001018
4.011956
4.023663
4.035126
4.045487
4.058103
4.069567
4.079596
4.090167
4.101497
4.1124
4.123714
4.134933
4.146083
4.157229
4.168545
4.179343
4.19118
4.20233
4.213472
4.22447
4.235841
4.247261
4.258292
4.269942
4.280934
4.292288
4.303689
4.314938
4.326292
4.337773
4.348609
4.359945
4.371323
4.382681
4.393354
4.40452
4.415957
4.427085
4.438241
4.449656
4.461252
4.472116
4.482908
4.494091
4.505033
4.517103
4.528356
4.539478
4.549751
4.560952
4.572085
4.584045
4.594563
4.60607
4.617539
4.628133
4.639215
4.650786
4.661657
4.672592
4.68815
4.699021
4.709496
4.720591
4.730904
4.74155
4.752237
4.763044
4.773764
4.784524
4.794801
4.805491
4.815825
4.82645
4.837235
4.847395
4.858345
4.869553
4.880677
4.892023
4.902974
4.914311
4.925207
4.936555
4.947714
4.958783
4.970052
4.981167
4.992206
5.003708
5.01453
5.026143
5.037323
5.048133
5.059301
5.070536
5.081923
5.09303
5.104571
5.116194
5.127791
5.138866
5.150737
5.161623
5.173529
5.184505
5.195547
5.20759
5.218602
5.229685
5.24083
5.252692
5.263429
5.275067
5.286753
5.297683
5.309058
5.320726
5.331558
5.342984
5.354243
5.365158
5.378181
5.389523
5.399634
5.410428
5.42119
5.431924
5.443035
5.454498
5.465428
5.477038
5.487915
5.498948
5.510179
5.521404
5.537157
5.547345
5.557767
5.569273
5.58003
5.59146
5.60423
5.615594
5.627452
5.638477
5.65075
5.661806
5.67314
5.684408
5.69556
5.706993
5.718378
5.729587
5.741192
TARGET DESTROYED 
5.753032
5.770153
5.781985
5.79961
5.812386
5.823345
5.835186
5.846418
5.858093
5.869639
5.880802
5.8921
5.903592
5.914772
5.925823
5.937145
5.948175
5.959512
5.97087
5.981498
5.993028
6.004406
6.015401
6.026793
6.038477
6.049549
6.060967
6.072921
6.084438
6.095678
6.107527
6.12
6.131031
6.142159
6.15342
6.16445
6.176488
6.187734
6.198492
6.216122
6.227509
6.239372
6.250508
6.262163
6.273494
6.285311
6.296559
6.30804
6.319651
6.332073
6.343416
6.354659
6.365554
6.377673
6.389016
6.406467
6.417984
6.429025
6.44069
6.452081
6.463688
6.474949
6.487031
6.499111
6.510796
6.523029
6.534858
6.5459
6.557369
6.569003
6.579924
6.591267
6.602862
6.614778
6.625989
6.637798
6.649002
6.660232
6.672163
6.683589
6.694858
6.706459
6.717921
6.729205
6.740686
6.753046
6.764543
6.776075
6.78803
6.799724
6.811683
6.823624
6.835063
6.845982
6.857172
6.868946
6.880527
6.89092
6.90201
6.912988
6.924228
6.935349
6.946333
6.957708
6.969038
6.979891
6.991098
7.002589
7.013481
7.025145
7.036711
7.047441
7.058721
7.070521
7.08218
7.093523
7.105105
7.116734
7.129213
7.140571
7.152127
7.163326
7.175203
7.186712
7.198495
7.2098
7.221581
7.233479
7.244791
7.256403
7.267752
7.284368
7.295897
7.307122
7.318911
7.330095
7.341282
7.353045
7.364333
7.37645
7.388132
7.400298
7.411963
7.423297
7.434839
7.446021
7.457595
7.469333
7.480723
7.492843
7.505756
7.51707
7.529047
7.54054
7.552135
7.563438
7.57525
7.58688
7.598407
7.610921
7.6231
7.634976
7.64659
7.658182
7.669566
7.681073
7.692548
7.704376
7.715777
7.728314
7.739704
7.752526
7.763714
7.775407
7.787318
7.798921
7.810292
7.822065
7.83393
TARGET DESTROYED 
7.845652
7.86293
7.87419
7.885602
7.896935
7.9083
7.920235
7.931847
7.942886
7.960224
7.971842
7.982291
7.992804
8.003803
8.013984
8.025818
8.036898
8.046963
8.057778
8.069324
8.079484
8.090312
8.100951
8.115285
8.126447
8.137019
8.14703
8.162521
8.173326
8.183573
8.194166
8.205226
8.215468
8.226022
8.23675
8.247247
8.258065
8.26865
8.278702
8.289786
8.3005
8.310939
8.321848
8.332829
8.344065
8.354792
8.365044
8.376909
8.387815
8.398909
8.40993
8.420789
8.432002
8.443116
8.454645
8.465498
8.476687
8.487761
8.498897
8.51022
8.521386
8.533412
8.544261
8.554934
8.566821
8.577821
8.588889
8.601116
8.612684
8.625899
8.637097
8.648308
8.6593
8.670418
8.681337
8.692887
8.704964
8.716137
8.727358
8.738492
8.749985
8.761374
8.772672
8.783664
8.794596
8.805634
8.816399
8.827754
8.838893
8.849819
8.86097
8.871988
8.883212
8.89445
8.906269
8.917337
8.928593
8.939677
8.951185
8.962506
8.973756
8.984978
8.995571
9.006783
9.018079
9.03599
9.047033
9.058122
9.068881
9.079898
9.091307
9.102239
9.113321
9.124463
9.135917
9.146998
9.158719
9.169478
9.180317
9.1919
9.202971
9.213963
9.224975
9.236447
9.247457
9.258821
9.269907
9.28086
9.292133
9.303319
9.314401
9.325851
9.336765
9.348134
9.35926
9.37052
9.381533
9.392854
9.404311
9.414888
9.426218
9.437336
9.448511
9.459734
9.471555
9.482978
9.494411
9.505566
9.517653
9.529454
9.539898
9.551595
9.562624
9.574159
9.585583
9.59718
9.608605
9.620001
9.63309
9.644428
9.655331
9.666136
9.676629
9.688057
9.699143
9.710247
9.72151
9.73251
9.743831
9.755235
9.766997
9.777578
9.788742
9.799734
9.810728
9.822227
9.833874
9.84549
9.856911
9.868246
9.879316
9.890926
9.906673
9.917297
9.928866
9.939963
9.951502
9.962354
9.973691
9.985075
9.995746
10.00719
10.01825
10.02976
10.04053
10.05204
10.06299
10.07408
10.08537
10.09693
10.1076
10.11871
10.13008
10.14111
10.15218
10.16335
10.17606
10.18732
10.19806
10.20882
10.21966
10.23055
10.24146
10.25282
10.26392
10.27536
10.28706
10.29825
10.30949
10.32087
10.33235
10.34377
10.35508
10.36703
TARGET DESTROYED 
10.37806
10.39386
10.40503
10.41664
10.42766
10.43925
10.45685
10.46966
10.48022
10.49233
10.50365
10.51422
10.52551
10.53669
10.54706
10.55826
10.56928
10.58134
10.59265
10.60405
10.61458
10.62628
10.6376
10.64887
10.65974
10.67039
10.68061
10.69188
10.70294
10.71383
10.72489
10.73599
10.74669
10.75775
10.77374
10.78521
10.79554
10.8065
10.8172
10.82768
10.83863
10.84905
10.85967
10.87056
10.8814
10.89233
10.90341
10.9141
10.92588
10.93786
10.94835
10.95959
10.97045
10.98129
10.99236
11.00374
11.01427
11.02577
11.03655
11.04704
11.05823
11.06923
11.07984
11.09066
11.10179
11.11341
11.12416
11.1353
11.14699
11.15934
11.17144
11.18318
11.19553
11.20758
11.2216
11.23342
11.24548
11.25773
11.27031
11.28202
11.29402
11.30596
11.31851
11.33032
11.34258
11.35485
11.36731
11.37997
11.39214
11.40443
11.41674
11.42861
11.44117
11.45355
11.46577
11.47773
11.49024
11.50329
11.5149
11.52698
11.53948
11.55181
11.56412
11.57652
11.58862
11.60086
11.61347
11.6255
11.63774
11.65099
11.66289
11.6801
11.6924
11.7049
11.72144
11.73345
11.74535
11.75757
11.77017
11.78185
11.79436
11.80677
11.81931
11.83127
11.84389
11.85674
11.86943
11.88154
11.89376
11.90643
11.91874
11.93081
11.94365
11.9564
11.96867
11.9809
11.99356
12.00645
12.0183
12.03183
12.04431
12.05648
12.06934
12.09004
12.10287
12.11504
12.1273
12.13985
12.15178
12.16364
12.17547
12.18769
12.19985
12.21202
12.22471
12.23772
12.2501
12.26242
12.27425
12.28672
12.29888
12.31083
12.32326
12.3354
12.34841
12.3613
12.37317
12.38554
12.39763
12.41082
12.42389
12.43608
12.44898
12.46102
12.47373
12.48676
12.49933
12.51027
12.52167
12.53405
12.54507
12.55619
12.56817
12.57909
12.59011
12.601
12.61258
12.62377
12.63496
12.65122
12.66416
12.67663
12.68796
12.69965
12.71131
12.72324
12.73473
12.74562
12.75673
12.76974
12.78076
12.7922
12.80361
12.81438
12.82534
12.83648
12.84711
12.85815
TARGET DESTROYED 
12.86946
12.88546
12.89589
12.90668
12.91756
12.92839
12.93972
12.95739
12.97091
12.9819
12.9935
13.01057
13.02314
13.03479
13.04588
13.05746
13.06924
13.08163
13.09341
13.10555
13.11751
13.12919
13.14104
13.15281
13.164
13.17618
13.18859
13.20008
13.21209
13.22388
13.23526
13.24707
13.25834
13.27018
13.28271
13.29424
13.30564
13.31771
13.32951
13.34111
13.3529
13.36462
13.37608
13.38821
13.39981
13.41181
13.4238
13.43636
13.44784
13.45931
13.47096
13.48302
13.49514
13.50717
13.51931
13.53123
13.54294
13.55489
13.56645
13.57805
13.59444
13.60669
13.61916
13.63121
13.64233
13.65393
13.66461
13.67667
13.68853
13.69949
13.71071
13.72227
13.7335
13.74446
13.75665
13.76852
13.77942
13.79057
13.80183
13.81282
13.82396
13.83538
13.84652
13.85762
13.86912
13.88002
13.89166
13.90255
13.91346
13.92496
13.93611
13.94703
13.95836
13.97117
13.98196
13.99351
14.00591
14.01789
14.03136
14.04357
14.05587
14.06903
14.08121
14.0937
14.10633
14.11877
14.13049
14.14259
14.15496
14.16704
14.17907
14.19164
14.2047
14.21709
14.22925
14.24119
14.25345
14.26594
14.27874
14.29107
14.30442
14.31763
14.33048
14.34333
14.35574
14.36797
14.38047
14.39281
14.4058
14.41823
14.43049
14.4425
14.45467
14.46668
14.47891
14.49182
14.5055
14.51787
14.53122
14.54351
14.55534
14.56827
14.5806
14.5995
14.61219
14.62429
14.63703
14.64914
14.66018
14.67184
14.68459
14.69611
14.70837
14.72075
14.7324
14.74387
14.75585
14.7679
14.77959
14.79119
14.80312
14.81472
14.82701
14.84749
14.86784
14.88832
14.90859
14.92014
14.9307
14.94082
14.95182
14.96209
14.97304
14.98335
14.99539
15.00598
15.01665
15.02794
15.03912
15.04947
15.06017
15.07082
15.08133
15.09202
15.10268
15.11319
15.12484
15.1357
15.1461
15.15695
15.16851
15.17921
15.18976
15.20121
15.21219
15.22423
15.23638
15.2477
15.2595
15.27142
15.28647
15.29722
15.30825
15.31931
15.33061
15.34167
15.35318
15.36479
15.37615
15.38724
15.39848
15.41035
15.42171
15.43302
15.44415
15.45536
15.46629
15.47706
15.4893
15.50093
15.51172
15.52288
15.53463
15.54522
15.55656
15.56866
15.58553
15.59811
15.61093
15.6234
15.6363
15.64863
15.66133
15.67415
15.68856
15.70144
15.71384
15.72612
15.73937
15.75241
15.76462
15.77808
15.79081
15.8038
15.81595
15.82854
15.84149
15.85295
15.86387
15.87524
15.88721
15.89884
15.90992
15.92054
15.93099
15.94222
15.95296
15.96362
15.97412
15.98482
15.9954
16.00624
16.01668
16.02769
16.03873
16.05058
16.06123
16.07217
16.0837
16.09456
16.10649
16.11715
16.12795
16.13911
16.15098
16.16155
16.17275
16.18411
16.19515
16.2065
TARGET DESTROYED 
16.21872
16.24244
16.25299
16.26317
16.27365
16.2848
16.29561
16.307
16.31826
16.32916
16.34016
16.35159
16.36273
16.37407
16.39255
16.40403
16.41465
16.42497
16.43534
16.44548
16.45566
16.47194
16.4822
16.4933
16.50437
16.5142
16.52561
16.53595
16.54588
16.55618
16.5663
16.57627
16.58663
16.59703
16.60845
16.61955
16.63068
16.64171
16.65298
16.66412
16.67533
16.68679
16.69849
16.70879
16.72018
16.73133
16.7424
16.75373
16.76464
16.77592
16.78766
16.79835
16.80925
16.82098
16.83176
16.84305
16.85431
16.86531
16.8764
16.88784
16.89877
16.91026
16.9216
16.93334
16.94479
16.95607
16.96756
16.97894
16.99021
17.00236
17.01338
17.02508
17.0365
17.04736
17.05893
17.0704
17.08148
17.093
17.10462
17.11606
17.12716
17.13843
17.14954
17.16117
17.17227
17.18322
17.19523
17.2056
17.2174
17.22764
17.24005
17.25015
17.26175
17.27277
17.28414
17.29464
17.30576
17.31736
17.32806
17.33952
17.35084
17.3624
17.3737
17.38902
17.39912
17.40951
17.41956
17.43027
17.4404
17.45051
17.46097
17.47119
17.48298
17.49675
17.50732
17.51757
17.52889
17.53889
17.54918
17.55929
17.57001
17.58119
17.59163
17.60325
17.61432
17.62543
17.63648
17.64805
17.6588
17.67044
17.68138
17.6927
17.70733
17.72174
17.73326
17.74357
17.75364
17.76324
17.77331
17.78556
17.79526
17.80542
17.81533
17.82653
17.83788
17.84954
17.86128
17.87173
17.88263
17.89339
17.90469
17.91579
17.92696
17.93823
17.94944
17.9605
17.97191
17.98289
17.99413
18.00514
18.01672
18.02769
18.03884
18.05122
18.06136
18.07242
18.08369
18.0951
18.10606
18.11764
18.12881
18.14039
18.15189
18.16297
18.17417
18.18582
18.19718
18.21207
18.22273
18.23227
18.24228
18.25424
18.26942
18.27901
18.28898
18.29823
18.31123
