0.02
0.04
0.14
0.1723288
0.1847098
0.1969683
0.2091845
0.2221089
0.2341858
0.2456676
0.2566535
0.268229
0.279312
0.2906806
0.3034803
0.3202823
0.3310692
0.3421834
0.3532078
0.3644224
0.3754281
0.3869943
0.3978823
0.4089907
0.4203211
0.43122
0.4426707
0.4540114
0.4647281
0.4764185
0.4878015
0.4997562
0.5112646
0.5224686
0.5333079
0.5442068
0.5560752
0.5672102
0.5785098
0.5894861
0.6007077
0.6118658
0.6232286
0.6341859
0.6450104
0.6564326
0.667566
0.6786461
0.6899641
0.7012457
0.7125937
0.7241699
0.7353687
0.7527803
0.764564
0.7764083
0.7876457
0.7985581
0.8099014
0.8214236
0.8323818
0.8436349
0.8550323
0.8659745
0.8767022
0.8883711
0.8990281
0.9100835
0.9214842
0.9326994
0.9439582
0.9553955
0.9660923
0.9770008
0.9886257
0.9993684
1.011055
1.023837
1.035472
1.047993
1.05945
1.071351
1.081919
1.093377
1.10501
1.117331
1.130117
1.141782
1.152637
1.163656
1.175274
1.191522
1.20407
1.214763
1.226422
1.237879
1.249024
1.260108
1.271969
1.282907
1.293845
1.305833
1.317005
1.327996
1.339492
1.350438
1.361578
1.373061
1.384811
1.395897
1.407179
1.418121
1.428986
1.44118
1.452609
1.465282
1.476858
1.487817
1.498948
1.510187
1.521628
1.53293
1.552111
1.563815
1.574739
1.586924
1.599067
1.610452
1.621458
1.637024
1.647727
1.658803
1.670198
1.681494
1.692619
1.705237
1.71622
1.727271
1.739275
1.750288
1.761584
1.772853
1.784792
1.796192
1.807541
1.819205
1.830569
1.841754
1.853021
1.864373
1.875646
1.887028
1.898068
1.909581
1.921179
1.931984
1.943176
1.954809
1.965699
1.977077
1.988591
2.001959
2.013011
2.024638
2.036464
2.048135
2.06016
2.076448
2.088009
2.099115
2.110742
2.123304
2.135435
2.146551
2.157578
2.168714
2.179917
2.191408
2.203341
2.214681
2.226117
2.237924
2.248823
2.260506
2.272016
2.282889
2.293783
2.305248
2.31703
2.328645
2.340184
2.351633
2.363026
2.374964
2.386197
2.397707
2.409488
2.421272
2.432225
2.443413
2.454977
2.466654
2.477945
2.489674
2.501637
2.518376
2.529918
2.541157
2.553614
2.565439
2.57718
2.589319
2.600951
TARGET DESTROYED 
2.621232
2.632909
2.644656
2.656836
2.677515
2.690219
2.701849
2.713135
2.72502
2.736975
2.749983
2.761545
2.773309
2.784696
2.796588
2.808259
2.820421
2.831703
2.843385
2.855197
2.86684
2.879669
2.891419
2.903217
2.914345
2.927045
2.939543
2.951765
2.963245
2.98021
2.992329
3.005191
3.017785
3.029298
3.04121
3.053681
3.064802
3.076475
3.087955
3.09906
3.111305
3.122984
3.135845
3.147599
3.159165
3.170971
3.182247
3.193605
3.205224
3.216616
3.228303
3.240707
3.252346
3.263419
3.275303
3.286612
3.298037
3.309935
3.321557
3.333412
3.345937
3.358179
3.370103
3.382636
3.394241
3.406232
3.417268
3.435416
3.447213
3.459689
3.471754
3.483126
3.495425
3.507818
3.520798
3.531864
3.544069
3.55569
3.566748
3.57812
3.59012
3.601678
3.613166
3.624958
3.637465
3.650327
3.662234
3.674468
3.685685
3.69751
3.709084
3.722329
3.733802
3.745967
3.757843
3.770355
3.781977
3.793841
3.80584
3.817482
3.829377
3.841099
3.854131
3.866431
3.878178
3.895156
3.907143
3.919276
3.931079
3.943087
3.955568
3.967392
3.978692
3.990579
4.00271
4.0142
4.026528
4.040249
4.053017
4.065419
4.077812
4.089818
4.10181
4.11334
4.124706
4.138347
4.150752
4.162285
4.174208
4.186591
4.198133
4.209872
4.222343
4.234189
4.246481
4.258073
4.270837
4.282353
4.29428
4.306559
4.318982
4.331057
4.342401
4.359426
4.371345
4.382893
4.394269
4.405762
4.416895
4.428341
TARGET DESTROYED 
4.443904
4.455983
4.467454
4.478902
4.490306
4.502237
4.514436
4.525899
4.539238
4.557603
4.570946
4.582863
4.594319
4.605852
4.617685
4.629092
4.640692
4.652266
4.664375
4.676075
4.689035
4.700991
4.712769
4.724173
4.736642
4.748875
4.760475
4.772709
4.784437
4.795814
4.812903
4.824616
4.83632
4.847477
4.85971
4.871921
4.883561
4.895501
4.907333
4.918873
4.930995
4.942642
4.954909
4.966949
4.978727
4.990308
5.002427
5.014085
5.02578
5.039755
5.051491
5.062922
5.074825
5.086732
5.111476
5.123454
5.134972
5.149167
5.160587
5.172669
5.184708
5.195977
5.207518
5.21898
5.230796
5.242705
5.255038
5.267209
5.278625
5.29529
5.307477
5.319646
5.331363
5.342844
5.354807
5.36603
5.37741
5.389392
5.40128
5.412838
5.424941
5.436565
5.448434
5.460054
5.472237
5.484432
5.495966
5.508324
5.520031
5.531418
5.543481
5.555402
5.567165
5.579533
5.591975
5.604709
5.61669
5.628547
5.64149
5.65369
5.665198
5.67724
5.689554
5.701523
5.714093
5.726484
5.738761
5.756094
5.768229
5.78053
5.792865
5.805115
5.817171
5.829232
5.841376
5.853949
5.865673
5.877801
5.889255
5.900397
5.911926
5.923789
5.935446
5.946934
5.958683
5.970693
5.982619
5.994846
6.007852
6.020306
6.032552
6.045903
6.058084
6.069876
6.08271
6.095227
6.107372
6.119654
6.131678
6.144262
6.158283
6.170758
6.182543
6.195171
6.208032
6.225372
6.238042
6.25041
6.262543
6.274733
6.286953
6.300124
6.312751
6.324446
6.337179
6.349117
6.361316
6.373576
6.386001
6.397737
6.410597
6.423122
6.435525
6.44721
6.459435
6.47158
6.483513
6.49567
6.508127
6.521676
6.53373
6.546369
6.558655
6.570654
6.583097
6.595353
6.60785
6.620397
TARGET DESTROYED 
6.636393
6.647882
6.659695
6.67159
6.682563
6.698822
6.710559
6.722839
6.735803
6.754986
6.766298
6.777978
6.790137
6.801982
6.813828
6.825821
6.837802
6.848929
6.860386
6.872099
6.8835
6.895547
6.907363
6.919124
6.930553
6.942372
6.954973
6.966952
6.978431
6.990252
7.00224
7.013541
7.025207
7.039064
7.050931
7.062329
7.07384
7.085872
7.097482
7.109141
7.120988
7.132239
7.14946
7.161942
7.17405
7.185824
7.197049
7.208794
7.220352
7.231653
7.244127
7.255825
7.267136
7.278524
7.290227
7.302263
7.313896
7.325572
7.337587
7.348987
7.360988
7.373642
7.385356
7.397012
7.409003
7.42063
7.431933
7.443477
7.455229
7.46667
7.478536
7.490325
7.502607
7.514158
7.525965
7.537907
7.549927
7.561939
7.574553
7.586225
7.602679
7.613923
7.625524
7.637317
7.648666
7.660247
7.672616
7.684528
7.696103
7.707994
7.720463
7.73171
7.74346
7.755319
7.767397
7.779966
7.791561
7.803998
7.816079
7.827866
7.839922
7.851535
7.863318
7.874825
7.887336
7.898573
7.910705
7.922333
7.933616
7.944948
7.957191
7.968613
7.980773
7.992217
8.004085
8.015115
8.026402
8.039406
8.056296
8.067893
8.079201
8.090956
8.105776
8.117249
8.128913
8.142108
8.154185
8.165714
8.177974
8.190652
8.202045
8.213239
8.224917
8.236488
8.247615
8.259578
8.271426
8.282682
8.294626
8.3067
8.318626
8.330862
8.343096
8.35519
8.366652
8.378973
8.391646
8.403428
8.414706
8.426661
8.439484
8.452731
8.4652
8.477962
8.491224
8.504231
8.522273
8.535032
8.548939
8.561262
8.573941
8.586974
8.599877
8.612306
8.624884
8.638329
8.650752
8.663323
8.676023
8.68917
8.702295
8.714452
8.727042
8.740232
8.753172
8.765684
8.778268
8.791521
8.805079
8.817669
8.830876
8.843358
8.856409
8.868905
8.881576
8.894379
8.907261
8.920358
8.933441
8.946146
8.958958
8.971764
8.984378
8.997104
9.015721
9.028551
9.042576
9.055563
9.068675
9.081302
9.094225
9.106955
9.11981
9.132215
9.145614
9.158578
9.171724
9.18584
9.198606
9.211878
9.224984
9.238358
9.251726
9.265591
9.2786
9.291141
9.304194
9.31719
9.330294
9.342889
TARGET DESTROYED 
9.361398
9.374316
9.387031
9.401084
9.421346
9.43374
9.446705
9.459901
9.473046
9.485829
9.498301
9.511115
9.528875
9.543077
9.55675
9.569236
9.581884
9.594772
9.607711
9.620893
9.633556
9.64605
9.658931
9.671759
9.684138
9.696209
9.709027
9.721404
9.733371
9.745808
9.758051
9.770576
9.783927
9.79611
9.808103
9.873494
9.88613
9.898028
9.910686
9.922564
9.934581
9.946911
9.959209
9.971535
9.983219
9.99559
10.00843
10.02102
10.03386
10.04602
10.06351
10.07547
10.08805
10.09978
10.1116
10.12329
10.13552
10.14786
10.16011
10.17295
10.18529
10.19787
10.21006
10.22255
10.23427
10.24662
10.25888
10.27118
10.28324
10.29517
10.30777
10.32041
10.33251
10.34505
10.35723
10.36969
10.38153
10.39351
10.40592
10.41818
10.43042
10.44285
10.45594
10.46884
10.48075
10.49341
10.50594
10.5181
10.52986
10.54833
10.56015
10.57289
10.58504
10.59703
10.609
10.62148
10.63527
10.6467
10.65868
10.67057
10.68227
10.69429
10.70656
10.71975
10.73135
10.74346
10.75569
10.76777
10.77985
10.79215
10.80439
10.8167
10.82878
10.84119
10.85354
10.86602
10.87811
10.89017
10.90208
10.91455
10.92692
10.93902
10.95103
10.96318
10.97546
10.98785
10.99988
11.01812
11.03029
11.0445
11.05723
11.06933
11.08119
11.09398
11.10585
11.1184
11.13085
11.14389
11.1565
11.16875
11.18071
11.1927
11.20697
11.21891
11.23065
11.2435
11.25628
11.26906
11.2813
11.29323
11.30544
11.31731
11.3294
11.34136
11.35422
11.36612
11.37837
11.39068
11.40306
11.41478
11.42669
11.43928
11.45132
11.46324
11.47544
11.48773
11.50483
11.51793
11.52979
11.54222
11.55447
11.56755
11.57979
11.59215
11.60447
11.61717
11.62933
11.64122
11.65343
11.66585
11.67825
11.69024
11.70308
11.71497
11.72729
11.73988
11.7528
TARGET DESTROYED 
11.77032
11.78299
11.79591
11.80829
11.82066
11.8336
11.84564
11.85818
11.87097
11.88285
11.89511
11.90753
11.92644
11.93982
11.95262
11.96458
11.98171
11.99349
12.0062
12.01779
12.03004
12.04323
12.05545
12.068
12.07956
12.09173
12.10394
12.11653
12.12858
12.14153
12.1539
12.16573
12.17799
12.19032
12.20209
12.21518
12.22763
12.24023
12.25287
12.26461
12.27788
12.29034
12.3028
12.31487
12.32692
12.33949
12.35175
12.36418
12.37683
12.38916
12.40155
12.4134
12.42565
12.43809
12.45063
12.4672
12.47968
12.49197
12.50448
12.51627
12.52857
12.54164
12.55396
12.56627
12.57824
12.59029
12.60331
12.61492
12.62686
12.63891
12.65122
12.66326
12.67547
12.68829
12.70066
12.71218
12.72429
12.73625
12.74866
12.76055
12.77287
12.78487
12.79706
12.80958
12.82204
12.83484
12.84719
12.85999
12.87258
12.88499
12.89719
12.90916
12.92157
12.93851
12.95032
12.96206
12.97423
12.98618
12.99826
13.01118
13.02381
13.03687
13.0499
13.06171
13.07407
13.08612
13.09925
13.11133
13.12376
13.13609
13.1484
13.16014
13.17273
13.18505
13.19716
13.20908
13.2222
13.23445
13.24633
13.25827
13.27026
13.28281
13.29471
13.307
13.31918
13.33156
13.34594
13.35817
13.37036
13.38223
13.39458
13.40734
13.42472
13.43705
13.44929
13.46168
13.47496
13.48819
13.50012
13.51279
13.52531
13.53847
13.55125
13.56393
13.57644
13.58971
13.60219
13.61436
13.626
13.63768
13.64932
13.66119
13.67359
13.68541
13.69675
13.7084
13.72094
13.73208
13.7441
13.75605
13.76757
13.77927
13.79101
13.80413
13.81667
13.82813
13.83967
13.85161
13.86342
13.87536
13.89198
13.90384
13.91536
13.9281
13.94015
13.95141
13.96419
13.97592
13.98803
13.9991
14.01112
14.02314
14.03551
14.04712
14.05891
14.07102
14.0824
14.09408
14.10569
14.11797
14.12991
14.14256
14.15478
14.1662
14.17846
14.19033
14.20239
14.21384
14.2268
14.2389
14.25054
14.26194
14.27393
14.28579
14.29728
14.30901
14.32272
TARGET DESTROYED 
14.34261
14.36075
14.37391
14.38745
14.40049
14.41349
14.42672
14.44728
14.46146
14.47458
14.48819
14.50161
14.51535
14.52902
14.54365
14.55714
14.56997
14.58401
14.59719
14.6102
14.62341
14.63666
14.64917
14.66204
14.67559
14.69038
14.7036
14.71667
14.72982
14.74365
14.75718
14.76999
14.78314
14.79627
14.80957
14.82305
14.83604
14.84884
14.86226
14.8759
14.895
14.90815
14.92132
14.93425
14.94733
14.96018
14.97337
14.98483
14.99904
15.01247
15.02593
15.04104
15.05506
15.06788
15.0817
15.09551
15.10809
15.12112
15.13402
15.14737
15.16041
15.1734
15.18656
15.19946
15.21276
15.22559
15.2392
15.25262
15.26534
15.27895
15.29258
15.30605
15.32017
15.3329
15.34577
15.35865
15.37231
15.38528
15.39795
15.4108
15.42796
15.44052
15.4531
15.46546
15.47794
15.49054
15.50343
15.51576
15.52816
15.5418
15.55433
15.56661
15.58013
15.59291
15.60544
15.61798
15.63064
15.64345
15.65636
15.66917
15.68181
15.69305
15.704
15.71457
15.7254
15.73682
15.74772
15.75906
15.7703
15.78157
15.79234
15.80365
15.81455
15.82541
15.83681
15.84794
15.85899
15.87057
15.88136
15.89246
15.90905
15.92014
15.9309
15.94179
15.95243
15.96331
15.97447
15.98615
15.99747
16.00853
16.01921
16.03034
16.0425
16.05439
16.06514
16.07589
16.08681
16.09775
16.1088
16.11979
16.13096
16.14231
16.15385
16.16475
16.17581
16.18837
16.19918
16.21331
16.22707
16.24174
16.25605
16.26945
16.28065
16.29246
16.30431
16.31516
16.32636
16.33787
16.34909
16.36492
16.3767
16.38804
16.39913
16.41062
16.42192
16.43263
16.44429
16.45597
16.46729
16.47874
16.48984
16.50146
16.51253
16.52401
16.5358
16.54806
16.5595
16.5708
16.58329
16.5956
16.60762
16.62002
16.63192
16.64431
16.6564
16.66857
16.68024
16.6922
16.70443
16.71622
16.72832
16.74048
16.75285
16.76516
16.77755
16.79007
16.80301
16.81487
16.82692
16.84486
16.85714
16.86893
16.88085
16.89307
16.90646
16.92115
16.93513
16.94905
16.96338
16.97745
16.99132
17.00625
17.02031
17.03458
17.04856
17.06216
17.07536
17.08864
17.10216
17.11546
17.12873
17.14253
17.15597
17.16994
17.18372
17.1974
17.21078
17.22507
17.23874
17.25254
17.26572
17.2774
17.29105
17.30631
17.31705
TARGET DESTROYED 
17.34268
17.35416
17.3713
17.38188
17.39354
17.41363
17.42694
17.43818
17.44911
17.46063
17.47194
17.48392
17.49494
17.50703
17.51832
17.52974
17.54225
17.55498
17.56604
17.57779
17.58941
17.60121
17.61284
17.62477
17.63702
17.64831
17.66001
17.67243
17.68393
17.69563
17.70743
17.71882
17.73027
17.7418
17.75344
17.76506
17.77691
17.78845
17.79954
17.81186
17.82826
17.84026
17.85191
17.86373
17.87475
17.88673
17.89894
17.91206
17.92422
17.9367
17.94855
17.96074
17.97314
17.98532
17.99686
18.00929
18.02203
18.03521
18.04874
18.06097
18.07304
18.08563
18.09722
18.10955
18.1221
18.13558
18.14738
18.15954
18.17175
18.18358
18.19551
18.20749
18.22049
18.23264
18.2452
18.25782
18.27094
18.2838
18.29551
18.31232
18.32453
18.33779
18.35012
18.36265
18.37514
18.38754
18.39927
18.41235
18.42506
18.43805
18.45068
18.46338
18.47579
18.48843
18.50101
18.51312
18.52516
18.53848
18.55095
18.56333
18.57528
18.58813
18.60066
18.61368
18.63428
18.64704
18.65925
18.67203
18.68409
18.69637
18.7118
