0.02
0.04
0.14
0.17304
0.1851355
0.1957541
0.2075897
0.2200587
0.2313448
0.2436915
0.2554999
0.2658589
0.2770219
0.28811
0.3014516
0.3110175
0.3218241
0.3329668
0.3438433
0.3551166
0.3663793
0.3778848
0.3885531
0.4004969
0.411537
0.4220384
0.4334606
0.4445427
0.4558888
0.4670187
0.4778592
0.4893686
0.50054
0.5113545
0.5227177
0.5361795
0.5478015
0.5578811
0.5678125
0.5833248
0.5934593
0.6031973
0.6128615
0.6248296
0.6369014
0.6461055
0.65647
0.6679897
0.6789826
0.6902652
0.7013875
0.7124696
0.7235482
0.7350611
0.7460088
0.7570993
0.7690536
0.7795779
0.7906811
0.8022698
0.8128842
0.8241838
0.8354423
0.8465068
0.8576633
0.869301
0.8799446
0.8935228
0.9045808
0.9554093
0.9654321
0.97513
0.9860266
0.9960575
1.006177
1.015632
1.025451
1.036585
1.053295
1.065071
1.074919
1.084783
1.094953
1.104725
1.114697
1.125787
1.137292
1.148067
1.159258
1.171211
1.181905
1.194391
1.2046
1.215083
1.226507
1.237667
1.248804
1.259707
1.271226
1.282151
1.293276
1.306271
1.31603
1.326728
1.338313
1.349586
1.361287
1.371615
1.382859
1.394062
1.405011
1.416501
1.42752
1.438494
1.44978
1.461001
1.472339
1.483502
1.498136
1.508509
1.518346
1.527755
1.539916
1.550564
1.561469
1.572644
1.584347
1.59488
1.614273
1.625234
1.636306
1.64671
1.657043
1.667627
1.678401
1.694375
1.70723
1.717976
1.728908
1.740277
1.751503
1.762843
1.773595
1.785115
1.795928
1.807054
1.818509
1.829455
1.840675
1.851935
1.862977
1.87456
1.885296
1.896731
1.907712
1.919001
1.930038
1.941088
1.952588
1.963604
1.974765
1.986141
1.996905
2.008182
2.019597
2.030516
2.041985
2.053035
2.063863
2.07516
2.086715
2.098043
2.108571
2.120149
2.131266
2.142099
2.154019
2.164621
2.176023
2.187604
2.199238
2.210854
2.222189
2.2338
2.245035
2.256469
2.268385
2.279573
2.291348
2.302959
2.313838
2.325675
2.336918
2.348037
2.359314
2.371181
2.382068
2.392964
2.409801
2.421534
2.433171
2.444141
2.455203
2.466647
2.477862
2.488728
2.500196
2.511158
2.522537
2.533595
2.544676
2.555939
2.567333
2.577964
2.58936
2.600798
2.611738
2.622723
2.634316
2.645348
2.656366
2.66769
2.678707
2.689689
2.701325
2.712306
2.723187
2.73459
2.745786
2.758788
2.772078
2.783122
2.794189
2.805278
2.815727
2.826516
2.838871
2.84998
2.86108
2.873473
2.884625
2.895926
2.908078
2.920873
2.931602
2.942128
2.952517
2.962627
2.973349
2.983759
2.994183
3.006101
3.021982
3.033427
3.044705
3.055629
3.066499
3.07764
3.089212
3.10066
3.116866
3.128446
3.139625
3.15169
3.163185
3.174568
3.186658
3.1983
3.209483
3.221777
3.23308
3.244753
3.255921
3.266783
3.27802
3.289546
3.300935
3.312684
3.323857
3.334504
3.345401
3.356539
3.367671
3.378795
3.39027
3.402398
3.413718
3.425717
3.438094
3.449388
3.461283
3.472876
3.484173
3.495023
3.505821
3.516855
3.52913
3.539712
3.550029
3.561065
3.572044
3.583272
3.598272
3.60979
3.621331
3.632529
3.644083
3.655519
3.666619
3.678114
3.68962
3.701073
3.712492
3.723698
3.735409
3.747532
3.759022
3.771593
3.783279
3.795359
3.806403
3.817817
3.829259
3.845871
3.857632
3.869336
3.881162
3.892446
3.904143
3.914911
3.92629
3.937975
3.949546
3.960808
3.972518
3.983683
3.995023
4.006517
4.018907
4.030183
4.041619
4.053096
4.064522
4.075861
4.087428
4.098355
4.110192
4.121811
4.133603
4.144887
4.156289
4.16856
4.179639
4.190696
4.202499
4.213801
4.225124
4.236894
4.247925
4.259654
4.271745
4.284883
4.296505
4.307707
4.319103
4.331427
4.343576
4.354904
4.365939
4.377416
4.388687
4.400044
4.412151
4.423542
4.434885
4.446517
4.457479
4.468782
4.479924
4.490964
4.502583
4.513572
4.524987
4.5354
4.546134
4.556584
4.567329
4.577536
4.588949
4.602703
4.617733
4.629578
4.640584
4.65259
4.663989
4.67556
4.687696
4.699748
4.711351
4.722795
4.733993
4.745951
4.756827
4.768784
4.780241
4.791976
4.803721
4.816178
4.828617
4.840908
4.854133
4.866793
4.881128
4.893211
4.9062
4.918674
4.931011
4.943086
4.955741
4.968409
4.980689
4.992773
5.005279
5.017344
5.029796
5.04224
5.054963
5.067328
5.080422
5.092684
5.106729
5.119775
5.132832
5.145519
5.158081
5.171997
5.184149
5.197098
5.209883
5.223553
5.236339
5.249164
5.262453
5.274781
5.287827
5.300977
5.313546
5.331232
5.343702
5.356693
5.369472
5.382038
5.394776
5.406993
5.419745
5.433299
5.446748
5.459165
5.472442
5.485372
5.497361
5.509554
5.52182
5.533571
5.545311
5.558043
5.569832
5.581216
5.596929
5.610137
5.622658
5.635207
5.64748
5.660177
5.67289
5.68508
5.697318
5.709503
5.722389
5.73481
5.747645
5.760242
5.773182
5.785282
5.798384
5.810775
5.8238
5.837062
5.849255
5.861932
5.874342
5.887298
5.899487
5.912868
5.924922
5.937876
5.949885
5.962947
5.974998
5.987976
6.000987
6.013356
6.025655
6.038322
6.050394
6.062864
6.075113
6.093091
6.106391
6.119001
6.131391
6.143604
6.155638
6.16753
6.179555
6.191423
6.207022
6.219615
6.23247
6.245371
6.257703
6.270681
6.282783
6.295119
6.308365
6.321071
6.333183
6.345593
6.357804
6.371362
6.383864
6.396262
6.408384
6.422178
6.435528
6.447669
6.460332
6.473574
6.486398
6.498827
6.511242
6.523621
6.535913
6.548288
6.561193
6.57413
6.587461
6.599587
6.61235
6.624607
6.637287
6.649211
6.661835
6.674074
6.686638
6.699776
6.712274
6.724669
6.737645
6.749827
6.763416
6.776226
6.78912
6.801334
6.814098
6.826344
6.839232
6.851523
6.869328
6.882215
6.894493
6.907668
6.920784
6.933144
6.945654
6.95759
6.970377
6.983062
6.995688
7.00793
7.020588
7.033456
7.045936
7.05776
7.070742
7.082499
7.094826
7.1073
7.122388
7.136165
7.147649
7.159586
7.171304
7.18224
7.194129
7.20589
7.217782
7.229743
7.241799
7.253973
7.265543
7.278388
7.290043
7.301467
7.313777
7.325033
7.337059
7.348473
7.360016
7.371722
7.382776
7.394835
7.407007
7.420248
7.43193
7.443406
7.455636
7.46697
7.478803
7.490528
7.501828
7.513743
7.52637
7.537541
7.54855
7.559643
7.574363
7.587019
7.598477
7.615885
7.628469
7.64002
7.651867
7.664061
7.675756
7.688104
7.700015
7.711486
7.723423
7.736074
7.746917
7.758602
7.770393
7.781106
7.792205
7.803544
7.814149
7.825186
7.840473
7.851274
7.862084
7.873537
7.884642
7.895499
7.906529
7.918227
7.933346
7.945432
7.957708
7.9698
7.981437
7.99323
8.005599
8.017932
8.029831
8.041402
8.053038
8.063915
8.07542
8.086907
8.098135
8.109605
8.121831
8.132949
8.144411
8.155625
8.169725
8.180623
8.19205
8.204124
8.215337
8.227131
8.238791
8.249816
8.261525
8.272883
8.284355
8.295868
8.30815
8.320291
8.331731
8.342805
8.359551
8.371382
8.38248
8.39429
8.406109
8.419166
8.430984
8.44242
8.454303
8.465139
8.476357
8.488431
8.500018
8.511807
8.523447
8.535216
8.546593
8.558029
8.570328
8.581452
8.593369
8.605482
8.617331
8.62854
8.640224
8.652555
8.664038
8.675523
8.687871
8.699969
8.711402
8.723127
8.734995
8.746408
8.757947
8.771058
8.782587
8.794401
8.805714
8.817149
8.828535
8.840559
8.852844
8.864108
8.876315
8.889092
8.901258
8.912728
8.924405
8.936287
8.947616
8.959047
8.971189
8.98262
8.994373
9.006382
9.018238
9.030496
9.042174
9.054179
9.065643
9.077337
9.094158
9.106318
9.117946
9.130396
9.142525
9.154729
9.166159
9.177672
9.189587
9.20163
9.213001
9.224326
9.236295
9.247492
9.259195
9.271363
9.28294
9.29529
9.307336
9.319784
9.331046
9.342441
9.3554
9.366993
9.378235
9.389538
9.400847
9.411513
9.423193
9.439071
9.45078
9.462316
9.473718
9.486264
9.497796
9.509348
9.520842
9.53176
9.542662
9.554156
9.56487
9.576729
9.588165
9.605103
9.617391
9.629763
9.64182
9.654365
9.665956
9.678016
9.69011
9.702662
9.714691
9.726728
9.739309
9.751405
9.765001
9.777267
9.789469
9.801392
9.814057
9.830854
9.84295
9.855412
9.867322
9.880154
9.892316
9.905219
9.9168
9.928375
9.940318
9.952729
9.96449
9.976583
9.988742
9.999887
10.01195
10.02358
10.03522
10.04653
10.05845
10.07138
10.08289
10.09526
10.1074
10.11945
10.13109
10.14363
10.15597
10.1674
10.17959
10.1915
10.20385
10.21539
10.22723
10.23955
10.25186
10.26349
10.27516
10.28754
10.30024
10.31239
10.32426
10.3367
10.34803
10.35972
10.372
10.38343
10.39512
10.40681
10.41963
10.43168
10.44389
10.45666
10.46881
10.48072
10.49244
10.50459
10.51621
10.52843
10.54003
10.55209
10.56433
10.58117
10.59347
10.60524
10.61704
10.62881
10.64295
10.65725
10.67151
10.68548
10.69957
10.71366
10.72738
10.74139
10.75584
10.77067
10.78466
10.79873
10.81268
10.8262
10.8408
10.85539
10.86942
10.88394
10.89794
10.91039
10.92216
10.93379
10.94578
10.95889
10.97069
10.98182
10.99517
11.00678
11.01828
11.02925
11.04067
11.05269
11.06411
11.07545
11.08691
11.09825
11.11024
11.12218
11.13424
11.14536
11.15672
11.16816
11.17931
11.19057
11.20153
11.21274
11.2241
11.23578
11.24735
11.25882
11.27006
11.28111
11.29264
11.3047
11.31586
11.32713
11.33903
11.35054
11.36166
11.37329
11.38518
11.39679
11.40849
11.44139
11.45382
11.46499
11.4763
11.48851
11.50756
11.51955
11.53075
11.54269
11.55537
11.56795
11.57891
11.59032
11.60628
11.61733
11.62816
11.63998
11.65091
11.6627
11.6743
11.68587
11.70263
11.71555
11.7277
11.73952
11.75146
11.76378
11.77644
11.78899
11.80101
11.813
11.82462
11.83661
11.849
11.86126
11.87391
11.88631
11.89763
11.90963
11.92288
11.93597
11.94744
11.95924
11.97195
11.98438
11.99609
12.00791
12.0204
12.03232
12.04455
12.05634
12.06912
12.08082
12.09275
12.10529
12.11717
12.12908
12.14112
12.15341
12.16533
12.1775
12.18968
12.20191
12.21375
12.22578
12.24326
12.25595
12.26763
12.27987
12.29191
12.30461
12.31635
12.32853
12.34043
12.35306
12.36483
12.37698
12.38927
12.40134
12.41347
12.42538
12.43827
12.45072
12.46255
12.4745
12.48696
12.49926
12.51156
12.52384
12.53648
12.54813
12.5606
12.57263
12.58483
12.59722
12.61
12.62253
12.63488
12.64702
12.65922
12.67144
12.68385
12.69585
12.70782
12.72004
12.73218
12.74461
12.75639
12.76994
12.78144
12.79296
12.80454
12.81635
12.82764
12.83915
12.85027
12.86159
12.87347
12.88519
12.90411
12.91553
12.92733
12.93849
12.94962
12.96123
12.97261
12.98404
13.00134
13.01286
13.02405
13.0355
13.04669
13.05803
13.07026
13.08114
13.09269
13.10408
13.1158
13.12711
13.13978
13.15138
13.16225
13.1735
13.18515
13.19653
13.20812
13.22004
13.23108
13.24232
13.25423
13.26554
13.2772
13.28852
13.3012
13.31212
13.32349
13.33472
13.34555
13.35691
13.36841
13.37943
13.39088
13.40349
13.41453
13.42651
13.43892
13.4503
13.46227
13.47385
13.48631
13.4969
13.50807
13.51894
13.52954
13.5403
13.55171
13.56262
13.57362
13.58485
13.60088
13.61175
13.62278
13.63379
13.64447
13.65555
13.6666
13.67734
13.68908
13.70485
13.72133
13.73319
TARGET DESTROYED 
13.74483
13.7656
13.78728
13.80046
13.8122
13.82371
13.83547
13.84676
13.85866
13.87108
13.88197
13.89355
13.90506
13.9163
13.92797
13.93989
13.95145
13.96274
13.97419
13.98655
13.99761
14.00904
14.02121
14.03239
14.04527
14.0568
14.069
14.0801
14.09139
14.10327
14.11376
14.12479
14.13642
14.14699
14.15837
14.16981
14.18031
14.19127
14.20224
14.21284
14.22418
14.23616
14.24685
14.25818
14.26962
14.28041
14.29121
14.30274
14.31326
14.3239
14.33516
14.34594
14.35662
14.36798
14.37877
14.38971
14.40104
14.41137
14.42751
14.44011
14.45197
14.46259
14.47379
14.48546
14.49654
14.50733
14.51869
14.52978
14.54118
14.55264
14.56329
14.57464
14.58565
14.59658
14.60794
14.61891
14.63016
14.64132
14.65295
14.66352
14.67476
14.68678
14.69897
14.7097
14.72072
14.7314
14.74248
14.75354
14.76448
14.7767
14.7875
14.79779
14.80872
14.82024
14.83104
14.84274
14.85403
14.865
14.87702
14.88803
14.89831
14.90939
14.9208
14.9319
14.94329
14.95494
14.96679
14.97816
14.98971
15.00158
15.01262
15.02418
15.03589
15.04719
15.05902
15.07045
15.08271
15.09519
15.10697
15.11894
15.13059
15.14916
15.1616
15.17333
15.18537
15.1967
15.20835
15.22071
15.23211
15.24506
15.25697
15.26861
15.27948
15.29158
15.30336
15.31442
15.32746
15.33914
15.35114
15.3626
15.37491
15.38769
15.39904
15.41139
15.42318
15.43548
15.44768
15.45953
15.47188
15.48366
15.49547
15.50639
15.51724
15.52814
15.53983
15.55038
15.56128
15.57227
15.58327
15.59804
15.60993
15.62151
15.63377
15.64491
15.6561
15.6677
15.68026
15.69167
15.70286
15.71392
15.72559
15.73668
15.74805
15.76004
15.77162
15.78375
15.79522
15.80651
15.81807
15.82933
15.84046
15.85147
15.86226
15.8792
15.89081
15.90246
15.91468
15.92577
15.93752
15.94868
15.9602
15.97135
15.98238
15.99367
16.00488
16.01632
16.02852
16.04015
16.05147
16.06238
16.07345
TARGET DESTROYED 
16.08491
16.1011
16.1217
16.13433
16.14565
16.15805
16.16994
16.18032
16.19191
16.20311
16.21515
16.22735
16.23905
16.25012
16.26118
16.27216
16.28328
16.29434
16.30591
16.31721
16.32815
16.33931
16.35115
16.36155
16.37282
16.38384
16.39521
16.40682
16.4202
16.43156
16.4449
16.45689
16.46941
16.48093
16.49316
16.50495
16.51666
16.5302
16.54233
16.55454
16.56621
16.5783
16.59499
16.6073
16.6195
16.63066
16.64268
16.65457
16.66658
16.67866
16.69061
16.70285
16.71414
16.72607
16.73788
16.74968
16.76244
16.77461
16.78722
16.79869
16.81047
16.82225
16.83404
16.84543
16.85692
16.86867
16.88066
16.89322
16.90523
16.91731
16.9287
16.9402
16.95229
16.96476
16.97718
16.98897
17.00102
17.01253
17.02521
17.03697
17.04877
17.06076
17.07265
17.08481
17.09638
17.10818
17.12074
17.13261
17.1447
17.15653
17.16881
17.18005
17.19248
17.20435
17.21625
17.22878
17.24024
17.25283
17.26431
17.27645
17.28884
17.30038
17.31147
17.32851
17.34059
17.35335
17.36491
17.37622
17.38926
17.40222
17.4145
17.42755
17.44076
17.45376
17.46608
17.47851
17.49079
17.5032
17.51533
17.52727
17.53895
17.55121
17.56293
17.57456
17.58712
17.60352
17.61659
17.62886
17.64128
17.65619
17.66873
17.67955
17.69064
17.70238
17.7139
17.72556
17.73673
17.74754
17.75933
17.77129
17.78231
17.79435
17.80558
17.81713
17.82852
17.84013
17.85203
17.86344
17.87559
17.88689
17.89837
17.91006
17.92195
17.9344
17.94588
17.95729
17.97014
17.98147
17.99363
18.00492
18.01718
18.02876
18.04033
18.05241
18.0689
18.0807
18.09286
18.10533
18.11654
18.12765
18.13915
18.15057
18.16188
18.17585
18.18768
18.19853
18.21028
18.2218
18.23392
18.24494
18.25694
18.26853
18.28041
18.29251
18.3047
18.31651
18.32769
18.34016
18.35329
18.36535
18.37809
18.39035
18.4031
18.41652
18.42922
18.44136
18.45489
18.46865
18.48095
18.49348
18.50576
18.51843
18.53019
18.54337
18.55596
18.56881
18.58083
18.59395
18.60718
18.62024
18.63267
18.64548
18.65799
18.67073
18.68358
18.69534
18.70731
18.71924
18.73055
18.74217
18.75436
18.76714
18.77948
18.79185
18.80375
18.82029
18.83241
18.84427
18.85609
18.86824
18.87987
18.89186
18.90427
18.91667
18.92973
18.94272
18.95514
18.96741
18.97971
TARGET DESTROYED 
18.99266
19.01038
19.02298
19.03585
19.04734
19.06008
19.0725
19.08502
19.10409
19.11808
19.13
19.14188
19.15389
19.16549
19.17796
19.18965
19.20215
19.21435
19.22666
19.23885
19.2512
19.26346
19.27566
19.28848
19.30069
19.31282
19.32531
19.33784
19.35009
19.36201
19.37407
19.38655
19.39957
19.41224
19.42407
19.43626
19.4481
19.46087
19.47287
19.48581
19.49768
19.50961
19.52202
19.5338
19.5454
19.55759
19.56911
19.58046
19.5924
19.613
19.62658
19.63916
19.65179
19.66387
19.67674
19.68915
19.70135
19.71419
19.7261
19.73808
19.75058
19.76311
19.7788
19.79103
19.80402
19.81597
19.82767
19.83954
19.85159
19.86366
19.87698
19.88908
19.90174
19.91363
19.92556
19.93826
19.952
19.96567
19.98019
19.99384
20.00572
20.01759
20.02915
20.04158
20.05471
20.06692
20.07922
20.09152
20.10546
20.11712
20.12938
20.142
20.15462
20.16688
20.17911
20.19231
20.20478
20.21677
20.22907
20.24202
20.25505
20.26766
20.27958
20.29216
20.30439
20.3164
20.33368
20.34634
20.35897
20.37188
20.38416
20.39565
20.40785
20.42067
20.4325
20.44493
20.45732
20.47037
20.4828
20.49558
20.50705
20.51941
20.53106
20.54325
20.55554
20.56785
20.57978
20.59218
20.60508
20.61738
20.62901
20.64093
20.6532
20.6651
20.67728
20.68925
20.70189
20.71382
20.72587
20.73785
20.74994
20.76263
20.77618
20.78829
20.80133
20.81347
20.82555
20.83764
20.85
20.86152
20.87412
20.88568
20.89683
20.90845
20.9204
20.93222
20.94376
20.95604
20.96877
20.98009
20.99192
21.00341
21.01451
21.02623
21.03787
21.04973
21.06129
21.07793
21.0902
21.10188
21.11327
21.1255
21.13776
21.14982
21.16135
21.17311
21.18544
21.19833
21.21009
21.22185
21.23379
21.24557
21.25719
21.26922
21.28148
21.29408
21.30563
21.31763
21.32962
21.34187
21.35452
21.36603
21.37699
21.38905
21.40118
21.41262
21.42431
21.43623
21.44749
21.45968
21.47152
21.48406
21.49564
21.50663
21.51842
21.52945
21.54098
21.55243
21.5641
21.57558
21.58736
21.60289
21.6141
21.6257
21.63712
21.64807
21.65948
21.67138
21.68319
21.69849
21.71095
21.72299
21.73516
21.74695
21.75995
21.77369
21.78648
21.79882
21.81581
21.82711
21.83907
TARGET DESTROYED 
21.85081
21.86751
21.87959
21.89089
21.90289
21.92146
21.93453
21.94671
21.95792
21.96939
21.98049
21.9919
22.00356
22.01457
22.02599
22.03722
22.04825
22.05994
22.07183
22.08328
22.09459
22.10606
22.11767
22.12934
22.14106
22.15296
22.16422
22.17588
22.18742
22.19851
22.21083
22.22271
22.23464
22.2454
22.25727
22.26873
22.27993
22.29155
22.30407
22.31532
22.32691
22.33816
22.34951
22.36082
22.37183
22.3836
22.39475
22.40614
22.41804
22.42883
22.44027
22.45247
22.46372
22.47521
22.48689
22.49834
22.51008
22.52176
22.53845
22.54981
22.56082
22.57198
22.58342
22.59461
22.60614
22.61741
22.62825
22.63951
22.65061
22.66175
22.67311
22.68465
22.69572
22.70721
22.7184
22.72928
22.74071
22.75177
22.76347
22.77673
22.78906
22.80186
22.81554
22.82799
22.84029
22.85185
22.86289
22.87528
22.88683
22.89826
22.91001
22.92136
22.93292
22.9443
22.95574
22.96764
22.97907
22.99057
23.00215
23.01327
23.02495
23.03678
23.04782
23.05939
23.07119
23.08251
23.09389
23.10563
23.11774
23.12876
23.14059
23.15276
23.16391
23.17548
23.1869
23.19905
23.21071
23.22278
23.23475
23.24599
23.25772
23.26934
23.286
23.29818
23.31067
23.32254
23.3342
23.34569
23.35816
23.37028
23.38171
23.3936
23.40507
23.41714
23.42842
23.44021
23.45235
23.46414
23.47624
23.48779
23.49917
23.52215
23.53398
23.54511
23.55622
23.56713
23.57878
23.58977
23.60635
23.6182
23.62922
23.64111
23.65304
23.66429
23.67634
23.68834
23.70049
23.71188
23.72326
23.73519
23.74656
23.75851
23.77072
23.78255
23.79401
23.80598
23.81829
23.83021
23.84255
23.85505
23.86773
23.87985
23.89163
23.90331
23.91457
23.92654
23.93954
23.95139
23.96318
23.97539
23.98698
23.99885
24.01054
24.02217
24.03994
24.05186
24.06305
24.07507
24.08673
24.09883
24.11065
24.12299
24.13598
24.14709
24.15892
24.17065
24.18183
24.19313
24.20477
24.21684
24.22961
24.2417
24.25356
24.26597
24.27828
24.28991
24.30171
24.31325
24.32559
24.33735
24.34941
24.3607
24.37287
24.38487
24.39644
24.40852
24.42024
24.43246
24.44432
24.45621
24.46803
24.48
24.49217
24.50429
24.51612
24.52712
24.53891
24.55062
24.56228
24.57474
24.58646
24.59783
24.60986
24.62177
24.63418
24.64598
24.65813
24.67062
24.68325
24.69502
24.70695
24.71848
24.7297
24.74221
24.75356
24.76642
24.77807
24.79436
24.80653
24.81856
24.82999
24.84196
24.85397
24.86587
24.87814
24.88969
24.90189
24.91319
24.92508
24.93715
24.94888
24.96062
24.97324
24.98525
24.99688
25.00941
25.02123
25.03314
25.04492
25.05742
25.06995
25.08189
25.09439
25.10701
25.11908
25.13056
25.14283
25.15499
25.16753
25.17957
25.19177
25.20408
25.21636
25.22899
25.24188
25.25423
25.26674
25.27856
25.29129
25.30301
25.3146
25.32714
25.33959
25.35199
25.37337
25.38699
25.39971
25.4115
TARGET DESTROYED 
25.42314
25.44059
25.45303
25.46487
25.47874
25.49733
25.50961
25.52099
25.53231
25.54314
25.55424
25.57058
25.58146
25.59267
25.60886
25.62129
25.63347
25.64471
25.65608
25.66845
25.68005
25.6918
25.70363
25.71649
25.72827
25.74051
25.75246
25.76436
25.7771
25.78929
25.80147
25.8126
25.82551
25.8371
25.84947
25.86101
25.8736
25.88559
25.89694
25.90898
25.92103
25.93291
25.94553
25.9572
25.96862
25.98029
25.99223
26.00403
26.01571
26.02762
26.04007
26.05243
26.06383
26.07607
26.08842
26.1008
26.11266
26.12455
26.13641
26.14825
26.15984
26.1716
26.18373
26.19534
26.20742
26.21928
26.2309
26.24532
26.25798
26.26967
26.28158
26.29881
26.31087
26.32317
26.33494
26.34744
26.35905
26.371
26.38277
26.39414
26.40602
26.41884
26.4304
26.44265
26.45476
26.46645
26.4782
26.49086
26.50349
26.51567
26.52737
26.53913
26.5514
26.56271
26.57528
26.58727
26.59998
26.61181
26.62451
26.63658
26.64904
26.66079
26.67288
26.68476
26.69626
26.70813
26.72041
26.73366
26.74555
26.75789
26.77072
26.78348
26.79496
26.80758
26.81908
26.83094
26.84304
26.85488
26.86698
26.87939
26.89153
26.90397
26.91607
26.92811
26.94071
26.9528
26.96401
26.97604
26.98847
27.00076
27.01247
27.02468
27.03664
27.05418
27.06656
27.07786
27.08954
27.10204
27.11342
27.12547
27.13739
27.14942
27.16098
27.17291
27.18513
27.19684
27.20901
27.22144
27.23345
27.2455
27.25816
27.27054
27.28245
27.2943
27.30658
27.31886
27.33039
27.34192
27.35333
27.36598
27.378
27.38981
27.40235
27.41357
27.42573
27.43821
27.45148
27.46308
27.47536
27.48841
27.50042
27.51155
27.52343
27.53483
27.54572
27.55684
27.56845
27.57962
27.5908
27.60636
27.61894
27.63094
27.6431
27.65501
27.66715
27.67883
27.69106
27.70334
27.715
27.72728
27.74003
27.75211
27.76436
27.77635
27.78845
27.80024
27.81688
27.82956
27.84158
27.85389
27.86637
27.87802
27.89069
27.9025
27.91391
27.92612
27.93804
27.95018
27.96189
27.97442
27.98672
27.99881
28.01081
28.0229
28.03538
28.04697
28.05968
28.0715
28.08374
28.09536
28.1075
28.11997
28.13199
28.14411
28.15698
28.16926
28.18189
28.194
28.20586
28.21885
28.2304
28.24248
28.25545
28.26834
28.28045
28.29266
28.30491
28.31706
28.32867
28.34124
28.35316
28.36542
28.37754
28.39003
28.40248
28.41439
28.42624
28.43842
28.45048
28.4628
28.47505
28.48855
28.50123
28.51331
28.52581
28.53815
28.55061
28.56218
28.57982
28.59244
28.60484
28.61677
28.62855
28.64089
TARGET DESTROYED 
28.65342
28.67128
28.68351
28.69516
28.70683
28.71831
28.72986
28.74203
28.75409
28.7674
28.78698
28.80057
28.81187
28.82384
28.83618
28.8483
28.8606
28.87257
28.88448
28.89558
28.90777
28.92039
28.93287
28.94466
28.95691
28.96868
28.98172
28.99365
29.00575
29.01788
29.02984
29.04184
29.05346
29.06532
29.07718
29.08916
29.10268
29.11436
29.12621
29.13811
29.15015
29.16238
29.17482
29.18646
29.19825
29.21037
29.22239
29.23471
29.24631
29.25825
29.27178
29.28358
29.29522
29.30734
29.31949
29.33094
29.34803
29.36043
29.37285
29.38537
29.3969
29.40921
29.42116
29.4332
29.4448
29.45676
29.46866
29.48018
29.49321
29.50468
29.51558
29.52651
29.53867
29.54995
29.56105
29.57228
29.58438
29.59557
29.61207
29.62406
29.63571
29.6474
29.65939
29.67104
29.68323
29.69492
29.70716
29.71902
29.73146
29.74305
29.75471
29.76683
29.77852
29.79104
29.80299
29.8153
29.82714
29.83943
29.85206
29.86369
29.87628
29.8882
29.90025
29.91202
29.92448
29.93677
29.94891
29.96056
29.97246
29.98494
29.99674
30.00953
30.02146
30.03367
30.0451
30.05716
30.06956
30.08171
30.09355
30.10653
30.11833
30.13604
30.14876
30.16154
30.1741
30.18663
30.19861
30.21042
30.2231
30.23556
30.24737
30.25966
30.27235
30.28543
30.29712
30.30948
30.32187
30.33344
30.34524
30.35756
30.36936
30.3811
30.3931
30.4052
30.41731
30.42977
30.44179
30.45409
30.4665
30.47911
30.49155
30.50319
30.51496
30.52705
30.53889
30.55083
30.56264
30.57518
30.58771
30.60011
30.61188
30.62428
30.63698
30.64877
30.66057
30.67284
30.68509
30.69638
30.70886
30.72082
30.73351
30.74563
30.75753
30.77018
30.78185
30.79404
30.80581
30.81734
30.82882
30.8412
30.85335
30.86565
30.87771
30.88994
30.90226
30.91406
30.92582
30.94272
30.95508
30.96721
30.97957
30.99154
31.00396
31.01643
31.02878
31.04081
31.05365
31.06542
31.07707
31.0893
31.10186
31.11369
31.12633
31.13833
31.15129
31.16315
31.17522
31.18731
31.19939
31.2112
31.22329
31.23569
31.24749
31.25908
31.27136
31.2847
31.29634
31.30849
31.32022
31.33226
31.34406
31.35652
31.36898
31.38047
31.39263
31.40528
31.41804
31.42989
31.4423
31.45481
31.46721
31.47906
31.49156
31.50352
31.51574
31.52738
31.53923
31.55099
31.56241
31.57472
31.58721
31.6034
31.61555
31.62696
31.63932
31.65171
31.66383
31.67608
31.68793
31.70021
31.71166
31.72374
31.73568
31.75312
31.76539
31.77822
31.79025
31.80183
31.81343
31.82534
31.83754
31.84974
31.86341
31.87644
31.8892
31.90164
31.91359
31.92614
31.9381
31.95059
31.96205
31.97401
31.98648
31.99836
32.01056
32.02294
32.0345
32.04648
32.05847
32.07141
32.08437
32.09717
32.1096
32.12254
32.13503
32.14747
32.15989
32.17349
32.18585
32.19868
32.21101
32.22376
32.23658
32.24895
32.26203
32.27456
32.28695
32.30081
32.31305
32.32631
32.33875
32.35189
32.3645
32.3773
32.39134
32.40372
32.41665
32.429
32.44186
32.45481
32.46772
32.47986
32.49253
32.50484
32.51756
32.53056
32.54305
32.56174
32.57419
32.58669
32.59889
32.61167
32.62447
32.63684
32.64968
32.66167
32.67483
32.6876
32.70081
32.71281
32.7253
32.73754
32.74988
32.76263
32.77567
32.78802
32.80062
32.81286
32.82655
TARGET DESTROYED 
32.83969
32.86844
32.88197
32.89405
32.90673
32.91919
32.93195
32.94489
32.95819
32.971
32.98394
32.99602
33.01799
33.03187
33.0446
33.0575
33.06879
33.08035
33.09254
33.10404
33.11642
33.12791
33.13951
33.15118
33.16221
33.17408
33.18603
33.19844
33.21028
33.2219
33.23446
33.24599
33.25809
33.26962
33.28138
33.29321
33.31271
33.32453
33.33656
33.34836
33.35975
33.37189
33.38338
33.39539
33.4079
33.41957
33.43145
33.44314
33.45479
33.46675
33.47807
33.49032
33.50282
33.51346
33.52473
33.53603
33.547
33.55785
33.56951
33.58025
33.59194
33.60698
33.61951
33.63011
33.6413
33.65363
33.66418
33.67524
33.68644
33.7014
33.71341
33.72483
33.73698
33.74846
33.76059
33.7739
33.78554
33.79772
33.80965
33.82104
33.83269
33.84433
33.85618
33.86799
33.87961
33.89175
33.90314
33.91449
33.92619
33.93781
33.94972
33.9608
33.97288
33.98494
33.99693
34.00885
34.02098
34.03247
34.04373
34.05572
34.06699
34.07868
34.09551
34.10734
34.11867
34.13
34.14143
34.15308
34.16459
34.17641
34.18858
34.20013
34.21125
34.22327
34.23474
34.24633
34.25864
34.27058
34.28273
34.29414
34.30824
34.32256
34.33609
34.34928
34.36343
34.37652
34.39256
34.40796
34.42214
34.43652
34.45137
34.4659
34.48125
34.49697
34.5132
34.52868
34.54333
34.55922
34.57388
34.58733
34.60096
34.61412
34.62923
34.64399
34.65805
34.67218
34.68719
34.70137
34.71812
34.73029
34.74264
34.75514
34.76793
34.78058
34.79251
34.80451
34.81671
34.82816
34.8413
34.85447
34.867
34.88215
34.89521
34.90805
34.92521
34.94081
