0.02
0.04
0.14
0.1897878
0.2015866
0.2118375
0.223412
0.2339751
0.2451309
0.2564793
0.267579
0.2804775
0.2922468
0.3024762
0.3122449
0.3236389
0.3344871
0.3461158
0.3569201
0.3682756
0.3793198
0.3911138
0.4014997
0.4127679
0.4246545
0.4350687
0.4464704
0.4622034
0.4729609
0.482738
0.4929465
0.5030835
0.5131263
0.5249811
0.5355788
0.5491039
0.5584761
0.5690263
0.5804192
0.5916377
0.6027409
0.6136113
0.6249748
0.6358516
0.647002
0.6582997
0.6694803
0.6804976
0.6919662
0.7029617
0.7140256
0.7254522
0.7363983
0.7475131
0.7590097
0.7699606
0.7816872
0.7923847
0.8037292
0.8146092
0.825902
0.8369498
0.8480935
0.8593816
0.870558
0.8816606
0.8928652
0.9076141
0.9185207
0.9297809
0.9415742
0.9523862
0.9637532
0.9753325
0.9864383
0.9979192
1.009516
1.021159
1.031738
1.043209
1.053958
1.065215
1.07684
1.087423
1.098815
1.110229
1.121065
1.132331
1.143722
1.154606
1.165815
1.176823
1.188284
1.199533
1.210447
1.221625
1.232914
1.244007
1.255031
1.266328
1.277576
1.288699
1.299798
1.312026
1.322023
1.333269
1.34467
1.355583
1.366772
1.378144
1.389415
1.400492
1.41142
1.422736
1.433977
1.445143
1.456479
1.467348
1.478588
1.490152
1.501266
1.511865
1.523349
1.534264
1.545722
1.556874
1.567847
1.579108
1.590809
1.601304
1.612676
1.624284
1.635883
1.646377
1.657427
1.668361
TARGET DESTROYED 
1.682777
1.693092
1.702835
1.718321
1.729874
1.741999
1.752833
1.763979
1.775387
1.786681
1.797688
1.808819
1.820037
1.831208
1.842672
1.85358
1.864587
1.875868
1.886917
1.898008
1.909208
1.92033
1.931534
1.942679
1.953927
1.964965
1.976477
1.987459
1.998655
2.01002
2.020838
2.032261
2.043317
2.054426
2.065482
2.076853
2.088098
2.099079
2.110743
2.121611
2.133034
2.144537
2.155725
2.167599
2.178714
2.190487
2.201564
2.212977
2.224697
2.235996
2.247317
2.258904
2.270192
2.281455
2.29277
2.304204
2.316089
2.327347
2.338479
2.349824
2.361104
2.37253
2.383408
2.394425
2.405615
2.416731
2.427872
2.439104
2.450199
2.461515
2.472615
2.484698
2.495535
2.506234
2.517264
2.528939
2.53968
2.551137
2.562397
2.573163
2.584187
2.59577
2.606631
2.617868
2.628953
2.640712
2.65133
2.66246
2.673766
2.685018
2.696076
2.70733
2.718201
2.729587
2.740887
2.752079
2.762866
2.774426
2.785199
2.797192
2.808007
2.81892
2.830486
2.841554
2.852388
2.867148
2.877736
2.887967
2.897858
2.907672
2.917253
2.928535
2.93971
2.951454
2.96187
2.972903
2.984225
2.995332
3.007565
3.017967
3.028979
3.040298
3.051239
3.062273
3.073645
3.084752
3.095912
3.107503
3.118281
3.129373
3.140976
3.151732
3.162781
3.174689
3.185436
3.19622
3.207852
3.218913
3.229979
3.241303
3.252357
3.264045
3.27553
3.287048
3.297634
3.309545
3.320635
3.332305
3.343049
3.354331
3.365653
3.37717
3.388351
3.400409
3.410815
3.422262
3.433192
3.444354
3.455492
3.466721
3.477872
3.489282
3.500252
3.511282
3.522469
3.533604
3.545006
3.555959
TARGET DESTROYED 
3.570073
3.580855
3.593797
3.605036
3.616058
3.627415
3.637745
3.648393
3.659791
3.670326
3.681256
3.692133
3.702879
3.713547
3.724623
3.735514
3.746544
3.75699
3.767531
3.778343
3.789234
3.80026
3.811037
3.821762
3.833275
3.844674
3.855144
3.865907
3.876662
3.887353
3.898193
3.909734
3.919898
3.930996
3.942261
3.953249
3.964532
3.97576
3.987519
3.998043
4.013235
4.024099
4.035693
4.047247
4.057892
4.068758
4.079691
4.090163
4.100436
4.111201
4.122258
4.133575
4.145037
4.156739
4.167756
4.179163
4.190328
4.201686
4.212469
4.22371
4.23498
4.245971
4.257267
4.268287
4.279368
4.290869
4.301851
4.313222
4.324382
4.336151
4.347802
4.358273
4.36881
4.380137
4.391714
4.402528
4.413635
4.425289
4.436654
4.447646
4.459526
4.470138
4.481933
4.493024
4.504319
4.515966
4.527307
4.538899
4.549941
4.56113
4.572492
4.584239
4.594859
4.606091
4.617176
4.628446
4.639629
4.650769
4.661923
4.673672
4.684228
4.695323
4.706691
4.717707
4.729028
4.74037
4.751377
4.762369
4.774329
4.784928
4.796009
4.807034
4.818295
4.830179
4.840864
4.851657
4.862978
4.874414
4.8853
4.896367
4.907992
4.918788
4.930319
4.941568
4.952344
4.963519
4.974931
4.986094
4.997066
5.008224
5.019446
5.031095
5.041905
5.052796
5.064088
5.075415
5.086512
5.097979
5.109232
5.120235
5.130982
5.142814
5.153709
5.169443
5.180482
5.19128
5.201997
5.212572
5.223114
5.234025
5.245002
5.255919
5.266335
5.277317
5.28939
5.30053
5.312477
5.324115
5.336224
5.34852
5.360758
5.373044
5.384785
5.396192
5.407945
5.419281
5.431304
5.443486
5.455209
5.466745
5.478481
5.490595
5.503157
5.514804
5.526441
5.538222
5.550692
5.562033
5.573256
5.584621
5.596117
5.607739
5.619012
5.629859
5.640441
5.65135
5.662397
5.673574
5.684587
5.695769
5.70736
5.718485
5.729308
5.740627
5.751742
5.76303
5.77422
5.785018
5.796293
5.807755
5.819125
5.830095
5.841265
5.85229
5.863647
5.874891
5.885746
5.896872
5.908027
5.919353
5.930391
5.94152
5.952617
5.96386
5.975265
5.986051
5.997433
6.008899
6.020164
6.031716
6.043364
6.054597
6.066121
6.077814
6.08907
6.100567
6.112249
6.124444
6.135222
6.146373
6.158577
6.16949
6.180789
6.192406
6.203273
6.214429
6.225679
6.236951
6.248078
6.259559
6.270576
6.28167
6.293029
6.303854
6.315699
6.326364
6.342257
6.354241
6.364558
6.374695
6.384839
6.395702
6.406223
6.416916
6.427555
6.437617
6.447974
6.457709
6.467861
6.478383
6.489011
6.500101
6.511366
6.522532
6.53355
6.547923
TARGET DESTROYED 
6.56534
6.577109
6.589556
6.600858
6.611767
6.623044
6.63403
6.64527
6.656583
6.667582
6.678806
6.690057
6.701262
6.712696
6.724768
6.734926
6.745808
6.757137
6.768097
6.779553
6.790644
6.801643
6.812819
6.824462
6.835255
6.846126
6.857813
6.868495
6.880012
6.891686
6.902123
6.913459
6.92486
6.935688
6.94679
6.958272
6.969183
6.980421
6.992017
7.002844
7.014091
7.025235
7.036182
7.047244
7.058958
7.070475
7.081863
7.094405
7.104814
7.116539
7.128138
7.139531
7.151418
7.162629
7.174554
7.185257
7.196837
7.208685
7.22013
7.231024
7.242418
7.253315
7.264425
7.275845
7.286661
7.298292
7.309411
7.320355
7.331832
7.343083
7.353964
7.365006
7.377076
7.387672
7.398575
7.409834
7.42126
7.432409
7.443298
7.454445
7.465535
7.476729
7.492009
7.502895
7.513623
7.523891
7.533885
7.54517
7.554964
7.564779
7.575303
7.585087
7.595919
7.607283
7.618229
7.629343
7.641112
7.652256
7.662806
7.674272
7.685183
7.696492
7.707846
7.718743
7.73007
7.741549
7.752275
7.763401
7.774935
7.786269
7.796992
7.808614
7.819452
7.830932
7.841856
7.852739
7.863875
7.875596
7.887035
7.898179
7.909489
7.921055
7.93242
7.944116
7.954783
7.966238
7.977348
7.989426
8.001163
8.012687
8.023916
8.035468
8.046844
8.057754
8.069682
8.081121
8.092559
8.103559
8.11478
8.126472
8.138457
8.150133
8.162205
8.173344
8.184727
8.19637
8.209421
8.221192
8.232468
8.243571
8.255177
8.266665
8.278198
8.289498
8.300792
8.324015
8.335286
8.347048
8.35895
8.371382
8.382593
8.394031
8.405319
8.417154
8.428964
8.440342
8.45144
8.462885
8.474143
8.485508
8.496851
8.508466
8.520413
8.533056
8.544477
8.555689
8.567105
8.578414
8.589904
8.601338
8.612474
8.623867
8.635182
8.646484
8.657837
8.668902
8.685479
8.697039
8.709234
8.72235
8.734162
8.745526
8.756492
8.767825
8.779202
8.790479
8.802273
8.81369
8.825303
8.837111
8.849387
8.861312
TARGET DESTROYED 
8.878983
8.890716
8.902688
8.915716
8.928455
8.940194
8.951744
8.963413
8.9754
8.987041
8.998915
9.010883
9.02249
9.03486
9.046947
9.059941
9.070502
9.081938
9.093349
9.104544
9.115705
9.126594
9.138593
9.149828
9.160471
9.170955
9.182467
9.194096
9.204542
9.215928
9.226889
9.237289
9.24816
9.25918
9.270062
9.281948
9.292752
9.303738
9.315125
9.326126
9.337094
9.348269
9.359723
9.371066
9.38341
9.394729
9.405366
9.415987
9.426767
9.438791
9.449879
9.46078
9.471997
9.482878
9.493571
9.504768
9.516063
9.527785
9.539154
9.550661
9.562051
9.573812
9.585559
9.596813
9.608513
9.619831
9.631305
9.644178
9.655448
9.667045
9.678977
9.690488
9.702345
9.714149
9.726686
9.738324
9.750113
9.762162
9.77419
9.785539
9.79704
9.809474
9.821263
9.834146
9.846119
9.85806
9.869689
9.886
9.897605
9.910099
9.921451
9.933416
9.945051
9.956764
9.969339
9.981051
9.991563
10.00182
10.01174
10.02166
10.0321
10.04289
10.05265
10.06311
10.07473
10.0856
10.09669
10.10804
10.11907
10.13025
10.142
10.15276
10.16369
10.17496
10.1861
10.19717
10.2086
10.21979
10.23071
10.24221
10.2536
10.26475
10.27624
10.28734
10.2986
10.30989
10.32029
10.33194
10.343
10.35362
10.365
10.37622
10.38746
10.39846
10.40982
10.42118
10.43294
10.44446
10.45699
10.46768
10.47928
10.49097
10.50276
10.51366
10.52524
10.53618
10.54747
10.55938
10.57064
10.58188
10.59322
10.60421
10.61602
10.62756
10.63863
10.65047
10.66208
10.67365
10.68481
10.6964
10.70826
10.71961
10.73164
10.74341
10.75582
10.76744
10.77844
10.78976
10.80082
10.81215
10.8232
10.83469
10.84609
10.8571
10.86824
10.8801
10.89165
10.90301
10.91512
10.92759
10.93928
10.95137
10.96357
10.97542
10.98708
10.99931
11.01169
11.02388
11.03556
11.04767
11.05975
11.07111
11.08775
11.09978
11.11175
11.12319
11.13562
11.148
11.16055
11.17214
11.18385
11.19621
11.20826
11.22003
11.2319
11.2441
11.25628
11.26856
11.28065
11.29258
11.30437
11.31641
11.32853
11.33985
11.3511
11.36247
11.37361
11.38442
11.39693
11.40924
11.42036
11.4318
11.44367
11.45412
11.46507
11.47675
11.4874
11.49816
11.5095
11.52048
11.53156
11.542
11.55253
11.5631
11.57289
11.58305
11.59346
11.60458
11.61581
11.62709
11.63816
11.64938
11.6606
11.6716
11.68337
11.69525
11.70803
11.72015
11.73245
11.7446
11.7568
11.76883
11.78085
11.79333
11.80579
TARGET DESTROYED 
11.8237
11.83631
11.8483
11.86052
11.87316
11.88563
11.89738
11.90932
11.92096
11.93265
11.9453
11.95678
11.96896
11.9812
11.99321
12.00498
12.01682
12.02903
12.04063
12.05159
12.0626
12.07408
12.08507
12.09627
12.10743
12.11857
12.12969
12.142
12.15223
12.16318
12.17593
12.18585
12.19669
12.20834
12.21929
12.23015
12.2415
12.25241
12.26789
12.27866
12.28852
12.29851
12.30896
12.31955
12.33101
12.34219
12.35356
12.36533
12.37759
12.38943
12.40148
12.41391
12.4263
12.43786
12.4494
12.46165
12.4734
12.48528
12.49723
12.5098
12.52165
12.53534
12.54729
12.55942
12.57142
12.58311
12.59532
12.60697
12.61873
12.63048
12.64332
12.65466
12.66582
12.67711
12.68819
12.69923
12.7105
12.72299
12.73451
12.74556
12.75758
12.76836
12.77936
12.7909
12.80173
12.8139
12.82537
12.83657
12.84779
12.85905
12.87109
12.88237
12.89386
12.90477
12.91599
12.92731
12.93834
12.94938
12.96139
12.97247
12.98376
12.99507
13.00606
13.01742
13.0288
13.04073
13.05212
13.06352
13.07452
13.08551
13.0974
13.10906
13.12046
13.1317
13.14393
13.15509
13.16622
13.17733
13.18823
13.19873
13.20943
13.21962
13.23052
13.24231
13.25302
13.26322
13.2738
13.28442
13.29705
13.30767
13.31844
13.33
13.34103
13.35192
13.36277
13.37349
13.38425
13.39516
13.40589
13.41843
13.42945
13.44018
13.45131
13.4668
13.47792
13.48882
13.50117
13.51241
13.52366
13.53488
13.54636
13.55776
13.56873
13.58043
13.59355
13.60436
13.61556
13.62673
13.63757
13.64895
13.6602
13.67094
13.68222
13.69339
13.7047
13.71577
13.72792
13.73845
13.74947
13.76054
13.77153
13.78291
13.79399
13.8051
13.81616
13.82781
13.83917
13.85005
13.86092
13.87255
13.88324
13.89479
13.90586
13.91672
13.92809
13.93999
13.95046
13.962
13.97264
13.9839
13.995
14.00616
14.01769
14.02911
14.04007
14.05176
14.06284
14.07462
14.08562
14.09722
14.10878
14.12022
14.13167
14.14397
14.15668
14.16716
14.17858
14.18975
14.20109
14.21278
14.22348
14.23467
14.24603
14.25697
14.26818
14.27933
14.29063
14.3014
14.31264
14.32474
14.33549
14.34695
14.3577
14.36906
14.38041
14.391
14.40193
14.41311
14.42596
14.43668
14.44899
14.46064
14.47955
14.49098
14.50338
14.5151
14.52706
14.53998
14.55158
14.56333
14.57609
14.58737
14.59894
14.61057
14.62195
14.63326
14.64494
14.65607
14.67171
14.68325
14.69455
14.70594
14.71744
14.72865
14.73934
14.75025
14.76136
14.7726
14.78574
14.7988
14.81244
14.82661
14.84042
14.85332
14.86604
14.87952
14.89285
14.90564
14.91872
14.93195
14.94564
14.95959
14.97155
14.98341
14.99573
15.00749
15.01901
15.03135
15.04318
15.05359
15.06452
15.07593
15.08709
15.09801
15.1096
15.12031
15.13157
15.14261
15.15368
15.16557
15.17674
15.18793
15.19893
15.21006
15.22062
15.23129
15.24223
15.25307
15.264
15.27502
15.2857
15.29733
15.30832
15.31903
15.3293
15.34025
15.35054
15.36118
15.37129
15.38178
15.39258
15.403
15.41396
15.42514
15.43664
15.44715
15.45885
15.4694
15.4807
15.49197
15.50307
15.5143
15.5255
15.53698
15.54819
15.55932
15.57016
15.58107
15.59277
15.60374
15.6148
15.62594
15.64059
15.65092
15.66122
15.67144
15.68527
