0.02
0.04
0.14
0.1736399
0.1850893
0.1964829
0.2077604
0.2187735
0.2312004
0.2437306
0.2546975
0.2658056
0.2760469
0.2855619
0.2991225
0.3085499
0.3193118
0.3305537
0.3417484
0.352979
0.3637317
0.3750851
0.386633
0.3974271
0.409205
0.4196304
0.4310657
0.4419563
0.453481
0.4644457
0.475711
0.4867251
0.4980478
0.5088903
0.5226437
0.5337363
0.544872
0.5540688
0.5649722
0.5799938
0.5900458
0.6008735
0.612441
0.6220628
0.6317334
0.6431437
0.6543047
0.6653358
0.6763833
0.6880139
0.6987226
0.7104354
0.7215419
0.7323815
0.7442405
0.7550108
0.7659039
0.7770653
0.7883957
0.7994105
0.8105041
0.8225906
0.833172
0.8441533
0.8554539
0.8664606
0.8775504
0.8918219
0.9033095
0.9138889
0.9253765
0.9360111
0.9472662
0.9588538
0.9697925
0.9816343
0.9937449
1.004121
1.01518
1.026642
1.038217
1.04942
1.060695
1.072583
1.083607
1.094548
1.106773
1.117121
1.128227
1.139868
1.150796
1.16165
1.173174
1.183997
1.195272
1.206549
1.217595
1.229639
1.240876
1.251306
1.262278
1.274109
1.285083
1.295869
1.307478
1.319014
1.329354
1.34095
1.351582
1.36288
1.374963
1.385206
1.396556
1.407464
1.418761
1.429743
1.441345
1.452213
1.465943
1.47656
1.486657
1.496083
1.507173
1.518237
1.529441
1.540978
1.552171
1.562842
1.574298
1.588004
1.597613
1.607796
1.618722
1.62989
1.641296
1.652213
1.663448
1.674695
1.686194
1.706445
1.722898
1.734058
1.744849
1.754928
1.765062
1.776842
1.787654
1.797917
1.808284
1.818555
1.829205
1.839095
1.849322
1.866103
1.879802
1.890721
1.901701
1.912461
1.923242
1.933886
1.944312
1.954289
1.964264
1.97472
1.987953
2.000067
2.012222
2.025056
2.038054
2.050371
2.061609
2.073333
2.083965
2.094923
2.106395
2.118004
2.128814
2.142894
2.152682
2.162382
2.173842
2.184623
2.195524
2.206812
2.217925
2.229034
2.244925
2.256479
2.267001
2.277456
2.287936
2.298426
2.309503
2.319614
2.330117
2.341337
2.35204
2.363621
2.374409
2.385463
2.396706
2.407963
2.419204
2.436523
2.448471
2.460139
2.470678
2.481852
2.493652
2.504026
2.514443
2.525365
2.535555
2.546514
2.557481
2.568636
2.579624
2.591123
2.601936
2.613158
2.624378
2.635249
2.646515
2.657551
2.66849
2.679698
2.69057
2.701303
2.712254
2.723402
2.735004
2.746561
2.757955
2.769129
2.780484
2.792145
2.803258
2.814087
2.825298
2.835991
2.847373
2.858933
2.86937
2.880072
2.891181
2.902595
2.913489
2.924563
2.935753
2.950665
2.962337
2.973756
2.985588
2.996584
3.008064
3.019336
3.030145
3.041448
3.052344
3.063208
3.074647
3.085815
3.096823
3.108135
3.119395
3.132466
3.148865
3.160694
3.171572
3.183781
3.195513
3.206503
3.217589
3.229139
3.240854
3.251875
3.26295
3.274386
3.28536
3.296775
3.308331
3.319356
3.330604
3.341939
3.353233
3.364378
3.375667
3.386599
3.397474
3.409435
3.420094
3.433403
3.445932
3.458037
3.469183
3.480987
3.492021
3.502521
3.513766
3.524848
3.536341
3.547645
3.558967
3.569493
3.581056
3.592634
3.603508
3.61432
3.626296
3.637316
3.647734
3.658704
3.67009
3.681075
3.692251
3.703359
3.714678
3.725983
3.740561
3.751117
3.761853
3.772301
3.782657
3.793546
3.804874
3.815228
3.826313
3.841926
3.853385
3.864587
3.88127
3.893516
3.905094
3.91623
3.92786
3.938555
3.949334
3.960918
3.971891
3.983979
3.995177
4.006209
4.01771
4.028734
4.040248
4.051261
4.06318
4.074258
4.08542
4.096786
4.108238
4.119586
4.131638
4.144093
4.155742
4.167074
4.178154
4.189396
4.201796
4.213409
4.225364
4.236561
4.248411
4.260302
4.271596
4.282843
4.295087
4.306887
4.318367
4.329668
4.341419
4.352998
4.364599
4.376744
4.388183
4.399251
4.410966
4.422385
4.435273
4.44696
4.458797
4.469916
4.48147
4.493299
4.504508
4.51606
4.528184
4.539441
4.551189
4.563757
4.576723
4.587709
4.604569
4.616242
4.628349
4.64044
4.653074
4.664757
4.677248
4.688676
4.700204
4.711885
4.723656
4.735557
4.746969
4.763241
4.775456
4.78726
4.798278
4.809926
4.822139
4.833662
4.845209
4.856786
4.868316
4.879521
4.891486
4.903065
4.914504
4.926271
4.937671
4.948858
4.96059
4.971992
4.984312
4.99579
5.007564
5.026542
5.039237
5.05066
5.062082
5.074534
5.086104
5.097652
5.109345
5.121134
5.133254
5.146397
5.157772
5.169258
5.181194
5.193374
5.204847
5.216728
5.228813
5.240237
5.251028
5.262086
5.273791
5.28414
5.29539
5.307061
5.322801
5.33447
5.351183
5.362862
5.374752
5.386343
5.39846
5.410946
5.422841
5.435048
5.446579
5.457957
5.469594
5.481533
5.493336
5.504442
5.515665
5.527507
5.538954
5.551004
5.562617
5.574774
5.586631
5.597971
5.610418
5.622086
5.633603
5.644671
5.655564
5.666645
5.678079
5.688707
5.699722
5.710619
5.721515
5.736432
5.749212
5.762058
5.774525
5.786113
5.798013
5.810766
5.823218
5.834802
5.847224
5.85945
5.870716
5.882273
5.895567
5.907802
5.92061
5.932508
5.944761
5.9568
5.968825
5.981065
5.993585
6.005276
6.01727
6.029084
6.040614
6.051995
6.064089
6.077241
6.093284
6.110501
6.123186
6.136001
6.149207
6.161375
6.173573
6.185028
6.196695
6.208242
6.220286
6.2323
6.244921
6.256977
6.2693
6.281436
6.29364
6.306482
6.318056
6.329353
6.341754
6.353389
6.365777
6.378067
6.390069
6.402037
6.41412
6.426406
6.438576
6.451093
6.462397
6.47413
6.486138
6.497422
6.51019
6.521898
6.533811
6.546777
6.558766
6.57057
6.58288
6.594766
6.606772
6.619209
6.630795
6.642771
6.65515
6.666512
6.678721
6.69154
6.703727
6.71566
6.727978
6.740054
6.751894
6.764015
6.776464
6.788044
6.799596
6.811775
6.824857
6.835976
6.847409
6.863942
6.875793
6.886873
6.89844
6.909865
6.925761
6.937981
6.9498
6.962182
6.974122
6.986281
6.998068
7.010408
7.02272
7.034321
7.04656
7.058679
7.070373
7.081995
7.094283
7.105676
7.117577
7.129844
7.141771
7.154415
7.166936
7.179305
7.191219
7.202861
7.214522
7.226464
7.23835
7.250612
7.262921
7.274973
7.286664
7.29857
7.311007
7.322765
7.334977
7.347005
7.359729
7.372156
7.383936
7.395546
7.407841
7.419677
7.431658
7.44449
7.457013
7.468639
7.480412
7.492622
7.503939
7.515733
7.528142
7.540615
7.552907
7.564736
7.577413
7.590284
7.607438
7.619505
7.630859
7.643209
7.654421
7.665628
7.677195
7.688388
7.699842
7.711253
7.723614
7.739321
7.751348
7.763199
7.775515
7.787049
7.79941
7.811743
7.823577
7.835273
7.847655
7.859574
7.871175
7.882657
7.894878
7.907599
7.919538
7.931629
7.944062
7.955795
7.967535
7.979495
7.991486
8.003325
8.015319
8.02801
8.039803
8.051355
8.063025
8.075468
8.087052
8.09907
8.111547
8.123444
8.135163
8.146842
8.159563
8.17257
8.184572
8.196163
8.207876
8.220057
8.232382
8.244854
8.257139
8.269732
8.28182
8.294358
8.306517
8.318234
8.330153
8.342321
8.359644
8.371754
8.383774
8.395927
8.407889
8.419992
8.432566
8.44459
8.456314
8.467555
8.4796
8.491169
8.502233
8.513706
8.52914
8.541675
8.554073
8.565864
8.57823
8.591221
8.603381
8.614856
8.627629
8.640162
8.652118
8.66398
8.67628
8.688124
8.701027
8.712786
8.724954
8.737135
8.74919
8.761594
8.773849
8.786123
8.797992
8.81017
8.822276
8.83445
8.846464
8.85838
8.870873
8.883077
8.895516
8.907763
8.920219
8.932393
8.944408
8.956187
8.968579
8.980888
8.993281
9.004982
9.017192
9.029363
9.041814
9.054235
9.066548
9.078708
9.09103
9.109307
9.122561
9.135541
9.147616
9.160245
9.172492
9.185289
9.197951
9.210845
9.223176
9.235381
9.247252
9.26052
9.27287
9.285252
9.29746
9.310041
9.322767
9.334374
9.346325
9.35932
9.37209
9.384237
9.396601
9.40941
9.421298
9.434139
9.446724
9.459307
9.471246
9.483829
9.495732
9.507965
9.521168
9.533732
9.546288
9.558871
9.571267
9.583724
9.596658
9.610536
9.623315
9.635154
9.646508
9.658641
9.671065
9.683121
9.6951
9.70697
9.718323
9.734032
9.746918
9.759583
9.771914
9.784664
9.797027
9.809771
9.822598
9.834843
9.847136
9.86437
9.877135
9.889958
9.902189
9.914247
9.927348
9.939494
9.952147
9.96464
9.97716
9.989308
10.00187
10.01379
10.02679
10.03909
10.0504
10.06436
10.0759
10.08787
10.09984
10.11199
10.12412
10.1356
10.1478
10.15992
10.1716
10.18373
10.19702
10.20889
10.22042
10.23219
10.245
10.25739
10.26899
10.28089
10.29288
10.3054
10.31693
10.32862
10.34086
10.35233
10.36402
10.37659
10.38918
10.40076
10.41295
10.42592
10.43899
10.45056
10.46476
10.48298
10.49617
10.50966
10.5214
10.5332
10.54558
10.55738
10.5734
10.58576
10.59831
10.61167
10.62465
10.63731
10.64952
10.6627
10.67492
10.68783
10.70008
10.71224
10.72484
10.73788
10.75229
10.76989
10.78267
10.79566
10.80804
10.82083
10.83361
10.84672
10.86018
10.87294
10.88579
10.89771
10.91087
10.92327
10.93606
10.94843
10.96147
10.97411
10.98658
10.99886
11.01178
11.02458
11.03705
11.04901
11.06193
11.07437
11.08673
11.09871
11.11088
11.12354
11.13553
11.14762
11.16124
11.17377
11.18556
11.19829
11.2107
11.22236
11.23423
11.24617
11.25849
11.2705
11.28241
11.2952
11.30744
11.31963
11.33189
11.34413
11.3559
11.36798
11.3794
11.39194
11.40405
11.41639
11.42892
11.44205
11.45407
11.46625
11.47819
11.48975
11.50153
11.51353
11.5311
11.54399
11.55655
11.56851
11.58044
11.5926
11.60448
11.61653
11.62818
11.63985
11.65112
11.66243
11.67393
11.68503
11.69718
11.7091
11.72046
11.73581
11.74766
11.7596
11.77132
11.7838
11.79576
11.80844
11.82101
11.83392
11.84659
11.85954
11.87279
11.88539
11.89789
11.91084
11.92323
11.93543
11.94747
11.96056
11.97256
11.98516
11.99767
12.01083
12.02377
12.03598
12.04825
12.06372
12.0775
12.09108
12.10511
12.11809
12.13069
12.14339
12.15528
12.17805
12.19115
12.2047
12.21733
12.22913
12.24183
12.25345
12.26619
12.27875
12.29214
12.30925
12.32219
12.33506
12.34738
12.35971
12.372
12.38457
12.3968
12.40964
12.42238
12.43512
12.44836
12.46082
12.47288
12.48472
12.49727
12.51025
12.52328
12.53539
12.54789
12.56038
12.57261
12.58442
12.59643
12.60996
12.62198
12.63424
12.64607
12.65968
12.67164
12.68425
12.69655
12.70909
12.72127
12.73387
12.74605
12.75846
12.77009
12.78242
12.79548
12.80773
12.82034
12.83259
12.84517
12.85744
12.86979
12.88183
12.89439
12.90684
12.91883
12.93093
12.94334
12.9556
12.96847
12.98166
12.99432
13.00657
13.01863
13.03088
13.04347
13.06162
13.07428
13.08622
13.09863
13.11145
13.1237
13.1362
13.1483
13.16101
13.17402
13.18654
13.19883
13.21362
13.22657
13.23899
13.25156
13.26354
13.27641
13.28912
13.30155
13.31363
13.32694
13.3395
TARGET DESTROYED 
13.35215
13.37422
13.38726
13.40025
13.41242
13.42552
13.43981
13.4617
13.47517
13.48807
13.50035
13.51245
13.52484
13.53707
13.55104
13.56296
13.57556
13.58752
13.6002
13.6127
13.62521
13.63624
13.64789
13.65955
13.67132
13.6829
13.69439
13.70656
13.71797
13.73355
13.74601
13.75813
13.76939
13.78138
13.79873
13.81148
13.82364
13.83552
13.84695
13.8589
13.86997
13.88156
13.89382
13.90575
13.91828
13.93024
13.94252
13.95402
13.96624
13.97801
13.99015
14.00218
14.01363
14.0256
14.03683
14.04843
14.06055
14.07219
14.08422
14.09592
14.10812
14.11957
14.13097
14.14318
14.15554
14.16863
14.18103
14.19303
14.20481
14.21808
14.23103
14.24338
14.25537
14.26739
14.27961
14.29249
14.30438
14.31649
14.32796
14.34031
14.35202
14.36463
14.37686
14.3893
14.40171
14.41387
14.42636
14.43882
14.45111
14.46249
14.47565
14.48842
14.50084
14.51366
14.52643
14.54512
14.55828
14.57134
14.58376
14.59648
14.60948
14.62294
14.63569
14.64841
14.66119
14.67356
14.68676
14.70043
14.71261
14.72563
14.73796
14.75064
14.76353
14.77664
14.79122
14.80394
14.81678
14.82925
14.84241
14.85493
14.86787
14.88052
14.89361
14.90618
14.91893
14.93147
14.94458
14.95739
14.96999
14.98368
14.99724
15.01051
15.02347
15.03659
15.04945
15.0624
15.07472
15.08635
15.09751
15.10961
15.12307
15.13587
15.14838
15.16109
15.17339
15.18573
15.19815
15.21107
15.22339
15.23655
15.2486
15.26128
15.27445
TARGET DESTROYED 
15.28669
15.30515
15.32454
15.34488
15.3595
15.37263
15.38512
15.39772
15.40988
15.4219
15.43451
15.4466
15.45877
15.47045
15.48364
15.49563
15.50798
15.51966
15.53203
15.54583
15.55806
15.56976
15.58216
15.59516
15.6077
15.62089
15.63315
15.64487
15.65619
15.66678
15.67799
15.68959
15.70014
15.7111
15.72272
15.73843
15.75055
15.76298
15.77699
15.78995
15.80261
15.8154
15.82868
15.84278
15.85553
15.86832
15.88157
15.89529
15.90853
15.92144
15.93459
15.94696
15.96077
15.9733
15.98662
15.99915
16.01234
16.02522
16.03729
16.05046
16.0632
16.08077
16.09427
16.10587
16.1176
16.12907
16.14182
16.15557
16.16893
16.18261
16.1947
16.20665
16.21888
16.23157
16.24578
16.25856
16.2701
16.28369
16.29595
16.30904
16.32161
16.33411
16.3466
16.35958
16.37207
16.38428
16.39663
16.40945
16.42178
16.43494
16.44675
16.45962
16.47138
16.48473
16.497
16.5093
16.52192
16.53418
16.54667
16.55939
16.57211
16.58411
16.59572
16.60798
16.61993
16.63196
16.64496
16.658
16.66998
16.68292
16.69454
16.7069
16.71933
16.73131
16.74464
16.75654
16.76822
16.77984
16.79223
16.80342
16.81544
16.8318
16.84445
16.8567
16.86865
16.88056
16.89316
16.9052
16.91802
16.92966
16.94158
16.95284
16.96467
16.97771
16.98988
17.00175
17.01439
17.02729
17.04012
17.05289
17.06554
17.07778
17.09024
17.10206
17.11396
17.12674
17.13893
17.15181
17.16374
17.17683
17.18978
17.20241
17.21526
17.22786
17.24057
17.25326
17.2657
17.27789
17.29098
17.30283
17.3152
17.32721
17.33792
17.34866
17.35945
17.36972
17.38011
17.39121
17.40134
17.41261
17.4235
17.43396
17.44512
17.45645
17.46712
17.4783
17.4892
17.49961
17.51015
17.52112
17.53198
17.54327
17.55418
17.57096
17.58198
17.59275
17.60278
17.61402
17.62507
17.63469
17.64483
17.65578
17.6665
17.67869
17.69058
17.70265
17.7145
17.72691
17.74394
17.75673
17.76928
17.78166
17.79462
17.80743
17.81951
17.83241
17.84502
17.85761
17.86973
17.88272
17.89549
17.909
17.92175
17.93411
17.94703
17.95972
17.97235
17.98518
17.99732
18.01125
18.02443
18.03641
18.04905
18.06158
18.07439
18.08625
18.09899
18.11155
18.12383
18.13588
18.14752
18.16024
18.17278
18.18526
18.20023
18.21293
18.22543
18.23678
18.24999
18.26301
18.27573
18.28877
18.30101
18.31325
18.33019
18.3429
18.35544
18.36777
18.38013
18.39261
18.40457
18.41705
18.42919
18.44306
18.45498
18.46715
18.47943
18.49225
TARGET DESTROYED 
18.50428
18.52206
18.53505
18.54765
18.56044
18.57187
18.58331
18.59502
18.61528
18.63083
18.64447
18.6568
18.668
18.6795
18.69157
18.70469
18.71766
18.731
18.74321
18.75511
18.76684
18.77962
18.79313
18.80619
18.81944
18.83092
18.84292
18.85589
18.86885
18.88195
18.89538
18.90777
18.92014
18.93375
18.9464
18.9597
18.97336
18.98635
18.99968
19.01272
19.0262
19.05065
19.0642
19.08154
19.09538
19.10855
19.12133
19.13454
19.14739
19.1611
19.17458
19.18719
19.20067
19.21341
19.22744
19.24089
19.25345
19.26774
19.28088
19.2941
19.30754
19.3205
19.33394
19.34677
19.36016
19.37349
19.38658
19.39948
19.4123
19.42576
19.43909
19.45256
19.46511
19.47862
19.49174
19.50448
19.51742
19.53106
19.54527
19.55891
19.57236
19.58551
19.59827
19.61186
19.62531
19.63918
19.65208
19.6645
19.67689
19.68914
19.7014
19.71348
19.72582
19.74265
19.75586
19.7688
19.78143
19.79462
19.80809
19.82105
19.83396
19.84662
19.86471
19.87817
19.89138
19.90426
19.91728
19.93046
19.94353
19.95686
19.96967
19.98351
19.99628
20.00974
20.02334
20.03606
20.04914
20.0624
20.07595
20.08922
20.1022
20.1152
20.12838
20.14245
20.15535
20.16839
20.18215
20.19506
20.20826
20.22113
20.23453
20.24736
20.26035
20.27497
20.28807
20.30181
20.31467
20.32809
20.34174
20.35487
20.36801
20.38065
20.39378
20.40679
20.41974
20.43326
20.44691
20.46018
20.47308
20.48583
20.49887
20.51229
20.526
20.5392
20.55275
20.56614
20.57961
20.59324
20.60607
20.61934
20.63332
20.65936
20.67301
20.68635
20.69987
20.71319
20.72671
20.73998
20.75315
20.7667
20.77985
20.79363
20.80636
20.81961
20.83275
20.84636
20.85994
20.87385
20.88697
20.90053
20.91386
20.92749
20.94069
20.95364
20.96694
20.98166
20.9947
21.00786
21.0208
21.03458
21.04722
21.06069
21.07437
21.08791
21.10125
21.11418
21.1276
21.14176
21.15469
21.16851
21.18172
21.1953
21.20895
21.22176
21.2357
21.24866
21.26149
21.27482
21.28943
21.30276
21.31619
21.32895
21.34198
21.35561
21.3683
21.38067
21.39354
21.40522
21.41786
21.43054
21.44896
21.46158
21.47406
21.48602
21.49767
21.50916
21.52047
21.53244
21.54465
21.55662
21.57032
21.58284
21.59478
21.60708
21.61883
21.63112
21.64325
21.6539
21.66483
21.67655
21.68744
21.6995
21.71062
21.72174
21.73684
21.74788
21.75941
21.77233
21.78344
21.79484
21.80584
21.81687
21.82808
21.84369
21.85568
21.86726
21.87865
21.89087
21.90205
21.91438
21.92641
21.93814
21.95041
21.96225
21.97441
21.98593
21.99845
22.01049
22.02265
22.03463
22.04632
22.05842
22.0696
22.08221
22.0943
22.10639
22.11815
22.12989
22.1421
22.15381
22.1659
TARGET DESTROYED 
22.17861
22.2013
22.21404
22.22638
22.23782
22.25688
22.26972
22.2819
22.2955
22.30774
22.31921
22.33146
22.34348
22.35532
22.36696
22.37842
22.39108
22.40224
22.41461
22.42637
22.43835
22.45032
22.46204
22.47423
22.48548
22.49726
22.50959
22.52112
22.53325
22.54563
22.5576
22.56952
22.58179
22.59311
22.60365
22.6145
22.62551
22.63655
22.64783
22.65875
22.66994
22.68107
22.69249
22.70385
22.71507
22.72653
22.73713
22.74818
22.75918
22.77065
22.78165
22.79288
22.80407
22.81521
22.82614
22.83765
22.84889
22.86061
22.87209
22.88319
22.89465
22.90738
22.92323
22.93446
22.94548
22.95778
22.9684
22.97971
22.9917
23.00244
23.01417
23.02565
23.03697
23.04877
23.06101
23.07252
23.08329
23.09474
23.10705
23.11764
23.12846
23.14028
23.15105
23.16217
23.17363
23.18481
23.19644
23.20768
23.21861
23.22988
23.24184
23.25256
23.26381
23.27478
23.2853
23.29724
23.30943
23.32047
23.33186
23.34355
23.35608
23.36667
23.37775
23.38977
23.40074
23.41211
23.4235
23.43581
23.44726
23.45839
23.46923
23.48079
23.49221
23.50301
23.51445
23.52535
23.53609
23.54777
23.55878
23.56925
23.58109
23.59295
23.60375
23.61517
23.62665
23.63759
23.65352
23.66405
23.6752
23.68622
23.69749
23.70864
23.71991
23.73098
23.74582
23.75756
23.76826
23.77928
23.79066
23.80137
23.81298
23.82478
23.83589
23.84751
23.8588
23.86942
23.88089
23.89234
23.90335
23.91479
23.92604
23.93673
23.94857
23.95974
23.97077
23.98311
23.99499
24.00663
24.01757
24.02849
24.04004
24.05074
24.06184
24.07407
24.08463
24.09594
24.10755
24.11823
24.12977
24.14142
24.15206
24.16397
24.17544
24.18598
24.19712
24.20802
24.21941
24.23117
24.24273
24.25332
24.26531
24.27684
24.28883
24.30081
24.31349
24.3248
24.33582
24.34745
24.35933
24.3701
24.38642
24.39783
24.40969
24.42076
24.43237
24.44475
24.45635
24.46831
24.47963
24.49061
24.5019
24.51325
24.5248
24.53571
24.54743
24.55857
24.56921
24.58068
24.59207
24.60277
24.61423
24.6252
24.63572
24.64719
24.65862
24.66927
24.68054
24.69238
24.70315
24.71464
24.72599
24.73684
24.74801
24.75915
24.76988
24.78131
24.79247
24.80351
24.81487
24.82607
24.83675
24.84836
24.85974
24.87138
24.88271
24.89367
24.90508
24.91586
24.92719
24.93903
24.95014
24.96169
24.97348
24.9842
24.99639
25.00772
25.01842
25.03025
25.04132
25.05288
25.06467
25.07648
25.08728
25.09874
25.1146
25.12661
25.13792
25.14902
25.16075
25.17229
25.18311
25.1946
25.20593
25.21703
25.2286
25.24037
25.25097
25.26251
25.27405
25.28517
25.2967
25.30815
25.31998
25.33157
25.34312
25.35461
25.36613
25.37776
25.3897
25.40061
25.41205
25.42367
25.43535
25.44771
25.45893
25.46972
25.48104
25.49287
25.50373
25.51513
25.52664
25.53804
25.54963
25.56056
25.5719
25.58288
25.59406
25.60548
25.61703
25.62858
25.63983
25.65116
25.66349
25.67454
25.68594
25.69721
25.70871
25.71938
25.73058
25.74638
25.75853
25.76931
25.78138
25.79338
25.80588
25.81732
25.82863
25.84607
25.85805
25.86961
25.88135
TARGET DESTROYED 
25.89374
25.91067
25.92309
25.93476
25.94654
25.95773
25.96838
25.98005
25.99142
26.00253
26.01415
26.026
26.04374
26.05783
26.0689
26.08076
26.0926
26.10414
26.11616
26.12768
26.13922
26.1504
26.16166
26.17371
26.18567
26.19701
26.20853
26.21926
26.23058
26.24173
26.2524
26.26421
26.27575
26.28672
26.29806
26.30977
26.32191
26.33391
26.34552
26.35701
26.36787
26.37902
26.39004
26.40063
26.41207
26.42335
26.43496
26.44666
26.45792
26.46859
26.47984
26.49084
26.5014
26.51287
26.52375
26.53466
26.54755
26.55831
26.57476
26.58566
26.59756
26.60839
26.61915
26.63103
26.64244
26.65449
26.66554
26.67707
26.6886
26.70023
26.71161
26.72319
26.7342
26.74561
26.75824
26.7692
26.78096
26.79208
26.80301
26.81446
26.82537
26.83627
26.8476
26.85876
26.86978
26.88102
26.89211
26.90385
26.9154
26.92689
26.93842
26.9495
26.96053
26.97246
26.98347
26.9947
27.0058
27.01685
27.02867
27.03999
27.051
27.06218
27.07351
27.0842
27.09514
27.10663
27.11736
27.12914
27.14067
27.15131
27.1634
27.17464
27.18548
27.19679
27.20778
27.21852
27.23047
27.24162
27.25214
27.26442
27.27573
27.28672
27.3034
27.31577
27.32794
27.34105
27.35163
27.36341
27.37448
27.38541
27.39692
27.40816
27.41915
27.43103
27.4425
27.45326
27.46424
27.47569
27.48651
27.49739
27.50821
27.51947
27.53121
27.54288
27.55409
27.56476
27.5761
27.5873
27.59846
27.60967
27.62133
27.63218
27.64298
27.65337
27.66433
27.67488
27.68527
27.6962
27.70775
27.71876
27.73019
27.74512
27.75722
27.76795
27.77971
27.79107
27.80159
27.81318
27.82463
27.83503
27.84667
27.85782
27.86861
27.8799
27.89136
27.90241
27.91422
27.92536
27.93608
27.94817
27.95933
27.97111
27.98235
27.99403
28.00525
28.0164
28.02769
28.0441
28.05561
28.06654
28.07777
28.08975
28.10056
28.11182
28.12297
28.13336
28.14445
28.15587
28.16676
28.17783
28.18918
28.20032
28.21132
28.22306
28.23364
28.24479
28.25644
28.26709
28.27887
28.29041
28.30093
28.31224
28.32425
28.33465
28.34716
28.35862
28.36949
28.38112
28.39248
28.40363
28.41461
28.42598
28.43803
28.44909
28.46051
28.47192
28.48352
28.49473
28.50624
28.51694
28.52807
28.54005
28.55178
28.56298
28.57473
28.58562
28.59712
28.60854
28.61907
28.63036
28.64161
28.65324
28.66587
28.67761
28.68924
28.70139
28.71308
28.72415
28.73528
28.7463
28.75784
28.77456
28.78564
28.79708
28.8087
28.81919
28.83119
28.84274
28.8546
28.86524
28.87635
28.88771
28.89876
28.90987
28.92158
28.93251
28.94365
28.95473
28.96562
28.98063
28.99249
29.00334
29.01478
29.02592
29.0371
29.04803
29.05903
29.07124
29.08218
29.09323
29.1044
29.11531
29.12653
29.13762
29.14935
29.16093
29.17263
29.18342
29.19583
29.20696
29.21772
29.22899
29.24005
29.25087
29.2622
29.27341
29.28419
29.29577
29.30795
29.31862
29.3313
29.34301
29.35627
29.36724
29.37887
29.39005
29.40179
29.41299
29.42439
29.43555
29.44751
29.45868
29.46959
29.48154
29.4934
29.50981
29.52206
29.53287
29.54526
29.55656
29.5674
29.57883
29.59032
29.60091
29.61249
29.62394
29.63527
29.64647
29.65713
29.66795
29.67866
29.68937
29.69967
29.71099
29.72185
29.73334
29.74794
29.75865
29.76872
TARGET DESTROYED 
29.77919
29.79508
29.81301
29.82498
29.8396
29.85085
29.86341
29.87468
29.88565
29.89699
29.90795
29.91908
29.93098
29.94182
29.95274
29.96385
29.97528
29.98653
29.99793
30.00947
30.0206
30.03142
30.04285
30.05364
30.06462
30.07571
30.08702
30.09791
30.10925
30.12082
30.13149
30.14253
30.15378
30.16486
30.17599
30.18743
30.19837
30.20964
30.22123
30.23199
30.24754
30.25953
30.27029
30.28139
30.29253
30.30311
30.31402
30.3253
30.33669
30.34807
30.35874
30.37036
30.38118
30.3924
30.40329
30.41429
30.42505
30.43626
30.44798
30.4588
30.4703
30.4819
30.49282
30.50355
30.51491
30.52628
30.53712
30.54844
30.5591
30.57026
30.58139
30.59258
30.604
30.61552
30.62899
30.64223
30.65436
30.66712
30.67878
30.6901
30.70106
30.7123
30.72401
30.73456
30.7465
30.75809
30.76862
30.78029
30.79243
30.80309
30.8141
30.8252
30.83542
30.84704
30.85788
30.86857
30.88075
30.89234
30.90359
30.91492
30.92623
30.93709
30.94806
30.95954
30.97011
30.98142
30.99265
31.00945
31.02042
31.03177
31.0428
31.05365
31.06437
31.07581
31.08706
31.09811
31.10958
31.12101
31.13226
31.14422
31.15637
31.16691
31.17807
31.19008
31.201
31.21249
31.2238
31.23454
31.24584
31.2566
31.26711
31.27837
31.28955
31.30029
31.31185
31.32387
31.33479
31.34651
31.35758
31.36871
31.38096
31.39219
31.40301
31.41375
31.42488
31.43566
31.44731
31.45826
31.46873
31.4806
31.49207
31.50337
31.51424
31.52516
31.54416
31.55633
31.56696
31.57802
31.5891
31.59954
31.61067
31.62179
31.63245
31.64319
31.65365
31.66428
31.67557
31.68547
31.69573
31.70651
31.71746
31.72874
31.74302
31.75347
31.76398
31.77444
31.7846
31.79966
31.811
31.82175
31.83193
31.84678
31.85844
31.86942
31.88028
31.89151
31.90197
31.91336
31.92472
31.93527
31.94652
31.95771
31.96848
31.98013
31.99118
32.00165
32.01312
32.02465
32.03505
32.04607
32.05822
32.06909
32.08056
32.09192
32.10358
32.11473
32.12593
32.13715
32.14876
32.15996
32.17122
32.18204
32.19365
32.20475
32.21553
32.22652
32.23751
32.24825
32.25924
32.27101
32.28215
32.29319
32.30397
32.31486
32.32587
32.33701
32.34809
32.35943
32.37047
32.38209
32.39346
32.405
32.4157
32.42652
32.44547
32.45674
32.46711
32.47856
32.48974
32.50025
32.5117
32.52287
32.53359
32.5503
32.5616
32.57355
32.58423
32.5958
32.60707
32.61754
32.62901
32.64054
32.65139
32.66296
32.67462
32.68695
32.69789
32.70897
32.72002
32.73101
32.74229
32.75361
32.76458
32.77695
32.78785
32.79887
32.81015
32.82124
32.83193
32.84368
32.85497
32.86576
32.87732
32.88879
32.89953
32.91062
32.92173
32.93258
32.94379
32.95507
32.96674
32.97816
32.98876
32.99979
33.01163
33.02281
33.03363
33.04478
33.05596
33.06707
33.07839
33.09015
33.10255
33.11388
33.12502
33.1362
33.14741
33.15855
33.16962
33.18077
33.19242
33.20333
33.21421
33.22653
33.23777
33.24911
33.25977
33.27114
33.28193
33.29382
33.31055
33.32147
33.33212
33.3439
33.35504
33.36552
33.37662
33.38872
33.40045
33.41192
33.42311
33.43385
33.44674
TARGET DESTROYED 
33.45802
33.48411
33.49714
33.50797
33.51843
33.5304
33.55099
33.56364
33.57458
33.58498
33.59613
33.60788
33.61845
33.62945
33.64071
33.65123
33.66171
33.67258
33.68356
33.69453
33.70647
33.71737
33.72808
33.74292
33.75398
33.76503
33.7765
33.78709
33.79823
33.80941
33.82045
33.83172
33.84304
33.85504
33.86573
33.87664
33.88778
33.89835
33.90948
33.92064
33.93221
33.94327
33.95436
33.96497
33.97604
33.9874
33.99832
34.01443
34.02714
34.0383
34.04896
34.06045
34.07131
34.082
34.09308
34.10495
34.11551
34.12668
34.13758
34.14845
34.1593
34.17011
34.18156
34.19266
34.20338
34.21419
34.22535
34.23627
34.24713
34.25783
34.26868
34.27947
34.29119
34.30185
34.31295
34.32434
34.33502
34.34729
34.35883
34.36981
34.38057
34.39139
34.40416
34.41481
34.42579
34.4369
34.4488
34.45999
34.47132
34.48198
34.49289
34.50432
34.51593
34.52703
34.53746
34.5488
34.55987
34.57063
34.58146
34.59225
34.60298
34.61393
34.62505
34.63606
34.64757
34.6587
34.67014
34.68213
34.69332
34.70435
34.71665
34.7288
34.74082
34.75167
34.76347
34.78056
34.79255
34.80384
34.81508
34.82587
34.837
34.8479
34.85895
34.86975
34.88083
34.89205
34.90276
34.9139
34.92503
34.93605
34.94722
34.95816
34.96911
34.98029
34.99184
35.00319
35.01431
35.0251
35.03605
35.04675
35.05774
35.06838
35.07963
35.09126
35.10287
35.11375
35.12503
35.13675
35.14779
35.15882
35.17028
35.18111
35.1922
35.20295
35.21371
35.22559
35.23657
35.24768
35.25863
35.26977
35.28061
35.29197
35.30335
35.31488
35.32649
35.33857
35.34974
35.36144
35.37329
35.38805
35.40031
35.41303
35.42411
35.43529
35.44896
