0.02
0.04
0.14
0.1747396
0.1877286
0.1997734
0.2114224
0.2225372
0.2334695
0.2434849
0.253338
0.2632331
0.2735902
0.2838722
0.295354
0.304512
0.314639
0.3261555
0.3373736
0.348234
0.3594364
0.3704925
0.3818104
0.3931758
0.4039794
0.4155068
0.4280286
0.4376485
0.4489869
0.4601893
0.4711604
0.482343
0.4937151
0.5045508
0.5157638
0.5295596
0.5407472
0.5510738
0.5606206
0.5716341
0.582994
0.5983896
0.6083207
0.6178436
0.62955
0.6401489
0.6499642
0.6616587
0.6722217
0.6833013
0.6947035
0.7056525
0.7168164
0.7282023
0.7393819
0.7502167
0.7621261
0.7727995
0.7843294
0.7951792
0.8060939
0.8171988
0.8287771
0.8396119
0.8509958
0.8623737
0.8730837
0.8866436
0.8977777
0.9090112
0.9203981
0.9313355
0.9427028
0.9536938
0.9649944
0.9769571
0.9876882
0.9994299
1.010356
1.02156
1.0331
1.04446
1.055624
1.066869
1.079014
1.090136
1.101596
1.113285
1.124097
1.134893
1.146603
1.157418
1.168462
1.179826
1.190974
1.201954
1.213368
1.224432
1.236001
1.246865
1.258129
1.270184
1.280813
1.291786
1.302918
1.314073
1.326123
1.336166
1.347456
1.358369
1.369718
1.381484
1.392461
1.402956
1.414274
1.42548
1.436655
1.447771
1.458848
1.470109
1.481633
1.496718
1.506091
1.515964
1.525857
1.535482
1.546173
1.556888
1.568198
1.579395
1.590475
1.6017
1.617389
1.627056
1.637324
1.647593
1.656976
1.668432
1.679437
1.690912
1.702114
1.713072
1.72427
1.735568
1.746683
1.75764
1.769434
1.785653
1.795554
1.805115
1.815775
1.825314
1.835883
1.846511
1.857959
1.869378
1.879921
1.891001
1.902304
1.913908
1.92503
1.935608
1.946854
1.958854
1.970222
1.98071
1.991465
2.002702
2.014212
2.025221
2.036068
2.047268
2.058512
2.069582
2.081209
2.091906
2.103452
2.114309
2.127149
2.13723
2.153693
2.167879
2.180239
2.191154
2.20232
2.213752
2.22488
2.235758
2.247559
2.260031
2.272613
2.284041
2.297415
2.308814
2.321072
2.333773
2.34519
2.355721
2.366726
2.376924
2.387317
2.397947
2.408231
2.418837
2.428844
2.438873
2.449107
2.461145
2.471678
2.481957
2.493101
2.504246
2.515173
2.5266
2.53748
2.54883
2.559917
2.571398
2.582506
2.593591
2.604417
2.615734
2.627561
2.638206
2.649291
2.661026
2.671772
2.682743
2.694393
2.705255
2.716657
2.727612
2.738468
2.749611
2.761372
2.772835
2.783994
2.795277
2.806779
2.818103
2.829703
2.841936
2.852643
2.86547
2.875354
2.887197
2.903248
2.913389
2.92312
2.934308
2.944438
2.95455
2.96443
2.975066
2.98612
2.997558
3.008336
3.019682
3.030813
3.042026
3.053155
3.064502
3.07588
3.086993
3.098152
3.109895
3.120506
3.131538
3.143795
3.154529
3.165134
3.176205
3.187075
3.198623
3.209764
3.220776
3.231909
3.243465
3.254127
3.265497
3.277038
3.288358
3.299849
3.311506
3.322319
3.334381
3.345732
3.356454
3.367806
3.379239
3.390341
3.402047
3.413154
3.42502
3.437501
3.447809
3.458344
3.469316
3.480578
3.49184
3.502979
3.514266
3.525162
3.536291
3.547676
3.559006
3.569885
3.581254
3.592446
3.603445
3.614669
3.625958
3.63698
3.64837
3.659501
3.670638
3.682107
3.693175
3.704184
3.715827
3.72726
3.738419
3.749649
3.761731
3.772774
3.784156
3.79563
3.806428
3.818089
3.82947
3.840351
3.851582
3.867296
3.879015
3.889921
3.900958
3.912265
3.923015
3.934012
3.945428
3.956434
3.96843
3.979701
3.990213
4.001251
4.017593
4.034747
4.046154
4.057022
4.067935
4.085976
4.097254
4.108189
4.119431
4.131017
4.142216
4.15373
4.165424
4.176669
4.187694
4.198924
4.209767
4.220905
4.232156
4.242696
4.254199
4.265329
4.276407
4.288102
4.299068
4.312313
4.323161
4.334404
4.345188
4.355957
4.366852
4.378228
4.389378
4.400584
4.412463
4.423359
4.434252
4.445728
4.457121
4.468256
4.479688
4.491392
4.504434
4.51551
4.526564
4.538063
4.549076
4.56004
4.57114
4.582497
4.593018
4.603883
4.615506
4.626213
4.637605
4.649226
4.660033
4.671115
4.682868
4.693422
4.704386
4.716305
4.727307
4.737865
4.749219
4.760541
4.772026
4.783274
4.794579
4.806121
4.817238
4.828119
4.838917
4.849818
4.861302
4.872459
4.883568
4.894477
4.905561
4.916673
4.927938
4.939462
4.950307
4.961948
4.973087
4.984393
4.996523
5.00736
5.018958
5.030476
5.0425
5.054541
5.06568
5.077692
5.088533
5.099984
5.112483
5.123314
5.134471
5.146197
5.157049
5.167802
5.184423
5.196438
5.207394
5.218723
5.229857
5.240495
5.25212
5.263671
5.274462
5.285372
5.296769
5.307633
5.319826
5.330925
5.341786
5.353249
5.364248
5.375281
5.386689
5.398353
5.409249
5.420596
5.432095
5.44272
5.453841
5.465504
5.476335
5.487406
5.498528
5.509696
5.52108
5.532475
5.544775
5.556325
5.567733
5.578998
5.589918
5.600993
5.612592
5.623204
5.633897
5.644805
5.655946
5.667362
5.679208
5.690706
5.701707
5.713056
5.724578
5.742682
5.753802
5.76578
5.777072
5.787917
5.799041
5.810314
5.821375
5.83274
5.843975
5.85493
5.866446
5.878081
5.888567
5.899789
5.911045
5.922558
5.933923
5.945328
5.956796
5.967952
5.979619
5.991729
6.002903
6.014189
6.026151
6.037334
6.048904
6.060787
6.072245
6.084441
6.096074
6.107538
6.119172
6.130971
6.143158
6.154603
6.166365
6.177961
6.190134
6.2018
6.21363
6.225058
6.236409
6.247754
6.259178
6.270513
6.282211
6.294105
6.305121
6.316595
6.335654
6.347552
6.358662
6.36996
6.381637
6.393073
6.404622
6.416193
6.427611
6.438845
6.450233
6.462039
6.473185
6.48508
6.497341
6.508515
6.520577
6.532516
6.544049
6.555598
6.567291
6.579076
6.590408
6.601724
6.613485
6.625878
6.637774
6.649053
6.660077
6.671259
6.683161
6.694674
6.705891
6.717538
6.729041
6.740258
6.751741
6.763243
6.774301
6.786088
6.797899
6.80911
6.820669
6.833119
6.844372
6.855918
6.8681
6.87965
6.890899
6.902118
6.91347
6.924901
6.936525
6.948228
6.960945
6.972322
6.984352
6.995631
7.006723
7.017962
7.029432
7.040796
7.052325
7.064166
7.075259
7.088364
7.100166
7.112154
7.123419
7.135192
7.146869
7.15791
7.169998
7.181879
7.193173
7.205045
7.216888
7.229258
7.240448
7.252106
7.263512
7.274584
7.286279
7.298195
7.309433
7.321035
7.334761
7.346108
7.357652
7.371035
7.384534
7.396847
7.408158
7.419964
7.431736
7.44382
7.455516
7.467349
7.479743
7.491384
7.508658
7.520235
7.532227
7.543184
7.554713
7.568075
7.579361
7.590341
7.602234
7.614689
7.626147
7.637466
7.64952
7.661183
7.672512
7.684014
7.696315
7.707918
7.719591
7.731678
7.743259
7.755703
7.767064
7.778884
7.790865
7.802802
7.814863
7.826823
7.838584
7.850843
7.863206
7.875002
7.886803
7.899155
7.910878
7.922298
7.933502
7.94524
7.956459
7.968117
7.98645
8.004301
8.022845
8.040899
8.05918
8.077221
8.096085
8.114962
8.127622
8.140047
8.152932
8.165822
8.178428
8.190719
8.203066
8.215624
8.228765
8.240927
8.253503
8.266364
8.279296
8.291538
8.304471
8.317564
8.330317
8.343691
8.356486
8.368763
8.381528
8.394059
8.406355
8.418023
8.430112
8.441364
8.453063
8.464506
8.476279
8.488256
8.500028
8.511865
8.523277
8.535071
8.547688
8.558827
8.570493
8.582876
8.59472
8.606805
8.618176
8.630174
8.641653
8.653807
8.665874
8.682714
8.695327
8.70786
8.719571
8.731669
8.743698
8.75522
8.772889
8.784511
8.795887
8.807404
8.818718
8.830256
8.841626
8.853658
8.866016
8.877209
8.888906
8.900476
8.912101
8.923478
8.93496
8.946604
8.957834
8.969248
8.980983
8.993338
9.005236
9.016588
9.028138
9.039823
9.05155
9.06329
9.074788
9.086539
9.098983
9.110623
9.122711
9.134284
9.146148
9.158716
9.170567
9.182748
9.194945
9.2063
9.217892
9.229197
9.240889
9.252559
9.264751
9.276629
9.288529
9.300375
9.312806
9.324269
9.336453
9.348261
9.359616
9.370955
9.382401
9.393993
9.404936
9.416679
9.428739
9.440685
9.452208
9.463796
9.474648
9.485561
9.496874
9.50767
9.519043
9.530157
9.541331
9.552794
9.563988
9.574816
9.586344
9.597274
9.608429
9.619688
9.631088
9.642464
9.654174
9.66559
9.676781
9.687873
9.700211
9.712782
9.724686
9.736741
9.749124
9.761335
9.773666
9.785745
9.798335
9.810135
9.821975
9.833697
9.845819
9.857948
9.869877
9.882829
9.894776
9.905865
9.916988
9.933619
9.945097
9.955482
9.966449
9.977477
9.989143
10.00004
10.01072
10.02174
10.03292
10.04445
10.05557
10.06678
10.07777
10.08881
10.10033
10.11121
10.12215
10.13323
10.14469
10.1556
10.16685
10.17817
10.1889
10.20019
10.21207
10.22274
10.23378
10.24518
10.25698
10.26816
10.2792
10.28988
10.30103
10.31214
10.32326
10.33452
10.34584
10.35729
10.36887
10.38009
10.39088
10.40205
10.41306
10.4236
10.43461
10.44598
10.45744
10.46889
10.4804
10.49224
10.50359
10.51523
10.5269
10.53834
10.5501
10.56256
10.57361
10.58589
10.60566
10.61805
10.62962
10.6409
10.65261
10.66399
10.67513
10.68646
10.69839
10.70951
10.72109
10.73411
10.74673
10.75869
10.77011
10.78127
10.79251
10.8037
10.81551
10.82733
10.83918
10.85142
10.86354
10.87568
10.88783
10.89989
10.91225
10.92414
10.93589
10.94849
10.96028
10.97184
10.98413
10.99596
11.0074
11.01971
11.03171
11.04374
11.05561
11.07268
11.08459
11.09669
11.1082
11.12026
11.13284
11.14517
11.15685
11.1686
11.17952
11.19018
11.20122
11.21226
11.2226
11.23367
11.24433
11.25508
11.26592
11.27648
11.28818
11.29896
11.30956
11.32018
11.33084
11.34156
11.35233
11.36305
11.37431
11.3851
11.39567
11.40635
11.41752
11.42895
11.4399
11.45099
11.46246
11.47338
11.48458
11.49592
11.50684
11.51825
11.52925
11.54034
11.55159
11.563
11.57393
11.58493
11.5968
11.60825
11.6198
11.63113
11.64296
11.65419
11.66532
11.67677
11.68815
11.69962
11.71138
11.72255
11.73385
11.74545
11.75652
11.76783
11.77938
11.79048
11.80203
11.81352
11.82456
11.83565
11.84712
11.85811
11.87064
11.88179
11.89212
11.90291
11.91429
11.92513
11.93626
11.94765
11.95872
11.96992
11.98169
11.99261
12.00374
12.0147
12.02577
12.03773
12.04893
12.05901
12.07054
12.0824
12.09354
12.10483
12.1157
12.12683
12.13758
12.14872
12.1602
12.17133
12.18215
12.1984
12.2095
12.22058
12.23223
12.24532
12.25677
12.26781
12.2786
12.28937
12.3011
12.31164
12.3223
12.33339
12.34505
12.35602
12.36781
12.38028
12.39149
12.40205
12.41385
12.42477
12.43586
12.44687
12.45742
12.46815
12.47912
12.49053
12.50129
12.51242
12.52363
12.5345
12.54598
12.55683
12.5682
12.57917
12.59104
12.60159
12.61293
12.62394
12.63509
12.64664
12.65733
12.66877
12.68027
12.69213
12.70344
12.71527
12.72688
12.73898
12.75101
12.76298
12.77492
12.78692
12.79921
12.81206
12.82392
12.83609
12.84783
12.85944
12.87168
12.88351
12.89539
12.90642
12.91761
12.92855
12.93942
12.95049
12.96163
12.97241
12.98423
12.99528
13.00616
13.01741
13.02906
13.03977
13.05093
13.0627
13.0738
13.08504
13.09637
13.10777
13.11921
13.13048
13.14153
13.15345
13.16483
13.17613
13.18748
13.19926
13.21063
13.22246
13.23352
13.24457
13.25544
13.26677
13.27841
13.28924
13.3005
13.31186
13.32828
13.33933
13.35174
13.36289
13.37384
13.38615
13.39769
13.40842
13.41957
13.43157
13.44254
13.45359
13.46477
13.47557
13.48684
13.49784
13.5087
13.51985
13.53151
13.54218
13.55289
13.5644
13.57568
13.58673
13.5976
13.60795
13.61932
13.63032
13.64135
13.65214
13.66316
13.67374
13.6852
13.69636
13.70854
13.71994
13.73106
13.74181
13.75354
13.76484
13.77582
13.78753
13.7998
13.8115
13.82349
13.83494
13.84703
13.85848
TARGET DESTROYED 
13.87095
13.89203
13.90473
13.91636
13.92836
13.94042
13.95249
13.96435
13.9758
13.98804
13.99968
14.02022
14.03332
14.04463
14.05631
14.06784
14.07969
14.0917
14.1035
14.1154
14.12725
14.13919
14.15114
14.16349
14.17496
14.18682
14.19894
14.20997
14.22132
14.23302
14.24472
14.25624
14.26795
14.28092
14.29308
14.30561
14.31724
14.32893
14.34058
14.35236
14.3645
14.37706
14.3892
14.40205
14.4152
14.42721
14.43929
14.45657
14.46886
14.48108
14.49311
14.50587
14.51779
14.52984
14.54168
14.55447
14.5674
14.57974
14.59173
14.60378
14.6158
14.62818
14.63958
14.65183
14.66416
14.67581
14.69473
14.70674
14.71899
14.73124
14.74343
14.75536
14.76736
14.77883
14.79118
14.80311
14.81527
14.82799
14.83979
14.85207
14.8662
14.8789
14.89159
14.90354
14.91551
14.92829
14.94054
14.95369
14.97024
TARGET DESTROYED 
14.98499
15.00367
15.01866
15.03174
15.04526
15.05741
15.07276
15.08867
15.1109
15.12408
15.13728
15.14927
15.16043
15.17101
15.18218
15.19305
15.20429
15.21605
15.228
15.23842
15.24937
15.26087
15.27251
15.28351
15.29409
15.30495
15.31606
15.32722
15.33837
15.34933
15.36077
15.37175
15.38283
15.39449
15.40693
15.41792
15.42877
15.43923
15.45012
15.46141
15.47226
15.48334
15.49462
15.50562
15.51684
15.52821
15.53913
15.55028
15.56195
15.57268
15.58395
15.59515
15.60626
15.62228
15.63333
15.64421
15.65532
15.66616
15.67699
15.68776
15.69889
15.70975
15.721
15.73228
15.74306
15.75381
15.76547
15.7766
15.78853
15.80007
15.81166
15.82379
15.83527
15.84693
15.85841
15.87068
15.88276
15.89441
15.90594
15.91738
15.92935
15.94132
15.95269
15.96436
15.97543
15.98798
15.99912
16.00997
16.02144
16.03246
16.04357
16.05479
16.06623
16.07709
16.08778
16.09851
16.10894
16.11992
16.13137
16.14267
16.15388
16.16496
16.17606
16.18702
16.19844
16.20946
16.22055
16.23205
16.24302
16.2545
16.2655
16.27662
16.28798
16.30002
16.31221
16.32432
16.33712
16.34993
16.3627
16.37466
16.38708
16.39947
16.41299
16.42721
16.43961
16.45205
16.46477
16.4759
16.48744
16.50009
16.51127
16.52249
16.53401
16.54468
16.55556
16.56674
16.5783
16.58914
16.60029
16.61183
16.62277
16.63381
16.64539
16.65652
16.66764
16.67869
16.68991
16.70122
16.71264
16.72405
16.73485
16.74616
16.76333
TARGET DESTROYED 
16.77407
16.79033
16.80184
16.81431
16.83224
16.84383
16.85487
16.86639
16.87774
16.88902
16.90032
16.91388
16.92487
16.93618
16.94771
16.95865
16.97108
16.98242
16.9937
17.00508
17.01694
17.02834
17.0396
17.05117
17.06275
17.07454
17.08566
17.09708
17.10814
17.11966
17.13193
17.14377
17.15533
17.16743
17.17928
17.1903
17.20148
17.2132
17.2244
17.23559
17.24688
17.25777
17.26914
17.28036
17.29165
17.3028
17.31555
17.32669
17.3376
17.34868
17.35998
17.37105
17.3823
17.39347
17.40481
17.4169
17.42831
17.43886
17.45056
17.46177
17.47243
17.48366
17.49552
17.50621
17.51705
17.52779
17.53873
17.55058
17.56159
17.57233
17.58374
17.59468
17.60574
17.61714
17.6281
17.6392
17.65052
17.66173
17.67265
17.68384
17.6951
17.70749
17.72011
17.73319
17.74622
17.75892
17.77204
17.7847
17.79761
17.81001
17.82307
17.83561
17.84882
17.86198
17.87506
17.89014
17.90504
17.91797
17.93067
17.94329
17.9561
17.96845
17.98163
17.99432
18.0068
18.01915
18.03008
18.04121
18.05239
18.06368
18.07504
18.08599
18.09731
18.10841
18.12037
18.13147
18.14183
18.15312
18.16427
18.17529
18.18656
18.19868
18.2091
18.22004
18.23148
18.24239
18.25366
18.26468
18.2759
18.28696
18.29814
18.30933
18.32034
18.33171
18.34275
TARGET DESTROYED 
18.35406
18.36938
18.38029
18.39209
18.40932
18.42109
18.43253
18.44343
18.45454
18.46564
18.47699
18.48808
18.49923
18.5106
18.52155
18.53286
18.54493
18.55508
18.56629
18.57761
18.58987
18.60226
18.61481
18.62681
18.63882
18.65379
18.66853
18.68061
18.69253
18.70507
18.71726
18.73032
18.74211
18.7542
18.76683
18.77922
18.791
18.80372
18.81627
18.82854
18.84079
18.85271
18.86645
18.87876
18.8908
18.90262
18.9136
18.92476
18.93626
18.94775
18.95905
18.97021
18.9822
18.99433
19.00597
19.01811
19.03249
19.04491
19.05727
19.07423
19.08619
19.09825
19.11065
19.12261
19.13477
19.14728
19.15876
19.17109
19.18264
19.19448
19.20594
19.21767
19.22926
19.24096
19.25311
19.26513
19.27677
19.28812
19.30001
19.31133
19.32298
19.3349
19.34668
19.35814
19.37057
19.38199
19.39309
19.40469
19.4164
19.42781
19.44034
19.45168
19.46406
19.47572
19.48749
19.49922
19.51108
19.52283
19.53506
19.54649
19.558
19.56972
19.58166
19.59458
19.60598
19.61763
19.62925
19.64052
19.65225
19.66506
19.6765
19.68789
19.69979
19.71166
19.72361
19.73612
19.74796
19.75936
19.77098
19.78293
19.7953
19.80671
19.81856
19.83
19.8413
19.85281
19.88315
19.89564
19.90703
19.91822
19.92988
19.94162
19.95283
19.96415
19.97555
19.98809
19.99948
TARGET DESTROYED 
20.01156
20.02893
20.04073
20.05218
20.06374
20.0748
20.08651
20.0996
20.11804
20.13027
20.14155
20.15336
20.16489
20.17629
20.18745
20.19916
20.21046
20.222
20.23349
20.24549
20.26283
20.27407
20.28656
20.29829
20.30943
20.32083
20.33272
20.34398
20.35542
20.36747
20.37887
20.39004
20.40143
20.4139
20.42499
20.43677
20.45049
20.46249
20.47388
20.48579
20.49779
20.50991
20.52106
20.53247
20.54388
20.55548
20.56721
20.57845
20.58963
20.60111
20.6128
20.62386
20.63491
20.64647
20.65837
20.67
20.68157
20.69262
20.70418
20.71587
20.72762
20.73947
20.75103
20.76263
20.77419
20.78626
20.79793
20.80984
20.82143
20.83392
20.84514
20.85616
20.86854
20.88018
20.8911
20.90279
20.91428
20.92525
20.93667
20.94848
20.9598
20.97153
20.98283
20.99462
21.00624
21.01837
21.03061
21.04245
21.05466
21.06708
21.07948
21.09125
21.10356
21.11575
21.12756
21.13975
21.15203
21.16451
21.177
21.18932
21.20173
21.21481
21.22681
21.23929
21.25122
21.26437
21.27694
21.28932
21.30158
21.31399
21.32554
21.33756
21.35049
21.36252
21.3737
21.38516
21.39659
21.40825
21.41993
21.43178
21.44361
21.45655
21.46769
21.4841
21.49586
21.50743
21.51908
21.53078
21.54181
21.55313
21.56558
21.57735
21.58857
21.6
21.61178
21.62336
TARGET DESTROYED 
21.63474
21.65184
21.66372
21.68234
21.69475
21.70571
21.71668
21.72788
21.73907
21.75039
21.7618
21.77273
21.78379
21.79526
21.80638
21.81752
21.8286
21.83966
21.8512
21.86234
21.87382
21.88499
21.89617
21.9071
21.91797
21.92887
21.93974
21.95147
21.96292
21.97442
21.98555
21.99678
22.00738
22.01835
22.02953
22.04046
22.0517
22.06263
22.07354
22.08527
22.09642
22.10715
22.11816
22.12966
22.141
22.1524
22.16436
22.17623
22.18774
22.19951
22.21057
22.22205
22.23373
22.24529
22.25641
22.26807
22.28082
22.29207
22.30373
22.31565
22.32703
22.33885
22.35141
22.36347
22.37514
22.3865
22.39843
22.4098
22.42129
22.43318
22.44488
22.45633
22.46889
22.48073
22.49249
22.50436
22.51614
22.52809
22.53933
22.55095
22.56235
22.57409
22.58562
22.59702
22.6081
22.61967
22.63166
22.64471
22.6559
22.66701
22.67823
22.68932
22.70044
22.71717
22.72913
22.74106
22.75274
22.76436
22.776
22.78869
22.80018
22.81166
22.8292
22.84045
22.85207
22.86493
22.87632
22.88802
22.90041
22.9121
22.92336
22.93456
22.94621
22.9574
22.96941
22.98124
22.99291
23.00431
23.02192
23.03449
23.04615
23.0574
23.0686
23.07982
23.09115
23.10316
23.11514
23.1263
23.13787
23.14956
23.16195
23.17326
23.18501
23.19731
23.20871
23.22007
23.23216
23.24359
23.25587
23.26722
TARGET DESTROYED 
23.2788
23.30574
23.31722
23.33543
23.34733
23.35821
23.36971
23.39042
23.40294
23.41467
23.42561
23.43751
23.44903
23.46033
23.47368
23.48618
23.49803
23.50944
23.52089
23.5327
23.54427
23.55624
23.56762
23.57897
23.59031
23.60478
23.61904
23.63372
23.64892
23.66425
23.67907
23.69332
23.70772
23.72176
23.73648
23.75079
23.76537
23.78045
23.79511
23.80966
23.82411
23.83892
23.85363
23.86921
23.88134
23.89264
23.90413
23.91609
23.92798
23.9402
23.95283
23.96569
23.97866
23.9969
24.00986
24.02263
24.03515
24.04774
24.05992
24.07279
24.08531
24.09779
24.11014
24.12307
24.13555
24.14905
24.16172
24.17394
24.18614
24.19882
24.21136
24.2241
24.23643
24.24879
24.26098
24.27296
24.28522
24.29752
24.30999
24.32194
24.33389
24.34606
24.35783
24.37003
24.38251
24.39481
24.40697
24.41927
24.4313
24.443
24.45509
24.46808
24.48215
24.4949
24.50769
24.51971
24.5319
24.54441
24.55638
24.56886
24.5812
24.59421
24.60746
24.6203
24.63301
24.64578
24.65766
24.67034
24.68286
24.69534
24.70715
24.71911
24.73165
24.74424
24.75718
24.76937
24.78223
24.79474
24.80694
24.81926
24.83253
24.845
24.85696
24.86919
24.88148
24.89412
24.9058
24.91805
24.9303
24.94231
24.95401
24.96663
24.97836
24.9903
25.00203
25.01387
25.02574
25.03812
25.05042
25.06293
25.07485
25.08728
25.0994
25.11146
25.12317
25.13466
25.14751
25.15856
25.16975
25.18101
25.19426
25.20649
25.2175
25.22885
25.23961
25.25178
25.26277
25.27377
25.28498
25.29677
25.30731
25.31844
25.3295
25.34639
25.35756
25.36863
25.37978
25.39092
25.40246
25.41371
25.42782
25.43904
25.45062
25.46273
25.47466
25.48598
25.49836
25.5095
25.52109
25.53342
25.54499
25.55696
25.56828
25.57974
25.5921
25.60316
25.61527
25.6265
25.6377
25.64959
25.66091
25.67232
25.68343
25.69458
25.70543
25.71736
25.72906
25.7407
25.75197
25.76552
25.77697
25.78833
25.79965
25.81117
25.82223
25.83547
