0.02
0.04
0.14
0.1775008
0.1888883
0.1998135
0.2113928
0.2290568
0.2409984
0.251845
0.262527
0.2732582
0.2842873
0.2979718
0.3078817
0.3187793
0.3291351
0.3403333
0.3514324
0.3628389
0.3743021
0.3849315
0.3963938
0.4073325
0.4184361
0.429965
0.4408563
0.4523525
0.4636245
0.4743313
0.489222
0.4999509
0.5102322
0.5202309
0.5301646
0.5413458
0.5526499
0.5638985
0.5749646
0.5859367
0.5973659
0.6085467
0.6194136
0.6308181
0.6419986
0.6611919
0.6710556
0.681266
0.691514
0.7016337
0.7126176
0.7220739
0.7319819
0.7423595
0.7535398
0.7653761
0.7758634
0.7870103
0.7985877
0.8093436
0.8206086
0.8318225
0.8429046
0.854075
0.8652709
0.8764663
0.8875067
0.8987058
0.9097424
0.9213865
0.9322595
0.9436743
0.9547759
0.9657829
0.9770543
0.9882047
0.999436
1.011118
1.022436
1.033103
1.043764
1.05523
1.066254
1.078384
1.089338
1.100774
1.112426
1.123667
1.134913
1.146757
1.158112
1.169561
1.180831
1.192267
1.203517
1.214931
1.226387
1.238233
1.249221
1.261337
1.272898
1.283552
1.295333
1.305938
1.316929
1.328948
1.339628
1.355029
1.366615
1.376683
1.387174
1.397987
1.408195
1.419057
1.429344
1.439609
1.450581
1.460532
1.471223
1.481766
1.49158
1.502419
1.513275
TARGET DESTROYED 
1.524193
1.542322
1.553172
1.571631
1.583506
1.594397
1.604642
1.615037
1.625292
1.635886
1.647426
1.658367
1.66942
1.680806
1.691825
1.702943
1.714682
1.725426
1.736702
1.747717
1.758973
1.770051
1.781269
1.792476
1.80359
1.814629
1.82578
1.836874
1.848257
1.85924
1.870694
1.881756
1.893026
1.904126
1.915326
1.926377
1.937582
1.948639
1.960018
1.970944
1.982607
1.99358
2.004617
2.015726
2.027489
2.037911
2.049301
2.060336
2.071553
2.083122
2.094198
2.10523
2.117342
2.128777
2.1401
2.151836
2.163414
2.175088
2.190374
2.201334
2.211678
2.221996
2.232368
2.242366
2.253422
2.264549
2.275785
2.287262
2.298264
2.309282
2.320864
TARGET DESTROYED 
2.332071
2.348374
2.364736
2.37464
2.384495
2.395679
2.406644
2.417945
2.429132
2.440201
2.451391
2.462848
2.47382
2.485115
2.496866
2.508391
2.519599
2.530148
2.540791
2.55198
2.563301
2.574244
2.585526
2.596742
2.607959
2.618781
2.630227
2.641257
2.652457
2.663972
2.674641
2.685923
2.697123
2.708206
2.719482
2.730707
2.741695
2.752927
2.76412
2.775219
2.786438
2.797756
2.808778
2.820524
2.831498
2.84228
2.853882
2.865445
2.876905
2.888366
2.899775
2.912988
2.92296
2.934459
2.94618
2.957501
2.96905
2.981145
2.991895
3.003502
3.014833
3.031664
3.042637
3.053126
3.064035
3.074374
3.08478
3.095051
3.105463
3.115892
3.125758
3.137457
3.147683
3.157791
3.16847
3.179064
3.189278
3.200008
3.210875
3.222085
3.23332
3.245108
3.255799
3.267184
3.2781
3.289246
3.300169
3.311663
3.322545
3.333808
TARGET DESTROYED 
3.345592
3.360522
3.371396
3.382864
3.393482
3.404392
3.415111
3.42643
3.438684
3.451313
3.467456
3.479243
3.490222
3.501429
3.512893
3.523924
3.534678
3.54611
3.557197
3.5683
3.579771
3.59062
3.602058
3.613358
3.624247
3.635258
3.647229
3.657813
3.668816
3.680084
3.691244
3.702356
3.713964
3.72467
3.735731
3.747106
3.75869
3.769488
3.780919
3.792379
3.803799
3.814492
3.825231
3.836601
3.847704
3.858788
3.869924
3.885863
3.896677
3.906958
3.917824
3.928565
3.938987
3.950076
3.960454
3.971253
3.982697
3.994375
4.005598
4.01723
4.028732
4.040715
4.051534
4.062364
4.073327
4.084299
4.095438
4.106685
4.117579
4.129069
4.140391
4.151272
4.162477
4.173473
4.184647
4.196052
4.206898
4.218109
4.229784
4.241113
4.251977
4.263345
4.27453
4.285938
4.297193
4.308532
4.319978
4.331542
4.342636
4.355697
4.367651
4.378381
4.389737
4.400808
4.41176
4.422638
4.434306
4.446217
4.456923
TARGET DESTROYED 
4.467564
4.48308
4.494465
4.505209
4.516769
4.529261
4.541692
4.558095
4.569281
4.580333
4.591042
4.601934
4.613388
4.624221
4.635354
4.646732
4.657751
4.668773
4.679871
4.690445
4.702024
4.713195
4.723956
4.739901
4.752415
4.763601
4.774663
4.78588
4.797565
4.808599
4.819607
4.830663
4.841919
4.853688
4.864897
4.875548
4.886347
4.897495
4.908821
4.919778
4.931076
4.942413
4.95353
4.964623
4.975713
4.986714
4.998027
5.009796
5.021281
5.032868
5.043366
5.054483
5.065205
5.076416
5.087296
5.098611
5.109677
5.120917
5.132533
5.143215
5.154334
5.165894
5.177023
5.188151
5.199051
5.210569
5.221954
5.233737
5.245197
5.256416
5.268076
5.279687
5.290991
5.30291
5.314219
5.326746
5.337606
5.348794
5.360186
5.372083
5.383034
5.394046
5.405173
5.416372
5.428314
5.440284
5.451529
5.463012
5.473527
5.484748
5.495728
5.506419
5.517468
TARGET DESTROYED 
5.52838
5.544374
5.55596
5.567155
5.578247
5.589993
5.601165
5.612745
5.629881
5.642684
5.659592
5.671291
5.682528
5.693307
5.70412
5.715474
5.726095
5.737466
5.748538
5.760653
5.771887
5.783004
5.79408
5.805121
5.816335
5.826385
5.836771
5.847118
5.858364
5.869692
5.880492
5.891695
5.902888
5.914137
5.925001
5.936294
5.94806
5.958604
5.969903
5.981157
5.992115
6.003349
6.014576
6.025912
6.036934
6.048015
6.059098
6.070399
6.081662
6.092639
6.104022
6.115888
6.126184
6.137475
6.148573
6.159677
6.170782
6.182242
6.193398
6.204982
6.216621
6.22856
6.240101
6.251598
6.263538
6.274842
6.286704
6.297608
6.309783
6.321162
6.332806
6.343701
6.354659
6.36634
6.378545
6.389273
6.400265
6.410848
6.421868
6.433239
6.443978
6.455187
6.466331
6.477907
6.488657
6.504871
6.516003
6.52635
6.536989
6.548083
6.558325
6.569362
6.581041
6.591268
6.602211
6.612755
6.623748
6.635159
6.645935
6.657014
6.668137
6.679037
6.689759
6.701011
6.711872
6.722232
6.733434
6.743943
6.755007
6.76574
6.776055
6.786893
6.797287
6.807848
6.819611
6.830015
6.841097
6.852268
6.863777
6.874525
6.885886
6.897271
6.907966
6.919313
TARGET DESTROYED 
6.930498
6.945581
6.956194
6.96736
6.977995
6.988536
6.999835
7.010526
7.021353
7.033994
7.045958
7.061521
7.072023
7.082836
7.093244
7.103974
7.114542
7.125596
7.136744
7.147768
7.158112
7.168808
7.179759
7.190274
7.201317
7.21211
7.222616
7.233139
7.243896
7.254727
7.265826
7.277057
7.288212
7.299331
7.310535
7.321714
7.332687
7.344032
7.355248
7.370824
7.383014
7.393775
7.404302
7.415106
7.42547
7.436338
7.448357
7.458761
7.469234
7.479918
7.490973
7.501791
7.513014
7.523737
7.534935
7.546439
7.557166
7.568443
7.57968
7.591213
7.601992
7.613621
7.624364
7.63551
7.64678
7.657787
7.669174
7.68028
7.69131
7.702644
7.713747
7.725332
7.736001
7.747444
7.758811
7.77003
7.781515
7.793067
7.804228
7.815543
7.827149
7.839426
7.850842
7.862747
7.874044
7.88565
7.897525
7.908927
7.920448
7.93204
7.943607
7.955694
7.967374
7.980279
7.991624
8.003026
8.014326
8.025776
8.037219
8.048661
8.060097
8.072248
8.083873
8.095618
8.107594
8.119019
8.132552
8.144146
8.155596
8.166956
8.178834
8.190922
8.202626
8.214927
8.226264
8.237511
8.249063
8.260592
8.27258
8.284338
8.296083
8.307528
8.319035
8.335868
8.347802
8.360271
8.371566
8.382968
8.395571
8.406899
8.41847
8.429814
8.441851
8.458759
8.470263
8.481818
8.496017
8.507147
8.518411
8.529984
8.541568
8.5532
8.56522
8.576571
8.588419
8.600284
8.612204
8.624448
8.635535
8.646945
8.658123
8.669513
8.681399
8.692989
8.70504
8.716571
8.729036
8.740439
8.752534
8.764059
8.775219
8.786707
8.798347
8.80942
8.821603
8.833312
8.844588
8.855885
8.868373
8.880054
TARGET DESTROYED 
8.89169
8.918432
8.937757
8.949291
8.961761
8.973068
8.984593
8.997299
9.008357
9.019613
9.031894
9.044564
9.056861
9.068748
9.080142
9.091511
9.103072
9.114544
9.125504
9.137198
9.148177
9.158959
9.171244
9.182884
9.194028
9.204893
9.216638
9.22896
9.240199
9.256003
9.267103
9.278623
9.289607
9.300853
9.311975
9.322706
9.334041
9.345251
9.356483
9.368158
9.37987
9.391043
9.403879
9.415241
9.425883
9.43734
9.449445
9.460559
9.471521
9.482633
9.493597
9.504674
9.516058
9.52682
9.538573
9.549808
9.561049
9.572004
9.584288
9.595584
9.606727
9.618043
9.629474
9.64048
9.651419
9.662647
9.673388
9.684641
9.695879
9.70715
9.718377
9.730021
9.740715
9.752106
9.763825
9.775457
9.787658
9.799801
9.813422
9.825431
9.837122
9.848452
9.858996
9.870905
9.882147
9.892755
9.916849
9.927898
9.93902
9.950094
9.961511
9.972693
9.983941
9.99572
10.0093
10.02392
10.03571
10.04721
10.05889
10.07137
10.08383
10.09602
10.10847
10.12006
10.1326
10.14494
10.15694
10.16901
10.18137
10.19275
10.20554
10.21757
10.2347
10.2468
10.25925
10.2731
10.28571
10.29786
10.30991
10.32208
10.33402
10.34578
10.36419
10.37645
10.38977
10.40198
10.4159
10.42754
10.43967
10.45246
10.46473
10.47682
10.48899
10.50074
10.51357
10.52554
10.53749
10.54979
10.5618
10.57417
10.58714
10.60003
10.61217
10.62484
10.63796
10.65017
10.66284
10.67474
10.6864
10.69853
10.71121
10.72336
10.73564
10.74763
10.75931
10.7713
10.78365
10.79568
10.80707
10.81868
10.83133
10.84334
10.85424
10.86539
10.87734
10.88852
10.89938
10.9105
10.92132
10.93206
10.94258
10.9537
10.96562
10.97593
10.98664
10.99708
11.00755
11.01857
11.03047
11.0414
11.05243
11.06353
11.07477
11.08623
11.09676
11.10841
11.11935
11.13066
11.14167
11.1555
11.16767
11.17892
11.19494
11.20545
11.21657
11.22682
11.23987
