0.02
0.04
0.14
0.1755445
0.1878704
0.1988896
0.2101969
0.2213631
0.2326611
0.2433348
0.2545802
0.2666279
0.2798327
0.2930478
0.302756
0.311732
0.3214359
0.332681
0.3439655
0.3572506
0.368725
0.3779089
0.3890119
0.4003095
0.410743
0.4221417
0.4333415
0.4461518
0.4573571
0.4667662
0.4778281
0.4890648
0.5021933
0.511288
0.5224825
0.5339152
0.5449203
0.556244
0.5673238
0.578412
0.5906217
0.6064148
0.6162387
0.6262221
0.6366597
0.6465045
0.6567143
0.6681528
0.6791435
0.6900286
0.7018922
0.7123741
0.7236198
0.7351559
0.7461376
0.7573954
0.7683463
0.7802506
0.7908797
0.8019066
0.8130677
0.824177
0.8353964
0.8468782
0.8577595
0.8688288
0.8804033
0.8925998
0.9038734
0.915755
0.9261188
0.9374511
0.9508728
0.9600856
0.9712992
0.9825469
0.9938397
1.004983
1.01675
1.028016
1.039204
1.050255
1.061754
1.073638
1.085595
1.096566
1.107736
1.11859
1.130263
1.141511
1.153221
1.164311
1.175478
1.186749
1.198048
1.20883
1.220165
1.231978
1.242882
1.25346
1.264989
1.27597
1.287323
1.299106
1.309296
1.320627
1.331932
1.343013
1.354135
1.365452
1.377045
1.387972
1.400142
1.410393
1.421825
1.43255
1.444563
1.454923
1.466088
1.477334
1.488447
1.499541
1.510757
1.521698
1.533149
1.544835
1.555124
1.5665
1.580649
1.590248
1.599901
1.610018
1.62096
1.632469
1.643418
1.654334
1.66572
1.677661
1.695074
1.705082
1.71579
1.725876
1.736186
1.746384
1.761407
1.773652
1.784732
1.796044
1.807224
1.818732
1.83012
1.841056
1.851948
1.863025
1.874025
1.885443
1.896604
1.907691
1.918972
1.93063
1.9417
1.952233
1.963634
1.974899
1.986133
1.997052
2.008526
2.024715
2.038469
2.048683
2.05837
2.06856
2.078053
2.088136
2.097778
2.110173
2.120529
2.131211
2.142382
2.153391
2.165138
2.177408
2.189435
2.199732
2.209591
2.22045
2.231822
2.242996
2.254396
2.265293
2.276339
2.287572
2.29898
2.309853
2.321173
2.332078
2.343201
2.354659
2.366084
2.376807
2.387993
2.3991
2.410372
2.421713
2.432747
2.443782
2.454937
2.466266
2.477643
2.488609
2.499999
2.510822
2.521977
2.533271
2.544333
2.55574
2.567128
2.578995
2.589879
2.601414
2.6127
2.624228
2.635922
2.647243
2.658338
2.669786
2.681403
2.692628
2.70432
2.715968
2.726847
2.738861
2.750616
2.76141
2.772967
2.783948
2.795196
2.810842
2.821605
2.832343
2.842829
2.854012
2.864551
2.875978
2.886462
2.896582
2.907562
2.918067
2.928607
2.939191
2.950124
2.960328
2.971284
2.982077
2.992618
3.003955
3.014739
3.02487
3.035842
3.047658
3.058265
3.069323
3.080581
3.092836
3.103339
3.114702
3.125447
3.136553
3.147854
3.15968
3.170605
3.1814
3.192258
3.203732
3.21462
3.225829
3.236871
3.24895
3.259998
3.271175
3.282464
3.293636
3.305259
3.316649
3.328461
3.339809
3.350908
3.362077
3.373595
3.385574
3.396536
3.408322
3.419707
3.43103
3.441813
3.453494
3.46526
3.476279
3.487445
3.500012
3.510187
3.52098
3.532653
3.543342
3.554469
3.565802
3.577124
3.58821
3.599824
3.61189
3.622623
3.63355
3.643789
3.656393
3.667766
3.678316
3.689108
3.699851
3.711026
3.722339
3.73402
3.744654
3.755528
3.766922
3.77802
3.789226
3.800195
3.811418
3.822706
3.833802
3.844939
3.856876
3.867941
3.878433
3.88983
3.900899
3.911964
3.928567
3.939365
3.950276
3.960976
3.972039
3.98286
3.993831
4.004688
4.015804
4.026506
4.037381
4.048683
4.059518
4.070443
4.08121
4.092717
4.103413
4.114068
4.125015
4.136037
4.14716
4.158248
4.169175
4.179768
4.191834
4.203155
4.214167
4.224947
4.236067
4.246682
4.257632
4.269789
4.280605
4.291496
4.302361
4.312923
4.32379
4.33456
4.345408
4.356645
4.368026
4.378383
4.389598
4.400772
4.411327
4.422141
4.432902
4.443369
4.454635
4.466246
4.47759
4.488864
4.50019
4.51197
4.523008
4.533981
4.545016
4.556962
4.568187
4.578884
4.590172
4.601326
4.612892
4.623627
4.635093
4.646514
4.657954
4.669196
4.680686
4.691893
4.70305
4.71463
4.725765
4.737074
4.748823
4.759989
4.771445
4.782683
4.793622
4.804957
4.816832
4.828121
4.838998
4.850413
4.861497
4.872558
4.883752
4.895065
4.906153
4.917291
4.928305
4.939638
4.950871
4.963436
4.974799
4.986341
4.997607
5.008258
5.019244
5.029856
5.040943
5.057273
5.069138
5.079967
5.091166
5.102158
5.11403
5.124886
5.135922
5.147661
5.158786
5.169978
5.181129
5.192861
5.204329
5.215681
5.226583
5.237755
5.256148
5.268867
5.282213
5.293429
5.304689
5.315665
5.32623
5.337574
5.348738
5.359126
5.372524
5.383566
5.3947
5.405434
5.416665
5.427606
5.438446
5.449839
5.460769
5.471715
5.482613
5.49407
5.504921
5.516482
5.527551
5.539097
5.550303
5.561038
5.573528
5.585357
5.596498
5.608144
5.619284
5.629587
5.640641
5.651498
5.661911
5.673057
5.684316
5.694552
5.705477
5.717675
5.727915
5.739351
5.750797
5.762074
5.774373
5.784883
5.79676
5.807932
5.819432
5.831336
5.842753
5.854342
5.865757
5.876575
5.887991
5.898973
5.909898
5.921204
5.933193
5.943578
5.954584
5.966138
5.97699
5.988535
5.99984
6.010856
6.022364
6.033623
6.044996
6.056819
6.067702
6.078929
6.090344
6.101205
6.112317
6.123861
6.134717
6.146155
6.157716
6.168232
6.179798
6.195498
6.206262
6.216576
6.226787
6.237183
6.247994
6.258532
6.269832
6.280577
6.291382
6.302046
6.312719
6.322837
6.333079
6.343025
6.353387
6.365284
6.375896
6.387128
6.398622
6.409217
6.420395
6.431841
6.442842
6.45469
6.465369
6.476379
6.487626
6.498797
6.50997
6.520986
6.532539
6.546183
6.557354
6.568285
6.578997
6.589867
6.6004
6.610891
6.622306
6.633673
6.645146
6.656383
6.667937
6.679478
6.691195
6.701991
6.713841
6.724878
6.736366
6.747781
6.758995
6.770331
6.782071
6.792822
6.80409
6.815684
6.826524
6.837563
6.849205
6.860274
6.871381
6.882722
6.893458
6.904678
6.91627
6.927204
6.938239
6.949822
6.96092
6.972345
6.98365
6.994776
7.006114
7.01734
7.028605
7.039403
7.051651
7.062409
7.073751
7.085065
7.096284
7.10715
7.11795
7.128989
7.140252
7.151289
7.162526
7.173628
7.184989
7.195917
7.207108
7.218446
7.229403
7.240685
7.251831
7.263653
7.274971
7.286855
7.29757
7.307691
7.324319
7.335717
7.347222
7.35774
7.370487
7.381504
7.392079
7.403618
7.414687
7.42541
7.436728
7.448116
7.459259
7.47025
7.482269
7.492962
7.503695
7.515357
7.526132
7.537344
7.548834
7.559689
7.570954
7.582448
7.593231
7.604168
7.615813
7.626765
7.637933
7.649278
7.660137
7.671319
7.682734
7.694193
7.706204
7.716949
7.727639
7.738267
7.749691
7.761031
7.772084
7.783401
7.794196
7.805596
7.816814
7.828946
7.839792
7.851173
7.863291
7.874647
7.8858
7.897674
7.909096
7.92013
7.932016
7.942839
7.954219
7.966395
7.977481
7.988796
8.000181
8.011374
8.022735
8.033927
8.045136
8.05597
8.067348
8.078893
8.089628
8.101837
8.1121
8.123967
8.135008
8.145685
8.157101
8.168692
8.179517
8.189985
8.202897
8.21302
8.224002
8.234982
8.246442
8.257594
8.268976
8.280246
8.291118
8.302045
8.313272
8.323954
8.335256
8.347053
8.357758
8.368881
8.38152
8.391972
8.402795
8.413515
8.42474
8.436683
8.447543
8.463652
8.474853
8.485405
8.496404
8.506985
8.517352
8.527351
8.537913
8.549036
8.559209
8.569952
8.579993
8.59092
8.601377
8.612787
8.623213
8.633454
8.644335
8.654373
8.665724
8.676718
8.687837
8.699233
8.710167
8.721164
8.73262
8.743814
8.756382
8.768933
8.781808
8.794209
8.806731
8.819666
8.832415
8.844835
8.857437
8.870114
8.882772
8.895494
8.908471
8.920792
8.933667
8.945996
8.95887
8.971354
8.98455
8.996756
9.009207
9.021611
9.034746
9.047545
9.060122
9.081558
9.094256
9.106611
9.119671
9.13267
9.145
9.157163
9.168328
9.179526
9.191765
9.203744
9.216027
9.227449
9.239092
9.251101
9.262336
9.275489
9.287416
9.300001
9.311325
9.323113
9.334941
9.347617
9.359591
9.371132
9.383709
9.395926
9.407881
9.420165
9.432351
9.44381
9.456666
9.468931
9.481204
9.493294
9.505001
9.517503
9.529403
9.541314
9.553003
9.565686
9.577357
9.589339
9.614793
9.626616
9.638297
9.650253
9.667798
9.679404
9.692147
9.704326
9.716511
9.728036
9.740209
9.752422
9.76461
9.776526
9.788589
9.800797
9.812899
9.82513
9.837013
9.849596
9.861743
9.874167
9.886448
9.898616
9.911304
9.923552
9.935674
9.948089
9.960258
9.972399
9.984756
9.996391
10.00837
10.0208
10.03313
10.04528
10.05763
10.06978
10.08255
10.09453
10.10656
10.1183
10.13017
10.14183
10.1537
10.16556
10.17691
10.18811
10.2
10.2118
10.22346
10.23536
10.24665
10.25821
10.27044
10.28259
10.29437
10.30602
10.31795
10.32993
10.34116
10.35292
10.36438
10.37572
10.38901
10.40075
10.41197
10.42427
10.43635
10.44874
10.46083
10.47262
10.48524
10.49802
10.50979
10.52138
10.53376
10.55717
10.57078
10.58339
10.5953
10.60828
10.62822
10.64208
10.65503
10.66736
10.67877
10.6908
10.703
10.71459
10.72715
10.73925
10.7517
10.76383
10.77565
10.78766
10.80024
10.81216
10.82411
10.83621
10.84817
10.86051
10.8781
10.89023
10.90204
10.91387
10.92587
10.93793
10.94997
10.96199
10.97495
10.98728
10.99972
11.01122
11.02294
11.03495
11.04716
11.05894
11.07124
11.0832
11.09461
11.10656
11.11872
11.13091
11.14317
11.15555
11.16787
11.1793
11.19123
11.2034
11.2155
11.22776
11.23981
11.25236
11.26528
11.27813
11.29037
11.30259
11.31561
11.32735
11.33907
11.35131
11.36311
11.37541
11.38811
11.40048
11.41234
11.42436
11.43632
11.44855
11.46072
11.47355
11.48657
11.49946
11.51151
11.52352
11.536
11.54842
11.56005
11.57173
11.5838
11.59587
11.60857
11.62082
11.63316
11.64572
11.6579
11.67007
11.68247
11.69421
11.70653
11.71869
11.73104
11.74317
11.75568
11.76793
11.77943
11.79154
11.80377
11.81565
11.82732
11.83913
11.85144
11.86345
11.87595
11.88849
11.9006
11.91257
11.92422
11.93617
11.94823
11.96037
11.97271
11.98424
11.99603
12.00825
12.02047
12.03266
12.04422
12.05635
12.07353
12.08561
12.09725
12.10899
12.12134
12.13362
12.14623
12.15833
12.17088
12.1834
12.19512
12.20725
12.21924
12.23144
12.24335
12.25533
12.26817
12.28124
12.29285
12.30442
12.31659
12.3288
12.34074
12.35229
12.36397
12.37638
12.38858
12.40052
12.41241
12.42459
12.43657
12.4487
12.46023
12.47188
12.4841
12.49601
12.50798
12.51959
12.53366
12.54731
12.55951
12.5716
12.58385
12.59564
12.60773
12.61977
12.63148
12.64242
12.65316
12.66436
12.67546
12.68658
12.69792
12.70884
12.72021
12.7315
12.74264
12.75361
12.76492
12.77597
12.78739
12.79857
12.80941
12.82064
12.83224
12.84291
12.8542
12.8655
12.87761
12.88895
12.89948
12.91013
12.92109
12.93287
12.94406
12.95653
12.96811
12.98007
12.99189
13.00397
13.01633
13.02778
13.03965
13.05189
13.06369
13.07554
13.08741
13.1
13.11238
13.12437
13.13615
13.14801
13.15977
13.17135
13.18349
13.19516
13.20695
13.21932
13.23064
13.24105
13.2576
13.26937
13.28033
13.29123
13.30182
13.31198
13.32334
13.33442
13.34579
13.35684
13.36836
13.37949
13.39048
13.40143
13.41345
13.42427
13.43508
13.44612
13.45745
13.46852
13.47973
13.49085
13.50192
13.5132
13.52432
13.53595
13.54812
13.5597
13.57191
13.58445
13.59704
13.60926
13.62139
13.63347
13.64532
13.6572
13.66974
13.68159
13.69335
13.70502
13.71702
13.72841
13.74057
13.75265
13.7647
13.77649
13.78852
13.80059
13.81262
13.82475
13.83721
13.8496
13.86124
13.87327
13.88378
13.89473
13.90553
13.91613
13.92639
13.93754
13.94908
13.95995
13.97104
13.98238
13.99358
14.00463
14.01606
14.02698
14.03836
14.04976
14.06059
14.07157
14.08281
14.09387
14.10511
14.11648
14.12754
14.13923
14.14988
14.16088
14.17235
14.18337
14.19479
14.20605
14.21695
14.22805
14.23917
14.25042
14.26155
14.27317
14.28415
14.29507
14.31649
14.32854
14.33983
14.35115
14.36234
14.37883
14.3908
14.40248
14.41299
14.42383
14.43479
14.45205
14.46257
14.47384
14.48515
14.49627
14.50741
14.51931
14.52957
14.54072
14.55188
14.5633
14.57422
14.58633
14.59719
14.60805
14.61937
14.63043
14.64162
14.65235
14.6639
14.67581
14.68676
14.6974
14.70836
14.71951
14.7313
14.7421
14.7531
14.76454
14.77544
14.78661
14.79934
14.81198
14.82456
14.83754
14.85053
14.86318
14.88093
14.89383
14.90639
14.91924
14.9319
14.94424
14.95657
14.96938
14.98275
14.99578
15.00909
15.02244
15.03529
15.04839
15.06105
15.07368
15.10478
15.13612
15.15074
15.16304
15.17658
15.19012
15.2036
15.21723
15.2309
15.24449
15.2579
15.27172
15.28543
15.29959
15.31328
15.32657
15.34017
15.3545
15.36864
15.38211
15.39589
15.40949
15.42303
15.43658
15.45054
15.46097
15.47171
15.48231
15.49298
15.5042
15.51531
15.52605
15.53706
15.54817
15.55921
15.57231
15.58426
15.59554
15.60713
15.61956
15.63718
15.64883
15.66089
15.67219
15.68408
15.69553
15.70723
15.7187
15.73013
15.74221
15.75407
15.76529
15.77612
15.78768
15.79892
15.80983
15.82163
15.83347
15.84503
15.85721
15.86915
15.88138
15.89377
15.90558
15.91744
15.92877
15.9409
15.9529
15.96488
15.97701
15.98877
16.00169
16.01415
16.02659
16.0391
16.0513
16.06336
16.07592
16.08831
16.1012
16.11337
16.12591
16.13814
16.14961
16.16027
16.1717
16.18298
16.19391
16.20518
16.21657
16.22739
16.23868
16.24986
16.26121
16.27235
16.28337
16.29469
16.30583
16.3167
16.32796
16.3392
16.3505
16.36207
16.3726
16.3843
16.39486
16.40674
16.41761
16.42844
16.4396
16.45097
16.46196
16.47315
16.48453
16.49562
16.50674
16.51797
16.52888
16.54007
16.55159
16.56242
16.57409
16.58482
16.5962
16.608
16.61908
16.63085
16.64214
16.65368
16.66538
16.67677
16.68856
16.70045
16.71271
16.72466
16.73599
16.74725
16.75834
16.76981
16.78133
16.7927
16.80935
16.8209
16.83209
16.84295
16.85406
16.86551
16.8766
16.88778
16.89916
16.91037
16.92171
16.93292
16.94369
16.95479
16.96626
16.97752
16.9885
16.99941
17.00982
17.02111
17.03226
17.04311
17.05448
17.06637
17.07686
17.08793
17.09903
17.1101
17.121
17.13243
17.14345
17.16092
17.17179
17.18327
17.19424
17.20536
17.21677
17.22742
17.24049
17.25359
17.26469
17.27628
17.28881
17.30046
17.31116
17.32332
17.33502
17.34694
TARGET DESTROYED 
17.3591
17.38147
17.39449
17.40688
17.41921
17.43121
17.44287
17.45483
17.4674
17.47899
17.49089
17.51253
17.52536
17.5374
17.54945
17.56071
17.57228
17.58482
17.59678
17.60878
17.62076
17.63347
17.64539
17.65718
17.66923
17.68067
17.69259
17.70454
17.71629
17.72812
17.74022
17.75246
17.7645
17.77608
17.78811
17.80136
17.81329
17.82502
17.83706
17.84894
17.86063
17.87129
17.88205
17.89253
17.90382
17.9164
17.93408
17.94655
17.959
17.97113
17.98371
17.9968
18.00953
18.02217
18.03474
18.04763
18.06699
18.07944
18.09189
18.10437
18.11677
18.129
18.142
18.15432
18.16714
18.17968
18.19221
18.2044
18.21651
18.22849
18.2409
18.25346
18.2661
18.27913
18.29173
18.30506
18.31706
18.32921
18.34141
18.35366
18.36668
18.37901
18.39142
18.40375
18.41679
TARGET DESTROYED 
18.42851
18.44946
18.4691
18.483
18.49491
18.50748
18.51953
18.53175
18.54447
18.55531
18.56738
18.5806
18.59319
18.60545
18.61814
18.63058
18.64237
18.65476
18.66699
18.67957
18.69207
18.70451
18.71657
18.72873
18.74162
18.75352
18.76618
18.778
18.79007
18.80276
18.81504
18.82714
18.83939
18.85213
18.86439
18.8762
18.88823
18.9004
18.91297
18.92486
18.93661
18.94845
18.96024
18.97222
18.98499
18.99689
19.00884
19.02055
19.0327
19.04404
19.05643
19.06828
19.08051
19.09209
19.10456
19.11715
19.12891
19.14734
19.15964
19.17023
19.18098
19.19198
19.20319
19.21394
19.22491
19.23597
19.24627
19.25689
19.26755
19.27841
19.28921
19.29964
19.31027
19.32141
19.3326
19.3439
19.35504
19.36643
19.37764
19.38879
19.39954
19.41076
19.42208
19.43324
19.44435
19.45564
19.46675
19.4779
19.48907
19.50042
19.51129
19.52235
19.53378
19.54509
19.55615
19.56723
19.57911
19.58949
19.60077
19.61173
19.6232
19.64177
19.65257
19.66294
19.67321
19.68361
19.69418
19.70487
19.71564
19.72582
19.73706
19.74751
19.75782
19.76893
19.7796
19.79072
19.80185
19.81329
19.82405
19.83533
19.84674
19.85784
19.86905
19.88036
19.89136
19.90217
19.9138
19.92455
19.93596
19.94749
19.95824
19.96944
19.98104
19.99185
20.0032
20.01443
20.02526
20.03664
20.0483
20.05939
20.07108
20.08322
20.09474
20.10692
20.11967
20.13165
20.1443
20.15646
20.1691
20.18154
20.19623
20.2085
20.2205
20.23289
20.24463
20.25652
20.26853
20.28208
20.29379
20.30618
20.31833
20.33114
20.34304
20.35547
20.36773
20.37972
20.39233
20.40397
20.41694
20.42829
20.44137
20.4531
20.465
20.477
20.48923
20.50119
20.5133
20.52522
20.53755
20.55011
20.56308
20.57603
20.58846
20.60155
20.61333
20.62598
20.63861
20.65131
20.66339
20.67555
20.68767
20.70018
20.71227
20.72444
20.73773
20.74986
20.7625
20.7748
20.78683
20.79975
20.81179
TARGET DESTROYED 
20.8243
20.84232
20.85453
20.86744
20.87915
20.8913
20.90356
20.91616
20.92814
20.94011
20.95889
20.97216
20.99124
21.00462
21.01673
21.02868
21.04084
21.0531
21.06492
21.07677
21.08887
21.10112
21.11265
21.12469
21.13744
21.14982
21.16143
21.1735
21.18544
21.19807
21.20961
21.22121
21.23311
21.24469
21.25696
21.26953
21.28226
21.30174
21.31541
21.32705
21.33885
21.351
21.36258
21.37486
21.38751
21.40011
21.41197
21.42428
21.43655
21.44872
21.46087
21.47266
21.49055
21.50266
21.5144
21.52618
21.53907
21.55166
21.56343
21.57529
21.58773
21.60005
21.6119
21.62384
21.63604
21.64812
21.66046
21.67228
21.68383
21.69582
21.7075
21.71947
21.73173
21.74374
21.75648
21.76833
21.77954
21.79155
21.80329
21.81605
21.82745
21.83938
21.85121
21.86287
21.87473
21.88677
21.89882
21.90975
21.92142
21.9328
21.94403
21.95535
21.96664
21.97781
21.98944
22.00062
22.01139
22.02293
22.03467
22.04726
22.0589
22.07019
22.08195
22.0934
22.10471
22.11659
22.12803
22.13955
22.15131
22.16281
22.17449
22.18814
22.20194
22.21557
22.22848
22.24211
22.25494
22.26814
22.28129
22.29433
22.30687
22.31963
22.33276
22.34587
22.35901
22.37208
22.38497
22.39763
22.41009
22.42397
22.437
22.44959
22.46174
22.47489
22.48809
22.50147
22.51401
22.52725
22.53975
22.55302
22.56585
22.57952
22.5926
22.60535
22.61798
22.63092
22.64293
22.65468
22.66685
22.67888
22.69047
22.7072
22.71874
TARGET DESTROYED 
22.72997
22.74779
22.75976
22.7712
22.78309
22.79546
22.80716
22.81937
22.83145
22.85046
22.86346
22.87492
22.88601
22.89742
22.90847
22.92075
22.93231
22.94338
22.95483
22.96696
22.97816
22.98974
23.00106
23.01226
23.02382
23.03514
23.04693
23.05854
23.07008
23.08162
23.09295
23.10425
23.11602
23.12701
23.13852
23.15036
23.16155
23.17267
23.18416
23.19544
23.20675
23.21861
23.23144
23.24221
23.25325
23.26454
23.27607
23.28779
23.29877
23.30982
23.32121
23.33231
23.34345
23.35513
23.36635
23.3772
23.38888
23.40069
23.41225
23.42355
23.43533
23.44667
23.45777
23.46949
23.48049
23.49181
23.50354
23.51485
23.52623
23.53742
23.54894
23.55984
23.57141
23.58269
23.59381
23.60517
23.61629
23.62753
23.63894
23.6505
23.66161
23.67278
23.6841
23.69559
23.70695
23.71846
23.72985
23.74119
23.75254
23.76419
23.77539
23.78644
23.79744
23.80798
23.81871
23.82935
23.84012
23.85111
23.8676
23.87903
23.88986
23.90093
23.91219
23.92357
23.93493
23.94596
23.95703
23.9685
23.97928
23.9904
24.00168
24.01287
24.02407
24.03519
24.04728
24.05757
24.07297
24.08343
24.09354
24.10426
24.11478
24.12486
24.14182
24.15193
24.16182
24.17192
24.18227
24.19241
24.20302
24.21406
24.22511
24.23622
24.24779
24.25871
24.26995
24.2817
24.29218
24.30316
24.31479
24.32556
24.3367
24.34948
24.35946
24.37087
24.38225
24.3934
24.40451
24.41606
24.42683
24.43841
24.44941
24.46028
TARGET DESTROYED 
24.47152
24.48593
24.49627
24.50679
24.51693
24.52807
24.53951
24.5508
24.56229
24.57386
24.59127
24.60323
24.61311
24.62315
24.63359
24.64371
24.65377
24.66412
24.67381
24.68373
24.69414
24.70533
24.71694
24.72785
24.73887
24.75024
24.76123
24.77239
24.78389
24.79477
24.8059
24.81713
24.83226
24.84223
24.85243
24.86311
24.87289
24.88433
24.89535
24.90657
24.9178
24.92893
24.93998
24.95104
24.96219
24.97821
24.98977
25.00093
25.01155
25.02264
25.03454
25.04543
25.05688
25.06795
25.08301
25.09394
25.10521
25.1167
25.12751
25.13832
25.14936
25.15997
25.17129
25.18266
25.19316
25.20383
25.2146
25.22515
25.23622
25.24662
25.25743
25.26914
25.27965
25.29034
25.3013
25.31174
25.32289
25.33338
25.34404
25.35475
25.3653
25.37565
25.38756
25.39836
25.40949
25.42026
25.43163
25.44278
25.45359
25.46506
25.47626
25.48725
25.49871
25.50944
25.52067
25.53233
25.54309
25.55419
25.56569
25.57735
25.58814
25.59953
25.6109
25.62292
25.63515
25.64564
25.65704
25.66823
25.67964
25.6909
25.70249
25.71401
25.7252
25.73683
25.74841
25.75965
25.77089
25.78346
25.81384
25.82466
25.83582
25.84627
25.8573
25.86809
25.87868
25.88923
25.90081
25.91171
25.9229
25.93419
25.94519
25.95669
25.96795
25.97916
25.9908
TARGET DESTROYED 
26.00196
26.01767
26.02817
26.03884
26.05059
26.0609
26.0714
26.08206
26.09268
26.10336
26.11393
26.12504
26.14884
26.16092
26.1715
26.18217
26.19276
26.20334
26.21375
26.22436
26.23573
26.24702
26.25804
26.26958
26.28125
26.29175
26.30262
26.31395
26.32551
26.33658
26.34773
26.35853
26.3702
26.38188
26.39361
26.40528
26.41718
26.42877
26.44135
26.45332
26.46615
26.4781
26.48972
26.50197
26.51444
26.52609
26.53805
26.54995
26.56123
26.57277
26.58476
26.59685
26.60858
26.62114
26.63319
26.64497
26.65685
26.66879
26.68059
26.69235
26.7047
26.71637
26.72775
26.73923
26.7512
26.76298
26.77461
26.78685
26.79873
26.81001
26.82192
26.83408
26.84589
26.8576
26.86943
26.88175
26.89334
26.90545
26.91786
26.92978
26.94147
26.95337
26.96549
26.97607
26.9869
26.99782
27.0083
27.01876
27.03564
27.05267
27.06983
27.08683
27.1036
27.12019
27.13733
27.154
27.17113
27.18748
27.20476
27.22122
27.23791
27.25443
27.27146
27.28935
27.30603
27.32228
27.33938
27.35612
27.37349
27.38526
27.39755
27.40889
27.42051
27.43236
27.44427
27.45586
27.46819
27.48084
27.49243
27.50422
27.52094
27.53284
27.54418
27.55606
27.56798
27.5802
27.59204
27.60429
27.6162
27.62809
27.64057
27.65266
27.66437
27.67686
27.68901
27.70058
27.7114
27.72252
27.73351
27.74457
27.75591
27.76733
27.77844
27.7896
27.80104
27.81183
27.82319
27.83443
27.84639
27.85777
27.86919
27.88046
27.89157
27.9034
27.91456
27.92559
27.93774
27.94906
27.9603
27.97169
27.98337
27.99495
28.00637
28.01747
28.02835
28.03951
28.05083
28.06167
28.07298
28.08445
28.09531
28.10644
28.11763
28.12854
28.13955
28.15062
28.16183
28.17272
28.18382
28.19454
28.20574
28.21689
28.2279
28.23937
28.25037
28.26166
28.27339
28.28458
28.29562
28.30724
28.31905
28.33051
28.34152
28.35265
28.36401
28.37491
28.38861
28.40198
28.41575
28.42841
28.44147
28.45561
28.46883
28.48216
28.49549
28.50852
28.52156
28.5353
28.54834
28.56115
28.5737
28.58696
28.60052
28.61333
28.62406
28.63568
28.64656
28.65777
28.66885
28.6796
28.69049
28.702
28.71255
28.7237
28.73443
28.74485
28.75553
28.76672
28.77743
28.78815
28.8045
28.81614
28.82708
28.83807
28.84975
28.86055
28.87166
28.88298
28.89458
28.90655
28.91851
28.93023
28.94237
28.95435
28.96671
28.97848
28.99049
29.00242
29.01438
29.02643
29.03821
29.05052
29.06186
29.07325
29.08531
29.09741
29.10936
29.12097
29.13317
29.14501
29.15742
29.16957
29.18142
29.19328
29.20559
29.21788
29.22938
29.24082
29.25264
29.26388
29.27592
29.28782
29.29935
29.31077
29.32255
29.33432
29.34663
29.35815
29.36977
29.38158
29.39327
29.40503
29.41689
29.42879
29.43967
29.45141
29.46381
29.47487
29.48684
29.499
29.51049
29.52586
29.53793
29.55046
29.56276
29.57502
29.58704
29.59943
29.61116
29.62327
29.63577
29.64807
29.66002
29.67241
29.68484
29.69692
29.70874
29.72071
29.73282
29.74438
29.75615
29.76832
29.78055
29.7923
29.8041
29.81672
29.82861
29.84107
29.85339
29.86619
29.87752
29.88883
29.90035
29.91193
29.92317
29.9351
29.94704
29.95917
29.97161
29.98299
29.99418
30.00627
30.01851
30.02996
30.04158
30.05325
30.06472
30.07639
30.08828
30.10107
30.11798
30.12956
30.14123
30.15333
30.16484
30.17675
30.18917
30.20098
30.2133
30.22449
30.23635
30.24795
30.25901
30.27095
30.28358
30.2947
30.30662
30.31828
30.32992
30.34218
30.35381
30.36576
30.37718
30.38907
30.40074
30.41339
30.42493
30.43651
30.44801
30.45947
30.46996
30.48034
30.49262
30.50289
30.51414
30.52497
30.5363
30.54764
30.55845
30.56986
30.58117
30.59186
30.60349
30.61434
30.62539
30.6367
30.64825
30.65891
30.67029
30.68176
30.69252
30.70447
30.71535
30.72609
30.73793
30.74845
30.75947
30.77092
30.78211
30.79424
30.80524
30.81633
30.82688
30.8377
30.8506
30.86143
30.87235
30.88344
30.89452
30.90623
30.91775
30.9289
30.94063
30.95211
30.96369
30.97556
30.9867
30.99799
31.00972
31.02145
31.03373
31.04432
31.05575
31.06646
31.07758
31.08906
31.1
31.11045
31.12212
31.13319
31.14567
31.15614
31.16681
31.17764
TARGET DESTROYED 
31.18874
31.21379
31.22419
31.23536
31.2459
31.25658
31.26872
31.27973
31.30458
31.31663
31.3297
31.34016
31.35171
31.36248
31.37378
31.38626
31.3967
31.40762
31.41867
31.42981
31.44076
31.45191
31.46321
31.47417
31.48548
31.4967
31.50768
31.51897
31.53036
31.54127
31.55275
31.56377
31.57488
31.58624
31.59749
31.60828
31.61941
31.63095
31.64182
31.65313
31.66492
31.67522
31.68645
31.69782
31.70882
31.71989
31.73159
31.74266
31.75354
31.76497
31.77689
31.78724
31.79884
31.80933
31.82038
31.83198
31.84281
31.85386
31.8656
31.87637
31.88748
31.89923
31.91063
31.92246
31.93417
31.94647
31.95849
31.96956
31.98202
31.99269
32.00426
32.016
32.02663
32.03761
32.04897
32.0602
32.07102
32.08242
32.09352
32.10453
32.11617
32.127
32.13817
32.14953
32.16086
32.17166
32.18322
32.19406
32.20529
32.2169
32.22761
32.23877
32.25014
32.26102
32.27218
32.28356
32.29446
32.30578
32.31712
32.32837
32.33934
32.35035
32.36153
32.37295
32.38409
32.39493
32.40633
32.41755
32.42872
32.44023
32.45108
32.46217
32.47336
32.48627
32.49673
32.50747
32.51827
32.5298
32.54052
32.5566
32.56736
32.57741
32.58822
32.59908
32.6091
32.61982
32.62988
32.64019
32.65071
32.66401
32.67477
32.68532
32.69553
32.70611
32.71694
32.72728
32.73748
32.74773
32.7613
