0.02
0.04
0.14
0.1783442
0.1933115
0.2049374
0.2151296
0.2254671
0.2350048
0.2446728
0.2564171
0.2661759
0.2762619
0.2868406
0.2995171
0.3088399
0.3200308
0.3312207
0.3421914
0.3534041
0.3644285
0.3757339
0.3871679
0.3983446
0.4094392
0.4204924
0.4315886
0.4427564
0.4542819
0.4649723
0.4762324
0.4878188
0.4986452
0.5102778
0.5211337
0.5325879
0.5432013
0.5548474
0.56567
0.5774765
0.5879401
0.5990366
0.6105136
0.6260619
0.6366464
0.6460152
0.6560977
0.6661121
0.6774406
0.6888576
0.6995955
0.7108907
0.7218797
0.7333102
0.7441726
0.7555485
0.7674339
0.778012
0.7889835
0.8000819
0.8113193
0.8225207
0.8338566
0.8449121
0.8561032
0.8679934
0.8782655
0.892018
0.9031164
0.9141003
0.9257079
0.9368677
0.9475228
0.9593645
0.970206
0.9811104
0.9924809
1.004385
1.014802
1.026586
1.037953
1.04897
1.060445
1.071805
1.083871
1.094469
1.10589
1.117423
1.128506
1.140151
1.151839
1.162503
1.174115
1.185195
1.195884
1.207236
1.21853
1.229469
1.240891
1.252832
1.262981
1.274201
1.28572
1.296873
1.30831
1.319238
1.330141
1.341375
1.352864
1.363755
1.374907
1.386279
1.397472
1.40875
1.420119
1.43065
1.441712
1.453289
1.464302
1.475348
1.490211
1.501499
1.511666
1.522209
1.53188
1.542515
1.553296
1.563088
1.573173
1.583927
1.600967
1.623803
1.634776
1.645769
1.656591
1.666715
1.678861
1.689665
1.70001
1.716024
1.727585
1.739424
1.750731
1.761239
1.772713
1.783686
1.794387
1.805483
1.816757
1.82801
1.839128
1.85092
1.865229
1.876983
1.889571
1.901889
1.912756
1.923539
1.933982
1.944894
1.955955
1.966752
1.977974
1.98918
1.999984
2.012628
2.02388
2.034902
2.046024
2.057516
2.068699
2.079422
2.090329
2.101439
2.112684
2.123178
2.13392
2.145021
2.155765
2.166538
2.177449
2.188763
2.19941
2.210211
2.221185
2.231301
2.242249
2.252742
2.263696
2.274716
2.286448
2.298556
2.309748
2.3208
2.331204
2.342508
2.353713
2.365456
2.375849
2.387155
2.398274
2.409587
2.425369
2.436671
2.447233
2.458338
2.469176
2.480257
2.491333
2.502804
2.513315
2.525039
2.536442
2.547157
2.557673
2.569184
2.579994
2.590789
2.601046
2.612308
2.63169
2.643127
2.655213
2.665896
2.676789
2.68819
2.699052
2.710733
2.722337
2.732824
2.743955
2.75483
2.766031
2.777273
2.78833
2.799741
2.810874
2.82197
2.832935
2.844356
2.855489
2.866635
2.87819
2.889063
2.900032
2.911299
2.92247
2.933554
2.944633
2.956042
2.967422
2.978679
2.989702
3.000678
3.012001
3.023284
3.034913
3.046168
3.058204
3.06947
3.080318
3.091276
3.1023
3.113352
3.124762
3.136172
3.147532
3.164331
3.175968
3.187535
3.198298
3.209297
3.220929
3.231517
3.242534
3.254048
3.26503
3.277406
3.289453
3.303488
3.316604
3.330745
3.342043
3.354019
3.365525
3.376668
3.387475
3.398658
3.409524
3.420727
3.444553
3.459457
3.471239
3.481843
3.493536
3.504941
3.515018
3.526273
3.537409
3.547965
3.559076
3.570835
3.581562
3.597196
3.609006
3.621049
3.632523
3.644391
3.656462
3.667658
3.679171
3.690663
3.701828
3.713432
3.725429
3.738184
3.749158
3.760555
3.771909
3.782406
3.793625
3.804974
3.816354
3.82739
3.838855
3.849535
3.861005
3.87193
3.883106
3.899965
3.911397
3.922587
3.933643
3.945163
3.957142
3.968713
3.979981
3.991337
4.002827
4.013938
4.025574
4.036776
4.048031
4.060055
4.071933
4.084238
4.095626
4.106487
4.118008
4.129232
4.139967
4.151297
4.163728
4.175081
4.186379
4.197281
4.208476
4.220218
4.230695
4.241214
4.252705
4.263013
4.274004
4.285579
4.296247
4.307577
4.319215
4.330243
4.341666
4.352886
4.36344
4.374717
4.385788
4.397221
4.408083
4.419466
4.430264
4.441444
4.452771
4.463891
4.474921
4.486411
4.497409
4.509128
4.521683
4.533134
4.545016
4.557167
4.569135
4.580678
4.592329
4.604337
4.615448
4.632944
4.645855
4.657192
4.668514
4.680373
4.692385
4.704188
4.715137
4.727122
4.73927
4.750217
4.762011
4.773708
4.785271
4.796845
4.808493
4.820463
4.832656
4.844481
4.855776
4.866848
4.878437
4.889648
4.90098
4.912283
4.923702
4.934613
4.945891
4.957325
4.967964
4.978534
4.989328
5.000193
5.011143
5.022864
5.033617
5.044758
5.060326
5.072135
5.083717
5.095119
5.106317
5.117263
5.129478
5.140738
5.153267
5.164752
5.175862
5.187254
5.198309
5.209722
5.221127
5.231999
5.243771
5.255506
5.266379
5.278214
5.29031
5.301935
5.31324
5.32431
5.337604
5.348468
5.35939
5.376316
5.388266
5.399382
5.41088
5.422134
5.433485
5.444746
5.456533
5.468394
5.480501
5.491978
5.502952
5.513772
5.525186
5.536196
5.54739
5.558466
5.569917
5.580797
5.595581
5.606368
5.61682
5.627868
5.639089
5.649618
5.66012
5.671385
5.681867
5.696638
5.708282
5.720494
5.731917
5.743306
5.755142
5.76598
5.784236
5.795993
5.807395
5.818745
5.830629
5.842101
5.853809
5.864635
5.875983
5.88767
5.898884
5.910484
5.92258
5.93365
5.945582
5.956906
5.968225
5.979707
5.991601
6.003551
6.014701
6.026796
6.038899
6.050281
6.061985
6.073581
6.084802
6.096319
6.112733
6.12437
6.136385
6.147434
6.159101
6.170452
6.181416
6.192727
6.204185
6.215453
6.226704
6.238318
6.249533
6.261262
6.273528
6.284591
6.295657
6.306802
6.318339
6.330023
6.342515
6.354489
6.365574
6.377197
6.3889
6.400145
6.411607
6.423461
6.434731
6.446237
6.458048
6.469766
6.481071
6.492602
6.504233
6.515404
6.526848
6.538981
6.549783
6.561706
6.573171
6.583755
6.59526
6.606295
6.616748
6.627975
6.639517
6.649968
6.664802
6.676305
6.688194
6.698845
6.710043
6.722332
6.733532
6.745378
6.757066
6.768578
6.780658
6.792321
6.804643
6.816148
6.828187
6.840021
6.856978
6.869399
6.881394
6.89296
6.90547
6.916857
6.929241
6.941071
6.952952
6.964699
6.977232
6.989594
7.001004
7.013377
7.02516
7.037736
7.049092
7.06226
7.074103
7.086023
7.097705
7.109173
7.121934
7.133952
7.146111
7.158662
7.170578
7.182422
7.194485
7.206591
7.218173
7.229663
7.241495
7.253946
7.265561
7.277931
7.289896
7.301213
7.313097
7.324934
7.33697
7.349422
7.361604
7.373341
7.38569
7.397967
7.412828
7.424945
7.436806
7.448406
7.460509
7.472841
7.484398
7.496505
7.508143
7.519776
7.531174
7.542501
7.554556
7.565377
7.576462
7.587908
7.603358
7.619568
7.631007
7.643509
7.655198
7.666505
7.677762
7.689156
7.705348
7.716981
7.729326
7.741093
7.7533
7.764954
7.776802
7.789053
7.801683
7.814419
7.826184
7.838215
7.849886
7.86235
7.87469
7.887732
7.900379
7.91281
7.925205
7.937749
7.949317
7.961581
7.973459
7.985617
7.99766
8.009759
8.022384
8.03469
8.046961
8.059175
8.071913
8.083156
8.095263
8.106924
8.118807
8.130664
8.142689
8.155855
8.167541
8.179446
8.19051
8.201817
8.213394
8.224835
8.235894
8.246905
8.258139
8.269407
8.284641
8.296233
8.307899
8.320246
8.332115
8.344904
8.363787
8.376107
8.389219
8.40056
8.413188
8.425077
8.437231
8.449124
8.461373
8.474029
8.485952
8.497206
8.509108
8.521149
8.532609
8.544592
8.555925
8.567814
8.579566
8.591304
8.603661
8.614671
8.62633
8.63868
8.650064
8.66151
8.672982
8.68412
8.695976
8.707687
8.719834
8.731051
8.742943
8.755375
8.766091
8.778277
8.789907
8.800918
8.812287
8.823636
8.835921
8.846737
8.858016
8.869995
8.881635
8.892802
8.904721
8.91627
8.927942
8.939523
8.950511
8.962616
8.97406
8.985492
8.996532
9.008376
9.020109
9.033227
9.044512
9.057118
9.069961
9.081312
9.09789
9.1099
9.121846
9.133176
9.144603
9.156089
9.167525
9.179132
9.190646
9.202283
9.213738
9.225233
9.236738
9.247862
9.259461
9.271401
9.282179
9.294363
9.305822
9.317141
9.328967
9.340749
9.35242
9.364347
9.376092
9.38812
9.399823
9.412348
9.424235
9.43611
9.447716
9.459624
9.472179
9.483768
9.49533
9.506999
9.519216
9.530375
9.541691
9.552994
9.564363
9.575575
9.587368
9.60398
9.615877
9.627728
9.639529
9.651788
9.66412
9.676023
9.68867
9.700158
9.712298
9.725069
9.736953
9.748153
9.759823
9.772145
9.783684
9.795537
9.807796
9.819997
9.831292
9.849298
9.861462
9.872642
9.883924
9.895408
9.907284
9.919223
9.930821
9.942367
9.953816
9.96493
9.976317
9.988253
9.999035
10.01064
10.02232
10.03344
10.04542
10.05794
10.06993
10.08244
10.09394
10.10558
10.11784
10.13053
10.16038
10.17283
10.18564
10.19834
10.21052
10.22283
10.2345
10.25015
10.26348
10.27565
10.28837
10.30094
10.31398
10.32708
10.33956
10.35158
10.3645
10.3775
10.39055
10.40353
10.41568
10.42904
10.44155
10.45441
10.46658
10.47948
10.49166
10.50422
10.51686
10.5292
10.54142
10.55425
10.56768
10.58035
10.59256
10.60531
10.61745
10.62991
10.64224
10.65575
10.66807
10.67971
10.69114
10.70315
10.71974
10.73076
10.74187
10.75337
10.76468
10.77606
10.78812
10.79954
10.81128
10.82275
10.83476
10.84638
10.85771
10.8694
10.88068
10.89206
10.90463
10.91565
10.9274
10.93901
10.95012
10.96197
10.9736
10.98494
10.99635
11.00758
11.01934
11.03027
11.04205
11.05458
11.06575
11.07717
11.08842
11.09972
11.11121
11.12261
11.13377
11.14521
11.15738
11.16928
11.18063
11.19164
11.20345
11.21449
11.22593
11.23767
11.24912
11.26195
11.27345
11.28526
11.29656
11.30824
11.31998
11.33095
11.34158
11.35288
11.36382
11.37467
11.38712
11.39787
11.40873
11.41999
11.43027
11.44572
11.45664
11.46867
11.47913
11.49006
11.50107
11.51196
11.52392
11.5349
11.54542
11.55686
11.56839
11.57931
11.59019
11.60535
11.61562
11.62677
11.63772
11.64856
11.66076
11.67134
11.68201
11.69323
11.70432
11.71478
11.72593
11.73666
11.74709
TARGET DESTROYED 
11.75818
11.77783
11.78913
11.79953
11.81069
11.82202
11.83261
11.84446
11.85624
11.8683
11.87972
11.89255
11.91297
11.92588
11.93764
11.95029
11.96227
11.97388
11.98565
11.99691
12.00851
12.02114
12.03237
12.04493
12.05698
12.06884
12.08018
12.09172
12.10406
12.11526
12.12701
12.13815
12.15514
12.16768
12.17967
12.19165
12.20383
12.21573
12.22769
12.23967
12.25161
12.2632
12.27605
12.28837
12.29963
12.31198
12.32377
12.33551
12.34754
12.35912
12.37131
12.38321
12.39681
12.40831
12.42095
12.43258
12.44449
12.45609
12.46792
12.47945
12.49166
12.50437
12.51631
12.52856
12.54045
12.55188
12.56323
12.57475
12.58657
12.59809
12.61036
12.62213
TARGET DESTROYED 
12.63354
12.65109
12.66355
12.6752
12.69429
12.70773
12.71965
12.73099
12.74252
12.75576
12.77068
12.78362
12.79672
12.80898
12.82213
12.83541
12.84874
12.86158
12.87457
12.89268
12.90621
12.9191
12.9314
12.94447
12.95703
12.97066
12.98319
12.99665
13.0092
13.02281
13.03555
13.04945
13.06344
13.07629
13.08922
13.10218
13.11362
13.12456
13.13612
13.14766
13.15969
13.17051
13.18158
13.19387
13.2051
13.21597
13.22758
13.23921
13.25152
13.26233
13.27384
13.28592
13.29676
13.3081
13.32003
13.3313
13.34283
13.35525
13.36656
13.37799
13.39007
13.40286
13.41404
13.42626
13.4378
13.44883
13.4607
13.47215
13.48344
13.4955
13.50678
13.51771
13.52828
13.53954
13.55064
13.56187
13.57301
TARGET DESTROYED 
13.58351
13.60314
13.61513
13.63917
13.65216
13.66437
13.67608
13.6877
13.69839
13.71006
13.72138
13.73286
13.74472
13.75772
13.76963
13.78074
13.79206
13.80345
13.81414
13.82538
13.83699
13.8482
13.85949
13.87066
13.88186
13.89309
13.9044
13.91574
13.92749
13.93917
13.95036
13.96208
13.97347
13.98487
13.9961
14.00714
14.01793
14.02853
14.03984
14.05133
14.06282
14.07346
14.08492
14.0953
14.10603
14.11651
14.12727
14.13814
14.14861
14.15989
14.17069
14.18149
14.19269
14.2042
14.21522
14.22688
14.23874
14.24986
14.26123
14.27282
14.2845
14.29577
14.30706
14.31822
14.32907
14.3408
14.35766
14.36965
14.3809
14.39302
14.40516
14.41694
14.42825
14.43992
14.45158
14.46272
14.47404
14.48607
14.49701
14.50822
14.51948
14.53126
14.54369
14.55506
14.56624
14.57768
14.58911
14.60107
14.61234
14.62384
14.63559
14.64643
14.6587
14.67129
14.68349
14.69625
14.70822
14.72103
14.733
14.74586
14.75801
14.77128
14.78357
14.7963
TARGET DESTROYED 
14.80835
14.82656
14.83995
14.85277
14.87139
14.88515
14.89746
14.91004
14.92238
14.93441
14.94726
14.95976
14.97247
14.98506
14.99735
15.00981
15.02234
15.03509
15.0467
15.05948
15.0722
15.08476
15.09705
15.11428
15.12745
15.13949
15.1549
15.1672
15.17938
15.1912
15.20379
15.21418
15.22577
15.23667
15.24758
15.25929
15.27086
15.28112
15.29336
15.30463
15.31559
15.32677
15.33803
15.34861
15.36012
15.37128
15.38184
15.39315
15.40445
15.41575
15.42947
15.44109
15.45232
15.46305
15.47421
15.48578
15.49653
15.5067
15.51668
15.52766
15.53863
15.54906
15.56094
15.57197
15.58171
15.59167
15.60605
15.61702
15.62823
15.63907
15.64978
15.66019
15.67107
15.68156
15.69245
15.70276
15.71315
15.72386
15.7344
15.74537
15.75683
15.76779
15.77897
15.7904
15.80155
15.81315
15.82428
15.84089
15.85253
15.86362
15.87543
15.88665
15.89707
15.9081
15.91908
15.9298
15.94066
15.95156
15.96202
15.97336
15.9844
15.99498
16.0062
16.01673
16.02762
16.03842
16.04882
16.06026
16.07088
16.0811
16.09227
16.103
16.11434
16.12529
16.13634
16.14764
16.15875
16.1699
16.18117
16.19216
16.20345
16.21441
16.22571
16.23688
16.2484
TARGET DESTROYED 
16.25943
16.27446
16.28552
16.29572
16.31252
16.32466
16.33739
16.34931
16.36137
16.37376
16.3863
16.39852
16.41812
16.4329
16.44478
16.45722
16.47022
16.48225
16.49444
16.50698
16.51988
16.53223
16.54514
16.55793
16.57567
16.58859
16.60073
16.61326
16.62555
16.63793
16.65022
16.66305
16.67569
16.68827
16.70087
16.71346
16.72438
16.7345
16.74474
16.75533
16.7661
16.77677
16.78756
16.7977
16.80849
16.81925
16.82982
16.84053
16.85125
16.86233
16.8738
16.88488
16.89579
16.90731
16.91857
16.92955
16.94044
16.9519
16.96277
16.97403
16.98567
16.99639
17.00759
17.01891
17.03046
17.04121
17.05284
17.06503
17.07714
17.08919
17.10093
17.1136
17.12498
17.13754
17.14921
17.17622
17.18912
17.2015
17.21315
17.22487
17.23721
17.24864
17.26117
17.27327
17.2853
17.29689
17.30918
17.32631
17.33882
17.35082
17.36205
17.37334
17.38458
17.39544
17.40684
17.41884
17.4289
TARGET DESTROYED 
17.44106
17.45653
17.4677
17.47827
17.48894
17.49927
17.51065
17.52767
17.5393
17.54899
17.55909
17.56899
17.57898
17.58902
17.60283
17.61282
17.62344
17.63384
17.64418
17.65584
17.66815
17.679
17.68941
17.70493
17.71479
17.72557
17.7359
17.74612
17.75727
17.76833
17.77892
17.78971
17.8008
17.8121
17.82332
17.83441
17.84569
17.8565
17.86777
17.87909
17.89053
17.90213
17.91351
17.92471
17.93596
17.94711
17.95928
17.97102
17.98227
17.99399
18.00549
18.0174
18.0286
18.0398
18.05201
18.06322
18.07478
18.09127
18.10295
18.11393
18.12577
18.13739
18.15876
18.17083
18.18197
18.19434
18.20566
18.21691
18.22851
18.24034
18.25286
18.26393
18.27591
18.28785
18.29948
18.31133
18.32331
18.33572
18.34807
18.36085
18.37271
18.38485
18.39697
18.40936
18.42141
18.43314
18.44624
18.45881
18.4711
18.48246
18.49488
18.50803
18.52061
18.53241
18.5445
18.55704
18.56933
18.58188
18.59426
18.60665
18.61877
18.63189
18.64439
18.6573
18.67043
18.6824
18.6948
18.70681
18.71901
18.73106
18.74339
18.75549
18.76747
18.7782
18.78935
18.80127
18.81209
18.8231
18.83467
18.8456
18.85702
18.86795
18.88381
18.89534
18.90647
18.91806
18.92875
18.93996
18.95119
18.96231
18.97356
18.98463
18.99602
19.00753
19.01815
19.02918
19.04061
19.05276
19.06468
19.08371
19.09483
19.10581
19.11677
19.12865
19.14119
19.15361
TARGET DESTROYED 
19.16559
19.1927
19.20545
19.21737
19.22923
19.24206
19.26317
19.27657
19.28875
19.30065
19.312
19.32407
19.33653
19.34817
19.36014
19.37199
19.38407
19.39624
19.408
19.42044
19.43206
19.44389
19.46061
19.47334
19.48547
19.49784
19.50961
19.52064
19.53183
19.54302
19.55465
19.56575
19.57657
19.58776
19.5989
19.61471
19.63226
19.64433
19.65611
19.66846
19.68027
19.69247
19.70411
19.71567
19.72801
19.74017
19.7527
19.76408
19.77506
19.78581
19.79634
19.8077
19.81852
19.82937
19.84046
19.85113
19.86196
19.8728
19.88356
19.89444
19.90502
19.91576
19.92674
19.93768
19.94807
19.9596
19.97025
19.9804
19.99135
20.00183
20.01209
20.02362
20.03474
20.0457
20.05713
20.06859
20.07924
20.09041
20.10189
20.11339
20.12438
20.13526
20.14628
20.15761
20.16889
20.18071
20.1915
20.2026
20.21381
20.2252
20.23701
20.24829
20.25966
20.27171
20.28259
20.29377
20.306
20.31668
20.32827
20.33956
20.35099
20.36197
20.37359
20.38491
20.40132
20.41212
20.42295
20.4335
20.44408
20.45521
20.467
20.47841
20.48989
20.50033
20.51115
20.52247
20.53343
20.54445
20.55535
20.56598
20.57657
20.58744
20.59813
20.6095
20.62062
20.63148
20.64339
20.65409
20.66561
20.67727
20.6894
20.70129
20.71333
20.72534
20.73844
20.75019
20.76133
20.77273
20.78422
20.79576
20.80754
20.81904
20.83033
20.84257
20.8543
20.86507
20.87704
20.88853
20.90038
20.9119
20.92406
20.93571
20.94722
20.95968
20.97152
20.98274
20.99475
21.00686
21.01832
21.02946
21.04081
21.05256
21.06402
21.07564
21.0874
21.09842
21.1095
21.12034
21.13145
21.14263
21.15417
21.17096
21.18209
21.19318
21.20431
21.21512
21.22689
21.24142
21.25405
21.265
21.2766
21.28809
21.29993
21.31135
21.326
