0.02
0.04
0.14
0.1810758
0.1941706
0.2049605
0.2147459
0.2254661
0.2383851
0.2485359
0.2577955
0.2685017
0.2793826
0.2907817
0.3037389
0.3131724
0.3242035
0.3356429
0.34648
0.3577847
0.3691356
0.3800114
0.3913698
0.4026918
0.413559
0.4246164
0.4360132
0.4472223
0.4581716
0.4696826
0.480561
0.4917194
0.5035028
0.5140629
0.525188
0.5366169
0.5505182
0.559961
0.5700846
0.5810971
0.5925921
0.6036912
0.6143899
0.6256892
0.6368999
0.6484277
0.6592342
0.6703288
0.6816903
0.6929662
0.7038437
0.7151304
0.7262385
0.7376986
0.7486254
0.7600896
0.7707867
0.7824164
0.7935543
0.8043958
0.8156374
0.8269273
0.8379703
0.849291
0.8604575
0.8716307
0.8827166
0.8979659
0.9091112
0.9207618
0.9318355
0.9434649
0.9542108
0.9655714
0.9767886
0.9879278
0.9993474
1.010563
1.021634
1.033647
1.044021
1.055013
1.0666
1.077809
1.088812
1.100069
1.111384
1.122463
1.133522
1.144715
1.155505
1.167215
1.17787
1.189215
1.200491
1.211517
1.22275
1.234391
1.245125
1.256297
1.268228
1.278384
1.289786
1.301168
1.312316
1.323901
1.334514
1.345563
1.356964
1.368355
1.379005
1.390633
1.401782
1.41255
1.424648
1.435025
1.446111
1.457369
1.468904
1.479497
1.492425
1.50339
1.512942
1.524305
1.536698
1.546556
1.557687
1.56902
1.580126
1.595195
1.605398
1.615343
1.625508
1.63561
1.645249
1.65665
1.667806
1.679001
1.69032
1.70183
1.725924
1.737765
1.748136
1.759082
1.769534
1.780057
1.790924
1.800979
1.81137
1.821595
1.832223
1.843271
1.854591
1.865578
1.876785
1.887924
1.899271
1.910309
1.921491
1.93282
1.943888
1.95473
1.9663
1.97729
1.988434
2.000055
2.011317
2.027869
2.041426
2.052352
2.06315
2.074081
2.084746
2.094872
2.105283
2.118687
2.129251
2.140903
2.152548
2.163024
2.175678
2.188953
2.200877
2.21296
2.222914
2.234444
2.245547
2.256586
2.26799
2.279003
2.292616
2.303238
2.313569
2.324186
2.335029
2.345749
2.357111
2.368398
2.383502
2.394455
2.405632
2.416022
2.426654
2.437229
2.447009
2.457456
2.469112
2.480009
2.491069
2.502536
2.513587
2.524585
2.535999
2.547233
2.558359
2.569289
2.580573
2.591531
2.602836
2.613909
2.62564
2.636358
2.647345
2.658624
2.67006
2.681448
2.693
2.704547
2.716196
2.727538
2.738953
2.751405
2.762181
2.773412
2.785065
2.795928
2.807347
2.819243
2.82972
2.84177
2.852645
2.864112
2.8758
2.886729
2.897779
2.909278
2.920909
2.93207
2.943384
2.954454
2.965876
2.976752
2.987837
2.999626
3.01057
3.02211
3.033446
3.044945
3.055505
3.070991
3.082523
3.093499
3.104837
3.116966
3.128164
3.13925
3.150599
3.162181
3.172883
3.18386
3.194777
3.206027
3.217293
3.228302
3.239534
3.251397
3.261863
3.273267
3.285012
3.295114
3.306489
3.318231
3.328722
3.339945
3.351546
3.362217
3.373673
3.384894
3.395967
3.407581
3.418375
3.429425
3.440759
3.452011
3.462805
3.47435
3.48534
3.496253
3.507452
3.518806
3.529718
3.541168
3.552448
3.563794
3.575027
3.586498
3.59796
3.609995
3.62504
3.63699
3.647743
3.659257
3.670646
3.681529
3.69282
3.703992
3.714709
3.725689
3.736506
3.747548
3.763614
3.774902
3.786981
3.798087
3.809093
3.820212
3.831547
3.842867
3.85394
3.865379
3.880003
3.891273
3.902495
3.913025
3.924806
3.936474
3.947611
3.958979
3.970159
3.98089
3.992683
4.003992
4.014772
4.026087
4.037768
4.049633
4.060645
4.071599
4.082953
4.094391
4.105812
4.117465
4.128224
4.139814
4.151434
4.162342
4.173265
4.184747
4.195421
4.206476
4.218308
4.228831
4.240074
4.252017
4.262838
4.274203
4.285495
4.296359
4.307561
4.319341
4.330375
4.341791
4.35305
4.363907
4.375648
4.386986
4.397878
4.409786
4.421542
4.433483
4.450365
4.463678
4.476455
4.489156
4.502968
4.51509
4.527872
4.540381
4.554366
4.567235
4.579704
4.592513
4.605177
4.618168
4.630393
4.643011
4.656528
4.669775
4.682044
4.69557
4.707815
4.720971
4.733728
4.7461
4.759151
4.771482
4.784621
4.796965
4.810133
4.822735
4.835818
4.848056
4.860778
4.87336
4.8864
4.899175
4.912845
4.926369
4.939026
4.952055
4.964366
4.97772
4.990209
5.003854
5.016142
5.029032
5.041737
5.055087
5.068514
5.081982
5.095073
5.107097
5.121111
5.134475
5.147904
5.161174
5.173571
5.191109
5.204303
5.217071
5.229217
5.241979
5.254957
5.268402
5.280893
5.29435
5.306489
5.319518
5.331973
5.345322
5.358007
5.372189
5.384986
5.397573
5.41168
5.424388
5.437402
5.450093
5.462441
5.474433
5.487095
5.500377
5.517083
5.529328
5.5419
5.554264
5.566608
5.578814
5.591549
5.604191
5.62199
5.635391
5.647893
5.66128
5.674181
5.687163
5.70084
5.713674
5.727027
5.740129
5.754507
5.768248
5.782594
5.795207
5.807768
5.820944
5.834238
5.846919
5.860301
5.873202
5.886166
5.898323
5.913208
5.926143
5.943702
5.956998
5.97014
5.982403
5.995575
6.008216
6.021195
6.035284
6.04841
6.061274
6.074015
6.087569
6.100944
6.113823
6.126668
6.140803
6.154277
6.167415
6.179766
6.192834
6.206434
6.219996
6.232749
6.245663
6.258318
6.271234
6.286942
6.300163
6.312916
6.326197
6.339087
6.352631
6.365793
6.379105
6.3924
6.404906
6.417966
6.430522
6.443828
6.456456
6.469416
6.481867
6.495132
6.507957
6.521513
6.535396
6.548202
6.561471
6.573995
6.587112
6.60015
6.613355
6.626632
6.639277
6.652565
6.66532
6.678445
6.695708
6.709882
6.722927
6.736712
6.74955
6.763069
6.776133
6.789247
6.8025
6.815431
6.828644
6.841332
6.854715
6.868238
6.881083
6.894148
6.906618
6.92058
6.933856
6.947379
6.960524
6.972919
6.985989
6.998866
7.012076
7.024696
7.037799
7.05029
7.062566
7.074743
7.087634
7.101848
7.116806
7.129964
7.14343
7.156532
7.169969
7.183151
7.19642
7.209509
7.222807
7.236601
7.250491
7.263722
7.277028
7.289137
7.301457
7.313473
7.325859
7.338208
7.350283
7.363357
7.376064
7.388252
7.40105
7.412898
7.429813
7.442011
7.453841
7.466196
7.478384
7.490444
7.503184
7.515241
7.526933
7.538037
7.548719
7.55989
7.571591
7.582622
7.593498
7.604536
7.62053
7.632213
7.643685
7.655379
7.667404
7.678969
7.690496
7.702396
7.713236
7.724844
7.736935
7.747921
7.760037
7.77197
7.784047
7.795423
7.806957
7.819212
7.830448
7.842679
7.853952
7.865565
7.876762
7.88817
7.900125
7.911983
7.924037
7.9355
7.947683
7.959763
7.971842
7.984713
7.996453
8.008697
8.020557
8.032911
8.044905
8.056533
8.068889
8.0811
8.093081
8.104967
8.117121
8.128769
8.145686
8.157843
8.170612
8.183102
8.195232
8.207657
8.219958
8.231342
8.243556
8.256241
8.26888
8.280431
8.292618
8.304564
8.317899
8.329695
8.342388
8.354402
8.366684
8.378754
8.390785
8.403963
8.41632
8.4291
8.440955
8.453898
8.466468
8.479036
8.490373
8.501219
8.511746
8.522799
8.534155
8.545194
8.557132
8.568284
8.578766
8.590213
8.601312
8.612897
8.623679
8.634726
8.64556
8.656999
8.668146
8.679175
8.690376
8.705209
8.715899
8.726768
8.7379
8.749291
8.760044
8.771304
8.78311
8.793939
8.804763
8.816772
8.827567
8.843834
8.85605
8.868465
8.880568
8.892732
8.904247
8.915748
8.927249
8.938945
8.950836
8.962948
8.975147
8.987195
8.999648
9.011486
9.023639
9.036602
9.047827
9.059325
9.070865
9.082748
9.094055
9.105037
9.116261
9.126997
9.138
9.149115
9.159733
9.171028
9.182154
9.193269
9.204227
9.21549
9.227373
9.238173
9.249097
9.260054
9.271773
9.282939
9.294769
9.305683
9.317143
9.327727
9.338667
9.35
9.360589
9.371773
9.383183
9.394199
9.405235
9.416628
9.427618
9.439023
9.450273
9.461083
9.472743
9.483809
9.494656
9.506511
9.517793
9.528629
9.539825
9.554882
9.565132
9.575449
9.585917
9.597576
9.609117
9.62534
9.637319
9.648745
9.660409
9.672449
9.684748
9.695762
9.707129
9.71831
9.729101
9.740403
9.751694
9.762904
9.775035
9.787283
9.798965
9.810061
9.822062
9.833754
9.845634
9.857235
9.86868
9.880171
9.891853
9.903385
9.914644
9.925906
9.937167
9.948619
9.959793
9.971609
9.9833
9.994278
10.00602
10.01752
10.0286
10.04038
10.05311
10.06434
10.07565
10.0868
10.09793
10.10924
10.1207
10.13186
10.14353
10.15446
10.16602
10.17795
10.18942
10.20133
10.2119
10.22317
10.24018
10.25214
10.26311
10.27391
10.28495
10.29602
10.30692
10.31821
10.32933
10.34073
10.35135
10.36226
10.37382
10.38515
10.39633
10.4076
10.41851
10.42987
10.44098
10.45216
10.46283
10.47388
10.48505
10.49564
10.50754
10.51876
10.52949
10.54115
10.55197
10.56295
10.57709
10.59625
10.60732
10.61938
10.63158
10.64231
10.65356
10.66479
10.67975
10.69139
10.70284
10.71377
10.72533
10.737
10.74805
10.76016
10.7716
10.78351
10.79478
10.80604
10.81715
10.82851
10.83944
10.85075
10.86175
10.87358
10.8851
10.89625
10.90746
10.91917
10.93021
10.94205
10.95301
10.96472
10.97657
10.988
10.99934
11.01048
11.02194
11.03322
11.04941
11.06067
11.07217
11.08374
11.09484
11.10603
11.11721
11.12823
11.14116
11.15233
11.16329
11.17577
11.18771
11.19908
11.21006
11.22104
11.23246
11.24357
11.25534
11.26703
11.27839
11.28954
11.30085
11.31225
11.32353
11.33497
11.34587
11.35702
11.36811
11.37916
11.39082
11.40221
11.4134
11.42476
11.436
11.4468
11.45825
11.46949
11.48011
11.49123
11.50385
11.51652
11.52735
11.53879
11.5505
11.56141
11.57221
11.58354
11.59464
11.60576
11.62129
11.63439
11.64531
11.65642
11.66785
11.67886
11.69023
11.70189
11.71311
11.72853
11.74002
11.75137
11.76209
11.77347
11.78472
11.79566
11.80684
11.81852
11.82959
11.84236
11.85422
11.8653
11.87605
11.88718
11.89853
11.9095
11.92098
11.93227
11.94318
11.95473
11.966
11.97716
11.98887
12.00049
12.01199
12.02342
12.03495
12.04611
12.05756
12.06896
12.07991
12.09129
12.10301
12.11476
12.12638
12.13833
12.14981
12.16085
12.17212
12.18434
12.19572
12.20752
12.22031
12.23156
12.24232
12.25353
12.26461
12.27615
12.28728
12.29867
12.30996
12.32147
12.33317
12.34461
12.3558
12.36713
12.37851
12.38978
12.40109
12.41237
12.42877
12.44038
TARGET DESTROYED 
12.45193
12.46949
12.48182
12.49345
12.50621
12.51909
12.52992
12.54197
12.55319
12.56497
12.57611
12.58757
12.6002
12.61141
12.62275
12.6351
12.64626
12.65765
12.66902
12.67978
12.69121
12.70268
12.71378
12.72563
12.73707
12.74919
12.76024
12.7719
12.7842
12.79541
12.80693
12.81873
12.82967
12.84175
12.85283
12.86439
12.87599
12.88741
12.89919
12.91043
12.9223
12.93352
12.94495
12.9575
12.96836
12.9795
12.99076
13.00257
13.01318
13.02456
13.03693
13.04813
13.05934
13.07051
13.08202
13.09424
13.11007
13.12124
13.13283
13.14412
13.15521
13.16696
13.17791
13.1907
13.20301
13.21402
13.22541
13.2369
13.24768
13.25887
13.27017
13.28125
13.29259
13.30405
13.31507
13.32653
13.3377
13.34929
13.36026
13.37189
13.38334
13.39475
TARGET DESTROYED 
13.40618
13.42274
13.43604
13.44853
13.45991
13.47136
13.48253
13.4933
13.50445
13.51609
13.52689
13.53801
13.54966
13.56063
13.57265
13.58347
13.59424
13.60534
13.62073
13.63235
13.64404
13.65529
13.66663
13.67818
13.68927
13.70072
13.71202
13.72789
13.73951
13.7509
13.76213
13.77426
13.78648
13.80355
13.8156
13.82743
13.83954
13.85122
13.86242
13.87413
13.88612
13.89762
13.90921
13.92185
13.93373
13.94514
13.95764
13.96974
13.98225
13.99411
14.00614
14.01843
14.03029
14.04265
14.05413
14.0664
14.07801
14.09019
14.10207
14.11407
14.12635
14.13886
14.14988
14.16044
14.17222
14.18359
14.19481
14.20573
14.21714
14.22766
14.23904
14.25019
14.26123
14.27262
14.28344
14.29415
14.30544
14.31614
14.32681
14.33793
14.34921
14.36011
14.37099
14.38185
14.39346
14.40436
14.41567
14.42612
14.43725
14.44813
14.45918
14.47013
14.48642
14.49871
14.51012
14.52111
14.53219
14.54344
14.55462
14.56604
14.57674
14.58811
14.59929
14.61048
14.6215
TARGET DESTROYED 
14.63329
14.64884
14.66034
14.67315
14.68547
14.69598
14.707
14.7179
14.73068
14.74213
14.75352
14.76515
14.77695
14.78916
14.80159
14.81309
14.82459
14.83624
14.84765
14.85942
14.88011
14.89241
14.90387
14.91539
14.92714
14.93886
14.95048
14.96342
14.97624
14.98925
15.00322
15.01625
15.02832
15.04209
15.05488
15.0685
15.0816
15.09498
15.10623
15.11844
15.1293
15.14201
15.15355
15.165
15.17568
15.19157
15.20306
15.21393
15.22495
15.2362
15.2472
15.25812
15.26972
15.28048
15.29174
15.30294
15.31442
15.32518
15.33666
15.34824
15.35927
15.37066
15.38182
15.39513
15.40816
15.42178
15.43439
15.44632
15.45962
15.47267
15.48583
15.49801
15.51071
15.52328
15.53516
15.54687
15.55931
15.57151
15.58343
15.5946
15.60655
15.62322
15.63612
15.64928
15.66129
15.67385
15.68569
15.69836
15.71179
15.72455
15.73739
15.74989
15.76183
15.77413
15.78677
15.79932
15.81193
15.82483
15.83674
15.84893
15.86113
15.87339
15.88549
15.89754
15.91445
15.92725
15.94035
15.95362
TARGET DESTROYED 
15.96804
15.98846
16.00317
16.01684
16.02952
16.04191
16.05456
16.06827
16.08111
16.09329
16.10499
16.11719
16.12937
16.14215
16.154
16.16617
16.17824
16.19063
16.20321
16.21598
16.22782
16.24001
16.25258
16.26452
16.27647
16.28819
16.30013
16.3122
16.32397
16.3361
16.34835
16.36057
16.37323
16.38563
16.39778
16.4098
16.42192
16.44204
16.45478
16.46736
16.47939
16.49213
16.50451
16.51734
16.52994
16.54298
16.55511
16.56791
16.57987
16.59281
16.60537
16.61824
16.63327
16.64503
16.65752
16.66884
16.68229
16.6939
16.70548
16.72527
16.73723
16.74887
16.7606
16.77314
16.78473
16.79667
16.80869
16.82015
16.832
16.84469
16.85616
16.86749
16.87879
16.89089
16.90197
16.91383
16.92515
16.93787
16.95121
16.96374
16.97654
16.9892
17.005
17.01823
17.03103
17.04433
17.05741
17.07027
17.08321
17.09601
17.10875
17.12153
17.13483
17.14753
17.16051
17.17376
17.18686
17.20009
17.21271
17.22579
17.23849
17.25216
17.26554
17.2787
17.29175
17.30455
17.31824
17.33089
17.34325
17.35857
17.36937
17.38047
17.39181
17.40289
17.41392
17.42521
17.43636
17.44742
17.4587
17.47017
17.48089
17.49286
17.5042
17.51448
17.5258
17.53689
17.54792
17.55932
17.57044
17.58152
17.59269
17.61199
17.62706
17.63799
17.64863
17.66043
17.67118
17.68246
17.69318
17.70463
17.71608
17.7268
17.73783
17.74936
17.76026
17.77145
17.78351
17.79418
17.80507
17.81619
17.82732
17.83854
17.84961
17.86088
17.872
17.88338
17.89446
17.90533
17.91702
17.92774
17.93934
17.95044
17.96152
17.97317
17.98388
17.9948
18.00596
18.01741
18.02832
18.04421
18.05506
18.06546
18.07597
18.08677
18.09775
18.10812
18.11835
18.12893
18.14061
18.1521
18.16347
18.1753
18.18692
18.19871
18.20983
18.22078
18.23199
18.2428
18.25406
18.26521
18.27639
18.28744
18.2987
18.30979
18.32114
18.33226
18.34336
18.35439
18.36563
18.37684
18.38787
18.39934
18.41069
18.42184
18.43325
18.44456
18.4558
TARGET DESTROYED 
18.46725
18.48236
18.49394
18.5052
18.51563
18.52603
18.53639
18.54725
18.55823
18.56935
18.58169
18.5933
18.60398
18.61411
18.6244
18.63516
18.64529
18.65651
18.66744
18.67832
18.68949
18.70115
18.71616
18.7273
18.73874
18.74901
18.75937
18.76954
18.77988
18.79048
18.80167
18.81264
18.82357
18.83525
18.84589
18.85707
18.86876
18.88009
18.89115
18.90228
18.91338
18.9248
18.93593
18.94677
18.95807
18.96916
18.98042
18.99172
19.00309
19.01382
19.02498
19.03691
19.04818
19.05904
19.0698
19.08088
19.09232
19.10348
19.11465
19.12668
19.13787
19.15736
19.16834
19.17875
19.19025
19.20139
19.21238
19.22336
19.23483
19.24586
19.25715
19.26826
19.27938
19.29055
19.30184
19.31325
19.32394
19.33527
19.34659
19.35749
19.36897
19.37976
19.39109
19.40586
19.417
19.42738
19.43837
19.44879
19.45929
19.46951
19.48051
19.49162
19.50308
19.51396
19.52526
19.53629
19.54749
19.55869
19.56999
19.58089
19.59218
19.60358
19.61806
19.62888
19.63914
19.64967
19.66119
19.67249
19.68406
19.69514
19.70664
19.7184
19.72939
19.74058
19.75211
19.76348
19.77435
TARGET DESTROYED 
19.78571
19.80133
19.81279
19.82459
19.8362
19.84698
19.85745
19.86858
19.87902
19.8894
19.89945
19.90987
19.92109
19.93115
19.94155
19.95196
19.96257
19.97313
19.98333
19.99433
20.00626
20.01726
20.02773
20.03939
20.05025
20.06125
20.07645
20.08693
20.09733
20.10741
20.11796
20.12862
20.14028
20.15067
20.16175
20.17319
20.18434
20.19527
20.20661
20.21811
20.22893
20.23991
20.25151
20.26259
20.27414
20.28542
20.29662
20.30767
20.31916
20.33068
20.34222
20.35398
20.36492
20.37663
20.38786
20.39981
20.41035
20.4218
20.43307
20.4444
20.45561
20.46714
20.47789
20.48941
20.50096
20.51177
20.52322
20.53489
20.54581
20.55714
20.569
20.57986
20.59118
20.60296
20.61358
20.6246
20.63614
20.64701
20.65842
20.66986
20.68072
20.69176
20.70327
20.71408
20.72505
20.73664
20.75344
20.76389
20.77451
20.78578
20.79609
20.8069
20.81795
20.82869
20.83912
20.84997
20.8604
20.8714
20.88145
20.89189
20.90242
20.91306
20.92377
20.93419
20.94458
20.95561
20.96589
20.97707
20.98829
20.99965
21.01062
21.022
21.03354
21.04426
21.05528
21.06713
21.07787
21.0891
21.10023
21.11121
21.12236
21.13392
21.14481
21.15584
21.16715
21.17832
21.18948
21.20086
21.21202
21.22363
21.23436
21.24583
21.25704
21.26874
21.28002
21.29173
21.30292
21.31453
21.33318
21.3441
21.35498
21.36566
21.3765
21.38719
21.39743
21.4079
21.41831
21.43335
21.44426
21.45525
21.4655
21.47565
21.48596
21.49674
21.50785
21.51856
21.52814
21.53776
21.54787
21.55797
21.56944
21.58049
21.59149
21.60273
21.61383
21.62886
21.6397
21.64995
21.66037
21.6715
21.68158
21.69219
21.7032
21.71432
21.72555
21.73677
21.748
21.7591
21.77057
21.78138
21.79283
21.80451
21.81489
21.82612
21.83733
21.84871
21.85952
21.8709
21.88219
21.8933
21.90491
21.91664
21.92768
21.93935
21.95103
21.96227
21.97371
21.98531
21.99698
22.00803
22.01936
22.0307
22.04226
22.05406
22.06451
22.07615
22.08716
22.09832
22.11406
22.12454
22.13503
22.14614
22.15671
22.1672
22.17811
22.18905
22.19972
22.21111
22.22255
22.23244
22.24242
22.25326
22.26366
22.27522
22.28611
22.29762
22.3088
22.31971
22.33077
22.3421
22.35312
22.36421
22.37562
22.3869
22.39789
22.40982
22.42045
22.43146
22.44262
22.45367
22.46496
22.4761
22.48722
22.49846
22.50976
22.52105
22.53252
22.54384
22.55494
22.56681
22.57783
22.58921
22.6006
22.61199
22.62368
22.63464
22.64569
22.65697
22.66911
22.67963
22.69098
22.70239
22.71336
22.7247
22.73596
22.74694
22.7585
22.76929
22.78057
22.79636
22.80716
22.81781
22.82881
22.83938
22.84983
22.86056
22.87082
22.88121
22.89188
22.90253
22.91272
22.92305
22.9339
22.94464
22.95482
22.96551
22.9768
22.98793
22.99924
23.01013
23.02119
23.03264
23.04363
23.05477
23.06606
23.07705
23.08856
23.09952
23.11094
23.12193
23.13389
23.1448
23.1551
23.16669
23.17777
23.1887
23.20024
23.21117
23.22308
23.23373
23.24528
23.25645
23.2681
23.27969
23.291
23.30241
23.31395
23.32614
23.33759
23.34873
23.35996
23.37107
23.3826
23.39416
23.40618
23.41685
23.4278
23.43951
23.45118
23.46197
23.47716
23.48882
23.49944
23.51046
23.52146
23.53175
23.54232
23.55258
23.56225
23.57233
23.58213
23.59201
23.60218
23.61325
23.62813
23.63906
23.65012
23.66036
23.672
23.68234
23.69273
23.70376
23.714
23.72541
23.73668
23.74771
23.75868
23.76977
23.78104
23.79256
23.80344
23.81449
23.82587
23.8367
23.84798
23.85932
23.87116
23.88164
23.89299
23.90364
23.91613
23.92684
23.94133
23.95239
23.96312
23.97352
23.98371
23.99491
24.00661
24.02132
