0.02
0.04
0.14
0.1804031
0.1943904
0.206115
0.2177232
0.228875
0.2388962
0.2498211
0.2600056
0.271233
0.2824421
0.293753
0.3075917
0.3174002
0.3270573
0.3382199
0.3498374
0.3606263
0.3718399
0.3829718
0.3941732
0.4051077
0.4165597
0.4275116
0.4419146
0.4523484
0.4614245
0.4721726
0.4835053
0.4946477
0.5057032
0.5178196
0.5286348
0.5396498
0.5508452
0.5615151
0.5727008
0.5840036
0.5950816
0.6066635
0.6180522
0.6285743
0.6398491
0.6510692
0.6619726
0.6734852
0.6844791
0.6957755
0.7066879
0.7184601
0.7290716
0.740172
0.7516721
0.7627918
0.7737821
0.7850932
0.7964621
0.8074265
0.8189856
0.8295673
0.8407964
0.8519718
0.8630154
0.8744151
0.8855091
0.9018578
0.9129223
0.9238847
0.9354201
0.9462061
0.9575545
0.9686773
0.9797587
0.9909807
1.002258
1.013448
TARGET DESTROYED 
1.024572
1.041512
1.052434
1.062489
1.073075
1.084723
1.095858
1.106266
1.116408
1.126483
1.136583
1.146382
1.15763
1.167385
1.177121
1.187494
1.198424
1.209543
1.220567
1.235937
1.245653
1.255694
1.26521
1.276495
1.287599
1.299229
1.309935
1.321097
1.332538
1.343597
1.354705
1.366051
1.377011
1.388505
1.399874
1.410419
1.421556
1.432964
1.443985
1.45517
1.46665
1.477423
1.48871
1.500117
1.510992
1.522305
1.533462
1.545278
1.556175
1.567816
1.57923
1.590731
1.602329
1.613933
1.62519
1.636756
1.648199
1.659681
1.670987
1.682876
1.693896
1.705593
1.717051
1.72804
1.739149
1.750658
1.761702
1.772987
1.784165
1.795295
1.806331
1.81814
1.829235
1.845283
1.856382
1.866294
1.876109
1.886158
1.89567
1.905636
1.916112
1.926475
1.93633
1.94661
1.957761
1.969102
1.98009
1.991868
2.002525
2.013739
2.024885
TARGET DESTROYED 
2.043812
2.058055
2.069501
2.080658
2.091987
2.103134
2.114217
2.12548
2.137108
2.147694
2.158775
2.170297
2.181785
2.193105
2.203514
2.214767
2.225758
2.236883
2.248553
2.259531
2.270444
2.28188
2.292945
2.304095
2.31541
2.326524
2.337571
2.349156
2.35982
2.371489
2.382476
2.39357
2.404543
2.416035
2.426936
2.43814
2.449651
2.460534
2.471621
2.48324
2.494267
2.505157
2.516855
2.527508
2.538718
2.550019
2.561235
2.572762
2.584078
2.595406
2.608194
2.618766
2.629662
2.641636
2.652513
2.664026
2.675509
2.686804
2.698293
2.709551
2.721108
2.732821
2.743515
2.755787
2.766672
2.778296
2.789363
2.800864
2.812122
2.822786
2.837857
2.847492
2.857691
2.868462
2.878555
2.888801
2.899234
2.91039
2.921544
2.932894
2.943497
2.95511
2.966398
2.976946
2.988265
2.999742
3.010531
3.021724
3.033235
3.044087
3.055341
3.06672
3.077608
3.088915
3.100507
3.111262
3.122437
3.133904
3.144509
3.155777
3.167081
3.178238
3.189239
3.200871
3.211901
3.223371
3.234718
3.246017
3.257088
3.269086
3.279858
3.291165
3.302471
3.313798
3.32534
3.336481
3.347893
3.359174
3.370216
3.381366
3.392386
3.4041
3.414945
3.426138
3.437256
3.448683
3.459461
3.470547
3.481941
3.49291
3.504139
3.515963
3.526607
3.537921
3.549235
3.560292
3.571222
3.583074
3.593624
3.604753
3.616308
3.627288
3.641858
3.653515
3.663886
3.673984
3.684749
3.695094
3.705721
3.716118
3.727837
3.739024
3.74921
TARGET DESTROYED 
3.759651
3.773921
3.784668
3.794695
3.80547
3.817215
3.827589
3.838578
3.849174
3.859288
3.869902
3.880548
3.892016
3.904354
3.916065
3.927184
3.937819
3.947911
3.95895
3.970034
3.98123
3.992301
4.003499
4.014916
4.025944
4.03717
4.048874
4.060474
4.071082
4.081985
4.093325
4.104322
4.115642
4.126602
4.137968
4.149642
4.161016
4.172071
4.183877
4.194643
4.206302
4.217689
4.22887
4.240207
4.251547
4.262743
4.274306
4.285312
4.297122
4.308005
4.319767
4.330688
4.341935
4.353172
4.364451
4.375504
4.386499
4.397754
4.409252
4.420156
4.436027
4.446474
4.456833
4.467187
4.477572
4.488338
4.498922
4.509095
4.520265
4.530721
4.540829
4.55129
4.562637
4.573083
4.584136
4.59508
4.606207
4.617543
4.628922
4.639886
4.650828
4.662643
4.673649
4.685187
4.695989
4.706819
4.718113
4.729393
4.740462
4.751417
4.763043
4.7737
4.785003
4.796165
4.807277
4.818841
4.830516
4.841521
4.852667
4.863991
4.875436
4.886753
4.898173
4.90961
4.921117
4.932436
4.943628
4.955056
4.966182
4.977813
4.989153
5.000338
5.01152
5.022994
5.034458
5.045922
5.056801
5.068146
5.079764
5.090889
5.101635
5.11258
5.124569
5.135781
5.147142
5.158645
5.170126
5.180767
5.192254
5.203764
5.214361
5.230124
5.242241
5.253576
5.265696
5.276434
5.298773
5.310667
5.322145
5.333245
5.344026
5.355118
5.366089
5.377462
5.388984
5.400094
5.411819
5.423987
5.435189
5.446176
5.457566
5.469027
5.479673
5.491352
5.502929
TARGET DESTROYED 
5.513707
5.53068
5.541918
5.553502
5.565991
5.578138
5.589235
5.600372
5.611181
5.623501
5.635785
5.647314
5.659288
5.671607
5.682616
5.693569
5.705127
5.716118
5.727068
5.738017
5.748925
5.759813
5.771138
5.782341
5.793512
5.804775
5.816231
5.830395
5.841814
5.853241
5.86426
5.875202
5.886349
5.897529
5.90946
5.921557
5.932779
5.943752
5.955346
5.967833
5.978962
5.990135
6.001302
6.012454
6.023791
6.035
6.046073
6.062782
6.07476
6.085961
6.097058
6.108452
6.120085
6.131804
6.142729
6.154616
6.165598
6.176792
6.188489
6.19972
6.210749
6.222613
6.234256
6.244895
6.256321
6.267919
6.278964
6.290232
6.301672
6.314135
6.325168
6.336509
6.347514
6.35974
6.370824
6.382132
6.393333
6.405588
6.417179
6.428932
6.439934
6.451711
6.462778
6.474312
6.485997
6.496821
6.508013
6.519469
6.530783
6.541984
6.553221
6.564274
6.575464
6.586762
6.59844
6.609607
6.622104
6.633531
6.644648
6.655901
6.667144
6.679972
6.691219
6.703933
6.716279
6.727358
6.738616
6.750497
6.760831
6.772007
6.783311
6.794512
6.805656
6.817652
6.828222
6.839568
6.85017
6.861698
6.872901
6.888307
6.899114
6.90941
6.920609
6.931208
6.941616
6.952483
6.96259
6.97356
6.984778
6.995767
7.006418
7.018417
7.028996
7.040486
7.051405
7.062373
7.073608
7.084741
7.096004
TARGET DESTROYED 
7.107997
7.123679
7.134781
7.145117
7.157043
7.167536
7.178154
7.190354
7.202702
7.213223
7.223643
7.234789
7.245167
7.255878
7.266929
7.277471
7.288376
7.298872
7.310152
7.321227
7.332312
7.34297
7.353914
7.365307
7.376293
7.387425
7.398994
7.409736
7.421053
7.432548
7.443213
7.454691
7.466204
7.476964
7.488191
7.499619
7.510375
7.521521
7.532868
7.543863
7.555159
7.566743
7.578282
7.589396
7.600842
7.612004
7.623352
7.634664
7.646284
7.657466
7.672657
7.684843
7.695592
7.706404
7.717574
7.727658
7.738461
7.750281
7.760825
7.771826
7.78302
7.793961
7.804875
7.817349
7.827562
7.838244
7.849528
7.860126
7.870471
7.880801
7.891601
7.902242
7.913179
7.924218
7.935627
7.946579
7.958178
7.969055
7.980373
7.991294
8.002625
8.014436
8.025047
8.035971
8.04727
8.058786
8.069669
8.081025
8.092715
8.103537
8.1151
8.12578
8.137215
8.148358
8.15937
8.170494
8.182118
8.193057
8.204637
8.216032
8.227275
8.238424
8.250314
8.261086
8.272829
8.283982
8.295253
8.306487
8.318224
8.329258
8.340597
8.351877
8.364058
8.374992
8.385701
8.396985
8.408118
8.419891
8.430682
8.441319
TARGET DESTROYED 
8.452563
8.472203
8.483292
8.493618
8.504678
8.515296
8.526068
8.536883
8.548326
8.559925
8.570739
8.582156
8.594158
8.606076
8.616776
8.627424
8.638418
8.64882
8.659858
8.670889
8.682269
8.693614
8.705101
8.71588
8.727055
8.737994
8.749955
8.760539
8.771489
8.782873
8.793689
8.804869
8.816335
8.82715
8.838581
8.849712
8.860805
8.872359
8.883305
8.894582
8.905371
8.917109
8.928528
8.939804
8.951361
8.962648
8.974363
8.985651
8.998227
9.008992
9.020133
9.031631
9.043094
9.054679
9.066068
9.077233
9.088861
9.100461
9.111524
9.122714
9.134059
9.144898
9.156188
9.167658
9.178604
9.189914
9.201225
9.212129
9.223167
9.235218
9.246101
9.256767
9.268144
9.283644
9.295237
9.30603
9.31692
9.327424
9.339268
9.350045
9.360929
9.372319
9.38312
9.393461
9.404431
9.414798
9.425792
9.437491
9.447973
9.458619
9.469486
9.480248
9.490806
9.502753
9.513268
9.524507
9.535335
9.546125
9.556842
9.567549
9.578073
9.588788
9.599493
9.609674
9.620404
9.631498
9.642802
9.65428
9.66517
9.676559
9.687646
9.700007
9.711296
9.722271
9.73357
9.743826
9.755483
9.765882
9.776746
9.78786
9.799365
9.810998
9.822366
9.833518
9.844638
9.856477
9.867489
9.879082
9.890373
9.901855
9.913316
9.924559
9.936135
9.947487
9.958768
9.970288
9.981704
9.994271
10.00496
10.01559
10.02688
10.03835
10.04989
10.06074
10.07628
10.08735
10.09798
10.10896
10.11991
10.13062
10.14162
10.1524
10.16295
10.17348
10.18508
10.19547
10.20616
10.21628
10.227
10.23766
10.24769
10.25809
10.2689
10.27993
10.29057
10.30255
10.3136
10.32409
10.33561
10.34648
10.35767
10.36939
10.38008
10.39105
10.40245
10.41328
10.42449
10.43672
TARGET DESTROYED 
10.44715
10.46191
10.47391
10.48565
10.49589
10.50694
10.51744
10.52839
10.53877
10.5486
10.55956
10.57101
10.58319
10.59356
10.60555
10.61673
10.62717
10.6384
10.64977
10.66086
10.67194
10.68447
10.69439
10.70554
10.71718
10.7278
10.73988
10.75061
10.76148
10.77294
10.78386
10.79485
10.80598
10.81765
10.82972
10.83999
10.85113
10.86581
10.87739
10.88784
10.89805
10.9085
10.91944
10.93079
10.9415
10.95264
10.96398
10.97523
10.98652
10.99781
11.01032
11.02235
11.03434
11.04643
11.05836
11.07027
11.08221
11.09463
11.1067
11.11895
11.13053
11.14221
11.15406
11.16619
11.17883
11.19054
11.20311
11.21498
11.22731
11.24002
11.25322
11.26646
11.27872
11.29032
11.30226
11.31372
11.32585
11.33752
11.34932
11.36003
11.37122
11.38232
11.3934
11.40462
11.41515
11.42623
11.43793
11.4488
11.45944
11.4705
11.48112
11.49246
11.50364
11.51439
11.52556
11.53658
11.54843
11.55905
11.56984
11.58045
11.59179
11.60282
11.61375
11.62447
11.63574
11.64662
11.65807
11.66918
11.67967
11.695
11.70647
11.71803
11.72966
11.74052
11.75208
11.76221
11.77273
11.78372
11.79476
11.8058
11.81773
11.82796
11.83829
11.84896
11.86031
11.87081
11.8812
11.89176
11.90295
11.91341
11.92433
11.93509
11.94512
11.95639
11.96714
11.97722
11.98861
12.00068
12.01174
12.0224
12.03341
12.04421
12.05537
12.06677
12.07778
12.08929
12.10029
12.11137
12.12305
12.13356
12.14795
12.15883
12.16955
12.17976
12.19025
12.20106
12.21454
