0.02
0.04
0.14
0.1819092
0.1943817
0.2058828
0.2181964
0.2288406
0.2393504
0.2504607
0.2617674
0.2727671
0.2838193
0.2976026
0.3071403
0.3174663
0.3288307
0.3396552
0.350908
0.3623561
0.3732839
0.3844914
0.3958064
0.4070242
0.4178968
0.429276
0.4412223
0.451793
0.4628681
0.4737128
0.4849101
0.496346
0.5078205
0.5183646
0.5296283
0.5407492
0.5525942
0.5632541
0.574538
0.5854764
0.5968738
0.6084634
0.6240448
0.6389303
0.648845
0.6582407
0.667968
0.677646
0.6878244
0.697606
0.7084417
0.7197679
0.7307118
0.7419148
0.7531467
0.7646866
0.7752423
0.7865769
0.7978069
0.8088059
0.8200792
0.8312492
0.84246
0.8535832
0.8648099
0.8759222
0.8877319
0.8982462
0.9095666
0.9209031
0.9316385
0.9435207
0.9540985
0.9657307
0.9763191
0.9878972
0.9989277
1.010035
1.02106
1.032628
1.043299
1.054495
1.066046
1.077726
1.088633
1.100418
1.11184
1.123407
1.134839
1.14725
1.157431
1.169047
1.18014
1.191652
1.203504
1.214964
1.226302
1.239047
1.24914
1.26066
1.272217
1.283012
1.29418
1.305266
1.316526
1.328676
1.338699
1.35015
1.361703
1.372275
1.384022
1.39537
1.405701
1.41698
1.428715
1.439579
1.450529
1.462026
1.472795
1.484189
1.495628
1.506622
1.517829
1.529075
1.540075
1.551371
1.562247
1.573795
1.587864
1.598614
1.60837
1.618065
1.627808
1.640015
1.650282
1.661241
1.672797
1.683638
1.695092
1.714997
1.732006
1.750306
1.766577
1.777942
1.788262
1.798446
1.808971
1.819091
1.829386
1.839732
1.851794
1.863311
1.876235
1.890071
1.903058
1.915036
1.925804
1.937045
1.948314
1.959578
1.970667
1.981971
1.996563
2.006663
2.018147
2.02855
2.038739
2.049156
2.060112
2.071074
2.082319
2.093215
2.104545
2.115826
2.126927
2.138209
2.149361
2.160891
2.171596
2.182947
2.1942
2.205912
2.216387
2.227648
2.23869
2.249838
2.261183
2.272141
2.283242
2.294597
2.305665
2.318366
2.32909
2.339348
2.350282
2.361765
2.373076
2.384178
2.395562
2.406845
2.418372
2.43019
2.441678
2.453045
2.464511
2.481452
2.49286
2.503619
2.51451
2.525764
2.537005
2.547913
2.559118
2.570484
2.581903
2.592701
2.603643
2.615119
2.626676
2.637819
2.649464
2.660752
2.671789
2.683198
2.694252
2.705224
2.716511
2.727991
2.738388
2.749799
2.761839
2.772357
2.783163
2.794201
2.805197
2.816301
2.827228
2.838346
2.849195
2.859842
2.870743
2.881536
2.892202
2.902589
2.914185
2.924567
2.935644
2.946057
2.956759
2.967845
2.978321
2.989653
3.000615
3.011846
3.022969
3.03412
3.044932
3.055404
3.06684
3.077526
3.088133
3.098677
3.11001
3.120913
3.132327
3.143468
3.154439
3.165557
3.176841
3.188249
3.204239
3.216097
3.227473
3.238388
3.249726
3.261611
3.272833
3.284474
3.295012
3.306715
3.319718
3.331674
3.342556
3.354574
3.366738
3.378036
3.389183
3.4003
3.412252
3.422998
3.434175
3.445338
3.456215
3.467524
3.478854
3.489869
3.502115
3.513149
3.523731
3.534316
3.545793
3.556701
3.568069
3.579165
3.590136
3.604714
3.616512
3.627663
3.639221
3.650353
3.661914
3.673207
3.684768
3.696074
3.707219
3.719536
3.730869
3.742136
3.753792
3.767079
3.778693
3.791286
3.802753
3.813942
3.824883
3.836428
3.848327
3.859542
3.870843
3.882242
3.893868
3.90478
3.917006
3.934397
3.94608
3.957631
3.970041
3.981432
3.992649
4.003778
4.015764
4.027433
4.038424
4.050138
4.061823
4.072822
4.084623
4.095884
4.106942
4.11866
4.129809
4.140883
4.152616
4.16413
4.175502
4.187227
4.199167
4.210888
4.221993
4.23319
4.24477
4.25587
4.267884
4.279728
4.290849
4.303133
4.315207
4.327755
4.339033
4.350545
4.36236
4.373264
4.38473
4.396437
4.407848
4.419596
4.431432
4.442626
4.45423
4.466321
4.478187
4.489907
4.501579
4.513254
4.524523
4.536422
4.5481
4.559385
4.570788
4.582438
4.594165
4.605362
4.617773
4.629648
4.641179
4.653185
4.664983
4.682967
4.694891
4.707307
4.72003
4.731434
4.743399
4.754816
4.76667
4.779805
4.791575
4.803314
4.814661
4.826095
4.837295
4.848587
4.860633
4.871831
4.883319
4.894799
4.905969
4.917964
4.92981
4.942056
4.953306
4.96436
4.975539
4.987048
4.998847
5.012013
5.024964
5.037516
5.04952
5.060911
5.07279
5.084545
5.096215
5.106625
5.117559
5.128737
5.139444
5.150467
5.161401
5.172074
5.186775
5.198975
5.210459
5.221486
5.232969
5.24487
5.255888
5.267451
5.279478
5.290711
5.302906
5.314471
5.326676
5.33815
5.34984
5.3617
5.373018
5.385128
5.396472
5.408244
5.425042
5.43749
5.448846
5.460839
5.471938
5.484399
5.496694
5.507322
5.51837
5.529737
5.540708
5.552031
5.563262
5.573983
5.585015
5.600173
5.612251
5.623332
5.634896
5.64612
5.657102
5.668596
5.679779
5.690856
5.702812
5.714363
5.725942
5.737512
5.749296
5.761446
5.77289
5.786212
5.798443
5.810202
5.821976
5.833653
5.845737
5.857744
5.86973
5.880845
5.892182
5.903774
5.915665
5.928616
5.939875
5.951723
5.963414
5.974585
5.986978
5.99925
6.011082
6.02335
6.035459
6.047629
6.059039
6.083825
6.096082
6.107564
6.119646
6.131206
6.143198
6.154677
6.16665
6.183847
6.196084
6.207755
6.219579
6.231285
6.243436
6.25498
6.267085
6.279298
6.290549
6.302726
6.314544
6.326109
6.338498
6.349893
6.362366
6.373651
6.385737
6.397842
6.410633
6.422341
6.434525
6.44585
6.457141
6.469307
6.480914
6.493133
6.504417
6.516879
6.528988
6.540389
6.552604
6.564111
6.575674
6.587553
6.599458
6.611576
6.623298
6.635117
6.647346
6.658998
6.67073
6.683023
6.695664
6.707152
6.718131
6.729324
6.740068
6.751297
6.762809
6.773649
6.78984
6.801744
6.812512
6.823405
6.83502
6.846094
6.856482
6.867672
6.878828
6.889761
6.901018
6.918749
6.930128
6.941184
6.952433
6.963549
6.975133
6.987338
6.999217
7.01154
7.023763
7.038377
7.050457
7.062464
7.073881
7.086403
7.098115
7.110181
7.122471
7.134273
7.14601
7.157771
7.169716
7.181798
7.194135
7.206159
7.217977
7.230052
7.241496
7.253944
7.266173
7.278697
7.290286
7.302495
7.314261
7.326215
7.338552
7.350567
7.362322
7.373418
7.384994
7.396698
7.407886
7.420186
7.431682
7.4441
7.455331
7.466987
7.478274
7.490189
7.505004
7.517004
7.531777
7.54517
7.558718
7.570447
7.582185
7.593134
7.608396
7.619515
7.630997
7.642195
7.653789
7.665251
7.677137
7.688867
7.710962
7.723907
7.736025
7.748574
7.761617
7.772942
7.785388
7.800703
7.813092
7.824277
7.836162
7.847092
7.858488
7.869875
7.881556
7.893495
7.904794
7.916956
7.928653
7.939892
7.951337
7.962732
7.973809
7.985086
7.996428
8.007465
8.019611
8.030652
8.042361
8.053802
8.065021
8.076191
8.087336
8.098933
8.111447
8.122817
8.134692
8.145984
8.156978
8.168674
8.181169
8.193233
8.204549
8.215247
8.226727
8.238111
8.249349
8.25993
8.270722
8.281646
8.292585
8.304022
8.315207
8.326125
8.337516
8.348936
8.359719
8.370775
8.385537
8.396679
8.407813
8.423907
8.435313
8.446921
8.457859
8.468746
8.479631
8.490159
8.501676
8.512334
8.523263
8.534425
8.544993
8.556694
8.568029
8.578771
8.589746
8.601516
8.612853
8.623828
8.635571
8.646264
8.657018
8.668215
8.679661
8.690809
8.701799
8.712873
8.723742
8.735311
8.746241
8.75761
8.768676
8.779922
8.79058
8.802694
8.814857
8.826011
8.837034
8.848205
8.859203
8.869946
8.88084
8.891592
8.902527
8.915355
8.927317
8.937921
8.948732
8.959471
8.970444
8.981492
8.99243
9.002977
9.013907
9.025377
9.036832
9.047583
9.058535
9.069331
9.080825
9.091668
9.102373
9.113355
9.124508
9.141074
9.152919
9.16406
9.175181
9.186152
9.197763
9.208549
9.219728
9.231441
9.242717
9.253418
9.26445
9.275866
9.287245
9.298189
9.30902
9.320475
9.331964
9.34328
9.354251
9.365219
9.376664
9.388648
9.401035
9.413592
9.426114
9.43855
9.45133
9.463363
9.476044
9.488251
9.500274
9.511788
9.523202
9.534889
9.546586
9.558414
9.570507
9.582714
9.594083
9.609423
9.62082
9.63308
9.644595
9.655525
9.666555
9.678734
9.689991
9.706399
9.718932
9.731616
9.744743
9.75666
9.768939
9.78141
9.794272
9.806209
9.820625
9.833022
9.845985
9.857865
9.870539
9.8883
9.901491
9.914202
9.925675
9.939388
9.952047
9.964296
9.97638
9.989178
10.00172
10.01387
10.02635
10.03828
10.05069
10.06357
10.07538
10.08713
10.09917
10.11056
10.12244
10.13434
10.14635
10.15865
10.17022
10.18183
10.19721
10.21575
10.22934
10.24179
10.2534
10.2654
10.27644
10.28823
10.30404
10.31589
10.32801
10.34032
10.35334
10.36599
10.37838
10.3902
10.40376
10.41643
10.42914
10.44094
10.45343
10.46617
10.47934
10.49119
10.50378
10.51556
10.5281
10.53994
10.55237
10.56443
10.5766
10.58936
10.60192
10.61421
10.62691
10.63883
10.65084
10.66302
10.67574
10.68804
10.70032
10.71218
10.72427
10.74223
10.75445
10.76686
10.77999
10.79227
10.80414
10.8163
10.83062
10.84295
10.85526
10.86787
10.8806
10.89305
10.90535
10.91847
10.93087
10.94288
10.95479
10.9673
10.97972
10.99224
11.00437
11.01809
11.0302
11.04232
11.05444
11.06749
11.08027
11.09236
11.10459
11.11751
11.12997
11.1419
11.15405
11.16629
11.18016
11.19248
11.20508
11.21776
11.23058
11.24243
11.25408
11.26587
11.27764
11.28924
11.30169
11.31345
11.32539
11.33726
TARGET DESTROYED 
11.34988
11.37135
11.38418
11.3961
11.40805
11.42077
11.43277
11.44428
11.45576
11.46784
11.48053
11.50673
11.51943
11.53206
11.54292
11.55432
11.56559
11.57655
11.58801
11.59936
11.61481
11.62746
11.63959
11.65166
11.66346
11.67625
11.68895
11.70112
11.71286
11.72497
11.73718
11.74928
11.76113
11.77276
11.78462
11.79671
11.80874
11.82036
11.83299
11.84523
11.85645
11.86872
11.88066
11.89273
11.90459
11.91721
11.9291
11.94056
11.95278
11.96489
11.97725
11.98922
12.00112
12.01303
12.02546
12.03829
12.05014
12.06191
12.07386
12.08628
12.09801
12.11019
12.12178
12.13392
12.14633
12.15793
12.16933
12.1815
12.19367
12.20583
12.22379
12.23591
12.24758
12.25929
12.27098
12.28302
12.29492
12.30647
12.31855
12.33123
12.34326
12.3552
12.36778
12.38027
12.392
12.40357
12.41491
12.42779
12.43977
12.4522
12.46491
12.47663
12.48845
12.50098
12.51268
12.52483
12.53726
12.54882
12.56011
12.57163
12.58412
12.59623
12.60836
12.62052
12.63272
12.64841
12.66157
12.67425
12.68696
12.70004
12.7127
12.72517
12.73813
12.75113
12.76381
12.7762
12.7892
12.80235
12.81507
12.8279
12.84005
12.85379
12.86589
TARGET DESTROYED 
12.87845
12.89529
12.91586
12.92955
12.94121
12.95365
12.96672
12.98503
12.99842
13.01158
13.02463
13.03775
13.05124
13.0647
13.07803
13.09071
13.10352
13.11667
13.12987
13.14275
13.1558
13.16898
13.18246
13.1958
13.20854
13.22248
13.23548
13.24675
13.25834
13.26966
13.28181
13.29322
13.30441
13.31616
13.32709
13.33849
13.35079
13.36267
13.37384
13.38663
13.39873
13.40973
13.4206
13.43248
13.44321
13.45448
13.46582
13.47696
13.48807
13.49921
13.50943
13.52031
13.53135
13.54238
13.55373
13.56507
13.57594
13.58731
13.60236
13.61416
13.62606
13.63696
13.64818
13.65939
13.67058
13.68213
13.69346
13.7045
13.71641
13.73275
13.7442
13.75507
13.76705
13.77815
13.78908
13.80009
13.8109
13.82205
13.83324
13.84404
TARGET DESTROYED 
13.85593
13.87739
13.89039
13.9033
13.91696
13.93042
13.94355
13.95625
13.9692
13.98258
14.00251
14.01749
14.03022
14.04277
14.05563
14.06838
14.08084
14.09414
14.10777
14.12101
14.13462
14.14746
14.16098
14.17348
14.18657
14.1994
14.21252
14.22541
14.23814
14.25122
14.26437
14.2774
14.29075
14.304
14.31729
14.32971
14.34271
14.35561
14.36928
14.38177
14.39474
14.407
14.41959
14.43262
14.44635
14.45895
14.47153
14.50012
14.51376
14.52638
14.53901
14.55261
14.56565
14.5788
14.59157
14.60451
14.61753
14.6307
14.6439
14.65701
14.6699
14.68316
14.6963
14.70919
14.72164
14.73444
14.74725
14.76107
14.7737
14.78671
14.80038
14.81455
14.8278
14.84033
TARGET DESTROYED 
14.85354
14.87385
14.88723
14.90068
14.91483
14.93528
14.94973
14.96286
14.97555
14.98877
15.00197
15.01676
15.03111
15.04551
15.05984
15.07449
15.08911
15.10351
15.11767
15.13233
15.14713
15.16132
15.17501
15.18947
15.20414
15.2183
15.23245
15.24897
15.26308
15.27581
15.28941
15.30798
15.3213
15.33463
15.34769
15.36131
15.37473
15.38789
15.40113
15.41381
15.42732
15.43998
15.45266
15.46517
15.47818
15.49087
15.50349
15.51594
15.52833
15.54055
15.55265
15.56523
15.57759
15.5898
15.60551
15.61763
15.62984
15.64182
15.65351
15.6657
15.67871
15.69084
15.70705
15.7198
15.73176
15.74414
15.75663
15.76915
15.78206
15.79425
15.806
15.81885
15.83092
15.84399
15.85651
15.87024
15.88338
15.89641
15.90924
15.92207
15.93482
15.94761
15.96071
15.97345
15.98614
15.99898
16.01246
16.02597
16.03897
16.05245
16.06548
16.07841
16.09667
16.1098
16.12258
16.13573
16.14843
16.16144
16.1747
16.18785
16.20111
16.21378
16.22634
16.23916
16.25187
16.26474
16.27761
16.28991
16.30276
16.31561
16.32858
16.34132
16.35362
16.36758
16.38045
16.39297
16.40577
16.41854
16.43187
16.44504
16.45792
16.47105
16.48391
16.49727
16.52256
16.53574
16.5484
16.5613
16.57324
16.58551
16.59801
16.61017
16.6208
16.63193
16.64169
16.6519
16.66286
16.67377
16.68464
16.69504
16.70584
16.71653
16.73293
16.74371
16.75445
16.76542
16.77561
16.78612
16.7965
16.80795
16.81849
16.82911
16.83975
16.85011
16.86483
16.87542
16.88687
16.89805
16.90796
16.91895
16.9296
16.94057
16.95135
16.96184
16.97279
16.98289
16.99404
17.00512
17.01662
17.02774
17.03853
17.04987
17.06119
17.07224
17.08398
17.0951
17.10567
17.11696
17.12889
17.14024
17.1515
17.16302
17.17422
17.18577
17.19781
17.20998
17.22207
17.23424
17.24673
17.25887
17.2707
17.28309
17.29599
17.30826
17.32061
17.33321
17.34555
17.35817
17.37044
17.3837
17.39626
17.40907
17.42127
17.43379
17.44601
17.45837
17.46882
17.47947
17.4904
17.50067
17.5108
17.52118
17.5318
17.54196
17.55262
17.56386
17.57471
17.58587
17.60036
17.61746
17.62892
17.63977
17.65108
17.66207
17.67309
17.68445
17.69549
17.70673
17.71782
17.72895
17.74014
17.75138
17.76315
17.77419
17.78512
17.79618
17.80753
17.81898
17.83088
17.84278
17.85414
17.86532
17.87651
17.88824
17.89997
17.91088
17.92189
17.93291
17.94369
17.95463
17.96604
17.97685
17.98832
17.99945
18.01048
18.02203
18.03385
18.04505
18.05624
18.06724
18.0782
18.09922
18.11116
18.12229
18.13326
18.14495
18.15626
18.16817
18.17956
18.19103
18.20201
18.2133
18.2251
18.23622
18.24774
18.25866
18.27172
18.28336
18.29444
18.30587
18.31778
18.32905
18.34185
18.35923
18.37244
18.38533
18.39829
18.41103
18.42339
18.43563
18.44826
18.4605
18.47244
18.48477
18.49803
18.5105
18.52259
18.53531
18.54738
18.55946
18.57147
18.5841
18.59613
18.60855
18.62128
18.63408
18.64656
18.65929
18.6711
18.68349
18.69644
18.70891
18.72096
18.73344
18.74587
18.75772
18.77043
18.78274
18.79458
18.80717
18.81965
18.83292
18.84503
18.85819
18.87046
18.8828
18.89614
18.90887
18.92195
18.93427
18.94639
18.95852
18.97055
18.9825
18.99445
19.00648
19.01851
19.03095
19.04329
19.05544
TARGET DESTROYED 
19.06764
19.08567
19.09902
19.1119
19.13044
19.14955
19.16333
19.17569
19.18868
19.20119
19.2134
19.22598
19.2385
19.25074
19.26314
19.27559
19.28852
19.30087
19.3133
19.32566
19.33813
19.3506
19.36234
19.37455
19.38721
19.39991
19.4121
19.42455
19.43658
19.44943
19.46147
19.47374
19.4853
19.49751
19.50884
19.52047
19.53228
19.54376
19.55516
19.56643
19.57795
19.58947
19.60669
19.61935
19.63114
19.64316
19.65501
19.66761
19.68074
19.69346
19.70454
19.71629
19.72734
19.7374
19.74852
19.7589
19.7697
19.7804
19.79027
19.80119
19.81126
19.82152
19.83173
19.84224
19.85368
19.86482
19.88037
19.89058
19.90079
19.91395
19.92435
19.93462
19.94494
19.95562
19.96568
19.97623
19.98769
19.99868
20.00981
20.02104
20.0322
20.04337
20.05445
20.06599
20.07692
20.08807
20.09938
20.11055
20.12162
20.13412
20.14475
20.15603
20.16754
20.17916
20.1902
20.2016
20.21312
20.22452
20.2356
20.24692
20.25817
20.26947
20.2809
20.29231
20.30351
20.31497
20.32624
20.33759
20.34938
20.35998
20.37136
20.38359
20.39384
20.40529
20.41644
20.4283
20.43947
20.45142
20.4624
20.47262
20.48376
20.49547
20.50617
20.51736
20.52886
20.54038
20.55106
20.56238
20.57318
20.58439
20.59577
20.61184
20.62275
20.63292
20.64307
20.65342
20.66422
20.67402
20.68462
20.69569
20.70592
20.71648
20.72645
20.73665
20.74758
20.75842
20.76963
20.78081
20.79185
20.80324
20.81413
20.8254
20.83669
20.84794
20.85895
20.8701
20.88118
20.89239
20.90401
20.9158
20.92637
20.93749
20.9484
20.95941
20.97075
20.98184
20.99333
21.00438
21.01591
21.02728
21.03885
21.04973
21.06161
21.07265
21.08413
21.09568
21.10665
21.11817
21.12975
21.14097
21.15318
21.16423
21.17548
21.18678
21.19838
21.20906
21.22062
21.23257
21.2436
21.25469
21.26567
21.2771
21.28823
21.2995
21.31061
21.32181
21.33758
21.34845
21.35843
21.36906
21.38044
21.3906
21.40062
TARGET DESTROYED 
21.41072
21.42501
21.43536
21.44551
21.45601
21.46602
21.47655
21.49342
21.50488
21.51487
21.52425
21.53455
21.54369
21.55331
21.56281
21.57355
21.58482
21.59626
21.60991
21.6201
21.63078
21.64077
21.65183
21.6632
21.67416
21.68535
21.69683
21.7076
21.71881
21.73017
21.74112
21.75231
21.76369
21.77505
21.786
21.79712
21.80826
21.81957
21.83051
21.84154
21.8528
21.86429
21.87526
21.88619
21.89768
21.90879
21.921
21.93273
21.94273
21.9535
21.965
21.97652
21.98822
21.99951
22.01131
22.02264
22.03403
22.04571
22.05687
22.07271
22.08301
22.09249
22.10265
22.11304
22.12341
22.1346
22.14613
22.15718
22.16821
22.17956
22.19046
22.20156
22.21304
22.22406
22.23521
22.24656
22.25798
22.26877
22.28
22.29097
22.30204
22.31347
22.32454
22.33567
22.34732
22.35804
22.36912
22.38058
22.39144
22.40302
22.41401
22.42519
22.43629
22.44792
22.45903
22.47033
22.48167
22.49315
22.50429
22.51572
22.52728
22.53836
22.54958
22.56119
22.57255
22.58361
22.5955
22.60615
22.61725
22.62927
22.63968
22.6509
22.66245
22.6733
22.68555
22.69596
22.70659
22.71799
22.72952
22.74029
22.75127
22.76294
22.77376
22.78488
22.79612
22.80717
22.8184
22.83001
22.84513
22.85533
22.86551
22.87553
22.88606
22.89689
22.90646
22.91751
22.9272
22.93924
22.94977
22.96092
22.97175
22.98308
22.99435
23.00538
23.01656
23.02797
23.03918
23.05002
23.0615
23.07233
23.08341
23.09493
23.10584
23.11702
23.1289
23.13937
23.15044
23.16199
23.17276
23.18498
23.19586
23.20674
23.21764
23.22916
23.24024
23.25191
23.2631
23.27423
23.28594
23.29755
23.30845
23.31959
23.33143
23.34222
23.35388
23.3655
23.37626
23.38776
23.3991
23.41105
23.42163
23.43279
23.44414
23.45503
23.46611
23.47779
23.48856
23.4997
23.51142
23.52228
23.53347
23.54485
23.55554
23.56678
23.57852
23.589
23.60829
23.61977
23.63027
23.64005
23.65121
23.66277
23.6735
23.68462
23.69603
23.70708
23.71814
23.72972
23.74074
23.7517
23.76321
23.77414
23.78526
23.79678
23.80747
23.81891
23.83085
23.84093
23.85236
23.86354
23.87462
23.88573
23.89692
23.90828
23.9197
23.93057
23.94307
23.95419
23.96461
23.97533
23.98623
24.01757
24.02858
24.03864
24.04835
24.05838
24.06889
24.07915
24.08924
24.09947
24.10944
24.12028
24.13189
24.14255
24.15377
24.16501
24.17624
24.18766
24.19869
24.20958
24.222
24.23252
24.24331
24.25435
24.26717
24.28006
24.29337
24.30594
24.31863
24.3299
24.34046
24.35118
24.36183
24.3726
24.38385
24.39981
24.4112
24.42193
24.43304
24.44447
24.45547
24.46645
24.47807
24.48905
24.50023
24.51159
24.52236
24.53353
24.54491
24.55597
24.5674
24.57857
24.58943
24.60077
24.61221
24.62297
24.63417
24.6454
24.65647
24.66773
24.6792
24.68995
24.70118
24.71248
24.72356
24.73467
24.7461
24.75723
24.76828
24.7794
24.79067
24.80167
24.81295
24.82389
24.83531
24.84679
24.85765
24.86874
24.88001
24.89193
24.90423
24.9184
24.93036
24.94283
24.95613
24.96881
24.98088
24.9926
25.00498
25.01842
25.03067
25.04278
25.05533
25.06774
25.08076
25.09294
25.11028
25.12301
25.13531
25.14782
25.1595
25.17145
25.19003
25.20249
25.21501
25.22704
25.23972
25.25219
25.26494
25.27693
25.28955
25.3018
25.31475
25.32667
25.33933
25.35835
25.3712
25.38378
TARGET DESTROYED 
25.39707
25.42523
25.43872
25.45107
25.46337
25.47585
25.48833
25.50092
25.51118
25.52057
25.53034
25.53963
25.55037
25.56881
25.58024
25.58986
25.60323
25.61377
25.62356
25.63366
25.64445
25.65475
25.6648
25.67455
25.68452
25.69554
25.708
25.71834
25.729
25.74
25.75115
25.76257
25.77344
25.78459
25.79592
25.8071
25.81844
25.82939
25.8404
25.85165
25.8632
25.874
25.88506
25.89657
25.91258
25.92346
25.93372
25.94374
25.95405
25.96473
25.97481
25.98654
25.99684
26.01935
26.0304
26.04155
26.05281
26.06384
26.07518
26.08619
26.09817
26.10851
26.11965
26.13104
26.14202
26.15353
26.16459
26.17621
26.18687
26.19819
26.20907
26.22032
26.23136
26.24268
26.2538
26.26518
26.27612
26.28732
26.29862
26.30968
26.32076
26.33207
26.34291
26.35432
26.36528
26.37678
26.39097
26.40586
26.41986
26.43379
26.44589
26.45864
26.47057
26.48305
26.49526
26.50773
26.51977
26.53286
26.54525
26.55787
26.56985
26.58232
26.59429
26.60662
26.61912
26.63174
26.64404
26.65592
26.66842
26.68089
26.69299
26.71099
26.7237
26.73553
26.7482
26.7597
26.77199
26.78399
26.79736
26.81492
26.82788
26.84284
26.85646
26.87038
26.88596
26.90132
26.91743
26.93064
26.9443
26.95839
26.97312
26.98978
27.00191
27.01615
27.02776
27.04136
27.05521
27.0701
27.08311
27.09483
27.1067
27.11879
27.13153
27.14333
27.15573
27.16851
27.18081
27.19238
27.20368
27.21557
27.22741
27.23959
27.2515
27.26394
27.27598
27.28798
27.30032
27.31221
27.32448
27.33644
27.34853
27.35956
27.37122
27.38297
27.3948
27.40761
27.41924
27.4313
27.44299
27.45505
27.47252
27.48497
27.49772
27.50908
27.52069
27.53202
27.54323
27.55444
27.56571
27.57702
27.59144
27.60759
27.61957
27.63179
27.64314
27.65495
27.66642
27.68084
