0.02
0.04
0.14
0.1770808
0.1900576
0.2022513
0.2124938
0.2230017
0.2329648
0.2427621
0.2529646
0.2632729
0.2748401
0.2857165
0.2986814
0.3082128
0.3190097
0.3302281
0.3413907
0.3523551
0.3653934
0.3750457
0.386139
0.397325
0.408309
0.41947
0.4309448
0.4418087
0.4532017
0.464064
0.4788052
0.4894032
0.4997224
0.5096025
0.5207241
0.531648
0.5424767
0.5535546
0.5649982
0.575933
0.5869856
0.5981505
0.6097497
0.6205947
0.6320798
0.642767
0.6544942
0.665711
0.6777722
0.6886916
0.6997221
0.7111981
0.7215436
0.7326754
0.7435868
0.7544931
0.7661
0.777015
0.7881895
0.7994561
0.8105482
0.8217031
0.8327807
0.8441881
0.8552952
0.8661643
0.8776153
0.8929224
0.9039558
0.9154337
0.9269755
0.9384531
0.9494833
0.9604688
0.9717318
0.9829974
0.9948289
1.007174
1.018114
1.02794
1.038675
1.05029
1.062012
1.07214
1.083835
1.094943
1.105815
1.116824
1.128703
1.139179
1.150529
1.162034
1.172797
1.18385
1.195589
1.206193
1.217541
1.229118
1.240043
1.25106
1.26249
1.273445
1.284519
1.29589
1.307397
1.318499
1.33402
1.344211
1.354575
1.365637
1.375815
1.385752
1.396023
1.405697
1.416519
1.427168
1.43784
1.447531
1.458953
1.469904
1.481293
1.492233
1.503899
1.514616
1.52571
1.536938
1.549091
1.559092
1.570384
1.581944
1.592763
TARGET DESTROYED 
1.60382
1.622006
1.633147
1.643124
1.653399
1.663753
1.673549
1.683941
1.693871
1.704738
1.72315
1.734472
1.744464
1.754781
1.764846
1.774757
1.78527
1.795254
1.804928
1.815747
1.827115
1.838071
1.849126
1.860833
1.87152
1.882725
1.893917
1.905266
1.916118
1.927462
1.938453
1.949986
1.961107
1.972126
1.983265
1.9946
2.005636
2.016839
2.028102
2.039157
2.050186
2.061888
2.072574
2.083659
2.095239
2.106227
2.121636
2.132495
2.142362
2.152614
2.162936
2.174464
2.18557
2.19714
2.208519
2.219899
2.231545
2.242661
2.253748
2.264949
2.27606
2.287527
2.298402
2.309598
2.320922
2.332306
2.34376
2.354386
2.36545
2.376703
2.388721
2.399044
2.410238
2.42136
2.432734
2.443762
2.454937
2.465984
TARGET DESTROYED 
2.477544
2.492133
2.509832
2.521226
2.531682
2.541763
2.552902
2.564103
2.5753
2.586439
2.597666
2.609018
2.619678
2.631238
2.642455
2.653332
2.664757
2.676392
2.687121
2.698029
2.709323
2.720481
2.731602
2.742728
2.753987
2.765128
2.776308
2.787463
2.79882
2.809728
2.820987
2.832252
2.843339
2.854643
2.865514
2.876848
2.888886
2.899841
2.910721
2.921762
2.932533
2.948104
2.960833
2.972389
2.983207
2.993726
3.004844
3.015686
3.027128
3.037649
3.048674
3.059392
3.070306
3.081217
3.092191
3.102858
3.113625
3.12378
3.134401
3.145615
3.156563
3.167903
3.17943
3.1902
3.201385
3.21277
3.223715
3.235009
3.246121
3.257168
3.268588
3.279887
3.290761
3.301953
3.313281
3.324315
3.335669
3.3472
3.358435
3.379984
3.393305
3.406108
3.417337
3.428696
3.438734
3.449945
3.460953
3.471925
3.482884
3.493427
3.504323
3.515075
3.525634
3.536218
3.547412
3.558648
3.569568
3.581009
3.591623
3.602997
3.613975
3.625103
3.636273
3.64763
3.658612
TARGET DESTROYED 
3.670121
3.685305
3.69616
3.70678
3.717382
3.727427
3.738374
3.755366
3.767573
3.783168
3.793812
3.804569
3.81541
3.826136
3.837466
3.848667
3.859873
3.87085
3.882177
3.893949
3.904449
3.915499
3.926784
3.937921
3.949078
3.960198
3.971891
3.98295
3.994017
4.005269
4.016279
4.027316
4.03848
4.049852
4.061114
4.072007
4.083191
4.094539
4.105481
4.116609
4.128324
4.139098
4.150291
4.161551
4.172706
4.1837
4.195186
4.206678
4.218042
4.229331
4.240182
4.251227
4.262243
4.273329
4.284571
4.296065
4.306708
4.318515
4.330427
4.341728
4.353312
4.365549
4.376583
4.388086
4.400101
4.411632
4.423342
4.434573
4.445931
4.456607
4.468231
4.479005
4.490471
4.501639
4.513744
4.524824
4.536479
4.547639
4.558404
4.569541
4.581996
4.592765
4.603933
4.615652
4.631888
4.643466
4.654492
4.665463
4.67632
4.687539
4.69889
4.709569
4.720289
4.73146
4.742286
4.753272
4.764557
4.775609
4.786933
4.798029
TARGET DESTROYED 
4.809219
4.825182
4.837136
4.855349
4.867214
4.877675
4.888244
4.899402
4.91069
4.921585
4.932108
4.943262
4.954495
4.965483
4.977151
4.988778
4.99973
5.010158
5.021468
5.032533
5.043837
5.054832
5.06598
5.07732
5.088546
5.099546
5.110965
5.122058
5.132952
5.144999
5.155662
5.166485
5.177962
5.188924
5.200166
5.211614
5.222533
5.234806
5.24627
5.257117
5.267981
5.279126
5.289718
5.300929
5.312321
5.322982
5.334165
5.345599
5.356429
5.367516
5.379353
5.391142
5.402663
5.414666
5.425971
5.438153
5.448723
5.460982
5.472671
5.489404
5.501272
5.511811
5.522864
5.534682
5.547038
5.557776
5.568903
5.580194
5.591528
5.602362
5.613894
5.624722
5.636034
5.647873
5.658187
5.66974
5.681377
5.692039
5.703368
5.714274
5.725077
5.736869
5.747706
5.768986
5.780729
5.792325
5.80827
5.820959
5.832648
5.843301
5.854493
5.866431
5.87844
5.890187
5.904561
5.920896
5.93391
5.944954
5.959192
5.972198
5.985316
5.999633
6.010581
6.023683
6.034042
6.04421
6.05666
6.067615
6.07971
6.092047
6.10337
6.114029
6.124063
6.137861
6.148193
6.161153
6.17245
6.183255
6.194258
6.205385
6.216614
6.227973
6.238966
6.250197
6.261512
6.272527
6.283546
6.295094
6.305949
6.317231
6.328635
6.339586
6.3563
6.36773
6.380069
6.397748
6.408588
6.418926
6.429629
6.440663
6.451266
6.462472
6.473382
6.485681
6.496945
6.507587
6.518586
6.529499
6.540661
6.552232
6.563067
6.574397
6.586499
6.596877
6.607562
6.619123
6.630347
6.641314
6.652885
6.664197
6.675185
6.686342
6.697331
6.708296
6.719634
6.731078
6.742198
6.753748
6.765788
6.776861
6.788
6.798589
6.808714
6.819783
6.830954
6.842176
6.853295
6.864889
6.875886
6.88676
6.898188
6.909918
6.921507
6.932828
6.944778
6.955973
6.967328
6.979534
6.990592
7.002407
7.013708
7.025495
7.03668
7.048243
7.059425
7.070559
7.082181
7.093036
7.103867
7.115419
7.126357
7.137417
7.149373
7.159813
7.171184
7.182604
7.193076
7.204641
7.221443
7.232441
7.243112
7.25476
7.266684
7.278242
7.289105
7.300234
7.311558
7.322458
7.333842
7.346299
7.357226
7.368637
7.380065
7.391214
7.401364
7.412095
7.424768
7.435581
7.445965
7.456504
7.467481
7.478919
7.490205
7.501979
7.513261
7.523365
7.53457
7.545929
7.567288
7.579501
7.590488
7.601746
7.613394
7.624201
7.63518
7.646762
7.657968
7.669292
7.680061
7.691039
7.702572
7.714069
7.725062
TARGET DESTROYED 
7.737162
7.753151
7.763877
7.774982
7.786343
7.798345
7.81499
7.82598
7.836856
7.847876
7.858722
7.869844
7.881127
7.89227
7.903718
7.915234
7.926982
7.938385
7.949496
7.960907
7.972796
7.983314
7.994724
8.005964
8.018083
8.029431
8.040969
8.052492
8.064157
8.080589
8.090645
8.101252
8.113502
8.125338
8.136222
8.146611
8.15661
8.1682
8.17942
8.203416
8.214834
8.22789
8.238634
8.249895
8.26163
8.272919
8.284125
8.294804
8.305372
8.317513
8.328175
8.33882
8.351429
8.362159
8.372904
8.383505
8.395161
8.406355
8.417824
8.430048
8.441165
8.452527
8.463872
8.475276
8.487314
8.498887
8.509616
8.520961
8.533278
8.54401
8.554916
8.565969
8.576549
8.587372
8.597718
8.607207
8.618008
8.629452
8.640941
8.651635
8.663011
8.674003
8.685607
8.697275
8.708766
8.720358
8.73208
8.742168
8.752577
8.763778
8.77447
8.785605
8.797226
8.808402
8.820439
8.832312
8.844136
8.855471
8.866832
8.877723
8.888921
8.900101
8.911584
8.922804
8.934674
8.945526
8.960982
8.971828
8.982634
8.993367
9.004999
9.016244
9.027368
9.037508
9.047928
9.059341
9.071094
9.082896
9.094628
9.105411
9.116582
9.128157
9.139534
9.156654
9.167624
9.178308
9.18869
9.200693
9.212832
9.224028
9.235464
9.2471
9.257253
9.267752
9.279587
9.291321
9.302269
9.312892
9.32369
9.335799
9.348648
9.360725
9.372038
9.383633
9.394104
9.405335
9.417312
9.427839
9.438669
9.450521
9.461463
9.47218
9.482918
9.494631
9.505884
9.517826
9.529661
TARGET DESTROYED 
9.539808
9.557374
9.568914
9.580526
9.59073
9.60153
9.612447
9.623393
9.634562
9.645988
9.656915
9.66853
9.685863
9.698407
9.708676
9.719412
9.731645
9.74241
9.753586
9.76615
9.777393
9.789023
9.799317
9.809277
9.819938
9.834795
9.847006
9.858481
9.870383
9.881557
9.891452
9.902721
9.914229
9.925434
9.937298
9.947399
9.958567
9.969516
9.981087
9.992094
10.00325
10.01437
10.02578
10.03686
10.04777
10.05927
10.0702
10.08149
10.09248
10.10374
10.11482
10.12607
10.13729
10.14865
10.15972
10.17079
10.18191
10.19295
10.20444
10.21535
10.22655
10.23769
10.24883
10.25995
10.27121
10.28241
10.29429
10.30488
10.3163
10.32826
10.33935
10.35067
10.36256
10.37395
10.38513
10.39704
10.40824
10.4197
10.43145
10.44281
10.45493
10.46752
10.4791
10.49058
10.50199
10.51315
10.52363
10.53533
10.54711
10.55817
10.56886
10.57968
10.59042
10.6019
10.61388
10.62425
10.63448
10.64513
10.6555
10.66562
10.67646
10.68785
10.7
10.71385
10.72674
10.73949
10.7561
10.76793
10.77897
10.79019
10.80179
10.8126
10.82327
10.83473
10.8459
10.85732
10.86802
10.87807
10.89022
10.9024
10.91292
10.92409
10.93586
10.9467
10.95699
10.96741
10.97841
10.98966
11.00161
11.01326
11.0244
11.0375
11.05043
11.06058
11.07238
11.08432
11.09809
11.11131
11.12215
11.13326
11.14401
11.15384
11.16611
11.17833
11.18874
11.19962
11.21156
11.22338
11.23613
11.2465
11.25778
11.26974
11.28143
11.29266
11.30368
11.31443
11.3248
11.3367
11.34902
11.3618
11.37691
11.38873
11.40021
11.41135
11.4232
11.43543
11.44648
11.45601
11.46687
11.47774
11.48892
11.50018
11.51177
11.523
11.53487
11.5459
11.55614
11.56721
11.57859
11.58943
11.60106
11.61306
11.62333
11.634
11.64533
11.65652
11.66745
11.67891
11.69498
11.70656
11.71759
11.73
11.74151
11.75224
11.76349
11.77529
11.78674
11.79886
11.81078
11.82335
11.83506
11.84673
11.85814
11.86844
11.87983
TARGET DESTROYED 
11.89102
11.91662
11.92773
11.93976
11.95009
11.96094
11.97248
11.98296
11.99292
12.00462
12.01717
12.03796
12.04999
12.05951
12.07
12.08079
12.09184
12.10383
12.11556
12.12768
12.13973
12.15263
12.16343
12.17496
12.18628
12.1962
12.2059
12.2169
12.22806
12.23986
12.25076
12.26232
12.27402
12.28636
12.29838
12.31044
12.32239
12.33364
12.34563
12.35633
12.36809
12.37861
12.3891
12.40075
12.41218
12.42299
12.4351
12.44632
12.45676
12.46793
12.48069
12.49465
12.50686
12.52125
12.53456
12.55188
12.56441
12.57674
12.58729
12.59961
12.61154
12.62232
12.63302
12.64428
12.65579
12.66684
12.67852
12.69048
12.70323
12.71367
12.72423
12.73539
12.74644
12.75739
12.76879
12.77946
12.78982
12.80068
12.81152
12.82193
12.83267
12.84316
12.85452
12.8671
12.8799
12.89119
12.90174
12.91443
12.925
12.9355
12.94693
12.95744
12.96815
12.97883
12.98992
13.00021
13.01145
13.02276
13.03406
13.04573
13.05826
13.06934
13.07988
13.09167
13.10323
13.11499
13.12857
13.14207
13.15301
13.16512
13.1777
13.18971
13.20224
13.21422
13.22541
13.23682
13.24796
13.25797
13.26823
13.28182
13.29224
13.30335
13.31397
13.32507
13.33509
13.34647
13.35835
13.37165
13.38639
