0.02
0.04
0.14
0.1769034
0.1895501
0.2012638
0.2139253
0.2271516
0.2396237
0.2522178
0.2629104
0.2742675
0.2856858
0.2983363
0.3099948
0.326254
0.3376165
0.3488311
0.3606203
0.3719831
0.3828637
0.3938133
0.4048861
0.4156445
0.4265835
0.4376897
0.4492206
0.4608798
0.4720543
0.4827752
0.4948682
0.5062736
0.5171896
0.5292485
0.5410928
0.5524319
0.5636907
0.5752614
0.5865437
0.5974125
0.6094531
0.6207332
0.6318923
0.6431618
0.6543186
0.6650783
0.6761521
0.6874582
0.6988999
0.7104548
0.7216716
0.7396869
0.7509974
0.7620645
0.7784821
0.7900236
0.8022407
0.8131124
0.8241531
0.8356715
0.8464475
0.8577805
0.8692937
0.8801782
0.8913745
0.9031864
0.9143776
0.9254036
0.9367064
0.947784
0.9585838
0.9707595
0.9823449
0.9935117
1.004807
1.016371
1.028367
1.03927
1.049893
1.061116
1.072855
1.084526
1.095772
1.107577
1.118982
1.13029
1.141711
1.153043
1.164156
1.175265
1.186584
1.197898
1.214658
1.226685
1.237544
1.248744
1.259934
1.270979
1.282028
1.293548
1.304558
1.31577
1.326764
1.338294
1.349294
1.360397
1.371497
1.382879
1.394271
1.405438
1.416365
1.427863
1.439269
1.450149
1.461248
1.472391
1.483721
1.495361
1.506497
1.51842
1.529233
1.541183
1.552304
1.563363
1.575034
1.586901
1.597766
1.609056
1.620659
1.631972
1.642915
1.658805
1.670229
1.68105
1.692232
1.704816
1.715805
1.727213
1.73857
1.749781
1.761065
1.772779
1.785212
1.796396
1.808053
1.819116
1.830146
1.841473
1.853456
1.864493
1.875834
1.88727
1.898556
1.909589
1.921052
1.931947
1.943195
1.954579
1.965712
1.977089
1.988367
2.000021
2.011204
2.022668
2.033995
2.045095
2.05647
2.068273
2.080127
2.09655
2.108783
2.120764
2.131873
2.142818
2.153974
2.165113
2.176116
2.187095
2.198136
2.209735
2.221409
2.232234
2.243895
2.255037
2.266197
2.277794
2.289011
2.300239
2.311347
2.322837
2.333816
2.345161
2.356487
2.367561
2.378716
2.389921
2.401438
2.412764
2.424226
2.435806
2.446835
2.457956
TARGET DESTROYED 
2.477577
2.497508
2.509739
2.522727
2.539959
2.551201
2.562365
2.573922
2.586109
2.598147
2.610018
2.62208
2.634024
2.645115
2.656635
2.667941
2.679358
2.690796
2.702439
2.714944
2.726853
2.738817
2.750337
2.761955
2.77305
2.784763
2.795558
2.807001
2.818568
2.830123
2.841672
2.853557
2.864445
2.875762
2.887168
2.898408
2.909523
2.921566
2.932558
2.944299
2.955743
2.967146
2.983226
2.994806
3.006404
3.017687
3.028513
3.040003
3.051499
3.062648
3.074384
TARGET DESTROYED 
3.090331
3.102848
3.12082
3.133441
3.144928
3.156269
3.167702
3.179397
3.190938
3.202218
3.213148
3.224314
3.235565
3.247299
3.25955
3.27062
3.281579
3.292873
3.304085
3.315149
3.327234
3.339336
3.350381
3.361655
3.372766
3.384335
3.395274
3.406792
3.41805
3.434558
3.446144
3.457709
3.469369
3.480777
3.492395
3.503895
3.51632
3.5278
3.539128
3.550642
3.562021
3.573703
3.584725
3.595912
3.607169
3.618294
3.629295
3.640295
3.651474
3.66335
3.67488
3.686389
3.698085
3.710618
3.722732
3.734596
3.746279
3.758029
3.770156
3.781565
3.793206
3.805266
3.818057
3.829808
3.841933
3.853537
3.865894
3.882666
3.894662
3.907085
3.919472
3.931138
3.943213
3.955478
3.968172
3.980135
3.992583
4.00458
4.016232
4.027913
4.039998
4.05284
4.064806
TARGET DESTROYED 
4.082682
4.094478
4.10654
4.119103
4.131385
4.143366
4.155277
4.167165
4.179147
4.190964
4.203105
4.222153
4.235233
4.246867
4.258786
4.271166
4.28397
4.296438
4.308831
4.320917
4.332603
4.345205
4.363279
4.375732
4.388002
4.400115
4.41231
4.424511
4.436622
4.448618
4.460872
4.473112
4.485591
4.498958
4.511301
4.52367
4.535744
4.54805
4.560097
4.572542
4.584479
4.596826
4.608905
4.621027
4.636421
4.648142
4.659705
4.670929
4.683396
4.695527
4.707368
4.719978
4.731908
4.744394
4.756293
4.768695
4.780297
4.792566
4.805185
4.817195
4.835033
4.846795
4.858558
4.870421
4.882215
4.894628
4.907482
4.919875
4.932179
4.94419
4.956486
4.969626
4.982026
4.994219
5.006407
5.017997
5.029017
5.041791
5.053289
5.064343
5.076883
5.08853
5.100248
5.111604
5.123202
5.1359
5.147838
5.159406
5.170658
5.181612
5.193345
5.205557
5.217556
5.229609
5.241564
5.253682
5.265099
5.277788
5.289382
TARGET DESTROYED 
5.311411
5.330797
5.343579
5.355878
5.367922
5.379674
5.391781
5.40383
5.415266
5.427406
5.439532
5.451182
5.463334
5.475398
5.487361
5.499289
5.511409
5.524053
5.535807
5.547691
5.559562
5.571346
5.582716
5.594285
5.606272
5.618648
5.630311
5.642173
5.654473
5.666105
5.677824
5.689838
5.702522
5.713989
5.726946
5.739135
5.751328
5.762859
5.779648
5.791417
5.803401
5.814924
5.828044
5.841218
5.854912
5.868367
5.88155
5.894718
5.907839
5.921397
5.935553
5.948614
5.962131
5.975555
5.990131
6.003637
6.016852
6.030463
6.044545
6.057757
6.071383
6.08561
6.098578
6.111729
6.124841
6.140002
6.153144
6.165919
6.179743
6.193419
6.20726
6.220989
6.234674
6.248532
6.263318
6.276475
6.290529
6.307997
6.321827
6.33578
6.349994
6.362933
6.376232
6.389722
6.403787
6.41716
6.431475
6.444771
6.457902
6.471836
6.485748
6.498856
6.512623
6.526605
6.539957
6.554945
6.569259
TARGET DESTROYED 
6.588781
6.602559
6.615762
6.629219
6.642404
6.655614
6.668966
6.68216
6.695254
6.709214
6.7316
6.74585
6.75956
6.773521
6.78683
6.800106
6.813733
6.833012
6.846367
6.860055
6.873306
6.886383
6.899747
6.913271
6.924456
6.935867
6.947239
6.959143
6.972159
6.983607
6.995122
7.0067
7.01865
7.029939
7.041607
7.053463
7.06475
7.076293
7.088139
7.099271
7.110866
7.122375
7.134098
7.147514
7.159575
7.171592
7.182754
7.195314
7.207718
7.2203
7.232445
7.24468
7.257276
7.269506
7.281151
7.293099
7.309916
7.322866
7.335745
7.347373
7.359529
7.372346
7.384684
7.397618
7.410162
7.422535
7.434946
7.447473
7.459906
7.472617
7.485362
7.497348
7.51029
7.523461
7.535774
7.547826
7.561067
7.573576
7.586125
7.598197
7.610413
7.622871
7.636281
7.649203
7.661308
7.67364
7.686175
7.697886
7.710546
7.722953
7.73623
7.748589
7.76105
7.774263
7.787568
7.804587
7.816859
7.828936
7.841377
7.854005
7.865776
7.87789
TARGET DESTROYED 
7.900465
7.912731
7.925014
7.937712
7.955801
7.969821
7.982023
7.994657
8.006994
8.018777
8.030416
8.042425
8.054424
8.066214
8.0789
8.091243
8.103399
8.115237
8.127247
8.139348
8.152092
8.164728
8.176856
8.189063
8.201862
8.21386
8.22608
8.238623
8.251513
8.263523
8.275912
8.294111
8.306186
8.318997
8.330926
8.342952
8.355818
8.36804
8.380584
8.392606
8.405826
8.418299
8.430333
8.442568
8.455026
8.467561
8.479603
8.491775
8.504707
8.516792
8.528734
8.541299
8.553572
8.566463
8.578473
8.59059
8.603
8.615232
8.627425
8.640616
8.654501
8.667568
8.680965
8.694655
8.708004
8.721884
8.735619
8.748608
8.761994
8.776052
8.78931
8.807367
8.821483
8.835137
8.848162
8.861537
8.874937
8.888214
8.902124
8.915599
8.929243
8.942803
8.955442
8.968247
8.980605
8.993421
9.005881
9.018435
9.031495
9.044559
9.056843
9.069759
9.082349
9.094675
9.107017
9.119479
9.131537
9.144248
9.156908
9.169128
9.181119
9.193446
9.205538
9.217777
9.230709
9.243784
9.257084
9.270529
9.282987
9.295335
9.308492
9.32116
9.339032
9.351668
9.364318
9.376922
9.390576
9.402838
9.416239
9.428587
9.44152
9.454471
9.46704
9.479199
9.491669
9.504115
9.516216
9.528946
9.541692
9.554852
9.56811
9.590041
9.602551
9.615315
9.627172
9.639248
9.650807
9.66339
9.67554
9.687318
9.699286
9.711697
9.723491
9.736204
9.74752
9.759118
9.771318
TARGET DESTROYED 
9.797329
9.809676
9.822779
9.849262
9.862342
9.875566
9.888401
9.900558
9.913204
9.926094
9.938873
9.951346
9.966742
9.979907
9.992626
10.0058
10.0186
10.03113
10.04394
10.05701
10.07038
10.08443
10.09698
10.11026
10.12336
10.13685
10.15014
10.16297
10.17576
10.18882
10.20121
10.2152
10.228
10.24083
10.25248
10.26398
10.27525
10.28736
10.29861
10.31003
10.3213
10.33852
10.34936
10.36096
10.37265
10.38519
10.39712
10.40836
10.41933
10.43151
10.44326
10.45536
10.46751
10.47995
10.49186
10.50404
10.51518
10.52702
10.54003
10.55315
10.56535
10.57906
10.59157
10.60528
10.61778
10.6309
10.64303
10.6558
10.66845
10.68116
10.69369
10.70644
10.71937
10.7324
10.74539
10.75929
10.7731
10.78578
10.79802
10.81076
10.82346
10.84086
10.85372
10.86633
10.87878
10.89109
10.90403
10.9164
10.92935
10.9421
10.95515
10.96875
10.98105
10.99338
11.00711
11.01974
11.03223
11.04595
11.05831
11.07168
11.08443
11.09698
11.11014
11.12285
11.13459
11.1476
11.16008
11.1728
11.18554
11.19839
11.21185
11.22444
11.23727
11.24952
11.26188
11.27497
11.2878
11.30027
11.31301
11.32552
11.33846
11.35625
11.36908
11.38181
11.39429
11.4073
11.42018
11.43237
11.44488
11.46059
11.47371
11.48621
11.49872
11.51191
11.52546
11.54127
