0.02
0.04
0.14
0.1820096
0.1937189
0.20429
0.2190777
0.2308248
0.2407437
0.2507501
0.2603029
0.2701987
0.2818913
0.2923238
0.3022914
0.3130909
0.3232968
0.334709
0.3468029
0.3569801
0.3679345
0.3794827
0.3903996
0.4014612
0.4131708
0.4238105
0.4348647
0.4470096
0.4583743
0.4684523
0.4804243
0.491279
0.5019267
0.5132498
0.5242115
0.5355631
0.5470061
0.5577202
0.5690696
0.5803127
0.5912421
0.6027105
0.6175566
0.627188
0.6377739
0.6478422
0.6599246
0.6705017
0.6806561
0.6916891
0.7029688
0.7145603
0.7250377
0.7363976
0.7476424
0.7587733
0.7697803
0.7810167
0.7922149
0.8032592
0.8146486
0.8259858
0.836912
0.8481381
0.8593078
0.8704733
0.8815403
0.8956482
0.9065837
0.9178672
0.929044
0.9398945
0.9509987
0.9626179
0.9732528
0.9845566
0.9967416
1.007722
1.018559
1.030554
1.041174
1.052653
1.064366
1.075466
1.086636
1.098193
1.109177
1.1208
1.132057
1.14309
1.154577
1.165707
1.176925
1.188478
TARGET DESTROYED 
1.206031
1.217338
1.228555
1.247848
1.258971
1.268672
1.278674
1.288559
1.298602
1.308104
1.318285
1.328547
1.339303
1.350616
1.362105
1.373384
1.384272
1.395964
1.406492
1.417587
1.429058
1.440072
1.45122
1.46248
1.473586
1.484629
1.496238
1.50713
1.518264
1.529626
1.540629
1.551923
1.562926
1.574154
1.585169
1.596793
1.607546
1.618736
1.630061
1.641509
1.652049
1.664104
1.674568
1.685777
1.697542
1.708882
1.71979
1.731746
1.743303
1.759469
1.770218
1.780396
1.79071
1.801172
1.810725
1.821406
1.832464
1.843681
1.855201
1.866085
1.877285
1.888322
1.899439
1.910584
1.921847
1.933447
1.944145
1.955428
1.966824
1.977897
1.989096
2.000004
2.011554
2.022722
2.033515
2.045424
2.056261
2.067177
2.078435
2.089407
2.1006
2.112136
2.133039
2.143653
2.154922
2.166319
2.177358
2.188417
2.199706
2.210953
2.222272
2.233405
2.244178
2.255378
2.266671
2.277789
2.289266
2.300046
2.311661
2.323283
2.333643
2.345754
2.356058
2.367143
2.378732
2.389397
2.400692
2.411967
2.423049
2.434031
TARGET DESTROYED 
2.448613
2.458414
2.468663
2.479576
2.496991
2.508709
2.519076
2.528948
2.538788
2.549257
2.559307
2.569657
2.579963
2.59048
2.602112
2.613327
2.623885
2.6353
2.646708
2.657501
2.669637
2.680098
2.691018
2.70213
2.713523
2.725621
2.735886
2.747086
2.758003
2.769183
2.7804
2.791885
2.802729
2.814015
2.825186
2.83612
2.847568
2.858504
2.869834
2.881028
2.892091
2.903163
2.918787
2.928968
2.938825
2.949357
2.960358
2.971877
2.983215
2.994792
3.006203
3.017567
3.028983
3.039899
3.051193
3.062444
3.073262
3.08436
3.09637
3.107287
3.118291
3.130156
3.14012
3.15154
3.165516
3.17565
3.185825
3.196364
3.207315
3.218534
3.229884
3.240931
3.252193
3.263624
3.274276
3.285932
3.297244
3.308329
3.319721
3.331388
3.342167
3.353431
3.365347
3.37603
3.387222
3.398425
3.409713
3.421729
3.431791
3.442978
3.454077
3.465415
3.476814
3.488086
3.499043
3.510014
3.521255
3.533191
3.543582
3.555022
3.566714
TARGET DESTROYED 
3.581964
3.599278
3.610598
3.621307
3.631595
3.641398
3.652485
3.662842
3.673737
3.685603
3.696473
3.707717
3.718548
3.729872
3.741242
3.752142
3.763574
3.774426
3.785581
3.797395
3.807811
3.819191
3.830576
3.841452
3.852818
3.863947
3.874851
3.886204
3.898105
3.908484
3.919657
3.930846
3.942157
3.953141
3.964417
3.975453
3.987763
3.998194
4.00907
4.020232
4.031345
4.042408
4.053773
4.064723
4.080209
4.090256
4.100502
4.110825
4.122289
4.133796
4.145658
4.157138
4.168218
4.17978
4.190827
4.20181
4.214135
4.224409
4.235213
4.246681
4.257654
4.268842
4.280154
4.291208
4.302581
4.31378
4.324722
4.335694
4.347761
4.358354
4.369605
4.3808
4.391568
4.402842
4.414263
4.425492
4.436697
4.447705
4.459134
4.47073
4.481645
4.49283
4.504468
4.515572
4.527206
4.538375
4.549629
4.561061
4.572265
4.583606
4.595005
4.606447
4.617145
4.628469
4.639519
4.650921
4.662451
4.672915
4.684404
4.695566
4.706639
4.717636
4.729005
4.739801
4.751369
4.762401
4.773549
4.784589
4.796053
4.807165
4.818071
4.829537
4.840682
TARGET DESTROYED 
4.855463
4.867069
4.876981
4.887346
4.897795
4.907249
4.917458
4.928171
4.938126
4.948659
4.959788
4.970893
4.982398
4.993604
5.010443
5.022254
5.032553
5.042128
5.052227
5.062569
5.072427
5.08254
5.092745
5.103547
5.1148
5.126267
5.137307
5.14862
5.159638
5.170609
5.181774
5.193673
5.204497
5.215802
5.226313
5.237572
5.254313
5.265466
5.27591
5.286791
5.298127
5.308923
5.320255
5.330974
5.341587
5.352609
5.364395
5.375595
5.386784
5.397896
5.408828
5.419242
5.430317
5.441274
5.452091
5.463399
5.473959
5.48449
5.495965
5.506858
5.517995
5.529456
5.540237
5.551694
5.56324
5.574409
5.585347
5.596577
5.607432
5.618886
5.630351
5.641338
5.652611
5.664346
5.675773
5.686893
5.699085
5.709513
5.720926
5.731929
5.743014
5.7547
5.765462
5.777563
5.788356
5.799489
5.810908
5.822224
5.833701
5.84528
5.856195
5.867899
5.879441
5.897295
5.90787
5.919068
5.930537
5.941453
5.952405
5.964046
5.974941
5.986152
5.997446
6.008356
6.01991
6.0309
6.042065
6.053325
6.065087
6.075615
6.086652
6.098022
6.108841
6.120163
6.132181
6.143308
6.153892
6.164939
6.176064
6.187222
6.198132
6.209514
6.220566
6.232293
6.243403
6.255157
6.265993
6.276458
6.287929
6.299378
6.310651
6.322319
6.333862
6.34528
6.356393
6.368062
6.379544
6.390962
6.40259
6.413669
6.425049
6.436397
6.447801
6.458872
6.475368
6.486273
6.49749
6.508897
6.519897
6.530697
6.542212
6.554699
6.567118
6.578444
6.589425
6.600379
6.61174
6.622694
6.63398
6.645418
6.656129
6.668294
6.679966
6.690819
6.702052
6.714786
6.725416
6.736528
6.747513
6.758451
6.769289
6.780496
6.791346
6.80292
6.8139
6.824326
6.835428
6.846542
6.857291
6.868757
6.880163
6.891078
6.902329
6.913291
6.924228
6.935687
6.947027
6.957901
6.968985
6.980406
6.991305
7.002529
7.014124
7.025422
7.036384
7.048044
7.059367
7.071385
7.082825
7.093921
TARGET DESTROYED 
7.110405
7.121811
7.13339
7.144627
7.155893
7.167118
7.178737
7.196549
7.208932
7.220897
7.23189
7.243372
7.254506
7.265592
7.276248
7.287424
7.298635
7.309896
7.32145
7.333124
7.343565
7.354681
7.365912
7.376914
7.387986
7.39934
7.410006
7.421
7.432141
7.442957
7.454495
7.465917
7.477153
7.488854
7.499899
7.510494
7.521504
7.533298
7.544446
7.555429
7.566522
7.577644
7.588954
7.600545
7.61153
7.622829
7.634361
7.646416
7.657607
7.674048
7.685306
7.696479
7.707451
7.719696
7.730883
7.7417
7.753117
7.764138
7.774932
7.786215
7.797703
7.808681
7.819545
7.830832
7.842089
7.853006
7.864707
7.876086
7.887321
7.89902
7.910553
7.921686
7.932978
7.944224
7.955845
7.967364
7.978733
7.990245
8.001849
8.013505
8.024624
8.035805
8.04763
8.058854
8.070181
8.08169
8.093042
8.104727
8.117393
8.128926
8.140247
8.152881
8.164279
8.175671
8.186804
8.19813
8.20962
8.221334
8.232905
8.244015
8.256434
8.268169
8.279831
8.291773
8.303449
8.315491
8.327065
8.338348
8.349616
8.361147
8.3726
8.384428
8.396142
8.407243
8.419194
8.431324
8.443426
8.454656
TARGET DESTROYED 
8.47244
8.484267
8.495679
8.507959
8.520642
8.533101
8.54399
8.555607
8.56702
8.578561
8.596853
8.609455
8.622106
8.633558
8.644395
8.655734
8.668212
8.679768
8.691395
8.70366
8.715164
8.726912
8.738533
8.75059
8.761913
8.773637
8.785263
8.796778
8.807848
8.819562
8.830805
8.842202
8.854307
8.866094
8.877036
8.888685
8.900274
8.912961
8.924261
8.935685
8.946765
8.964162
8.975175
8.98679
8.998385
9.009504
9.020506
9.032019
9.043432
9.055266
9.067247
9.078519
9.089936
9.102354
9.113807
9.124685
9.135796
9.148031
9.158656
9.169811
9.181294
9.192217
9.203718
9.21556
9.226718
9.237887
9.249145
9.260976
9.271852
9.283026
9.294927
9.306454
9.318194
9.329617
9.340953
9.352414
9.363585
9.374329
9.385112
9.396386
9.407201
9.41839
9.429798
9.440802
9.451595
9.462317
9.473034
9.484171
9.496549
9.507855
9.519387
9.531044
9.541627
9.553029
9.564332
9.575693
9.587543
9.600865
9.612835
9.625003
9.638158
9.651546
9.66513
9.677401
9.689319
9.701619
9.714091
9.726173
9.738542
9.75064
9.762221
9.773425
9.784561
9.796064
9.807328
9.81912
9.831223
9.842609
9.854677
9.866806
9.878366
9.8901
9.901926
9.916298
9.929076
9.941449
9.953279
9.965679
9.978414
9.990424
10.00226
10.01474
10.02663
10.03921
10.05212
10.06636
10.07867
10.09053
10.10262
10.11481
10.127
10.13912
10.15293
10.16643
10.17807
10.19001
10.20191
10.21447
10.22816
10.24056
10.25321
10.26667
10.2773
10.28833
10.30005
10.31212
10.3238
10.33572
10.34818
10.3648
10.3768
10.38822
10.39971
10.41079
10.42262
10.43558
10.44785
10.46049
10.47234
10.48408
10.49625
10.508
10.51941
10.53234
10.5438
10.55521
10.56711
10.57839
10.59015
10.60077
10.61437
10.62553
10.63564
10.64575
10.65536
10.66616
10.67768
10.68858
