0.02
0.04
0.14
0.1789421
0.1918724
0.2035624
0.2145056
0.2264414
0.2366647
0.2480499
0.2588908
0.2705134
0.2813357
0.2949636
0.3040754
0.3149226
0.326315
0.3372851
0.3485225
0.3596136
0.3716295
0.382182
0.3936026
0.4042342
0.4156801
0.4273198
0.4381696
0.4492539
0.4602321
0.4713328
0.4827466
0.4940504
0.504923
0.5160058
0.5275043
0.5412686
0.5503929
0.5611609
0.5738153
0.5846699
0.5943168
0.6055105
0.6165397
0.6277745
0.6388323
0.650076
0.6613311
0.672324
0.6838132
0.6948324
0.7072998
0.7178724
0.7284153
0.7397701
0.7504867
0.762229
0.7729906
0.7841192
0.7957015
0.8069296
0.819172
0.828986
0.8400588
0.851166
0.8628614
0.8734899
0.8857114
0.9000051
0.9115803
0.9228497
0.9335856
0.9451752
0.9563988
0.9675974
0.9791206
0.9898963
1.00163
1.012415
1.023609
1.034688
1.046037
1.057037
1.068201
1.080011
1.090519
1.101773
1.113315
1.12421
1.13689
1.146561
1.157714
1.168833
1.180187
1.191295
1.202459
1.213817
1.224797
1.236171
1.247118
1.258189
1.269464
1.280418
1.291706
1.302864
1.314077
1.325119
1.336255
1.347453
1.358622
1.369776
1.381589
1.392428
1.403208
1.414507
1.425721
1.437166
1.448259
1.459174
1.470235
1.481474
1.492809
1.503809
1.514989
1.526299
1.537274
1.54877
1.559779
1.570811
1.584519
1.593931
1.603557
1.614752
1.626104
1.637113
1.649622
1.659537
1.670561
1.682123
1.697534
1.707237
1.716964
1.731557
1.741436
1.750903
1.760314
1.770564
1.7803
1.78963
1.800601
1.811878
1.822796
1.834026
1.845536
1.856515
1.867858
1.878961
1.889769
1.901003
1.912562
1.92346
1.934533
1.945854
1.956819
1.968126
1.979536
1.990564
2.001492
2.01281
2.024163
2.04098
2.053298
2.062644
2.072002
2.082985
2.092305
2.102128
2.113321
2.124363
2.135672
2.148327
2.15964
2.170269
2.180848
2.192474
2.204911
2.215451
2.224827
2.236323
2.247441
2.258746
2.269607
2.280899
2.292053
2.303246
2.314355
2.325457
2.337328
2.347977
2.35888
2.370171
2.381311
2.392682
2.403591
2.414929
2.426177
2.437815
2.449001
2.460938
2.471788
2.483182
2.495319
2.506139
2.517545
2.529099
2.54055
2.551739
2.563384
2.574649
2.586099
2.597423
2.609026
2.620198
2.631554
2.643071
2.654639
2.665515
2.677036
2.688047
2.69891
2.710419
2.721373
2.732819
2.744307
2.755281
2.765903
2.777738
2.793498
2.803666
2.815618
2.830741
2.84138
2.852228
2.862582
2.872987
2.884264
2.895348
2.906215
2.917634
2.929322
2.941103
2.951782
2.963058
2.973769
2.984819
2.996726
3.006958
3.018114
3.029338
3.040552
3.051414
3.062891
3.073912
3.085226
3.09629
3.107371
3.11846
3.130057
3.141037
3.152084
3.163455
3.174405
3.185454
3.196819
3.207906
3.219462
3.230294
3.241633
3.252495
3.263834
3.275573
3.286248
3.297269
3.308357
3.319591
3.331785
3.342687
3.353972
3.365579
3.377514
3.388719
3.400173
3.412105
3.423409
3.43486
3.446949
3.457568
3.469642
3.481032
3.492337
3.503295
3.51431
3.525628
3.536812
3.548051
3.559205
3.570341
3.581625
3.592564
3.604097
3.615329
3.626087
3.637278
3.648913
3.6597
3.670878
3.682527
3.693414
3.704325
3.715431
3.726798
3.737729
3.74885
3.760624
3.771509
3.782536
3.793804
3.804816
3.816078
3.827786
3.838466
3.849617
3.860946
3.871953
3.88308
3.894665
3.905369
3.916828
3.928011
3.943036
3.953566
3.96446
3.974529
3.984179
3.994098
4.004454
4.01452
4.024774
4.035739
4.047302
4.058078
4.069583
4.080572
4.091647
4.103726
4.114088
4.1253
4.13625
4.147497
4.15876
4.169851
4.181266
4.19219
4.203448
4.21456
4.225912
4.236944
4.247946
4.259435
4.270818
4.281988
4.292713
4.30429
4.3161
4.327061
4.338364
4.349573
4.360837
4.371942
4.38383
4.394983
4.406066
4.417338
4.428854
4.440105
4.451519
4.463737
4.47413
4.485461
4.497256
4.508172
4.519648
4.532145
4.543128
4.553859
4.564668
4.575618
4.587617
4.598811
4.609097
4.620326
4.631463
4.642529
4.653813
4.664974
4.676101
4.687173
4.698503
4.709785
4.720896
4.732063
4.743252
4.754385
4.765784
4.777068
4.787956
4.799045
4.810461
4.82139
4.833394
4.844292
4.855532
4.866411
4.877514
4.888647
4.899579
4.910995
4.921958
4.933164
4.945013
4.955805
4.967032
4.978552
4.98894
4.999938
5.01193
5.022621
5.038119
5.048994
5.059367
5.071275
5.082215
5.092998
5.104248
5.115427
5.126677
5.137792
5.14895
5.159679
5.170505
5.181549
5.192167
5.202694
5.214284
5.224708
5.235985
5.247605
5.258037
5.269135
5.280221
5.290953
5.302182
5.313311
5.323946
5.335251
5.346162
5.356019
5.36634
5.376846
5.387146
5.39746
5.408323
5.419569
5.431267
5.442132
5.45327
5.464338
5.47568
5.486594
5.497808
5.50886
5.52008
5.531349
5.542488
5.554309
5.564729
5.57625
5.588162
5.598382
5.609929
5.621345
5.63283
5.644269
5.65542
5.666578
5.678302
5.689325
5.700654
5.71259
5.723327
5.734766
5.746193
5.757499
5.769289
5.780187
5.791765
5.802912
5.814215
5.825574
5.83732
5.848292
5.860024
5.870907
5.882437
5.893894
5.90468
5.915859
5.927376
5.938599
5.950232
5.961143
5.972031
5.983025
5.994698
6.005424
6.016486
6.027819
6.038786
6.049956
6.06173
6.072328
6.083588
6.094941
6.106666
6.116907
6.128746
6.139417
6.154096
6.164347
6.173935
6.183964
6.193682
6.204801
6.215763
6.227265
6.238226
6.249441
6.261228
6.27233
6.2829
6.294245
6.305157
6.316349
6.327862
6.338864
6.350036
6.361614
6.372268
6.383389
6.394704
6.405743
6.417061
6.428293
6.439209
6.450508
6.461894
6.47264
6.483978
6.495659
6.506411
6.517456
6.528999
6.540259
6.551476
6.56289
6.574683
6.585793
6.596609
6.607891
6.619278
6.630709
6.642014
6.653167
6.664424
6.675529
6.686709
6.697896
6.709126
6.720217
6.731708
6.742667
6.753657
6.764946
6.775977
6.787519
6.798548
6.809497
6.821076
6.831987
6.843807
6.854916
6.865789
6.877301
6.889389
6.900074
6.910667
6.921408
6.932705
6.943802
6.955058
6.966634
6.977249
6.988261
6.999432
7.011373
7.0221
7.032971
7.044628
7.055324
7.066942
7.078107
7.08879
7.099976
7.111394
7.12278
7.133477
7.145164
7.155751
7.167403
7.178508
7.189477
7.200607
7.212255
7.224549
7.235625
7.25177
7.262777
7.273971
7.284956
7.296388
7.307619
7.318731
7.330035
7.340861
7.352482
7.363495
7.374501
7.385511
7.396974
7.408058
7.419118
7.431478
7.44232
7.453201
7.463846
7.475079
7.487363
7.498497
7.514069
7.524771
7.535675
7.546498
7.557527
7.568281
7.579458
7.590483
7.60181
7.612921
7.623787
7.634624
7.645846
7.656516
7.66735
7.677942
7.688721
7.699786
7.711151
7.721942
7.733078
7.744594
7.755335
7.76649
7.778193
7.788962
7.800083
7.812058
7.823127
7.833901
7.845026
7.856542
7.867341
7.878623
7.889859
7.901201
7.912887
7.923794
7.935405
7.946914
7.958018
7.970442
7.981753
7.99214
8.003732
8.014846
8.025812
8.037096
8.04842
8.059695
8.070932
8.08286
8.094043
8.104855
8.116163
8.128197
8.139447
8.150577
8.161455
8.172391
8.18393
8.194706
8.205676
8.21688
8.228395
8.239348
8.250634
8.262018
8.273664
8.28452
8.296159
8.306848
8.31745
8.328712
8.339848
8.351296
8.367738
8.379112
8.390105
8.401646
8.413191
8.42422
8.43536
8.44697
8.457923
8.468981
8.480095
8.491249
8.502699
8.513817
8.524742
8.535978
8.547201
8.558286
8.575956
8.588005
8.600121
8.611393
8.622592
8.633845
8.645231
8.656116
8.667175
8.67871
8.689877
8.701429
8.712824
8.723717
8.734999
8.746313
8.757279
8.768252
8.796861
8.808032
8.818834
8.829835
8.840552
8.851735
8.863538
8.875033
8.886501
8.898337
8.91004
8.921609
8.933187
8.944999
8.956262
8.968186
8.97937
8.99026
9.001753
9.013327
9.024317
9.03514
9.046794
9.058867
9.071511
9.083245
9.094778
9.105869
9.117651
9.129282
9.140354
9.152063
9.163548
9.174951
9.186962
9.199064
9.211553
9.223351
9.235274
9.247076
9.258518
9.271004
9.283026
9.295683
9.30746
9.31968
9.331762
9.342779
9.354308
9.366654
9.378768
9.390377
9.402691
9.415359
9.426835
9.439119
9.451419
9.463667
9.474958
9.486767
9.499253
9.511508
9.529301
9.54123
9.553473
9.565765
9.577106
9.589162
9.600855
9.612618
9.624155
9.635805
9.647746
9.658869
9.670999
9.683329
9.695222
9.706905
9.718476
9.730502
9.74262
9.754264
9.765535
9.777351
9.788589
9.8
9.811793
9.822927
9.834258
9.845632
9.856749
9.868997
9.881619
9.892688
9.904123
9.915604
9.92748
9.939015
9.950452
9.963033
9.974561
9.986354
9.999014
10.01082
10.02181
10.03326
10.04482
10.05564
10.06763
10.07904
10.09023
10.10141
10.11247
10.12364
10.13523
10.14697
10.15814
10.17014
10.18178
10.19339
10.20509
10.21679
10.22849
10.2404
10.25204
10.26388
10.27598
10.28752
10.29943
10.31104
10.32324
10.33476
10.34579
10.35671
10.36776
10.37918
10.39013
10.40134
10.41284
10.42372
10.43472
10.44618
10.45735
10.46894
10.47964
10.49057
10.50198
10.53597
10.54652
10.55764
10.56882
10.58012
10.59122
10.60244
10.61386
10.62485
10.63595
10.6471
10.65838
10.66934
10.6836
10.69328
10.70333
10.71397
10.72525
10.73629
10.74747
10.75871
10.7702
10.78098
10.79218
10.80337
10.81455
10.82586
10.83712
10.8482
10.85909
10.87054
10.88188
10.89296
10.90386
10.91515
10.92677
10.93759
10.94866
10.95984
10.9709
10.98225
10.99347
11.00448
11.01556
11.02718
11.03794
11.04905
11.06043
11.07158
11.08605
11.096
11.10577
11.11628
11.12756
11.13847
11.15028
11.16225
11.17405
11.18667
11.19784
11.20917
11.22024
11.23176
11.24302
11.25381
11.26497
11.2762
11.28736
11.29854
11.30972
11.32108
11.33213
11.34327
11.3543
11.36556
11.37675
11.38796
11.39945
11.41042
11.42145
11.43267
11.44408
11.455
11.46638
11.47792
11.4889
11.50006
11.51209
11.52288
11.53389
11.5458
11.55707
11.56806
11.57928
11.59017
11.60153
11.61297
11.62361
11.63488
11.64625
11.65739
11.66837
11.67967
11.69079
11.7022
11.71367
11.72413
11.73551
11.74662
11.75785
11.77278
11.78274
11.79246
11.80259
11.81323
11.82293
11.83399
11.84534
11.85616
11.86767
11.87885
11.89015
11.90129
11.91241
11.92333
11.93439
11.94609
11.95688
11.96824
11.97937
11.99036
12.00153
12.01274
12.02401
12.03537
12.04616
12.05727
12.06868
12.07965
12.09088
12.10213
12.1132
12.12433
12.13576
12.14718
12.15848
12.16977
12.18134
12.19229
12.20363
12.21484
12.22629
12.23744
12.24869
12.26038
12.27166
12.28274
12.29446
12.30518
12.31619
12.32789
12.33906
12.34971
12.36132
12.37221
12.38334
12.39463
12.40577
12.41672
12.4282
12.43932
12.45034
12.46193
12.4726
TARGET DESTROYED 
12.48389
12.50235
12.51395
12.52502
12.53502
12.54589
12.55734
12.56818
12.57958
12.59095
12.60173
12.61291
12.62412
12.63523
12.64645
12.6578
12.66873
12.68002
12.69103
12.70223
12.71343
12.72467
12.73579
12.74717
12.75805
12.7707
12.78058
12.79181
12.8028
12.81421
12.8255
12.83639
12.84753
12.86245
12.87192
12.88212
12.89222
12.90417
12.91458
12.92585
12.93737
12.9487
12.9604
12.972
12.98312
12.99516
13.0059
13.01754
13.02888
13.04036
13.05166
13.06298
13.07386
13.08539
13.09632
13.10746
13.11861
13.13028
13.14115
13.1523
13.16355
TARGET DESTROYED 
13.17442
13.18959
13.2
13.20989
13.22019
13.23031
13.24164
13.25252
13.26387
13.27498
13.28637
13.2976
13.30889
13.31962
13.3311
13.34195
13.35313
13.36415
13.37548
13.38769
13.39781
13.40899
13.42001
13.43138
13.44381
13.45452
13.46473
13.47592
13.48735
13.49946
13.50939
13.52062
13.53187
13.54318
13.55427
13.56563
13.57748
13.5882
13.59975
13.61139
13.62241
13.63346
13.64506
13.656
13.66731
13.67892
13.68991
13.70128
13.71273
13.72373
13.73512
13.7464
13.75734
13.76837
13.77967
13.79096
13.80196
13.81333
13.82438
13.83556
13.84737
13.85783
13.86897
13.8802
13.89112
13.90251
13.91395
13.92467
13.93928
13.9495
13.95928
13.96948
13.98017
13.99012
14.00134
14.01264
14.02408
14.0347
14.04602
14.05741
14.06857
14.07952
14.09049
14.10189
14.11332
14.12427
14.13593
14.14648
14.1575
14.16876
14.18012
14.1911
14.20239
14.21353
14.22498
14.23631
14.24728
TARGET DESTROYED 
14.2581
14.27337
14.28398
14.29451
14.30463
14.31566
14.32539
14.33594
14.34742
14.35835
14.36963
14.38212
14.39345
14.40517
14.41612
14.42732
14.4377
14.44855
14.45865
14.47001
14.48114
14.49237
14.50351
14.51455
14.52579
14.53714
14.54805
14.55927
14.57047
14.58189
14.59295
14.60412
14.61505
14.62659
14.63759
14.64892
14.66076
14.67296
14.68429
14.69645
14.70726
14.71822
14.72848
14.73936
14.75076
14.76244
14.77386
14.78474
14.79678
14.80726
14.81832
14.82958
14.84059
14.85228
14.8632
14.87412
14.88525
14.89667
14.90765
14.91921
14.93006
14.9414
14.95244
14.96408
14.97533
14.98684
14.99775
15.00835
15.02421
15.03546
15.04652
15.05758
15.06946
15.0822
15.09266
15.10394
15.11509
15.12632
15.13789
15.14891
15.15974
15.1708
15.18208
15.19341
15.20413
15.21539
15.22707
15.23803
15.24895
15.2603
15.27148
15.28242
15.29514
15.30553
15.31633
15.32757
15.33831
15.34956
15.36088
15.37203
15.38309
15.39448
15.40575
15.41755
15.42807
15.43895
15.45018
15.46235
15.47291
15.48384
15.49514
15.50608
15.51702
15.52836
15.53985
15.5509
15.56238
15.57439
15.58527
15.59689
15.60835
15.61984
15.63172
15.64362
15.65424
15.66595
15.67804
15.68877
15.70068
TARGET DESTROYED 
15.71307
15.72799
15.73882
15.74997
15.76037
15.77108
15.7825
15.79452
15.80748
15.81957
15.83158
15.8436
15.85526
15.86703
15.87891
15.89027
15.90256
15.91442
15.92606
15.93799
15.94959
15.9615
15.97304
15.98491
15.99752
16.00869
16.02032
16.03217
16.04379
16.05494
16.0667
16.07831
16.08987
16.1012
16.11361
16.12545
16.14255
16.15498
16.16648
16.17909
16.19223
16.20516
16.21804
16.23104
16.24341
16.25599
16.26822
16.28076
16.29318
16.30559
16.31798
16.33072
16.34349
16.35575
16.36796
16.38133
16.3944
16.40704
16.41781
16.42927
16.4412
16.45286
16.46509
16.47699
16.49028
16.50254
16.51473
16.52709
16.53955
16.55182
16.56429
16.57872
16.59082
16.60295
16.61563
16.6276
16.63991
16.65187
16.6643
16.67593
16.68766
16.69972
16.71137
16.7224
16.73459
16.74586
16.75687
16.76818
16.77951
16.7904
16.80377
16.81712
16.83138
16.84485
16.85836
16.87219
16.88607
16.89949
16.91369
16.92729
16.94119
16.95509
16.96986
16.98326
16.9973
17.01094
17.02472
17.03806
17.05139
17.06528
17.07911
17.09241
17.10634
17.11968
17.13354
17.1465
17.15655
17.16666
17.17723
17.18735
17.19792
17.20777
17.21841
17.22911
17.23928
17.25017
17.26013
17.27074
17.28243
17.29319
17.30431
17.31571
17.32674
TARGET DESTROYED 
17.34146
17.35687
17.36809
17.37914
17.39004
17.40102
17.41286
17.42363
17.43469
17.44598
17.4571
17.46836
17.47945
17.49027
17.5019
17.51462
17.52715
17.53876
17.54995
17.56157
17.57261
17.58368
17.59487
17.60595
17.61846
17.62955
17.64022
17.65144
17.66268
17.67379
17.68431
17.69526
17.70715
17.7189
17.73112
17.74736
17.75909
17.77165
17.78412
17.79634
17.80791
17.8199
17.83236
17.84488
17.8567
17.86858
17.881
17.89319
17.90568
17.91805
17.93006
17.94288
17.95622
17.96936
17.98263
17.99656
18.00866
18.02062
18.03337
18.04648
18.05894
18.07197
18.08424
18.0968
18.10901
18.12119
18.13394
18.14593
18.15793
18.17052
18.18287
18.19546
18.20791
18.22013
18.23297
18.24527
18.25732
18.26958
18.28708
18.29957
18.31135
18.32288
18.33437
18.34641
18.35832
18.37024
18.38214
18.39499
18.40648
18.41904
18.43119
18.44412
18.45563
18.46733
18.4793
18.49109
18.50762
18.51962
18.5316
18.54433
18.55523
18.56643
18.57783
TARGET DESTROYED 
18.58885
18.60678
18.61963
18.63263
18.64482
18.65606
18.67352
18.6838
18.69438
18.70465
18.71554
18.72602
18.73682
18.7474
18.75776
18.76834
18.77914
18.78999
18.80117
18.81246
18.8233
18.83453
18.84591
18.85694
18.86813
18.87919
18.89042
18.90169
18.91302
18.92375
18.93507
18.94635
18.95777
18.96927
18.98068
18.99141
19.00341
19.01449
19.02603
19.03687
19.0477
19.05829
19.06953
19.08031
19.09157
19.10274
19.11405
19.12556
19.13712
19.14844
19.1602
19.17183
19.18316
19.19496
19.2062
19.21757
19.22968
19.24074
19.25219
19.26368
19.275
19.28624
19.2977
19.30945
19.32125
19.33365
19.34564
19.35794
19.36967
19.38205
19.39475
19.40635
19.41854
19.43059
19.44245
19.45418
19.46653
19.47824
19.48993
19.50191
19.51402
19.52552
19.53749
19.54937
19.56074
19.57753
19.59
19.60242
19.61427
19.62599
19.63772
19.6492
19.66144
19.67223
19.68382
19.6951
19.70586
19.71699
19.72883
19.7393
19.75052
19.7619
19.77282
19.78489
19.79608
19.80699
19.8178
19.82896
19.83982
19.85133
19.86235
19.87335
19.885
19.89576
19.90676
19.91803
19.92928
19.94027
19.95195
19.96351
19.97391
19.9849
20.00815
20.01858
20.02974
20.04109
20.05212
20.06341
20.07436
20.08546
20.09681
20.10777
20.11957
20.13125
20.14342
20.1551
20.16746
20.17948
20.19183
20.20417
20.21627
20.22806
20.23995
20.25183
20.26446
20.27647
20.28841
20.30026
20.31232
20.32459
20.33674
20.34941
20.36167
20.37361
20.3854
20.39803
20.40974
20.42065
20.43196
20.44317
20.45423
20.46541
20.47669
20.48758
20.49886
20.51005
20.52137
20.53227
20.54374
20.55476
20.56585
20.57717
20.58867
20.59947
20.61085
20.62169
20.63296
20.6443
20.6552
20.66647
20.67789
20.68878
20.70005
20.71583
20.72693
20.73768
20.74889
20.76032
20.77104
20.78201
20.79301
20.80384
20.81489
20.82561
20.83633
20.84759
20.85801
20.86863
20.87955
20.89012
20.90155
20.9132
20.92462
20.93604
20.94788
20.95893
20.97156
20.98295
20.99384
21.00504
21.01608
21.02637
21.03709
21.04836
21.05945
21.07178
21.08288
21.09373
21.10492
21.11616
21.12732
21.13832
21.14977
21.16123
21.17252
21.18372
21.19525
21.20639
21.21768
21.22923
21.24045
21.25159
21.26313
21.27448
21.28553
21.29696
21.30815
21.31952
21.33037
21.34206
21.35299
21.36396
21.37562
21.38656
21.3977
21.40899
21.4202
21.43094
21.44212
21.45351
21.46487
21.47556
21.48667
21.4978
21.50976
21.52058
21.53148
21.54257
21.55381
21.56494
21.57664
21.5872
21.59837
21.60938
21.62061
21.63203
21.64332
21.65401
21.66554
21.67669
21.68789
21.69926
21.71043
21.72169
21.73276
21.74411
21.75479
21.76612
21.77732
21.78812
21.79955
21.81594
21.82679
21.83751
21.8487
21.85968
21.87063
21.88239
21.89357
21.90436
21.91515
21.92612
21.9369
21.94832
21.95918
21.97039
21.98255
21.9934
22.00488
22.0157
22.02649
22.03725
22.04936
22.05995
22.07131
22.08226
22.09322
22.10457
22.1157
22.12629
22.13725
22.1493
22.16073
22.17197
22.1837
22.19474
22.20621
22.21757
22.22907
22.2414
22.25291
22.26433
22.27505
22.28612
22.29735
22.30841
22.3199
22.3319
22.34339
22.35458
22.36666
22.37801
22.38941
22.40051
22.41228
22.42399
22.43531
22.4467
22.45836
22.46981
22.48151
22.49263
22.50444
22.5162
22.52813
22.53942
22.55088
22.56313
22.57516
22.58758
22.59885
22.61013
22.62163
22.63258
22.64368
22.6548
22.66611
22.67715
22.68832
22.69987
22.7114
22.72234
22.73338
22.74496
22.75617
22.76728
22.77845
22.78984
22.80137
22.81293
22.82406
22.83587
22.8477
22.85876
22.86998
22.88154
22.89265
22.90423
22.91588
22.93251
22.94392
22.95614
22.9678
22.97935
22.9917
23.00368
23.01542
23.02712
23.0386
23.04999
23.06166
23.0738
23.08499
23.09637
TARGET DESTROYED 
23.10734
23.12463
23.13647
23.14762
23.15905
23.17151
23.18405
23.19525
23.20716
23.2184
23.22999
23.24154
23.25313
23.26518
23.27616
23.28717
23.29855
23.31038
23.32214
23.33402
23.34555
23.35682
23.36872
23.3808
23.3924
23.40339
23.41485
23.4258
23.43707
23.44859
23.45968
23.47097
23.4824
23.49381
23.50541
23.51661
23.52834
23.53911
23.55034
23.56189
23.5727
23.58402
23.59574
23.60704
23.61836
23.63009
23.64199
23.65372
23.66561
23.67723
23.68855
23.7002
23.71178
23.72302
23.73461
23.7468
23.75809
23.76969
23.78182
23.79361
23.80524
23.8165
23.82796
23.83905
23.85041
23.86192
23.87345
23.88504
23.89668
23.90796
23.91922
23.9308
23.94231
23.95356
23.96613
23.97851
23.98952
24.00216
24.01422
24.02516
24.03617
24.0471
24.06263
24.07673
24.08785
24.09923
24.1104
24.12194
24.13334
24.14432
24.15545
24.16681
24.17773
24.18854
24.19983
24.21139
24.22226
24.2333
24.24432
24.25505
24.2664
24.27816
24.28958
24.30071
24.31162
24.32229
24.33385
24.34484
24.35603
24.36736
24.37847
24.3896
24.40061
24.41199
24.42317
24.43455
24.44511
24.45593
24.46694
24.47771
24.48824
24.49939
24.51
24.52047
24.53159
24.54235
24.55345
24.56516
24.57719
24.588
24.59957
24.61141
24.62268
24.63442
24.64579
24.65677
24.66846
24.67944
24.69052
24.70173
24.71279
24.7242
24.7356
24.74646
24.75758
24.76848
24.77995
24.79114
24.80227
24.81369
24.8252
24.83642
24.84768
24.85893
24.87023
24.8818
24.89283
24.90455
24.91534
24.9268
24.93803
24.94958
24.96095
24.97192
24.98285
24.99432
25.00565
25.01766
25.02835
25.03902
25.04998
25.06155
25.07257
25.08335
25.09473
25.10576
25.11687
25.12817
25.13946
25.15032
25.16575
25.17649
25.1871
25.19816
25.20865
25.21923
25.23041
25.24086
25.25159
25.26218
25.27267
25.28312
25.29335
25.30397
25.31472
25.32513
25.33622
25.34756
25.35918
25.36979
25.38125
25.39212
25.40332
25.41457
25.42554
25.43662
25.44798
25.45906
25.47389
25.48492
25.49596
25.50651
25.51747
25.52775
25.54107
