0.02
0.04
0.14
0.1816609
0.1958471
0.210356
0.2238704
0.2359005
0.2479745
0.2585183
0.2695077
0.2804666
0.291651
0.3044732
0.3163111
0.3326299
0.3442285
0.3555256
0.3663289
0.3769551
0.3882521
0.399537
0.4103564
0.4217439
0.432979
0.4442301
0.4555654
0.4667636
0.477445
0.4886612
0.5005546
0.5119816
0.5228205
0.5337522
0.5451333
0.5557393
0.5673947
0.5783466
0.589283
0.6011037
0.6125669
0.6232656
0.6343436
0.6449181
0.6565328
0.6689218
0.6867889
0.7020379
0.7219007
0.7354677
0.7471051
0.7579662
0.7689767
0.7809796
0.7978666
0.8088669
0.8199291
0.8310769
0.8418007
0.8537448
0.864911
0.8763229
0.8873976
0.8990119
0.9102708
0.9213638
0.9323233
0.9431395
0.9548578
0.9664618
0.9773778
0.9885622
1.000604
1.012668
1.024611
1.036101
1.047496
1.058398
1.069896
1.081307
1.091833
1.103002
1.114311
1.125665
1.137538
1.148598
1.159929
1.17142
1.182536
1.19387
1.204898
1.216282
1.232656
1.244156
1.255299
1.266636
1.27798
1.289134
1.304033
1.315419
1.327015
1.344132
1.359176
1.3756
1.387879
1.399491
1.410348
1.421443
1.432639
1.443944
1.455306
1.466844
1.47782
1.489007
1.500268
1.511214
1.52235
1.533989
1.544992
1.55622
1.567774
1.578574
1.590514
1.602189
1.613801
1.625745
1.637044
1.64835
1.659509
1.671564
1.683989
1.700106
1.710961
1.722817
1.734198
1.745791
1.757069
1.768253
1.779528
1.790973
1.80243
1.813572
1.824739
1.83607
1.848916
1.860131
1.871888
1.883263
1.894562
1.90572
1.916782
1.927655
1.939167
1.951179
1.964243
1.975555
1.987565
1.999631
2.010554
2.021868
2.033535
2.044214
2.055324
2.066581
2.077374
2.088605
2.0999
2.111111
2.122314
2.138982
2.150707
2.16228
2.173847
2.185268
2.198328
2.210091
2.221221
2.232511
2.243271
2.255087
2.266277
2.27727
2.288371
2.299617
2.310697
2.321999
2.333547
2.344342
2.35609
2.368167
2.379315
2.391315
2.402947
2.414434
2.425289
2.436691
2.448226
2.459465
2.470817
2.482337
2.493271
2.504815
2.516504
2.527277
2.538256
2.549654
2.560682
2.577155
2.588515
2.600202
2.611349
2.622993
2.635213
2.646825
2.658417
2.669959
2.682289
2.694167
2.705728
2.717801
2.729832
2.742213
2.7538
2.766151
2.777316
2.790285
2.802051
2.813713
2.825648
2.837274
2.849461
2.860534
2.871652
2.883121
2.894448
2.905563
2.916969
2.928229
2.939396
2.951841
2.963211
2.974286
2.986101
2.997928
3.009848
3.021248
3.037816
3.049729
3.060839
3.072017
3.083581
3.095694
3.107709
3.119592
3.131565
3.142988
3.154824
3.166758
3.178358
3.190369
3.202333
3.214413
3.225839
3.238661
3.250213
3.261652
3.273142
3.285224
3.297077
3.308696
3.320566
3.333312
3.345355
3.356873
3.368704
3.38049
3.392764
3.405073
3.417073
3.428425
3.440338
3.452184
3.464038
3.475689
3.492779
3.504541
3.517258
3.529024
3.540505
3.552569
3.564657
3.578429
3.589926
3.601642
3.61329
3.625052
3.636573
3.648562
3.66093
3.672654
3.684777
3.696255
3.70793
3.719682
3.731656
3.743702
3.764667
3.77687
3.788923
3.800801
3.812667
3.824361
3.835943
3.848572
3.860399
3.872137
3.884519
3.896074
3.907702
3.920331
3.932521
3.944316
3.961469
3.973542
3.985413
3.997089
4.009037
4.021231
4.032943
4.044563
4.056208
4.068699
4.081161
4.092864
4.104755
4.116855
4.129291
4.141461
4.153896
4.167312
4.179417
4.191611
4.204193
4.217752
4.22998
4.241661
4.254477
4.266404
4.278648
4.290691
4.302715
4.314956
4.32718
4.339751
4.351761
4.363705
4.375773
4.388191
4.400276
4.412543
4.424716
4.441695
4.45405
4.466319
4.477563
4.489789
4.502233
4.515438
4.526939
4.538835
4.551494
4.563774
4.575414
4.587925
4.599942
4.611697
4.623734
4.635418
4.647465
4.659373
4.67199
4.684169
4.696567
4.708417
4.721079
4.733587
4.745497
4.758251
4.770553
4.78256
4.794693
TARGET DESTROYED 
4.815467
4.827891
4.849584
4.863092
4.875329
4.887333
4.905576
4.917582
4.929566
4.941661
4.954675
4.966996
4.979814
4.992406
5.00438
5.01641
5.028774
5.040689
5.053233
5.068754
5.080835
5.092706
5.104866
5.117222
5.130439
5.142169
5.154126
5.171665
5.184235
5.196128
5.207967
5.220379
5.233172
5.244621
5.256507
5.268719
5.281109
5.292832
5.30564
5.317904
5.329849
5.342155
5.354116
5.366394
5.378149
5.394893
5.406897
5.418977
5.431256
5.443113
5.455178
5.467217
5.48007
5.492206
5.503992
5.516333
5.528271
5.540413
5.552302
5.564774
5.577118
5.589271
5.601584
5.613349
5.625626
5.638474
TARGET DESTROYED 
5.655715
5.668199
5.680416
5.692276
5.705072
5.717813
5.72984
5.742215
5.761288
5.774545
5.786294
5.798409
5.810173
5.821953
5.834149
5.846626
5.863786
5.875959
5.888328
5.900667
5.913235
5.925443
5.937716
5.951079
5.963498
5.975254
5.987257
5.999921
6.011755
6.02399
6.03587
6.048425
6.06074
6.073153
6.085255
6.097039
6.108953
6.121546
6.135456
6.147612
6.159788
6.172313
6.18505
6.196773
6.208424
6.220738
6.232956
6.244668
6.256873
6.269361
6.281609
6.293537
6.305585
6.318048
6.330776
6.348668
6.360576
6.372782
6.385146
6.397707
6.409633
6.421736
6.434051
6.445807
6.458029
6.469872
6.482567
6.494477
6.507198
6.51953
6.531916
6.544393
6.556341
6.568966
6.581681
6.593722
6.606359
6.618659
6.631191
6.643311
6.655308
6.667262
6.67911
6.692079
6.704293
6.716691
6.729165
6.741266
6.754889
6.767097
TARGET DESTROYED 
6.785044
6.797388
6.809396
6.826653
6.839097
6.852096
6.871618
6.88554
6.89816
6.910061
6.922629
6.934384
6.946643
6.959489
6.971614
6.984321
6.997098
7.009714
7.02222
7.03441
7.04655
7.058835
7.071637
7.083762
7.096267
7.109163
7.121813
7.134018
7.147602
7.160654
7.173265
7.185641
7.198165
7.210742
7.223176
7.235583
7.248122
7.260803
7.273198
7.285787
7.2985
7.319242
7.331324
7.3436
7.35622
7.368472
7.380857
7.392544
7.404482
7.41616
7.427466
7.439289
7.452793
7.464594
7.476505
7.488478
7.500743
7.512717
7.524341
7.538169
7.549859
7.561599
7.573607
7.585445
7.59726
7.609017
7.621211
7.633848
7.645584
7.657572
7.669858
7.682334
7.694061
7.706211
7.718287
7.730736
7.742057
7.754127
7.766846
7.783525
TARGET DESTROYED 
7.800825
7.819544
7.832695
7.845313
7.856829
7.868542
7.880528
7.892456
7.904281
7.916949
7.928164
7.939701
7.952415
7.964069
7.975426
7.987913
8.000278
8.011639
8.023409
8.03504
8.046741
8.05848
8.070418
8.082154
8.093475
8.105925
8.117719
8.129669
8.141048
8.153036
8.16496
8.177126
8.189464
8.201887
8.21399
8.225534
8.237845
8.255283
8.268449
8.281404
8.293992
8.306012
8.318345
8.330437
8.342669
8.355788
8.368192
8.380745
8.393438
8.405868
8.418911
8.431219
8.443336
8.455587
8.468925
8.481547
8.493574
8.505811
8.518569
8.531105
8.543459
8.556742
8.569842
8.582651
8.595339
8.608063
8.620519
8.633738
8.646587
8.659459
8.672174
8.685018
8.697977
8.710881
8.723667
8.73638
8.754085
8.767372
8.780345
8.79335
8.805933
8.818869
8.831665
8.844427
8.857495
8.870044
8.882942
8.896012
8.908474
8.922219
8.938132
8.951773
8.964726
8.977201
8.989635
9.00258
TARGET DESTROYED 
9.021219
9.034698
9.054104
9.068302
9.080955
9.093629
9.105809
9.118994
9.132443
9.145889
9.158942
9.171972
9.186379
9.19949
9.211929
9.224605
9.237344
9.255242
9.268159
9.280643
9.297621
9.309985
9.323051
9.335883
9.348908
9.361666
9.374446
9.387048
9.399878
9.412613
9.425356
9.437943
9.450771
9.463632
9.476244
9.48924
9.502691
9.515302
9.528346
9.540894
9.55438
9.567442
9.580245
9.593159
9.606251
9.619445
9.63322
9.646737
9.659852
9.672727
9.685532
9.698689
9.712266
9.725237
9.738025
9.752091
9.771076
9.78433
9.798931
9.81261
9.825898
9.839417
9.852847
9.86547
9.877581
9.889071
9.90091
9.912944
9.924079
9.935619
9.947248
9.958668
9.970017
9.981156
9.992446
10.00429
10.01659
10.02773
10.03967
10.05077
10.06152
10.0723
10.08352
10.09458
10.10647
10.11866
10.13167
10.14351
10.156
10.1683
10.18094
10.19379
10.20595
10.21817
10.23128
10.24981
10.26225
10.27431
10.28709
10.30012
10.31277
10.32747
10.34043
10.35297
10.36623
10.37961
10.39367
10.40636
10.41897
10.43153
10.45272
10.46542
TARGET DESTROYED 
10.4841
10.49637
10.50869
10.52116
10.5342
10.54655
10.5598
10.57284
10.58575
10.59862
10.61222
10.63238
10.64728
10.65965
10.67322
10.68622
10.69946
10.71257
10.72557
10.73856
10.75146
10.76469
10.78347
10.79656
10.80877
10.82121
10.83435
10.84828
10.86111
10.87369
10.88654
10.89995
10.91271
10.92561
10.9386
10.95193
10.96463
10.97715
10.99006
11.00291
11.01565
11.02839
11.04093
11.05472
11.06788
11.0813
11.09464
11.10732
11.12031
11.13341
11.14637
11.15894
11.17175
11.18491
11.19766
11.21011
11.22266
11.23528
11.24829
11.2615
11.27386
11.28642
11.30341
11.31682
11.32963
11.34214
11.35497
11.36826
11.38222
11.39509
11.40825
11.42111
11.43397
11.44695
11.45941
11.47293
11.48599
11.49979
11.51222
11.52452
11.53637
11.54872
11.56088
11.57348
11.58557
11.59814
11.60992
11.62238
11.63464
11.64646
11.65865
11.67146
11.68403
11.69635
11.70895
11.72152
11.7336
11.74582
11.7579
11.77041
11.78284
11.79475
11.81167
11.82394
11.83595
11.84865
11.86065
11.8728
11.88628
11.89826
11.90992
11.92184
11.93388
11.94613
11.95875
11.97082
11.98322
TARGET DESTROYED 
12.00982
12.02225
12.04318
12.05608
12.06824
12.07988
12.09285
12.10534
12.11705
12.12905
12.14082
12.15272
12.16486
12.17697
12.19009
12.20296
12.21534
12.22719
12.23939
12.25173
12.26386
12.27585
12.29323
12.30587
12.31797
12.33103
12.34293
12.35538
12.36885
12.38137
12.39333
12.40578
12.41828
12.43019
12.44216
12.45417
12.46693
12.47872
12.49075
12.50283
12.51539
12.52732
12.53918
12.55095
12.56337
12.57493
12.58636
12.59747
12.6088
12.62064
12.63239
12.6438
12.65527
12.66684
12.67836
12.68978
12.70118
12.71282
12.72525
12.73699
12.75946
12.77709
12.78917
12.80123
12.81249
12.8237
12.83568
12.84829
12.8596
12.87125
12.88299
12.8943
12.90562
12.91697
12.92933
12.94083
12.95317
12.96546
12.97659
12.98846
12.99989
13.01127
13.02267
13.03416
13.04558
13.05685
13.06843
13.07967
13.09248
13.10553
13.1182
13.13164
13.14401
13.15673
13.16902
13.18215
13.19482
13.20723
13.2196
13.23162
13.24336
13.25527
13.27176
13.28525
13.29786
13.30999
13.32196
13.33447
13.3463
13.35818
13.37062
13.38278
13.39441
13.40692
13.41925
13.43316
13.44483
13.45764
13.47093
13.48445
13.49803
13.51155
13.5246
13.53784
13.55107
13.56394
13.57837
13.5928
13.60631
13.62087
13.63454
13.64814
13.66125
13.67497
13.68816
13.70198
13.71499
13.72787
13.742
13.75522
13.76834
13.78176
13.80004
13.81274
13.82547
13.83904
13.85245
13.86557
13.87909
13.89188
13.90466
13.91812
13.93156
13.94483
13.95785
13.97069
13.98742
14.0011
14.014
14.02669
14.03952
14.05523
