0.02
0.04
0.14
0.1801987
0.1925255
0.2018378
0.2121201
0.2223835
0.2329228
0.2441711
0.2557071
0.2666359
0.2780709
0.2892114
0.3000448
0.3112338
0.3224368
0.3336065
0.3445901
0.3560123
0.3670443
0.3787642
0.3896499
0.4005033
0.4120647
0.4229084
0.4341744
0.4455452
0.4567059
0.4682884
0.4787806
0.4899217
0.5014866
0.5120965
0.5233964
0.5345189
0.5457614
0.5570684
0.5679872
0.579564
0.5904776
0.601895
0.6172376
0.6271372
0.6372396
0.6468422
0.6573424
0.6687741
0.6799088
0.6908405
0.7022174
0.7131468
0.724484
0.7355513
0.746745
0.7581977
0.7691482
0.7801456
0.7916756
0.8029216
0.8139193
0.82491
0.8364101
0.8478926
0.8583543
0.8703282
0.8807953
0.8943495
0.9057094
0.9168002
0.9278743
0.9390844
0.9500221
0.9612178
0.9726832
0.9840043
0.9951957
1.006478
1.018057
1.029476
1.040381
1.051526
1.062941
1.074702
1.086364
1.097254
1.108458
1.120259
1.131425
1.142499
1.154351
1.164907
1.176518
1.187587
1.198464
1.209712
1.221354
1.232272
1.243233
1.254655
1.265771
1.276856
1.288553
1.299027
1.310117
1.321611
1.333489
1.343946
1.355234
1.366285
1.377797
1.389126
1.399626
1.410864
1.42199
1.433048
1.444515
1.4557
1.466814
1.478089
1.489054
1.500029
1.511142
1.52253
1.534164
1.54481
1.556113
1.567136
1.581656
1.591292
1.600942
1.611765
1.621966
1.632418
1.643679
1.654892
1.666038
1.677129
1.688586
1.707725
1.717483
1.730031
1.741749
1.752386
1.763108
1.778986
1.793091
1.805308
1.815549
1.82609
1.837323
1.848395
1.85866
1.86948
1.879755
1.890101
1.900188
1.911013
1.92116
1.931301
1.941831
1.95312
1.964341
1.975459
1.986896
1.997837
2.009315
2.021249
2.031972
2.043063
2.053765
2.064739
2.076167
2.087721
2.098183
2.109522
2.120677
2.131814
2.143183
2.154513
2.165661
2.177309
2.188016
2.198713
2.209929
2.221416
2.232753
2.244293
2.255942
2.267098
2.278353
2.290012
2.301729
2.318821
2.331717
2.34232
2.353192
2.363874
2.37452
2.385099
2.396197
2.407235
2.417821
2.428326
2.441617
2.458809
2.471748
2.484071
2.49631
2.506543
2.516595
2.526903
2.537008
2.546597
2.55649
2.567504
2.578718
2.594504
2.605834
2.616258
2.62722
2.638048
2.648665
2.658923
2.669634
2.680132
2.691605
2.702365
2.713089
2.72434
2.735242
2.748317
2.759639
2.771001
2.781691
2.793288
2.816142
2.827827
2.839251
2.850977
2.862311
2.873983
2.885254
2.896421
2.907604
2.918681
2.930117
2.941314
2.952391
2.963207
2.974659
2.986164
2.997925
3.009451
3.021441
3.032399
3.044807
3.056321
3.067387
3.078669
3.089895
3.101727
3.113611
3.124923
3.137344
3.148466
3.161464
3.173228
3.190188
3.201418
3.213191
3.224268
3.235349
3.246403
3.257673
3.269049
3.280231
3.292176
3.303581
3.315974
3.327155
3.338645
3.349359
3.360982
3.37243
3.383323
3.394783
3.406118
3.417324
3.428372
3.439108
3.450192
3.461865
3.473874
3.484781
3.496161
3.506796
3.517098
3.528049
3.539244
3.550441
3.561548
3.573326
3.584066
3.600246
3.61194
3.623732
3.63458
3.646237
3.658055
3.669844
3.681583
3.694066
3.706379
3.718021
3.729834
3.741605
3.753137
3.76432
3.775576
3.787372
3.798667
3.810213
3.823497
3.834518
3.846449
3.85789
3.869652
3.881294
3.892784
3.905777
3.92275
3.934708
3.946685
3.958664
3.970373
3.981748
3.993091
4.005643
4.017003
4.029714
4.042131
4.055005
4.066568
4.0785
4.090047
4.10181
4.113317
4.124888
4.135832
4.146747
4.157718
4.168555
4.180361
4.191687
4.209113
4.221076
4.232617
4.244746
4.256703
4.268021
4.280191
4.292311
4.305098
4.316488
4.328653
4.341003
4.352724
4.365234
4.377102
4.389493
4.400713
4.412883
4.424774
4.437145
4.448984
4.461388
4.47328
4.484735
4.497276
4.509248
4.521851
4.533574
4.545491
4.557089
4.568311
4.580521
4.592091
4.604293
4.616415
4.628879
4.641212
4.658602
4.670941
4.682784
4.695226
4.707585
4.719613
4.731226
4.744094
4.756315
4.767944
4.779576
4.791307
4.803488
4.815012
4.826515
4.838296
4.850383
4.861939
4.873585
4.885248
4.896931
4.908404
4.920293
4.931868
4.94362
4.955749
4.966868
4.97848
4.990445
5.00278
5.014227
5.026171
5.038403
5.051052
5.065725
5.077907
5.089391
5.100739
5.112948
5.125497
5.137193
5.148815
5.160636
5.173219
5.184516
5.196324
5.208223
5.220301
5.232373
5.24421
5.25648
5.268271
5.280011
5.291875
5.304432
5.316145
5.32798
5.339393
5.350627
5.362361
5.373595
5.384687
5.396496
5.4142
5.426301
5.438462
5.450291
5.462708
5.47472
5.487186
5.49844
5.509551
5.521441
5.53401
5.545834
5.557486
5.569468
5.58122
5.59317
5.605938
5.617612
5.629267
5.640991
5.652824
5.664417
5.67606
5.688128
5.70014
5.711247
5.72231
5.73363
5.745136
5.756558
5.767175
5.777817
5.789259
5.804251
5.816203
5.828097
5.840679
5.852448
5.863217
5.875152
5.887299
5.898754
5.910777
5.922257
5.934343
5.946131
5.957504
5.969189
5.981133
5.992765
6.004785
6.016408
6.028068
6.039856
6.053822
6.066178
6.080159
6.091691
6.103716
6.115417
6.126998
6.139208
6.156507
6.168853
6.180354
6.192061
6.203962
6.215327
6.22698
6.239158
6.250524
6.262469
6.274527
6.28683
6.298412
6.310119
6.322133
6.333029
6.344787
6.356202
6.367359
6.379151
6.390769
6.403144
6.414356
6.426104
6.438368
6.44956
6.461517
6.473144
6.492384
6.505098
6.516889
6.528931
6.540623
6.552589
6.564402
6.575809
6.588029
6.59985
6.611355
6.622726
6.642334
6.65455
6.667116
6.679103
6.690604
6.703794
6.716646
6.728561
6.740884
6.75439
6.766456
6.778466
6.789859
6.801
6.812502
6.82412
6.835942
6.848165
6.859394
6.872131
6.883492
6.895823
6.912948
6.926326
6.938212
6.949614
6.961969
6.973832
6.986422
6.997851
7.009727
7.022286
7.033373
7.04522
7.058375
7.070057
7.082872
7.095248
7.106953
7.117979
7.130014
7.142055
7.154218
7.165977
7.17805
7.189908
7.201423
7.213416
7.2254
7.237539
7.248497
7.260384
7.27235
7.283797
7.296433
7.308251
7.320168
7.332342
7.343534
7.354865
7.366057
7.377544
7.388759
7.404028
7.415473
7.427598
7.439118
7.450149
7.462763
7.47507
7.487661
7.498966
7.51082
7.52239
7.533861
7.545143
7.556488
7.567678
7.578659
7.593906
7.605997
7.617232
7.629113
7.641396
7.658986
7.671125
7.683367
7.695283
7.707169
7.718945
7.730255
7.742684
7.755095
7.76706
7.778841
7.790502
7.802444
7.813857
7.825864
7.838027
7.850322
7.862438
7.874021
7.885567
7.897268
7.909028
7.921307
7.932601
7.944903
7.957326
7.969166
7.980882
7.992773
8.005616
8.017316
8.029503
8.041056
8.053723
8.0655
8.077486
8.09032
8.102821
8.11447
8.126407
8.138503
8.150251
8.162514
8.174626
8.186907
8.198568
8.210576
8.222058
8.233295
8.245286
8.257537
8.270097
8.281989
8.293752
8.306142
8.318158
8.330157
8.342211
8.35427
8.36572
8.377604
8.389514
8.401321
8.419073
8.430939
8.442946
8.454885
8.466453
8.478523
8.490358
8.502315
8.514187
8.526381
8.538862
8.551068
8.56313
8.574883
8.587557
8.59952
8.611221
8.623017
8.634199
8.646552
8.658656
8.670979
8.682836
8.695025
8.70748
8.719367
8.730956
8.74332
8.755817
8.767642
8.779384
8.791247
8.803407
8.814734
8.826691
8.839877
8.851643
8.863684
8.875514
8.887402
8.899471
8.911396
8.923804
8.934899
8.94588
8.957381
8.968605
8.980026
8.991902
9.003139
9.014941
9.030928
9.043151
9.056634
9.06966
9.08211
9.094952
9.108006
9.120819
9.132774
9.145674
9.163348
9.176461
9.189414
9.201437
9.213851
9.226121
9.238734
9.250727
9.263233
9.275589
9.288207
9.300203
9.313402
9.325294
9.337358
9.348932
9.361153
9.373417
9.386106
9.397827
9.409781
9.422355
9.433962
9.44612
9.458261
9.471117
9.482503
9.494309
9.505956
9.517413
9.529051
9.540119
9.550994
9.562465
9.573993
9.585205
9.600862
9.61277
9.624979
9.637753
9.649276
9.660988
9.672235
9.683737
9.695654
9.70822
9.720941
9.732854
9.745597
9.7579
9.770104
9.78133
9.793362
9.805511
9.817436
9.829323
9.841678
9.853805
9.86589
9.877479
9.888954
9.917149
9.930424
9.941834
9.954151
9.966144
9.986587
9.999516
10.01142
10.02327
10.03593
10.04791
10.06007
10.07191
10.08365
10.09623
10.10966
10.12187
10.13357
10.14588
10.15851
10.17051
10.18267
10.19516
10.20795
10.22046
10.23238
10.24444
10.25722
10.26972
10.28183
10.29412
10.30607
10.31831
10.33066
10.3427
10.35527
10.3675
10.37981
10.39242
10.40472
10.41701
10.42923
10.44143
10.45383
10.46539
10.47776
10.48981
10.50169
10.51367
10.52733
10.53872
10.55039
10.56372
10.57647
10.588
10.59896
10.61009
10.62195
10.6334
10.64502
10.65618
10.66703
10.67838
10.68987
10.70074
10.7118
10.72914
10.74154
10.75275
10.76414
10.7753
10.78679
10.79859
10.81013
10.82204
10.8332
10.84444
10.85581
10.86656
10.87811
10.88891
10.90071
10.91201
10.94207
10.95493
10.96752
10.97875
10.99026
11.00076
11.01176
11.02695
11.03916
11.05153
11.06322
11.07445
11.08632
11.09768
11.1099
11.12324
11.13511
11.14688
11.15909
11.17115
11.18235
11.19415
11.20614
11.21764
11.22985
11.24171
11.25376
11.26558
11.27748
11.28893
11.30027
11.31213
11.3248
11.33653
11.34791
11.35992
11.37154
11.3831
11.3949
11.40695
11.41857
11.43059
11.44282
11.45501
11.46651
11.47871
11.49093
11.5036
11.5145
11.52585
11.53705
11.54856
11.5599
11.57677
11.58817
11.60393
11.61594
11.62801
11.64009
11.65141
11.66313
11.67483
11.68677
11.69853
11.71084
11.72283
11.73392
11.75718
11.76985
11.78132
11.79322
11.805
11.81662
11.82795
11.83931
11.85096
11.86256
11.87348
11.88449
11.89561
11.90678
11.91787
11.92935
11.94066
11.95189
11.96279
11.97417
11.99146
12.00312
12.01427
12.0264
12.03796
12.04938
12.06223
12.07409
12.0869
12.0988
12.11154
12.1247
12.13748
12.14935
12.16178
12.17406
12.18628
12.19821
12.21077
12.22383
12.23664
12.2485
12.2609
12.2736
12.28559
12.30303
12.31574
12.32846
12.34099
12.35313
12.36472
12.37753
12.38953
12.40167
12.41351
12.42626
12.4388
12.45059
12.46276
12.47555
12.48813
12.50025
12.51228
12.52489
12.53773
12.54971
12.56198
12.57414
12.58715
12.59887
12.61129
12.62361
12.63627
12.64886
12.66151
12.67381
12.68699
12.69893
12.71058
12.72196
12.73354
12.74568
12.75708
12.76828
12.77979
12.79152
12.804
12.81518
12.82703
12.83916
12.85048
12.86252
TARGET DESTROYED 
12.87388
12.89465
12.90715
12.91917
12.93024
12.94242
12.95446
12.97425
12.98734
12.99844
13.01045
13.0271
13.03886
13.04977
13.06149
13.07316
13.08433
13.09591
13.10746
13.12011
13.13237
13.14587
13.15838
13.17246
13.18423
13.19619
13.20856
13.22021
13.23136
13.24299
13.25418
13.26617
13.27775
13.2895
13.30184
13.31302
13.32493
13.33728
13.34892
13.36092
13.37298
13.3854
13.39724
13.40886
13.42154
13.43322
13.44545
13.45765
13.46939
13.4811
13.49254
13.50418
13.51484
13.52616
13.53823
13.5494
13.57013
13.58167
13.59731
13.60932
13.63195
13.64449
13.65675
13.669
13.67999
13.69171
13.70395
13.71503
13.72705
13.73943
13.75083
13.76188
13.77889
13.7908
13.80193
13.81274
13.82433
13.8355
TARGET DESTROYED 
13.84706
13.87022
13.88351
13.89529
13.91304
13.92623
13.93876
13.9498
13.96136
13.9732
13.98425
13.99561
14.00691
14.0183
14.02969
14.04103
14.0527
14.06378
14.07474
14.08618
14.09696
14.10781
14.1196
14.131
14.14291
14.15482
14.16596
14.1784
14.18937
14.20047
14.21242
14.22354
14.23464
14.24706
14.25952
14.27259
14.28548
14.29783
14.31032
14.32282
14.3373
14.3496
14.36322
14.37592
14.38842
14.40137
14.41422
14.42708
14.43964
14.45197
14.464
14.47678
14.48976
14.50775
14.52091
14.53313
14.54591
14.55857
14.57173
14.58438
14.59892
14.61178
14.62374
14.6357
14.64741
14.65956
14.67259
14.68615
14.69977
14.71362
14.72736
14.7421
14.75575
14.76842
14.78128
14.79381
14.80624
14.81908
14.83223
14.8455
14.85805
14.87085
14.88329
14.89643
14.9093
14.92426
14.93865
14.94996
14.96245
14.97485
14.9874
14.99965
15.01166
15.02921
15.04808
15.06664
15.08495
15.10372
15.12265
15.14248
15.16127
15.18034
15.1982
15.21717
15.23499
15.25515
15.27493
15.29524
15.31474
15.33481
15.36002
15.38005
15.40013
15.41999
15.44013
TARGET DESTROYED 
15.46031
15.48735
15.49997
15.51148
15.52335
15.53588
15.5473
15.5587
15.5699
15.58156
15.59829
15.61134
15.63088
15.6447
15.65702
15.66939
15.68104
15.69441
15.70789
15.72169
15.73556
15.749
15.76241
15.77593
15.78994
15.80399
15.81752
15.83114
15.84337
15.85472
15.86557
15.87688
15.8884
15.89951
15.9106
15.92253
15.93343
15.94476
15.95594
15.96695
15.97771
15.98915
16.00081
16.01228
16.02369
16.03554
16.0465
16.05744
16.06894
16.0803
16.09157
16.10375
16.12109
16.13299
16.14473
16.15638
16.16784
16.17888
16.19093
16.20244
16.21457
16.22641
16.23786
16.24883
16.26087
16.27303
16.28442
16.29582
16.30682
16.31804
16.32892
16.34032
16.35139
16.3634
16.37426
16.38588
16.39756
16.40924
16.42137
16.43293
16.44519
16.45697
16.46848
16.47971
16.49115
16.5031
16.51418
16.52622
16.53752
16.54879
16.56093
16.57246
16.58452
16.59708
16.60826
16.6201
16.63154
16.64304
16.65422
16.66567
16.67754
16.68916
16.70107
TARGET DESTROYED 
16.71232
16.72859
16.74217
16.7539
16.76503
16.77686
16.78857
16.8009
16.81257
16.82462
16.83763
16.85509
16.87386
16.88697
16.89846
16.90975
16.92118
16.93252
16.94379
16.95501
16.96604
16.97789
16.98955
17.00096
17.01278
17.02454
17.0368
17.04897
17.06088
17.07222
17.08405
17.09533
17.10689
17.11859
17.13118
17.14348
17.15555
17.16716
17.17848
17.19019
17.20173
17.21301
17.22467
17.23604
17.24749
17.25987
17.27086
17.28273
17.29571
17.3084
17.32182
17.3352
17.34786
17.3605
17.37463
17.3876
17.39982
17.41223
17.42406
17.43627
17.44853
17.46198
17.47565
17.49006
17.50178
17.51717
17.52867
17.54046
17.55132
17.56274
17.57479
17.58652
17.6028
17.62122
17.63298
17.64446
17.65831
17.67117
17.68455
17.69828
17.7115
17.7247
17.73835
17.75158
17.76493
17.77772
17.79098
17.80383
17.81631
17.83109
17.84528
17.85818
17.87109
17.88296
17.89477
17.90653
17.91833
17.93018
17.94221
17.95479
17.96768
17.97997
17.9922
18.00491
18.01741
18.03015
18.04226
18.05506
18.06792
18.08034
18.10086
18.11402
18.12689
18.13891
18.1522
18.16507
18.17806
18.1909
18.20363
18.21587
18.22809
18.24005
18.25257
18.26467
18.27773
18.28992
18.30287
18.31532
18.32764
18.34015
18.35255
18.36474
18.37727
18.39445
18.40714
18.41958
18.43149
18.44382
18.45602
18.47553
18.48837
18.50047
18.51288
18.52508
18.53753
18.54964
18.56702
18.57913
18.59145
18.60364
18.61513
18.62712
18.63913
18.65104
18.6633
18.67604
18.68816
18.70008
18.7122
18.72537
18.73799
18.75065
18.76292
18.77486
18.78715
18.79932
18.81156
18.82461
18.83714
18.84915
18.86131
18.87309
18.88591
18.89795
18.91027
18.92287
18.93569
18.9475
18.95977
18.97176
18.98367
18.99541
19.00795
19.02032
19.03204
19.04453
19.05668
19.06925
19.08142
19.09339
19.10558
19.11876
19.13129
19.1439
19.15589
19.17334
19.18583
19.19875
19.21169
19.22439
19.237
19.24891
TARGET DESTROYED 
19.26141
19.27934
19.29202
19.30452
19.31648
19.32846
19.34026
19.35369
19.37243
19.38675
19.39853
19.411
19.42366
19.43574
19.44766
19.4597
19.47232
19.48442
19.49583
19.50779
19.51978
19.53122
19.54284
19.55544
19.56812
19.57979
19.59084
19.60761
19.61994
19.63218
19.64431
19.65646
19.66872
19.68096
19.69314
19.70505
19.71696
19.72898
19.74184
19.75534
19.7675
19.77953
19.79133
19.80403
19.81574
19.82793
19.84072
19.85312
19.86474
19.87733
19.88993
19.90202
19.91415
19.93175
19.94424
19.95656
19.96927
19.98153
19.99377
20.00614
20.01858
20.03087
20.04501
20.05765
20.07048
20.08263
20.09507
20.10788
20.12107
20.13419
20.14665
20.16029
20.17373
20.18612
20.19885
20.21158
20.22452
20.23749
20.24966
20.26242
20.27468
20.28758
20.30012
20.31254
20.32511
20.33748
20.34984
20.36369
20.37694
20.38946
20.40214
20.41452
20.42713
20.43982
20.45171
20.46422
20.47698
20.48939
20.50235
20.51502
20.52746
20.53981
20.55201
20.56395
20.57695
20.58955
20.60188
20.61393
20.62696
20.63916
20.65164
20.6636
20.67633
20.68885
20.70631
20.71853
20.73028
20.74296
20.7564
20.76882
20.78154
20.79407
20.80665
20.81917
20.83013
20.84233
20.85408
20.86564
20.87761
20.88971
20.90171
20.91425
20.92631
20.93803
20.94998
20.96167
20.97443
20.98667
20.9983
21.01044
21.02238
21.03396
21.04576
21.05751
21.06985
21.0814
21.09342
21.10497
21.1166
21.13114
21.14349
21.15563
21.1673
21.17908
21.19174
21.20484
21.21766
21.2297
21.24192
21.25338
21.26608
21.27868
TARGET DESTROYED 
21.29037
21.30799
21.32008
21.33253
21.34435
21.35648
21.36833
21.38011
21.39965
21.41315
21.42613
21.43788
21.45053
21.46776
21.48063
21.49325
21.50557
21.51783
21.52963
21.54217
21.55403
21.56563
21.57777
21.59019
21.60676
21.61918
21.63148
21.64405
21.65668
21.66933
21.68146
21.69404
21.70645
21.71912
21.7319
21.74591
21.75937
21.77174
21.78402
21.79622
21.80933
21.82257
21.83532
21.84883
21.86144
21.87399
21.88657
21.89928
21.91179
21.92513
21.93709
21.94919
21.96129
21.97421
21.98668
21.99929
22.01176
22.0245
22.03759
22.05002
22.06232
22.07503
22.08812
22.10075
22.11282
22.12547
22.13766
22.15019
22.16214
22.17456
22.18694
22.1994
22.21247
22.22615
22.23846
22.25108
22.26337
22.28097
22.29386
22.30614
22.31845
22.33054
22.34332
22.35652
22.36884
22.38189
22.39484
22.40736
22.42028
22.43282
22.44534
22.45774
22.46988
22.48196
22.49468
22.50657
22.51845
22.52982
22.54195
22.55367
22.56536
22.57725
22.58931
22.60144
22.61363
22.62645
22.63826
22.65021
22.66203
22.67456
22.68707
22.69929
22.71154
22.72393
22.73689
22.74966
22.76249
22.77545
22.78728
22.8006
22.81304
22.82623
22.83953
22.85198
22.86425
22.87682
22.88914
22.90208
22.91462
22.92805
22.94038
22.9533
22.96568
22.9785
22.99088
23.00358
23.01568
23.02801
23.04101
23.05341
23.06584
23.07851
23.0967
23.10969
23.12223
23.13482
23.14721
23.1599
23.17229
23.18477
23.19759
23.21074
23.22337
23.23637
23.24935
23.26196
23.27457
23.28778
23.30136
23.31351
23.32667
23.33917
23.35185
23.3643
23.37697
23.38962
23.40196
23.41421
23.42719
23.43988
23.45308
23.46561
23.47874
23.4912
23.50413
23.51679
23.52851
23.54569
23.55803
23.56975
23.58157
23.59748
23.61002
23.62284
23.63434
23.64637
23.65861
23.67068
23.68254
23.69907
23.71182
23.72462
23.73813
23.75146
23.7636
23.77629
23.78857
23.80096
23.81257
23.83096
23.84479
23.85723
23.86988
23.88137
23.89345
23.90529
23.92315
23.93519
23.94706
23.95929
23.97148
23.98333
23.99494
24.00691
24.019
24.03093
24.04296
24.05499
24.06701
24.07926
24.09198
24.10391
24.11628
24.1285
24.14081
24.15258
24.16427
24.17745
24.19006
24.20231
24.21465
24.22663
24.23882
24.25067
24.26291
24.27495
24.28811
24.30029
24.31201
24.32442
24.33735
24.34928
24.36126
24.37292
24.38484
24.39642
24.40886
24.42071
24.43297
24.44545
24.45818
24.46995
24.48225
24.49474
24.50661
24.51872
24.5303
24.54256
24.55499
24.56735
24.57924
24.59155
24.60357
24.61531
24.62748
24.63947
24.65166
24.66375
24.67714
24.68977
24.702
24.71414
24.7322
24.74534
24.75753
24.77061
24.783
24.85371
24.86756
24.87843
24.88958
24.90049
24.91187
24.92277
24.9337
24.9445
24.95506
24.96592
24.97662
24.98748
24.99832
25.00938
25.02003
25.03048
25.0419
25.05282
25.06435
25.0753
25.08609
25.09706
25.1083
25.1198
25.13059
25.14235
25.15308
25.16436
25.17595
25.18715
25.19807
25.20885
25.22004
25.23161
25.24273
25.25457
25.26562
25.28615
25.29819
25.30932
25.32102
25.33178
25.34289
25.35429
25.36574
25.37678
25.38766
25.39864
25.40987
25.42141
25.43286
25.44418
25.45582
25.46728
25.47831
25.49214
25.50271
25.51394
25.52517
25.53585
25.54636
25.56296
25.57391
25.58407
25.59873
25.6118
25.62491
25.6361
25.64721
25.65887
25.67046
25.68182
25.69281
25.70334
25.71429
25.72625
25.73756
25.74897
25.75964
25.77081
25.78219
25.79318
25.80438
25.81614
25.82675
25.83773
25.84991
25.86099
25.87234
25.88357
25.89417
25.90495
25.91628
25.92762
25.93818
25.94921
25.9599
25.97046
25.9815
25.9927
26.00308
26.01422
26.02534
26.03664
26.04763
26.05817
26.06892
26.08055
26.09193
26.10406
26.11596
26.12686
26.13827
26.14938
26.16084
26.17188
26.18288
26.19407
26.20558
26.21668
26.22775
26.23954
26.25036
26.26344
26.27611
26.28919
26.30741
26.3208
26.33375
26.34667
26.36036
26.37345
26.39612
26.40987
26.42293
26.43542
26.44748
26.45984
26.4726
26.48499
26.49743
26.50984
26.52271
26.53557
26.54832
26.56071
26.57309
26.58581
26.59799
26.61107
26.62329
26.63513
26.64719
26.65949
26.67132
26.68322
26.69481
26.70652
26.71801
26.72987
26.74273
26.75596
26.76806
26.78005
26.79241
26.80458
26.81694
26.82852
26.84095
26.85266
26.86494
26.87754
26.88985
26.9019
26.91356
26.92581
26.93788
26.95017
26.96258
26.97478
26.98608
26.99788
27.01015
27.02194
27.03401
27.04615
27.05874
27.07062
27.08252
27.09421
27.10632
27.12426
27.13643
27.14874
27.16095
27.1734
27.18631
27.19824
27.21055
27.22302
27.23515
27.24747
27.25997
27.2752
27.28922
27.30153
27.31298
27.32547
27.33751
27.34964
27.36443
