0.02
0.04
0.14
0.1836011
0.1978781
0.2090423
0.2195415
0.2311828
0.2448143
0.2578103
0.2686881
0.2796473
0.2930694
0.3022536
0.3130938
0.3246876
0.3355192
0.3467854
0.3630347
0.3729487
0.3825603
0.3922536
0.4026242
0.4143104
0.4250248
0.4359844
0.4476109
0.4587825
0.469488
0.4809188
0.4922595
0.5029801
0.514244
0.5254833
0.5364534
0.5476635
0.5593953
0.5743572
0.5839819
0.5936101
0.6038761
0.6145774
0.6259187
0.6370422
0.648269
0.6594255
0.6706023
0.6817302
0.6927494
0.7039477
0.7150468
0.7265061
0.7375481
0.7487233
0.7602211
0.7709584
0.7822345
0.7932891
0.8045287
0.8162065
0.8268465
0.8381063
0.8494405
0.8604626
0.8714918
0.8825781
0.893757
0.9078951
0.9187401
0.9297773
0.9414836
0.9522109
0.9636475
0.9754125
0.9872139
0.9980779
1.009379
1.020499
1.031792
1.043164
1.054451
1.065628
1.077338
1.088522
1.099869
1.111225
1.122255
1.13367
1.144434
1.155809
1.166849
1.178174
1.189324
1.200712
1.211585
1.222992
1.234094
1.245013
1.256782
1.267667
1.278603
TARGET DESTROYED 
1.293493
1.303228
1.312751
1.322791
1.332851
1.343646
1.35475
1.366162
1.377513
1.388562
1.399833
1.411437
1.421837
1.433
1.444109
1.455301
1.46639
1.477608
1.488941
1.500166
1.511135
1.522413
1.533738
1.544893
1.55616
1.567351
1.5782
1.589557
1.600609
1.611468
1.623201
1.634263
1.645102
1.656665
1.667666
1.67895
1.690539
1.701846
1.713463
1.72458
1.738626
1.74829
1.758455
1.768783
1.779846
1.791258
1.802292
1.81368
1.824935
1.835588
1.846981
1.858625
1.869402
1.880401
1.891604
1.902649
1.91408
1.92547
1.936246
1.94752
1.958674
1.969902
1.981017
1.992392
2.003227
2.014759
2.025932
2.037197
2.047912
2.059239
2.071167
2.085194
2.097767
2.108479
2.11817
2.128003
2.137526
2.14752
2.158266
2.169076
TARGET DESTROYED 
2.184016
2.194059
2.203578
2.213592
2.224966
2.235749
2.247137
2.258369
2.269824
2.280488
2.291663
2.302942
2.313973
2.326026
2.337441
2.348268
2.358745
2.369841
2.380962
2.39222
2.403291
2.414567
2.425886
2.43674
2.448096
2.459081
2.470498
2.481928
2.493133
2.504435
2.515955
2.527355
2.539126
2.549936
2.561149
2.573027
2.583979
2.595235
2.606714
2.617782
2.629138
2.640944
2.651795
2.663547
2.675004
2.685993
2.697592
2.713469
2.726535
2.736872
2.748361
2.7592
2.77044
2.781728
2.793109
2.804353
2.815284
2.826249
2.837332
2.848544
2.859754
2.870997
2.88593
2.896285
2.906081
2.916109
2.927002
2.938058
2.949341
2.960305
2.971844
2.982482
2.993937
3.00492
3.016168
3.027301
3.038743
3.04958
3.060863
3.071873
3.083278
3.094436
3.106525
3.116945
3.128374
3.139867
3.151505
3.162778
3.174304
3.18533
3.196838
3.209441
3.219441
3.231646
3.242774
3.253554
3.26568
3.276649
3.28767
3.298915
3.31029
3.322398
3.332972
3.344123
3.356034
3.366925
3.378398
3.39004
3.40127
3.412273
3.423767
3.4348
3.445485
3.456967
3.467846
3.479254
3.490756
3.501268
3.512465
3.524096
3.534888
3.546013
3.557605
3.56881
3.579789
3.592849
3.60357
3.614731
3.625597
3.636343
3.647039
TARGET DESTROYED 
3.663571
3.674402
3.686876
3.698462
3.709525
3.720395
3.731917
3.744314
3.756001
3.76687
3.777799
3.787959
3.798585
3.810112
3.821049
3.832002
3.843196
3.854511
3.865736
3.877197
3.888222
3.899173
3.910316
3.921388
3.932642
3.944022
3.954983
3.965977
3.97732
3.988486
3.999471
4.011102
4.022037
4.037832
4.048973
4.059932
4.070174
4.081661
4.092657
4.103477
4.116904
4.130246
4.143304
4.156021
4.169173
4.18248
4.195532
4.209202
4.222618
4.2356
4.249058
4.262358
4.276058
4.289308
4.30207
4.31938
4.333306
4.346081
4.359781
4.372731
4.386393
4.400015
4.413317
4.426318
4.439896
4.450417
4.461232
4.471726
4.482705
4.49374
4.504136
4.514862
4.525675
4.535758
4.546427
4.557863
4.569339
4.579871
4.591401
4.602525
4.613429
4.624869
4.6356
4.647092
4.658483
4.669472
4.680975
4.692072
4.702798
4.713959
4.725345
4.736286
4.74742
TARGET DESTROYED 
4.76324
4.773859
4.784505
4.795708
4.80636
4.816889
4.827804
4.839634
4.851092
4.861627
4.871982
4.882364
4.893435
4.904848
4.9164
4.927892
4.93959
4.951207
4.961772
4.973266
4.984532
4.995506
5.006715
5.017659
5.028923
5.040571
5.051201
5.06328
5.075219
5.086834
5.099037
5.111022
5.122928
5.135224
5.147086
5.159223
5.170896
5.183345
5.19558
5.207569
5.218878
5.230846
5.242611
5.259323
5.271809
5.283788
5.295613
5.307593
5.319374
5.331775
5.343597
5.355683
5.368243
5.378007
5.388563
5.398684
5.409373
5.419265
5.429547
5.440174
5.451404
5.462796
5.473814
5.484766
5.495942
5.507658
5.518158
5.529224
5.540724
5.551534
5.562988
5.574302
5.585448
5.596322
5.608938
5.618926
5.629789
5.641289
5.652199
5.663431
5.675255
5.685738
5.696789
5.709055
5.719311
5.730486
5.741601
5.75307
5.764736
5.775967
5.787634
5.798983
5.810492
5.822175
5.833416
5.844918
5.856551
5.867954
5.879454
5.890636
5.901937
5.91315
5.925226
5.936099
5.947574
5.959224
5.969929
5.981063
5.992696
6.003414
6.015269
6.025778
6.037157
6.048011
6.059288
6.070388
6.081685
6.092723
6.103945
6.115006
6.126322
6.137426
6.148787
6.171187
6.182151
6.192512
6.20259
6.212919
6.222817
6.233344
6.244134
6.255548
6.266496
6.277839
6.289113
6.300107
6.311148
6.322996
6.333803
6.344863
6.357248
6.367372
6.378269
6.389891
6.400611
6.412036
6.423621
6.438745
6.448931
6.459131
6.468553
6.478973
6.49042
6.501164
6.512267
6.524056
6.534994
6.545986
6.557817
6.56897
6.579373
6.59105
6.601852
6.613079
6.624125
6.63506
6.64646
6.657851
6.669017
6.680682
6.69207
6.703681
6.714962
6.726547
6.737802
6.748891
6.760471
6.771137
6.78245
6.793678
6.804939
6.816339
6.827698
6.839225
6.850343
6.861938
6.873426
6.884307
6.895912
6.907279
6.918555
6.929693
6.941445
6.952829
6.964147
6.975434
6.987169
6.997439
7.008995
7.020128
7.030977
7.042483
7.053365
7.064491
7.07575
7.087148
7.098989
7.109248
7.120433
7.131816
7.142679
7.153867
7.164999
7.176672
7.188312
7.198586
7.209811
7.220852
TARGET DESTROYED 
7.23542
7.246133
7.256704
7.266713
7.277261
7.287339
7.297821
7.308878
7.3202
7.331722
7.342914
7.354036
7.365111
7.375864
7.386992
7.398316
7.409288
7.420472
7.431627
7.44273
7.453934
7.4654
7.476538
7.488916
7.499116
7.509942
7.521
7.532238
7.543404
7.554457
7.565811
7.580281
7.590461
7.600495
7.610689
7.621445
7.633773
7.644103
7.654752
7.666083
7.677386
7.688271
7.699885
7.710852
7.729049
7.739266
7.749514
7.760343
7.770133
7.780643
7.790642
7.800649
7.81896
7.830463
7.841689
7.85271
7.863978
7.875085
7.886124
7.897431
7.908817
7.919631
7.930877
7.942129
7.953308
7.964183
7.975666
7.986709
7.997928
8.009135
8.020262
8.031429
8.04264
8.054339
8.065043
8.076165
8.087923
8.098752
8.110303
8.120698
8.1321
8.14309
8.154199
8.165432
8.176695
8.187682
8.199118
8.210252
8.222101
8.232413
8.243646
8.254869
8.266102
8.277215
8.288572
8.299413
8.310784
8.322757
8.333883
8.345387
8.357211
8.368529
8.379964
8.391749
8.403266
8.41428
8.426976
8.437472
8.448993
8.460704
8.471973
8.483115
8.494361
8.505486
8.516991
8.527812
8.53945
8.550068
8.561231
8.572585
8.584126
8.59483
8.606269
8.617423
8.629642
8.640688
8.65094
8.661783
8.673282
TARGET DESTROYED 
8.688113
8.699719
8.710275
8.720392
8.731347
8.746975
8.758903
8.769888
8.78057
8.791042
8.802154
8.813406
8.824514
8.835628
8.846642
8.858294
8.869194
8.880719
8.891848
8.902923
8.913764
8.925248
8.936283
8.947246
8.958856
8.969796
8.980807
8.992657
9.003222
9.014442
9.025634
9.037374
9.048013
9.05931
9.07022
9.081389
9.092633
9.103619
9.114883
9.126103
9.137806
9.148489
9.159583
9.17069
9.181817
9.193481
9.204245
9.215541
9.226643
9.238087
9.249666
9.261136
9.272758
9.285707
9.296152
9.307604
9.319493
9.329979
9.344898
9.355515
9.366473
9.376647
9.387298
9.398589
9.409431
9.420824
9.432497
9.443097
9.454117
9.46528
9.476564
9.487938
9.498745
9.510324
9.52123
9.532271
9.543388
9.554536
9.565428
9.576709
9.588013
9.599244
9.610187
9.621505
9.632532
9.644836
9.654919
9.666131
9.678076
9.68862
9.69988
9.711043
9.723976
9.734653
9.745495
9.758004
9.767694
9.778733
9.79082
9.801069
9.81245
9.824028
9.835255
9.845819
9.857834
9.868355
9.87948
9.891335
9.906468
9.91658
9.927489
9.937675
9.949031
9.95967
9.969521
9.980323
9.991339
10.00156
10.01203
10.02212
10.03222
10.04557
10.05595
10.06607
10.07674
10.08692
10.10069
