0.02
0.04
0.14
0.1746094
0.186207
0.1967697
0.207395
0.2223046
0.2334239
0.2453147
0.2560247
0.2672406
0.2777456
0.2908346
0.3002315
0.3115619
0.3222645
0.3333777
0.3445651
0.3560177
0.3670613
0.3780696
0.389587
0.4003714
0.4123438
0.4231519
0.4343521
0.4453456
0.4562953
0.4679917
0.4790686
0.4903637
0.5008813
0.5120295
0.5231703
0.5349177
0.545943
0.557079
0.5683247
0.5793334
0.5912717
0.6016958
0.6169625
0.6270889
0.6368564
0.6465035
0.6570784
0.6686956
0.6799558
0.6912981
0.7018496
0.7130283
0.7255719
0.7353541
0.7464955
0.7579164
0.7688714
0.7801049
0.7913417
0.8023891
0.8133962
0.8252703
0.8359652
0.8470499
0.8581673
0.8694913
0.8805891
0.8940327
0.9055472
0.9168975
0.9272504
0.938678
0.9496991
0.9607543
0.9726117
0.983187
0.9952328
1.006532
1.017668
1.028933
1.04038
1.051173
1.062794
1.074722
1.085516
1.09694
1.108491
1.119651
1.130876
1.142269
1.153826
1.1651
1.176068
1.187091
1.198324
1.209533
1.220915
1.232779
1.243072
1.254449
1.265399
1.276396
1.288684
1.298702
1.310803
1.321222
1.332353
1.343389
1.354893
1.365871
1.376987
1.388869
1.40032
1.41067
1.421869
1.432911
1.4441
1.455391
1.466513
1.477456
1.488947
1.499772
1.510891
1.522264
1.533346
1.544637
1.555972
1.567154
1.578009
1.589122
1.600552
1.611406
1.62297
1.634043
1.645066
1.656433
1.66744
1.678669
1.6899
1.701245
1.712067
1.723386
1.735071
1.745745
1.756845
1.767872
1.779176
1.790356
1.80154
1.812694
1.82849
1.838476
1.848732
1.859247
1.869177
1.879099
1.889523
1.899384
1.909676
1.920043
1.931182
1.942276
1.953704
1.964605
1.976084
1.987988
1.998233
2.00946
2.020842
2.031905
2.042863
2.054335
2.06516
2.076453
2.08779
2.098638
2.109891
2.12133
2.132029
2.143282
2.154713
2.165944
2.176981
2.188174
2.199066
2.210471
2.222424
2.233314
2.244853
2.256168
2.267471
2.278788
2.290462
2.301822
2.3131
2.324798
2.335879
2.347135
2.358617
2.370345
2.381407
2.392648
2.404834
2.415647
2.427291
2.438792
2.44921
2.460393
2.471801
2.482959
2.494036
2.505542
2.516276
2.52742
2.538869
2.549801
2.561311
2.572502
2.583151
2.594493
2.606121
TARGET DESTROYED 
2.625138
2.636948
2.656001
2.66855
2.678878
2.690129
2.701688
2.712327
2.724368
2.73649
2.747731
2.758525
2.768596
2.779473
2.791197
2.801716
2.81287
2.824617
2.83527
2.84656
2.857615
2.868822
2.880012
2.891135
2.902355
2.913501
2.924654
2.936198
2.947123
2.95818
2.973631
2.985115
2.995627
3.006634
3.016844
3.027209
3.037243
3.047455
3.05919
3.070241
3.081114
3.092888
3.103692
3.114404
3.12569
3.137049
3.148672
3.159727
3.171586
3.182835
3.194388
3.206037
3.217069
3.228198
3.239528
3.250585
3.26246
3.273067
3.284071
3.29524
3.306456
3.317692
3.328611
3.339972
3.351281
3.362697
3.374313
3.385144
3.396699
3.408299
3.420078
3.430819
3.441871
3.454004
3.464802
3.476098
3.488279
3.498924
3.509992
3.521714
3.53259
3.543814
3.555197
3.566282
3.577727
3.588805
3.599643
3.611038
3.622472
3.633247
3.644514
3.656718
3.667167
3.677863
3.68911
3.700176
3.71139
3.723572
TARGET DESTROYED 
3.739025
3.758046
3.77006
3.780333
3.791013
3.801851
3.812431
3.823141
3.833664
3.84394
3.854624
3.86528
3.87614
3.886744
3.897345
3.907728
3.918824
3.929724
3.941452
3.952246
3.963287
3.974768
3.98584
3.997299
4.00876
4.01944
4.030331
4.041532
4.053436
4.064289
4.075198
4.086442
4.097496
4.108549
4.119793
4.135684
4.146609
4.157482
4.16761
4.17851
4.18954
4.20029
4.211396
4.222135
4.232626
4.24365
4.255131
4.266182
4.276852
4.287823
4.299204
4.311196
4.322608
4.334084
4.345197
4.356368
4.368181
4.379371
4.391161
4.401731
4.412461
4.423655
4.434599
4.445603
4.456836
4.468044
4.479288
4.490343
4.501733
4.513289
4.524655
4.536098
4.547957
4.559025
4.569844
4.581621
4.593394
4.604334
4.61543
4.626663
4.638391
4.649169
4.660295
4.67204
4.683198
4.694238
4.705842
4.717052
4.727935
4.73924
4.750211
4.762402
4.772944
4.783714
4.795137
4.806201
4.817339
4.828659
4.839759
4.850797
4.862005
4.873503
4.884173
4.895605
4.906578
4.917762
4.928926
4.940174
4.951311
4.962532
4.973707
4.985916
4.998034
5.009446
5.020968
5.032019
5.043398
5.054486
5.065382
5.076627
5.087551
5.098336
5.109607
5.120464
5.131424
5.142137
5.152872
5.163539
5.174833
5.18626
5.19733
5.208512
5.219359
5.230135
5.241035
5.252206
5.263219
5.274284
5.285569
5.296579
5.308169
5.324248
5.335211
5.346029
5.357478
5.368115
5.379074
5.390401
5.401326
5.412913
5.424519
5.435392
5.446291
5.457239
5.468325
5.479666
5.49083
5.501633
5.51279
5.523524
5.534318
5.545651
5.556573
5.567297
5.57814
5.589777
5.600921
5.611749
5.623246
5.634085
5.644503
5.655855
5.666318
5.677176
5.688096
5.698537
5.709751
5.720985
5.731865
5.742818
5.75358
5.764942
5.776053
5.787454
5.79804
5.809443
5.820116
5.831346
5.842277
5.85315
5.863719
5.875264
5.885821
5.896684
TARGET DESTROYED 
5.912286
5.924308
5.935431
5.953119
5.965324
5.976375
5.987093
5.999261
6.010101
6.020994
6.032149
6.043641
6.054433
6.065465
6.077435
6.088637
6.099715
6.110901
6.122155
6.13305
6.144484
6.156196
6.166986
6.178185
6.189411
6.200216
6.211498
6.222416
6.233127
6.244488
6.255795
6.266444
6.277891
6.288493
6.299201
6.310421
6.322035
6.33289
6.344852
6.356093
6.366885
6.378176
6.389369
6.400332
6.41164
6.422936
6.433901
6.445534
6.456288
6.467028
6.477881
6.493981
6.505392
6.516084
6.527463
6.538557
6.549348
6.56042
6.571644
6.582111
6.593966
6.605469
6.615935
6.627177
6.638843
6.649491
6.660166
6.671216
6.682087
6.693028
6.703789
6.71513
6.727648
6.738942
6.750117
6.761199
6.773008
6.785152
6.796434
6.808126
6.819838
6.831608
6.84324
6.855084
6.867818
6.879898
6.891823
6.903774
6.915339
6.926694
6.938682
6.949988
6.961916
6.97363
6.984691
6.996674
7.008334
7.020253
7.032148
7.043812
7.055476
7.067159
7.079799
7.091442
7.102479
7.113883
7.125772
7.137803
7.14897
7.160166
7.172064
7.183969
7.195596
7.207476
7.219354
7.230864
7.242241
7.254447
7.265649
7.276856
7.288372
7.299663
7.311106
7.323081
7.334275
7.345957
7.357681
7.370601
7.381639
7.393045
7.404526
7.415561
7.426927
7.438654
7.44993
7.461934
7.474137
7.485731
7.497496
7.508817
7.520788
TARGET DESTROYED 
7.538161
7.549381
7.561063
7.572601
7.583782
7.596831
7.608585
7.620347
7.63218
7.650399
7.663093
7.674883
7.686397
7.703549
7.715526
7.727794
7.739126
7.750488
7.762785
7.77431
7.787312
7.798898
7.810293
7.822062
7.833816
7.845358
7.857071
7.868194
7.879733
7.891669
7.903496
7.915028
7.926309
7.937846
7.948886
7.960075
7.971124
7.982137
7.993656
8.005667
8.018188
8.029241
8.040521
8.051537
8.062621
8.073808
8.085032
8.096417
8.107512
8.118473
8.129806
8.141147
8.151999
8.163418
8.174461
8.185678
8.196792
8.208712
8.2216
8.232627
8.243693
8.255816
8.266637
8.277771
8.288786
8.299498
8.310428
8.321358
8.331915
8.343126
8.354185
8.364981
8.376041
8.387513
8.398364
8.409877
8.421481
8.432517
8.443415
8.454781
8.465731
8.476778
8.488087
8.498999
8.510495
8.522147
8.533358
8.545035
8.556839
8.568259
8.579795
8.591056
8.602325
8.613617
8.625975
8.637074
8.648266
8.659169
8.670931
8.682364
8.693866
8.705187
8.716411
8.727982
8.739627
8.750714
8.762177
8.77324
8.784071
8.796454
8.808441
8.819873
8.831351
8.842462
8.853135
8.863984
8.875135
8.88608
8.897747
8.909084
8.920071
8.930797
8.94725
8.958721
8.969494
8.980696
8.992321
9.003672
9.016062
9.027151
9.038349
9.049067
9.0602
9.071255
9.082072
9.094074
9.10533
9.115685
9.126782
9.138166
9.149069
9.160015
9.170898
9.18158
9.192451
9.203487
9.214301
9.225409
9.23628
9.247013
9.258137
9.268953
9.280147
9.291392
9.302952
9.313684
9.325906
9.336737
9.347859
9.358721
9.369807
9.380705
9.391936
9.403436
9.414381
9.425244
9.436896
9.44778
9.461253
9.472744
9.48355
9.494442
9.505965
9.516691
9.527962
9.539564
9.551208
9.562839
9.57422
9.585773
9.597462
9.608718
9.619628
9.630544
9.641761
9.653052
9.664377
9.67557
9.68757
9.698896
9.709665
9.720909
9.73175
9.743039
9.753857
9.764775
9.775927
9.787277
9.798333
9.810087
9.821548
9.832726
9.843932
9.855036
9.865678
9.878135
9.889373
9.90027
9.911319
9.92241
9.933056
9.944027
9.955482
9.966769
9.977786
9.988897
9.999993
10.01107
10.02258
10.03337
10.0447
10.05596
10.06706
10.0788
10.09003
10.10071
10.11215
10.12314
10.13423
10.14564
10.16217
10.17362
10.18554
10.19635
10.2076
10.21891
10.22987
10.24125
10.25225
10.26367
10.2747
10.28603
10.29695
10.30823
10.31945
10.33042
10.34213
10.35291
10.36394
10.37515
10.38653
10.39746
10.4091
10.41997
10.431
10.44237
10.45348
10.4644
10.47599
10.48707
10.49816
10.50925
10.52055
10.53163
10.54285
10.5547
10.56588
10.57736
10.58865
10.60003
10.61217
10.62409
10.64796
10.65956
10.67098
10.68285
10.69462
10.70656
10.7179
10.73001
10.74191
10.75507
10.76632
10.77731
10.78853
10.80021
10.81246
10.82572
10.83728
10.84875
10.86026
10.87206
10.88336
10.89473
10.90687
10.9184
10.92967
10.94175
10.95342
10.96505
10.97706
10.98939
TARGET DESTROYED 
11.00764
11.02034
11.03251
11.04502
11.05747
11.07534
11.08863
11.10084
11.11284
11.12756
11.13968
11.15088
11.16327
11.17601
11.18826
11.19912
11.21059
11.22205
11.23272
11.24356
11.25584
11.26845
11.27987
11.29078
11.30201
11.31298
11.32422
11.33563
11.34662
11.35772
11.36926
11.37999
11.39117
11.40247
11.41861
11.42987
11.44078
11.45109
11.46221
11.47322
11.48421
11.49477
11.50553
11.51637
11.52765
11.53926
11.55038
11.56195
11.57362
11.58456
11.59563
11.60747
11.61843
11.62975
11.64118
11.65197
11.66302
11.67432
11.68576
11.69719
11.7084
11.72035
11.73182
11.74323
11.75427
11.76599
11.77688
11.78838
11.80066
11.81251
11.82621
11.83837
11.84926
11.86121
11.8722
11.88323
11.89435
11.9064
11.91739
11.92835
11.93993
11.95057
11.96162
11.97311
11.98401
11.99529
12.00645
12.01864
12.03103
12.04219
12.05333
12.06545
12.0771
12.08856
12.09946
12.11075
12.12208
12.13288
12.1444
12.15595
12.1673
12.17852
12.19018
12.20126
12.21261
12.22432
12.2357
12.24702
12.25873
12.27031
12.28125
12.29261
12.30379
12.31521
12.32733
12.33871
12.35005
12.36165
12.37432
12.38557
12.39684
12.4079
12.4191
12.43054
12.4419
12.4534
12.46492
12.47632
12.48786
12.49915
12.51051
12.52205
12.53372
12.54511
12.55635
12.56732
12.57897
12.5908
12.60164
12.6132
12.62463
12.63637
12.64776
12.66424
12.67587
12.68872
12.70098
12.71256
12.72393
12.73455
12.74556
12.75648
12.76694
TARGET DESTROYED 
12.78331
12.79479
12.81237
12.8247
12.83624
12.84684
12.85755
12.86784
12.8784
12.88915
12.89959
12.91061
12.92175
12.93302
12.94385
12.95553
12.96627
12.97772
12.9887
12.99985
13.0109
13.02245
13.03319
13.0459
13.05665
13.06728
13.07854
13.0896
13.10016
13.1116
13.12271
13.13384
13.14493
13.15668
13.16746
13.17852
13.18968
13.20126
13.21228
13.22322
13.23455
13.24552
13.25664
13.26821
13.27932
13.29071
13.30163
13.31245
13.32394
13.33506
13.34666
13.35808
13.36984
13.38107
13.39276
13.40497
13.41631
13.42808
13.43941
13.45086
13.46223
13.47402
13.48526
13.49654
13.50752
13.51847
13.52972
13.54077
13.55198
13.56346
13.57489
13.58593
13.5976
13.60895
13.6225
13.63361
13.64503
13.65727
13.66901
13.68074
13.69223
13.70361
13.71455
13.72604
13.73794
13.74851
13.75974
13.771
13.782
13.79284
13.80425
13.81544
13.82692
13.83844
13.85088
13.86193
13.87422
13.88654
13.8988
13.91091
13.92342
13.93549
13.94784
13.96054
13.97244
13.98999
14.00187
14.0142
14.02708
14.03931
14.05112
14.06341
14.07605
14.08838
14.10041
14.11273
14.12603
14.13826
14.15505
14.17115
14.1882
14.19889
14.20969
14.22083
14.23125
14.24196
14.25185
14.26223
14.2732
14.28407
14.29538
14.30666
14.31774
14.32897
14.34022
14.35151
14.3627
14.37469
14.38498
14.39619
14.4071
14.41879
14.43
14.44075
14.45199
14.46284
14.47434
14.48578
14.49728
14.50938
14.52195
14.53324
14.54455
14.56051
14.57287
14.5841
14.59572
14.60829
14.62096
14.6331
14.64519
14.65718
14.67267
