0.02
0.04
0.14
0.179501
0.1920443
0.203119
0.2238826
0.2352332
0.2462085
0.2577388
0.2690082
0.2799453
0.2911702
0.3041915
0.3138634
0.3245423
0.3363346
0.3466676
0.3581094
0.3698882
0.3801902
0.3913076
0.4028965
0.4147902
0.4249658
0.4362378
0.4474046
0.4584616
0.4700952
0.4815882
0.493311
0.5048679
0.5164597
0.5265072
0.5368749
0.5487542
0.5590314
0.5703685
0.5810837
0.5922039
0.6042924
0.6146309
0.6299784
0.6403605
0.6592945
0.6706673
0.6815498
0.693083
0.704313
0.7151695
0.7267326
0.7378105
0.7486404
0.7603147
0.7711469
0.7823621
0.7934253
0.8048885
0.8162044
0.8271403
0.8382573
0.8491877
0.8608405
0.8716878
0.8827731
0.8938886
0.9052228
0.9162578
0.9275379
0.9425639
0.952264
0.9617773
0.9720135
0.9834096
0.9943593
1.005509
1.016732
1.027799
1.039015
1.05018
1.061508
1.073234
1.084055
1.095118
1.106311
1.117303
1.128358
1.139624
1.150962
1.162475
1.173947
1.18596
1.196877
1.208687
1.22028
1.231914
1.243043
1.255024
1.2662
1.276373
1.287482
1.298924
1.309879
1.321364
1.332515
1.344016
1.355691
1.366475
1.377781
1.389468
1.400624
1.41196
1.423076
1.434767
1.445861
1.45712
1.469185
1.479667
1.491388
1.502663
1.513394
1.524385
1.536879
1.546708
1.557711
1.57005
1.57996
1.594793
1.605016
1.614933
1.624967
1.634509
1.645561
1.656692
1.667861
1.678914
1.690239
1.701899
1.721687
1.732578
1.743417
1.753993
1.769116
1.779703
1.79057
1.800913
1.811463
1.821773
1.83228
1.843573
1.854738
1.86544
1.876838
1.888263
1.899114
1.910149
1.921537
1.93329
1.943821
1.954982
1.966112
1.977255
1.988416
1.999741
2.010958
2.021893
2.039541
2.052823
2.063196
2.074808
2.08555
2.097857
2.110506
2.121537
2.13401
2.144936
2.156114
2.167604
2.179207
2.191142
2.203919
2.214479
2.224879
2.235117
2.245448
2.256854
2.268188
2.278805
2.291523
2.301853
2.316473
2.327847
2.339954
2.350889
2.361804
2.372351
2.383368
2.394387
2.405465
2.416446
2.427126
2.437992
2.448924
2.459419
2.475576
2.487333
2.497554
2.508984
2.520144
2.530581
2.541641
2.552784
2.563871
2.575325
2.586406
2.597324
2.609236
2.620466
2.632088
2.644001
2.654979
2.665948
2.676834
2.687907
2.698799
2.709973
2.721071
2.732211
2.743146
2.754441
2.765579
2.776807
2.788524
2.800814
2.812427
2.823874
2.834751
2.845984
2.857828
2.868909
2.880935
2.893369
2.904579
2.915747
2.926771
2.938565
2.949704
2.960717
2.971738
2.98251
2.994205
3.00499
3.016688
3.027828
3.038597
3.049538
3.067302
3.079717
3.091449
3.102545
3.113664
3.125261
3.136575
3.147815
3.159351
3.170546
3.181829
3.198897
3.210479
3.221815
3.233307
3.24517
3.256495
3.268864
3.279998
3.291451
3.302194
3.31339
3.325227
3.336061
3.347294
3.358381
3.369353
3.379766
3.390651
3.40182
3.412448
3.424244
3.434641
3.449069
3.460274
3.471091
3.482396
3.493441
3.504317
3.514467
3.525353
3.536275
3.546479
3.556908
3.567366
3.577978
3.588077
3.59822
3.613207
3.624584
3.635176
3.646105
3.657367
3.668356
3.679073
3.690799
3.702002
3.713239
3.724974
3.736539
3.747676
3.759002
3.770873
3.781884
3.793472
3.804571
3.815295
3.826517
3.837374
3.847724
3.858806
3.869824
3.880648
3.895795
3.907278
3.923457
3.934836
3.946541
3.958163
3.969724
3.981076
3.992508
4.003788
4.015125
4.0262
4.037671
4.049212
4.064437
4.076668
4.08847
4.099991
4.111879
4.123398
4.134731
4.146045
4.157502
4.168375
4.179248
4.190826
4.202024
4.213697
4.225573
4.237664
4.250398
4.262104
4.273672
4.285179
4.296385
4.308144
4.320244
4.33189
4.344084
4.356792
4.368237
4.379475
4.391133
4.40268
4.414159
4.426454
4.438304
4.450402
4.461788
4.474448
4.487105
4.499259
4.510733
4.523195
4.535419
4.54683
4.558314
4.570062
4.581111
4.592764
4.604658
4.61616
4.627818
4.639304
4.651152
4.668175
4.679978
4.691935
4.703236
4.714512
4.726052
4.737774
4.749082
4.76085
4.772617
4.784026
4.795309
4.807076
4.818926
4.830579
4.842722
4.854747
4.866366
4.878169
4.890254
4.902037
4.913739
4.926356
4.93762
4.949093
4.960475
4.972013
4.983304
4.995432
5.007189
5.018767
5.030257
5.041818
5.053698
5.066483
5.078214
5.089964
5.10188
5.113225
5.125293
5.136653
5.14861
5.160927
5.172453
5.183763
5.194986
5.207114
5.218107
5.229669
5.241848
5.253508
5.265011
5.277091
5.288446
5.300082
5.311681
5.323438
5.335456
5.347509
5.359702
5.371267
5.382937
5.395541
5.412629
5.424108
5.435318
5.446354
5.457426
5.468901
5.480264
5.496205
5.507859
5.518612
5.529395
5.540805
5.552222
5.563188
5.574485
5.585801
5.596731
5.612891
5.624785
5.635947
5.64716
5.658812
5.669854
5.681335
5.692769
5.709034
5.721518
5.733363
5.745486
5.758747
5.771337
5.783471
5.795681
5.808781
5.822615
5.837229
5.851197
5.864909
5.880122
5.895802
5.910606
5.925936
5.941024
5.956042
5.968684
5.980776
5.993464
6.006172
6.01902
6.031328
6.043674
6.055771
6.068369
6.080836
6.094235
6.106632
6.119538
6.132204
6.145586
6.158754
6.171247
6.188857
6.2022
6.215459
6.228207
6.242296
6.256045
6.268891
6.281196
6.294733
6.307061
6.320296
6.333248
6.346652
6.359574
6.37234
6.385456
6.398489
6.412308
6.42555
6.438579
6.451642
6.464245
6.477463
6.490083
6.502253
6.513959
6.526402
6.538344
6.550968
6.562395
6.574635
6.586668
6.599035
6.61061
6.622202
6.634475
6.646335
6.65804
6.669294
6.681138
6.69397
6.706103
6.718567
6.730577
6.742574
6.754706
6.76664
6.778728
6.791325
6.803132
6.815
6.849457
6.862441
6.874699
6.886525
6.898932
6.911565
6.923556
6.935617
6.948687
6.966038
6.978271
6.99027
7.002244
7.013786
7.026517
7.037664
7.048538
7.059965
7.071141
7.082286
7.098128
7.110548
7.123061
7.135164
7.147506
7.160054
7.171868
7.183381
7.195479
7.207584
7.219493
7.231721
7.244858
7.25677
7.26919
7.28086
7.292872
7.3052
7.31745
7.329987
7.342582
7.355088
7.366781
7.379952
7.39243
7.404375
7.416446
7.428277
7.440845
7.453211
7.4656
7.478281
7.490806
7.503648
7.515264
7.527024
7.539181
7.551266
7.56337
7.575044
7.587488
7.599038
7.615078
7.626675
7.638472
7.649595
7.661407
7.674037
7.685629
7.696706
7.712754
7.729891
7.743057
7.755595
7.768656
7.781251
7.794065
7.806054
7.818799
7.830672
7.843152
7.855428
7.868177
7.880278
7.892694
7.905117
7.917879
7.930163
7.943131
7.956801
7.969178
7.980938
7.993279
8.00603
8.018907
8.031129
8.043662
8.05623
8.068524
8.081245
8.094321
8.106336
8.119459
8.132115
8.145496
8.158456
8.17041
8.182449
8.195069
8.208218
8.221622
8.233716
8.247639
8.25972
8.272134
8.28488
8.296953
8.309196
8.321933
8.334038
8.34669
8.359406
8.371614
8.384271
8.39636
8.40891
8.420907
8.433228
8.444794
8.457115
8.469245
8.480923
8.498735
8.51127
8.523553
8.535165
8.547741
8.560101
8.572136
8.584669
8.596704
8.609083
8.62197
8.634769
8.646228
8.657521
8.668895
8.679983
8.69129
8.702681
8.714037
8.729912
8.742106
8.754795
8.767126
8.779728
8.791953
8.804528
8.817131
8.829505
8.841833
8.853966
8.866001
8.877929
8.890537
8.903241
8.915276
8.926864
8.938819
8.951143
8.964171
8.976878
8.989198
9.001438
9.013433
9.026378
9.038438
9.050463
9.062769
9.074891
9.087187
9.099622
9.11202
9.124609
9.136684
9.149207
9.161304
9.174452
9.186333
9.198398
9.210751
9.223193
9.241368
9.253909
9.266232
9.278818
9.290999
9.302834
9.315114
9.327344
9.340196
9.352702
9.365302
9.378116
9.390388
9.402292
9.414474
9.426935
9.439137
9.451442
9.463395
9.475682
9.48849
9.501113
9.513014
9.524794
9.53679
9.548052
9.559899
9.57152
9.583891
9.595494
9.6118
9.62459
9.637051
9.649923
9.662285
9.674874
9.687304
9.700204
9.712243
9.724799
9.737247
9.749655
9.761777
9.774219
9.786551
9.798563
9.811415
9.824063
9.836077
9.848431
9.861086
9.873612
9.886921
9.899041
9.910998
9.924063
9.936707
9.94907
9.961709
9.974569
9.986658
10.00469
10.01708
10.02959
10.04208
10.05418
10.0665
10.07879
10.09132
10.10443
10.11684
10.1292
10.14251
10.15569
10.16844
10.18044
10.19348
10.20539
10.21769
10.2299
10.2431
10.25652
10.26829
10.27997
10.29131
10.30287
10.31543
10.32688
10.33918
10.35075
10.36236
10.37432
10.3861
10.39837
10.41061
10.4221
10.43338
10.44498
10.45668
10.46895
10.4822
10.50762
10.51941
10.53081
10.54367
10.55606
10.56863
10.58029
10.59607
10.60968
10.62227
10.63573
10.64956
10.66162
10.67465
10.68679
10.69956
10.71241
10.72518
10.73859
10.75107
10.76335
10.77641
10.78926
10.80175
10.81461
10.82746
10.84537
10.85825
10.87092
10.88317
10.89546
10.90864
10.92105
10.93408
10.94681
10.95974
10.9722
10.98471
10.99681
11.00931
11.02194
11.03498
11.04714
11.05957
11.07138
11.08431
11.09685
11.10984
11.12219
11.13566
11.14846
11.16101
11.17459
11.18726
11.20008
11.2126
11.22606
11.23933
11.25154
11.26369
11.27628
11.28885
11.30125
11.31385
11.32671
11.33923
11.3523
11.36514
11.37771
11.39073
11.40307
11.41542
11.42838
11.441
11.45385
11.46686
11.47916
11.49216
11.50479
11.51658
11.52838
11.5403
11.55212
11.56391
11.57579
11.58855
11.60457
11.62229
11.63563
11.64809
11.66038
11.67276
11.68507
11.69709
11.7101
11.72273
11.736
11.74823
11.7612
11.7739
11.78681
11.79918
11.81161
11.82398
11.83651
11.84881
11.8618
11.87408
11.88678
11.89919
11.91156
11.92424
11.93605
11.94846
11.96064
11.97404
11.98657
11.99888
12.01188
12.02503
12.0383
12.05093
12.06296
12.07532
12.0876
TARGET DESTROYED 
12.09987
12.12219
12.13553
12.14806
12.16057
12.17393
12.19444
12.20853
12.22104
12.23338
12.24712
12.25988
12.2719
12.28387
12.29606
12.30819
12.32079
12.33441
12.34811
12.36553
12.37793
12.39044
12.40248
12.41498
12.42727
12.4401
12.45289
12.46513
12.47842
12.4912
12.50372
12.51684
12.52902
12.54098
12.55332
12.56569
12.57788
12.58998
12.60198
12.61417
12.6264
12.6383
12.65134
12.66417
12.67686
12.68981
12.70135
12.71317
12.72589
12.738
12.75056
12.76338
12.7758
12.78799
12.80037
12.81239
12.82523
12.83734
12.84943
12.86176
12.87543
12.88758
12.90002
12.91272
12.92549
12.93754
12.94954
12.96182
12.97507
12.98749
13.00003
13.01253
13.02491
13.03655
13.04911
13.06172
13.07444
13.08714
13.09938
13.11142
TARGET DESTROYED 
13.12942
13.14742
13.16053
13.17325
13.18539
13.19783
13.20993
13.22266
13.23484
13.2468
13.25907
13.27127
13.28571
13.30549
13.31969
13.33186
13.34472
13.35747
13.3696
13.38183
13.39366
13.40604
13.41795
13.4299
13.44278
13.45522
13.46799
13.48003
13.49273
13.50615
13.51802
13.53017
13.54153
13.55418
13.56587
13.57739
13.58985
13.60625
13.61911
13.63185
13.6447
13.65856
13.67139
13.6838
13.69636
13.70988
13.72269
13.73623
13.74954
13.76247
13.77539
13.78836
13.80257
13.81581
13.82848
13.84118
13.85437
13.86755
13.88046
13.89846
13.9125
13.9251
13.93729
13.9498
13.9624
13.9769
13.99033
14.00277
14.01532
14.02799
14.04076
14.05273
14.06556
14.07847
14.09095
14.10378
14.11656
14.12912
14.14193
14.15471
14.16736
14.17982
14.19395
14.20711
14.21989
14.23217
14.24522
14.25823
14.27066
14.28305
14.29594
14.30876
14.32163
14.33471
14.34809
14.36149
14.37526
14.38793
14.40051
14.41333
14.42741
14.44077
14.45338
14.46617
14.47858
14.49158
14.50527
14.51916
14.53271
14.54527
14.55804
14.57047
14.5836
14.59627
14.6098
14.62281
14.63575
14.64858
14.66582
TARGET DESTROYED 
14.67898
14.69842
14.7183
14.73256
14.74677
14.75963
14.77287
14.78581
14.79898
14.81194
14.82464
14.83792
14.85135
14.86431
14.87733
14.89036
14.90331
14.91638
14.92942
14.94244
14.95639
14.9693
14.9826
14.99406
15.00636
15.01884
15.0315
15.04323
15.0556
15.06703
15.07968
15.09157
15.10373
15.11598
15.12838
15.14037
15.15274
15.16533
15.17746
15.18988
15.20285
15.21449
15.22618
15.24018
15.25266
15.26453
15.27604
15.28778
15.3
15.31219
15.32579
15.33896
15.35174
15.36447
15.37797
15.3908
15.40352
15.41591
15.43352
15.44665
15.46006
15.47322
15.48604
15.49877
15.51059
15.52374
15.53643
15.54902
15.56178
15.57454
15.58623
15.59789
15.6137
15.62582
15.63881
15.64972
15.6614
15.67317
15.68478
15.69616
15.71218
15.72523
15.73751
15.74999
15.76205
15.77477
15.78841
15.80113
15.81369
15.82605
15.83952
15.85185
15.86426
15.87679
15.88984
15.90178
15.91434
15.92653
15.93903
15.9513
15.96347
15.97538
15.98774
15.99889
16.00961
16.02026
16.03138
16.04225
TARGET DESTROYED 
16.05355
16.06922
16.08072
16.09148
16.10257
16.12078
16.13321
16.14434
16.15545
16.17181
16.18251
16.19363
16.20528
16.21555
16.22676
16.24158
16.2536
16.26447
16.27487
16.28617
16.29717
16.30816
16.31963
16.33062
16.34185
16.35309
16.36395
16.37585
16.38673
16.39744
16.40888
16.42014
16.43116
16.44232
16.45393
16.46447
16.47588
16.48707
16.49832
16.50922
16.52059
16.5316
16.5429
16.5553
16.56866
16.58168
16.59431
16.6073
16.61984
16.63226
16.64513
16.65764
16.66998
16.68253
16.69517
16.70803
16.72109
16.73352
16.74606
16.75856
16.7718
16.78548
16.79882
16.81217
16.82427
16.83597
16.84781
16.85984
16.87287
16.88472
16.89665
16.90836
16.92511
16.93744
16.9496
16.96206
16.97433
16.98813
17.00059
17.01272
17.02518
17.03712
17.04883
17.06082
17.073
17.08472
17.09734
17.10943
17.12249
17.13513
17.14737
17.15916
17.17093
17.18346
17.19558
17.20787
17.22022
17.23244
17.24487
17.25711
17.26931
17.28086
17.29294
17.30503
17.3168
17.32871
17.34158
17.35393
17.36649
17.37828
17.39106
17.4032
17.4155
17.42772
17.44004
17.45191
17.46387
17.47536
17.48796
17.4999
17.51103
17.52256
17.53345
17.54395
17.55451
17.56478
17.57528
17.58558
17.59615
17.61172
17.62332
17.63442
17.646
17.65752
17.66851
17.68482
17.69611
17.70702
17.71762
17.72877
17.73993
17.75097
17.76232
17.77377
17.78501
17.79671
17.80804
17.81945
17.83053
17.84213
17.8534
17.86496
17.8758
17.88743
17.89832
17.90968
17.92108
17.93169
17.94355
17.95534
17.96628
17.97768
17.98918
18.00127
18.01311
18.02402
18.03514
18.04653
18.05736
18.06793
18.07995
18.09087
18.1018
18.114
18.12574
18.1375
18.1489
18.16024
18.17188
18.1825
18.1939
18.20605
18.21869
18.22969
18.24111
18.25233
18.26364
18.2742
18.28592
18.29742
18.30827
18.31977
18.33125
18.34281
18.35416
18.36479
18.37615
18.38758
TARGET DESTROYED 
18.39792
18.41958
18.431
18.44293
18.4618
18.47434
18.48697
18.49826
18.50919
18.52033
18.53146
18.54214
18.5538
18.56531
18.57624
18.58753
18.59877
18.60993
18.6211
18.6323
18.64343
18.65485
18.6655
18.67637
18.68776
18.69901
18.7103
18.72164
18.73219
18.74337
18.7553
18.76648
18.7773
18.78846
18.79893
18.81031
18.82135
18.83258
18.84382
18.85534
18.86598
18.87724
18.88836
18.89952
18.91103
18.92212
18.9331
18.94429
18.95563
18.96706
18.97874
18.99045
19.00215
19.01442
19.03332
19.04565
19.05748
19.06878
19.07981
19.09131
19.10237
19.11362
19.12563
19.14193
19.15338
19.16485
19.1769
19.18862
19.19945
19.21084
19.22272
19.23527
19.2475
19.25884
19.27072
19.28178
19.29264
19.30375
19.31485
19.32659
19.33926
19.35016
19.3611
19.37236
19.38327
19.39425
19.4053
19.41591
19.42677
19.43897
19.44966
19.4613
19.47256
19.48326
19.49447
19.50698
19.51944
19.53188
19.54216
19.55289
19.56248
19.57221
19.58219
19.61568
19.63069
19.64065
19.64998
19.66161
19.67193
19.68202
19.6931
19.70801
19.71816
19.72887
19.73922
19.74914
19.75968
19.771
19.78192
19.79333
19.80438
19.81556
19.82673
19.83797
19.85048
19.86453
19.8775
19.89599
19.90918
19.92225
19.93485
19.94788
19.96049
19.97376
19.98655
20.00071
20.01424
20.02727
20.04118
20.05412
20.06812
20.08113
20.09399
20.10739
20.1202
20.13409
20.14731
20.16035
20.17174
20.18433
20.19676
20.20909
20.22235
20.23465
20.24767
20.25969
20.27278
20.28528
20.29778
20.30952
TARGET DESTROYED 
20.32276
20.34148
20.35403
20.36631
20.3786
20.39073
20.40344
20.41624
20.42895
20.44131
20.45324
20.4643
20.47554
20.4939
20.50694
20.51951
20.53034
20.5421
20.55378
20.56455
20.57548
20.58637
20.5976
20.60935
20.62047
20.63127
20.64246
20.65358
20.66943
20.68108
20.69229
20.70364
20.71454
20.72567
20.73767
20.74811
20.75907
20.77053
20.78133
20.79223
20.80343
20.81459
20.82575
20.83733
20.84785
20.85878
20.86926
20.88005
20.89193
20.90318
20.91403
20.92508
20.93589
20.94712
20.9581
20.96908
20.98008
20.99093
21.00217
21.01414
21.0246
21.03591
21.0469
21.05754
21.06848
21.08195
21.09429
21.10688
21.11922
21.13134
21.14451
21.15655
21.16813
21.18056
21.19256
21.20544
21.21709
21.23009
21.24341
21.2564
21.26805
21.28033
21.29166
21.3041
21.3167
21.32845
21.34124
21.35342
21.36541
21.37717
21.38985
21.4021
21.41429
21.42598
21.43792
21.45531
21.46699
21.47911
21.49102
21.50241
21.51574
21.52838
21.54122
21.55464
21.56768
21.58012
21.59243
21.60836
21.62018
21.63213
21.64372
21.65627
21.66823
21.68077
21.69239
21.70494
21.71687
21.72903
21.74085
21.75425
21.76797
21.78148
21.79454
21.80792
21.82145
21.83533
21.8487
21.86233
21.87582
21.88962
21.90344
21.91675
21.93032
21.9439
21.95781
21.97112
21.98468
21.99799
22.01053
22.02302
22.03489
22.04748
22.0596
22.07197
22.08386
22.09613
22.10802
22.12019
22.13289
22.14515
22.1575
22.16963
22.18212
22.19436
22.20685
22.21936
22.23199
22.2447
22.25722
22.26956
22.28678
22.29878
22.31091
22.32334
22.3359
22.34827
22.3616
22.37362
22.38572
22.3981
22.41118
22.4238
22.43633
22.44885
22.46092
22.4733
22.48559
22.49783
22.50947
22.52283
22.53426
22.54736
22.55884
22.57096
22.5819
22.59371
22.60571
22.61742
22.62955
22.64207
22.65412
22.666
22.67791
22.69028
22.70199
22.71416
22.72624
22.73924
22.75161
22.76396
22.77559
22.78835
22.79977
22.81132
22.8233
22.83504
22.84715
22.85888
22.87074
22.88242
22.89413
22.90637
22.91821
22.93031
22.9419
22.95441
22.96568
22.97794
22.99088
23.00406
23.01665
23.02941
23.04073
23.0523
23.06426
23.07627
23.09284
23.10523
23.11675
23.12917
23.1417
23.15441
23.16666
23.17882
23.19049
23.20235
23.21388
23.22533
23.23816
23.24979
23.26174
23.27398
23.28581
23.29866
23.31059
23.32287
23.33435
23.34652
23.35804
23.37001
23.38183
23.39416
23.40688
23.41912
23.43132
23.444
23.45708
23.46959
23.48204
23.49422
23.50682
23.51856
23.52995
23.54198
23.55407
23.56579
23.57835
23.59046
23.60258
23.61966
23.6309
23.64283
23.65418
23.66509
23.67696
23.68816
23.6989
23.71388
23.72537
23.73743
23.74845
23.76015
23.77256
23.78455
23.79742
23.8093
23.82165
23.8336
23.84542
23.85699
23.86884
23.88571
23.89753
23.90897
23.92127
23.93279
23.94453
23.95647
23.96825
23.97978
23.99187
24.00466
24.01721
24.0294
24.04204
24.0543
24.06622
24.07822
24.08988
24.10092
24.11333
24.12532
24.14038
24.15375
24.16605
24.17812
24.19042
24.20236
24.21394
24.22542
24.24158
