0.02
0.04
0.14
0.174833
0.1889531
0.2035893
0.2167695
0.2284569
0.2397764
0.2512473
0.2621546
0.2733593
0.2843339
0.2973495
0.3083979
0.3245621
0.3356526
0.3464485
0.3578322
0.3686884
0.3794824
0.390715
0.4020329
0.4127255
0.4240838
0.4352099
0.4461665
0.4581427
0.469399
0.4801289
0.4910034
0.5028112
0.5138096
0.5251236
0.5366288
0.5481123
0.5600968
0.5713477
0.5825321
0.5932225
0.6047765
0.616882
0.6292107
0.6403971
0.6515651
0.6623239
0.6736485
0.6848451
0.6960469
0.7071104
0.7180225
0.7292829
0.7408882
0.7528849
0.7703808
0.7818931
0.7927384
0.8039899
0.8151798
0.8263354
0.8379378
0.8494886
0.8605168
0.872237
0.8834577
0.8952636
0.9071069
0.919179
0.930692
0.9427666
0.9538965
0.9650922
0.9770452
0.9880615
1.000105
1.012706
1.024568
1.036689
1.047753
1.058888
1.070416
1.081782
1.092789
1.104929
1.11685
1.128334
1.139549
1.151228
1.162706
1.174245
1.185505
1.196483
1.207668
1.22361
1.235604
1.246919
1.258445
1.26986
1.280763
1.291996
1.303856
1.314718
1.325973
1.337254
1.348383
1.35995
1.371755
1.383455
1.395468
1.406709
1.418408
1.429555
1.440924
1.451992
1.463117
1.474544
1.486054
1.497744
1.509261
1.520867
1.53196
1.542908
1.55439
1.56593
1.578207
1.58997
1.601123
1.612793
1.624068
1.63531
1.64608
1.662053
1.673462
1.685118
1.696402
1.707528
1.719074
1.730031
1.741438
1.753208
1.764417
1.775919
1.787502
1.799024
1.810218
1.821867
1.832946
1.843959
1.85552
1.867387
1.878784
1.890849
1.902612
1.913767
1.925355
1.936579
1.947532
1.959397
1.971343
1.98288
1.994923
2.007586
2.018854
2.030195
2.041648
2.05308
2.066768
2.078506
2.089809
2.101408
2.118188
2.129071
2.1405
2.1518
2.162802
2.174973
2.186165
2.197307
2.208804
2.220812
2.232841
2.244429
2.256311
2.267828
2.27864
2.290122
2.301552
2.312409
2.32373
2.335195
2.346025
2.357245
2.369008
2.380225
2.391699
2.40341
2.417357
2.42832
2.43991
2.451018
2.461792
2.473752
2.485987
2.496919
2.508379
2.520227
2.531919
2.543139
2.559293
TARGET DESTROYED 
2.579095
2.591119
2.602797
2.614005
2.626062
2.637984
2.657592
2.670686
2.682431
2.693995
2.706362
2.717719
2.728786
2.740199
2.751818
2.763244
2.775345
2.787117
2.798732
2.809976
2.821482
2.83313
2.844558
2.856554
2.868465
2.879505
2.890954
2.902886
2.914259
2.925748
2.937312
2.948787
2.960282
2.971514
2.983367
2.994589
3.011325
3.022788
3.034376
3.045463
3.057275
3.068968
3.079779
3.091037
3.102832
3.113613
3.12507
3.137054
3.148285
3.160006
3.171444
3.182703
TARGET DESTROYED 
3.198634
3.210541
3.222028
3.233407
3.245444
3.257875
3.27659
3.289433
3.301436
3.313196
3.324602
3.336902
3.348381
3.359898
3.371983
3.383649
3.394819
3.406427
3.418319
3.429587
3.441106
3.457735
3.469323
3.480487
3.49205
3.503878
3.515264
3.526689
3.538372
3.549944
3.561259
3.573224
3.584909
3.596596
3.608277
3.620308
3.63176
3.642962
3.655327
3.667207
3.678426
3.69006
3.701224
3.712491
3.724113
3.736004
3.747529
3.758919
3.771216
3.782849
3.79425
3.80549
3.817391
3.828866
3.840666
3.852589
3.864717
3.876761
3.888509
3.900873
3.917216
3.928421
3.940563
3.952018
3.96318
3.974781
3.987313
3.999168
4.010869
4.022262
4.034453
4.045689
4.057937
4.06978
4.081125
4.092471
4.104202
4.115838
4.127188
4.138691
4.15038
4.161714
4.173313
4.185316
4.196507
4.208383
4.219994
4.231819
4.243617
4.255671
4.267474
TARGET DESTROYED 
4.284271
4.295754
4.307765
4.319895
4.331478
4.343381
4.3672
4.379658
4.391212
4.40365
4.415658
4.426999
4.438388
4.449626
4.460874
4.472436
4.484792
4.496297
4.507876
4.519604
4.530965
4.542728
4.554791
4.566683
4.57876
4.590896
4.602682
4.614015
4.625539
4.636944
4.648779
4.660457
4.672618
4.684579
4.696148
4.707505
4.719073
4.730884
4.742579
4.754692
4.766221
4.777587
4.789356
4.801584
4.81305
4.829624
4.841404
4.853276
4.864957
4.876587
4.88867
4.901449
4.912992
4.924632
4.936497
4.948081
4.960072
4.971876
4.983633
4.99615
5.007909
5.019709
5.031025
5.042384
5.054219
5.06616
5.077947
5.090569
5.102676
5.115202
TARGET DESTROYED 
5.130869
5.142645
5.154685
5.166205
5.177495
5.189052
5.200989
5.212411
5.224083
5.235932
5.247206
5.258631
5.270987
5.294075
5.307502
5.320039
5.331609
5.342841
5.354685
5.366478
5.377582
5.388843
5.400157
5.411914
5.423936
5.435336
5.446516
5.458026
5.469724
5.480942
5.492681
5.504142
5.516088
5.52727
5.539217
5.551518
5.563279
5.575634
5.587817
5.599576
5.610508
5.621815
5.633399
5.645132
5.656808
5.668581
5.679764
5.691448
5.703255
5.714978
5.727025
5.743813
5.75593
5.767311
5.778133
5.789654
5.800829
5.811846
5.822851
5.83451
5.84586
5.857657
5.869047
5.880368
5.891988
5.905762
5.917381
5.929757
5.94147
5.953115
5.964607
5.977005
5.988791
6.00113
6.013023
6.024333
6.035723
6.046854
6.058572
6.070214
6.081759
6.093045
6.105
6.117207
6.128453
6.140827
6.152784
6.164501
6.176302
6.188226
6.204578
6.215768
6.227035
6.238624
6.250121
TARGET DESTROYED 
6.266221
6.277646
6.289078
6.301153
6.3126
6.324036
6.336611
6.349001
6.366889
6.379354
6.390725
6.402375
6.414838
6.426167
6.437871
6.449574
6.460749
6.471955
6.483575
6.49487
6.506596
6.518772
6.530108
6.541368
6.553613
6.565212
6.576777
6.588511
6.600545
6.612002
6.623839
6.635716
6.646603
6.662683
6.674799
6.686339
6.69769
6.709007
6.720719
6.732945
6.744791
6.756682
6.768245
6.779222
6.79082
6.802759
6.814713
6.826324
6.837812
6.849386
6.862189
6.873527
6.88555
6.89821
6.910603
6.922186
6.933384
6.944684
6.956299
6.968201
6.986745
6.998961
7.01088
7.022457
7.034538
7.04555
7.057299
7.068734
7.080617
7.091863
7.103585
7.115514
7.13221
7.14365
7.155118
7.16667
7.178625
7.18991
7.201853
7.213185
7.22624
7.237919
7.2495
7.260825
7.272067
7.2839
7.295196
7.307102
7.319389
7.33063
7.341996
7.353167
7.364734
7.376025
7.387761
7.398989
7.411138
7.423127
7.435615
TARGET DESTROYED 
7.451694
7.462955
7.474405
7.486253
7.498438
7.509616
7.520959
7.531879
7.542879
7.554655
7.56614
7.582335
7.594176
7.611921
7.624377
7.636107
7.647108
7.658737
7.67028
7.690512
7.702329
7.713632
7.724831
7.735974
7.747098
7.758602
7.770471
7.782317
7.793895
7.805697
7.817536
7.828654
7.839929
7.851783
7.863208
7.874339
7.885891
7.898579
7.909681
7.921416
7.932547
7.945002
7.956355
7.967336
7.97832
7.989494
8.002336
8.01326
8.024529
8.035889
8.046883
8.063712
8.074999
8.086384
8.09774
8.108951
8.120391
8.131828
8.143034
8.154525
8.165732
8.177186
8.188668
8.200237
8.212464
8.224524
8.236096
8.248068
8.260313
8.276619
8.289484
8.302136
8.315243
8.327962
8.340821
8.354199
8.366959
8.379464
8.392054
8.404506
8.418099
8.430316
8.442895
8.455826
8.468246
8.480423
8.492855
8.505717
8.518336
8.530838
8.54353
8.560967
8.573737
8.587126
8.599974
8.612986
8.6257
8.638216
8.650638
8.663269
8.675575
8.688991
8.702077
8.714406
8.726876
8.739225
8.751493
8.763841
8.776013
8.788878
8.802064
8.814446
8.826859
8.839351
8.852123
8.864069
8.876375
8.888564
8.90266
8.91483
8.927115
8.938962
TARGET DESTROYED 
8.966576
8.97955
8.992127
9.015433
9.028913
9.046264
9.05851
9.070996
9.083502
9.095441
9.10802
9.120495
9.13341
9.146119
9.158584
9.171029
9.183941
9.196136
9.208961
9.221688
9.234819
9.247029
9.259254
9.272094
9.284786
9.297395
9.310071
9.322745
9.335071
9.347527
9.359893
9.372426
9.384763
9.396918
9.408859
9.421786
9.435528
9.448227
9.460277
9.472551
9.485469
9.497453
9.509727
9.522221
9.534842
9.552963
9.564744
9.57596
9.587687
9.59914
9.610541
9.62189
9.634074
9.645668
9.656973
9.668625
9.679859
9.691515
9.702987
9.713949
9.725698
9.73729
9.748879
9.760402
9.771976
9.784001
9.795527
9.807691
9.819523
9.830675
9.842795
9.854929
9.866386
9.877552
9.889186
9.900905
9.912256
9.92379
9.935268
9.946375
9.957282
9.968428
9.979189
9.990669
10.00288
10.01961
10.03081
10.04247
10.05444
10.06647
10.07832
10.09036
10.10167
10.1132
10.12462
10.13621
10.14798
10.16069
10.17311
10.18574
10.19842
10.21132
10.22397
10.2366
10.24972
10.26193
10.27438
10.28713
10.29963
10.31179
10.32451
10.3368
10.34964
10.36207
10.37552
10.38822
10.4011
10.41339
10.42614
10.43875
10.45244
10.46579
10.47873
10.49233
10.50527
10.52318
10.53654
10.54936
10.56211
10.58333
10.59635
10.609
10.62249
10.63609
10.64944
10.66279
10.6761
10.68977
10.70347
10.71636
10.73711
10.75095
10.76419
10.77719
10.79386
