0.02
0.04
0.14
0.1780898
0.1895777
0.1995989
0.2106232
0.2226382
0.2336048
0.2464052
0.2576582
0.2668813
0.2775306
0.2891186
0.301978
0.3117467
0.322338
0.3334772
0.3450283
0.3559015
0.3670058
0.3780923
0.3893788
0.400689
0.4116277
0.4230575
0.4339035
0.4458017
0.4590909
0.4711739
0.480731
0.4906925
0.5010727
0.5121773
0.5238304
0.5345032
0.5457919
0.5568396
0.569742
0.5810098
0.5917628
0.6022652
0.6175244
0.6273233
0.636717
0.6463167
0.6581851
0.6688687
0.6797959
0.6914499
0.7023415
0.7133944
0.7244335
0.7357819
0.7469015
0.7590525
0.7693833
0.7804558
0.7914423
0.8027191
0.8136892
0.8251252
0.8365906
0.8472543
0.8592786
0.8699764
0.8809507
0.8948696
0.9052357
0.9166521
0.9273861
0.9388282
0.9497576
0.9611027
0.9725502
0.9838473
0.9949788
1.006423
1.017538
1.028989
1.040364
1.051953
1.062686
1.074696
1.086318
1.096979
1.108295
1.120302
1.13104
1.142526
1.154943
1.164911
1.176084
1.188044
1.19857
1.209732
1.221355
1.232086
1.243145
1.254705
1.265957
1.276729
1.288027
1.299299
1.310117
1.321766
1.332473
1.344217
1.35507
1.366261
1.377225
1.389065
1.399608
1.410654
1.422513
1.433019
1.444313
1.455792
1.466734
1.477819
1.488945
1.500471
1.51485
1.524851
1.534565
1.544544
1.554872
1.565187
1.576561
1.588005
1.598844
1.609979
1.621304
1.64099
1.650898
1.662743
1.673889
1.685094
1.696602
1.707347
1.722565
1.733281
1.743919
1.754997
1.765047
1.775305
1.786102
1.796695
1.808056
1.819422
1.830598
1.841407
1.852933
1.863643
1.874914
1.8864
1.897325
1.90844
1.920035
1.937476
1.950879
1.961633
1.973076
1.983243
1.993873
2.0045
2.016203
2.027021
2.038187
2.050258
2.06215
2.073771
2.08485
2.097983
2.10979
2.120837
2.131985
2.14308
2.155402
2.166213
2.177056
2.187864
2.198917
2.212537
2.222959
2.232979
2.243739
2.254869
2.266282
2.277129
2.288297
2.299346
2.313981
2.324821
2.335567
2.346651
2.357207
2.367174
2.378264
2.389071
2.399942
2.411028
2.422444
2.438091
2.449185
2.459788
2.471828
2.48256
2.494134
2.505829
2.518062
2.529158
2.540323
2.551349
2.562353
2.57333
2.583984
2.595308
2.606879
2.617198
2.628964
2.640031
2.650603
2.662001
2.673159
2.683834
2.695226
2.706502
2.717646
2.729027
2.740216
2.751866
2.763196
2.77697
2.788836
2.799891
2.810946
2.822171
2.833181
2.844903
2.855965
2.866723
2.878123
2.889979
2.903145
2.914418
2.925487
2.936591
2.947985
2.958924
2.970846
2.982665
2.99377
3.004802
3.015476
3.02623
3.037682
3.048702
3.059965
3.071371
3.082091
3.093926
3.105264
3.11547
3.12626
3.137493
3.148283
3.164447
3.176253
3.189165
3.19997
3.211485
3.222677
3.234761
3.25278
3.264609
3.275687
3.287276
3.297903
3.308728
3.319421
3.329889
3.340512
3.350793
3.361711
3.372309
3.38294
3.394036
3.405462
3.416706
3.427736
3.439054
3.449944
3.461121
3.472479
3.483556
3.494493
3.505863
3.517087
3.529022
3.540169
3.550771
3.56202
3.572911
3.584026
3.595012
3.606873
3.618117
3.629573
3.640314
3.651562
3.663408
3.67455
3.685974
3.696701
3.707371
3.718581
3.729321
3.740268
3.751578
3.763084
3.774011
3.785468
3.79981
3.811653
3.822761
3.834006
3.845465
3.856792
3.868277
3.880497
3.896605
3.908408
3.919909
3.931251
3.942692
3.953437
3.964336
3.97562
3.987139
3.997618
4.008666
4.020064
4.030926
4.041924
4.053145
4.064275
4.075759
4.088624
4.09966
4.110827
4.121186
4.131552
4.142277
4.153798
4.164676
4.176118
4.18777
4.198413
4.209467
4.220939
4.23202
4.243904
4.255625
4.268688
4.281472
4.292925
4.304605
4.316088
4.327815
4.340126
4.351089
4.362816
4.374915
4.386209
4.397379
4.409627
4.421954
4.433132
4.44476
4.456611
4.467448
4.480115
4.491964
4.503219
4.514287
4.525783
4.537569
4.549119
4.560633
4.573222
4.584415
4.596407
4.607855
4.624535
4.637568
4.6485
4.660078
4.672034
4.683335
4.695013
4.706502
4.717489
4.729108
4.740605
4.751614
4.763338
4.77446
4.786495
4.797826
4.810109
4.821571
4.83278
4.84478
4.857404
4.868744
4.879872
4.890796
4.902852
4.913792
4.925004
4.936564
4.95219
4.964123
4.975929
4.987943
4.999203
5.010791
5.022678
5.033808
5.045634
5.056942
5.070178
5.081654
5.092341
5.103347
5.114618
5.125862
5.137528
5.148581
5.159678
5.171552
5.182581
5.193709
5.205115
5.215996
5.227603
5.23934
5.250471
5.261985
5.273516
5.284632
5.296242
5.307268
5.31817
5.328688
5.339467
5.349573
5.360802
5.37173
5.38237
5.394233
5.40959
5.421164
5.432545
5.444332
5.45595
5.466935
5.479314
5.490761
5.501932
5.512646
5.523648
5.533935
5.545181
5.556221
5.566951
5.577564
5.588669
5.603364
5.614254
5.625375
5.636253
5.646728
5.657647
5.668785
5.680052
5.691496
5.70706
5.718557
5.730143
5.742057
5.754265
5.76615
5.779175
5.790837
5.802608
5.814558
5.826512
5.838736
5.849909
5.862053
5.874177
5.886108
5.897752
5.909606
5.92206
5.933349
5.94546
5.957035
5.9688
5.981026
5.992601
6.004807
6.017484
6.029216
6.041566
6.053581
6.065874
6.078164
6.089777
6.106739
6.119139
6.130998
6.142519
6.1548
6.166487
6.178176
6.189996
6.202127
6.214261
6.226318
6.239437
6.251473
6.263342
6.275892
6.287837
6.299144
6.311188
6.322817
6.334154
6.346311
6.358665
6.371281
6.382758
6.394673
6.407115
6.418807
6.430472
6.442041
6.453899
6.465893
6.478024
6.490663
6.502239
6.514496
6.526605
6.538973
6.550271
6.562259
6.573989
6.585555
6.597574
6.609398
6.621698
6.633309
6.646108
6.657471
6.668851
6.680689
6.692762
6.704586
6.715938
6.727783
6.739694
6.750915
6.762562
6.773963
6.785522
6.797061
6.8088
6.821222
6.832605
6.849701
6.861646
6.873395
6.884658
6.896211
6.908123
6.920165
6.931343
6.942633
6.953732
6.964555
6.97674
6.988461
6.999218
7.010406
7.025344
7.036925
7.048068
7.059482
7.071416
7.082665
7.094482
7.106197
7.11745
7.129218
7.141023
7.15293
7.164193
7.175756
7.18794
7.19888
7.210046
7.221825
7.233881
7.246427
7.258945
7.27744
7.289363
7.300769
7.313034
7.32482
7.337432
7.352061
7.364052
7.375613
7.388041
7.398926
7.410625
7.422258
7.433519
7.445275
7.456974
7.46865
7.480206
7.492281
7.504903
7.515865
7.526937
7.53855
7.54979
7.560733
7.571547
7.58268
7.593892
7.615111
7.627339
7.639105
7.650298
7.661718
7.673355
7.684202
7.695988
7.707715
7.719518
7.731109
7.742642
7.754821
7.766166
7.778019
7.789702
7.801449
7.813515
7.825255
7.837483
7.848941
7.861
7.873175
7.884305
7.896155
7.907882
7.919766
7.930476
7.941736
7.953686
7.964888
7.977745
7.989615
8.00056
8.01231
8.024492
8.036274
8.048254
8.05971
8.072056
8.083535
8.095346
8.107005
8.119209
8.130309
8.141737
8.153544
8.165088
8.176766
8.188424
8.199492
8.211245
8.223617
8.235769
8.248814
8.26129
8.273381
8.285035
8.297082
8.308949
8.321598
8.333185
8.350936
8.362914
8.375357
8.38814
8.399922
8.412008
8.424582
8.436821
8.448631
8.461132
8.473172
8.485447
8.498909
8.510944
8.522676
8.534494
8.54686
8.558371
8.570574
8.581661
8.593572
8.605395
8.616698
8.628375
8.640056
8.656405
8.668227
8.680657
8.693358
8.705823
8.717606
8.729935
8.742393
8.755026
8.766794
8.778857
8.790903
8.803518
8.816041
8.828314
8.840534
8.85297
8.865015
8.877321
8.88982
8.901525
8.913759
8.925373
8.938134
8.950203
8.962514
8.975316
8.988833
9.001833
9.014159
9.025876
9.038687
9.050737
9.063411
9.076707
9.089417
9.106542
9.119847
9.131905
9.14457
9.157053
9.169844
9.181585
9.193442
9.206453
9.218518
9.231563
9.244251
9.257171
9.269583
9.28163
9.293778
9.30684
9.319571
9.331989
9.344932
9.357718
9.370734
9.382685
9.395101
9.408154
9.421049
9.432787
9.445024
9.457324
9.469386
9.482546
9.494416
9.506745
9.518534
9.529921
9.541395
9.552718
9.56371
9.575184
9.586349
9.60113
9.613244
9.625075
9.637584
9.649536
9.661785
9.673759
9.685724
9.697263
9.709152
9.720971
9.732544
9.744507
9.756435
9.767778
9.779957
9.791717
9.803796
9.81516
9.827181
9.839971
9.856883
9.868448
9.879808
9.891261
9.902823
9.915238
9.927193
9.940007
9.951646
9.962984
9.975547
9.988068
9.999755
10.01222
10.02383
10.03546
10.04722
10.05871
10.07077
10.08241
10.09409
10.10611
10.11742
10.12955
10.14114
10.15287
10.16437
10.17557
10.18718
10.19814
10.21778
10.22995
10.2411
10.25339
10.26426
10.27477
10.28597
10.29748
10.30867
10.31958
10.33095
10.34242
10.35382
10.36503
10.37647
10.38726
10.3985
10.41017
10.42246
10.43383
10.44554
10.4572
10.46899
10.48023
10.49193
10.50348
10.51635
10.52782
10.54168
10.55444
10.59283
10.60728
10.6197
10.63198
10.64338
10.65888
10.67149
10.68288
10.69525
10.70741
10.71993
10.73761
10.74989
10.76274
10.77485
10.78729
10.79975
10.8127
10.82501
10.83746
10.84922
10.8614
10.87361
10.88574
10.89772
10.90996
10.92221
10.93728
10.9495
10.96152
10.97418
10.98696
10.99889
11.01117
11.02328
11.03596
11.04829
11.06097
11.07403
11.08656
11.09835
11.11075
11.12318
11.13564
11.14729
11.15907
11.17187
11.18341
11.19573
11.20776
11.22011
11.23189
11.24395
11.25664
11.26953
11.28159
11.29327
11.30479
11.31644
11.32885
11.34118
11.35358
11.36525
11.37774
11.38994
11.40216
11.41414
11.42628
11.43901
11.45036
11.46281
11.47483
11.49261
11.50556
11.51764
11.52955
11.54122
11.55269
11.56405
11.57603
11.58806
11.61244
11.62405
11.63561
11.64731
11.65973
11.67124
11.68249
11.6938
11.70956
11.72229
11.73365
11.74623
11.75829
11.7706
11.78267
11.795
11.80725
11.81959
11.83152
11.84405
11.85611
11.8678
11.88029
11.89238
11.90476
11.91679
11.92901
11.94084
11.95318
11.96516
11.97905
11.9918
12.00464
12.01633
12.02832
12.04051
12.05305
12.06503
12.07842
12.09056
12.10308
12.11575
12.12841
12.14127
12.15375
12.16689
12.18
12.19219
12.20455
12.21672
12.2291
12.24128
12.25965
12.27265
12.28437
12.2969
12.30962
12.32225
12.33439
12.3474
12.36034
12.37331
12.38568
12.39761
12.40986
12.42259
12.43472
12.44757
12.45975
12.47374
12.48675
12.49864
12.51139
TARGET DESTROYED 
12.52379
12.54652
12.55955
12.57187
12.58402
12.59644
12.60982
12.62241
12.63522
12.65636
12.67061
12.68266
12.69546
12.70775
12.72171
12.73404
12.74699
12.76005
12.77302
12.78587
12.79856
12.81104
12.82358
12.83665
12.84862
12.86164
12.87426
12.88718
12.89977
12.91236
12.92489
12.93808
12.95042
12.96349
12.97701
12.99083
13.00367
13.02113
13.03482
13.05009
13.06311
13.07732
13.0969
13.11057
13.12386
13.13686
13.14976
13.16348
13.17667
13.19028
13.20327
13.21592
13.22881
13.24204
13.2565
13.27069
13.28338
13.29673
13.30972
13.3227
13.33565
13.34796
13.361
13.37398
13.38724
13.39975
13.41273
13.42511
13.43794
13.45012
13.46295
13.47574
13.48959
13.50282
13.51452
13.52651
13.54068
13.55263
TARGET DESTROYED 
13.5647
13.58329
13.59557
13.61209
13.62412
13.63643
13.64819
13.66057
13.67273
13.68479
13.69737
13.71443
13.72809
13.74815
13.76231
13.77517
13.79298
13.80609
13.81883
13.83181
13.84499
13.85798
13.87097
13.88425
13.8975
13.91043
13.92348
13.93669
13.94916
13.96192
13.97508
13.98847
14.00202
14.01528
14.02807
14.0418
14.05482
14.06885
14.08184
14.09526
14.10814
14.12156
14.13373
14.14725
14.15988
14.1733
14.18656
14.19935
14.21238
14.22523
14.2386
14.25177
14.26566
14.28056
14.29388
14.30776
14.32087
14.33401
14.34754
14.36093
14.37495
14.38823
14.40175
14.41541
14.42879
14.44176
14.45452
14.46906
14.48243
14.49594
14.51017
14.52446
14.53855
14.55201
14.56507
14.58305
14.59629
14.6094
14.62312
14.6363
14.64938
14.66335
14.67666
14.68996
14.70324
14.71591
14.72942
14.74286
14.75562
14.76875
14.78227
14.79506
14.8076
14.82088
14.83363
14.84671
14.85971
14.87282
14.88543
14.89786
14.9104
TARGET DESTROYED 
14.92294
14.94204
14.95572
14.96832
14.9812
14.99395
15.01342
15.02751
15.04035
15.05374
15.06646
15.0782
15.08955
15.10061
15.11182
15.12351
15.13499
15.14663
15.15912
15.17099
15.18214
15.19392
15.20532
15.22201
15.23407
15.24563
15.2573
15.27039
15.28149
15.29313
15.30546
15.31683
15.32849
15.34573
15.35796
15.36999
15.38222
15.3929
15.40329
15.41374
15.42407
15.43547
15.44628
15.45772
15.46884
15.47976
15.49107
15.50228
15.51328
15.5245
15.53593
15.54687
15.55826
15.56948
15.58032
15.59144
15.60619
15.616
15.62604
15.63666
15.64735
15.65859
15.67012
15.68124
15.69216
15.70666
15.71712
15.72751
15.73828
15.74868
15.75981
15.77082
15.78142
15.79306
15.80381
15.81493
15.82614
15.83771
15.84899
15.86061
15.87242
15.8835
15.89507
15.90673
15.91814
15.92981
15.94118
15.95243
15.96374
15.97683
15.98994
16.00191
16.01377
16.02533
16.038
16.05023
16.06168
16.07831
16.0906
16.10272
16.11453
16.12646
16.13908
16.15053
16.16175
16.17301
16.18481
16.19623
16.20827
16.22063
16.2322
16.24503
16.25741
16.26961
16.28187
16.29302
16.30396
16.31477
16.3261
16.33731
16.34802
16.35962
16.37089
16.38249
TARGET DESTROYED 
16.39425
16.40984
16.42802
16.44056
16.45175
16.46271
16.48731
16.49899
16.51057
16.52142
16.53227
16.5441
16.5549
16.56696
16.57821
16.58926
16.60004
16.61074
16.62148
16.63222
16.64404
16.65499
16.66577
16.67712
16.68885
16.69958
16.7108
16.72172
16.73203
16.74316
16.75421
16.76493
16.77643
16.78703
16.80317
16.81411
16.82516
16.83579
16.84781
16.85886
16.86955
16.88078
16.89198
16.90254
16.91342
16.9252
16.93602
16.94654
16.95728
16.96816
16.97958
16.99037
17.00122
17.012
17.0227
17.03377
17.04508
17.05639
17.0676
17.07945
17.09102
17.10325
17.1148
17.12697
17.13932
17.15189
17.16341
17.17505
17.19027
17.202
17.213
17.2256
17.23763
17.24893
17.26054
17.27204
17.28479
17.29687
17.30882
17.3209
17.3322
17.3442
17.35675
17.36805
17.37933
17.39136
17.40351
17.41501
17.42706
17.43861
17.44985
17.46197
17.47344
17.48433
17.49549
17.50605
17.51626
17.52822
17.54014
17.55236
17.56538
17.579
17.59605
17.61263
17.62522
17.63822
17.65064
17.66306
17.67625
17.68952
17.70185
17.71412
17.72668
17.73927
17.75315
17.76554
17.77879
17.79202
17.80508
17.81655
17.82898
17.84068
17.85285
17.86508
17.87807
17.89051
17.90238
17.91394
17.92617
17.93779
17.94885
17.96104
17.97436
17.98736
17.99921
18.01151
18.02362
18.0361
18.04814
TARGET DESTROYED 
18.05997
18.07867
18.09163
18.10485
18.11787
18.13764
18.15189
18.16503
18.17818
18.1911
18.20401
18.21637
18.22952
18.24234
18.25594
18.26889
18.28207
18.29498
18.30772
18.32545
18.33847
18.3508
18.36343
18.37619
18.38828
18.4
18.41224
18.42505
18.43729
18.44845
18.45997
18.47135
18.48233
18.49398
18.50544
18.51702
18.52934
18.54058
18.55215
18.56339
18.57602
18.588
18.59894
18.6105
18.62213
18.63358
18.64495
18.65677
18.66809
18.68071
18.69359
18.70717
18.72008
18.73343
18.74692
18.76031
18.77403
18.78823
18.80227
18.81588
18.82949
18.84276
18.85672
18.87049
18.8842
18.89871
18.91243
18.92604
18.94031
18.95417
18.96724
18.98232
18.99602
19.0083
19.02089
19.03278
19.04568
19.05792
19.07063
19.08281
19.0955
19.11272
19.12545
19.13826
19.15053
19.1634
19.17603
19.18841
19.20078
19.21338
19.22641
19.23932
19.25188
19.26386
19.27766
19.29168
19.30431
19.31723
19.33017
19.34309
19.35599
19.36835
19.38061
19.39347
19.40628
19.41891
19.43126
19.44366
19.45626
19.46842
19.48039
19.49291
19.50451
19.51612
19.52776
19.54023
19.55565
19.56879
19.58117
19.59472
19.61279
19.62605
19.63877
19.65138
19.66368
19.67727
19.68989
19.70209
19.71361
19.72549
19.7374
19.74891
19.76046
19.77391
19.78759
19.80069
19.81403
19.82768
19.84099
19.8548
19.8682
19.88136
19.89964
19.9134
19.9268
19.94016
19.95309
19.96579
19.97916
19.99215
20.00507
20.01786
20.03117
20.0449
20.05843
20.07236
20.08648
20.09965
20.11413
20.12722
20.14068
20.15432
20.16682
20.17969
20.19287
20.20611
20.21879
20.23123
20.24427
20.25704
20.27
20.28228
20.29675
20.30984
20.32268
20.33577
20.34799
20.36116
20.37347
20.38621
20.39869
20.41219
20.42564
20.43945
20.45324
20.46633
20.47973
20.49318
20.50628
20.51946
20.53255
20.54617
20.55905
20.57285
TARGET DESTROYED 
20.58623
20.60776
20.62799
20.64263
20.65544
20.66764
20.67994
20.69747
20.70948
20.72222
20.73416
20.74619
20.75879
20.77081
20.7827
20.79485
20.80691
20.81912
20.83051
20.8424
20.85413
20.86519
20.87693
20.88889
20.90072
20.91242
20.92424
20.93611
20.94751
20.95924
20.97153
20.98291
20.99451
21.0062
21.01848
21.02918
21.04083
21.05222
21.06323
21.07507
21.0872
21.09833
21.10946
21.12058
21.13175
21.14333
21.15447
21.1654
21.17654
21.18777
21.19885
21.21044
21.22167
21.23262
21.24388
21.25501
21.26593
21.27707
21.28829
21.29974
21.31081
21.32201
21.33297
21.34451
21.35524
21.36633
21.37777
21.3889
21.39992
21.41101
21.42217
21.43402
21.445
21.45653
21.46817
21.4845
21.49603
21.50669
21.51727
21.52746
21.53802
21.54876
21.55948
21.57019
21.58039
21.59089
21.60727
21.61849
21.62922
21.64043
21.65129
21.66212
21.67319
21.6853
21.69671
21.70858
21.71927
21.72992
21.74175
21.75277
21.76365
21.77505
21.78563
21.79643
21.80817
21.82
21.83107
21.84199
21.85302
21.86447
21.8765
21.88737
21.89799
21.90945
21.92034
21.93074
21.9423
21.95318
21.96398
21.97652
21.98813
21.99991
22.01134
22.02249
22.03379
22.04454
22.05546
22.06672
22.07837
22.08941
22.10063
22.11174
22.12276
22.13386
22.14577
22.15796
22.17076
22.18175
22.1929
22.20556
22.21653
22.22729
22.23861
22.25559
22.26673
22.27744
22.28863
22.3005
22.31165
22.32317
22.33424
22.34616
22.35779
22.36856
22.37948
22.39171
22.40239
22.41332
22.42455
22.43534
22.44623
22.45737
22.46875
22.47994
22.49145
22.50269
22.51389
22.52511
22.53637
22.54709
22.55847
22.56936
22.57994
22.59169
22.60278
22.61484
22.62605
22.63726
22.64799
22.65929
22.67003
22.68076
22.69279
22.70414
22.71523
22.72606
22.73752
22.74954
22.76034
22.77127
22.78241
22.79358
22.80506
22.81598
22.82707
22.83796
22.84895
22.86015
22.87141
22.88237
22.89342
22.90487
22.91627
22.92763
22.93927
22.9504
22.96111
22.97239
22.98388
22.99476
23.00612
23.02247
23.03451
23.04533
23.05644
23.06762
23.07912
23.09019
23.10126
23.11244
23.12389
23.13459
23.14587
23.15755
23.1687
23.18002
23.19136
23.2018
23.21321
23.225
23.23635
23.24772
23.25908
23.27017
23.28097
23.29235
23.30405
23.31497
23.32659
23.33762
23.34869
23.36029
23.37111
23.38208
23.39298
23.40444
23.4155
23.42622
23.43759
23.44852
23.45991
23.47101
23.48177
23.4929
23.50341
23.51347
23.52366
23.53392
23.54468
23.55573
23.56734
23.57882
23.59022
23.60506
23.61729
23.62923
23.64111
23.65214
23.66288
23.67411
23.68489
23.69655
23.70824
23.71935
23.73048
23.74192
23.75306
23.76421
23.77579
23.78704
23.80286
23.8145
23.82559
23.83674
23.84752
23.85878
23.87004
23.8808
23.89215
23.90282
23.91385
23.92496
23.93632
23.94765
23.95916
23.96995
23.98113
23.99232
24.0032
24.01424
24.02574
24.03664
24.04734
24.05889
24.06994
24.08094
24.09222
24.10306
24.11414
24.12588
24.13664
24.14773
24.15856
24.17012
24.18128
24.19237
24.20375
24.21476
24.2261
24.23736
24.24837
24.25922
24.27096
24.28367
24.29518
24.30718
24.31817
24.32946
24.34155
24.35214
24.36327
24.37479
24.38575
24.39663
24.40912
24.42075
24.432
24.44332
24.45468
24.46625
24.47735
24.48841
24.49998
24.51154
24.52352
24.53549
24.5473
24.55929
24.57126
24.58891
24.60099
24.61304
24.62596
24.63842
24.65093
24.6631
24.67698
24.68923
24.70134
24.71338
24.72555
24.73755
24.75039
24.76256
24.77448
24.78588
24.79958
24.81211
24.82452
24.83655
24.84842
24.86052
24.87258
24.88458
24.89625
24.90883
24.92062
24.93217
24.94358
24.95514
24.96705
24.97901
24.99083
25.00344
25.01477
25.02694
25.0391
25.05176
25.06376
25.07642
25.08858
25.10037
25.11176
25.12382
25.13563
25.14694
25.1593
25.17099
25.18292
25.19451
25.21738
25.2298
25.24215
TARGET DESTROYED 
25.25367
25.28079
25.30285
25.31604
25.32781
25.34434
25.35692
25.36866
25.38009
25.39242
25.40441
25.41627
25.42822
25.43995
25.45167
25.46328
25.47513
25.48654
25.49791
25.51054
25.52174
25.53274
25.54421
25.55502
25.56635
25.57758
25.58854
25.6036
25.61453
25.62557
25.63819
25.6491
25.65989
25.67152
25.68207
25.69324
25.7097
25.7221
25.73419
25.7454
25.75727
25.76822
25.77956
25.79219
25.80348
25.81482
25.82552
25.83625
25.84715
25.85858
25.86923
25.88057
25.8921
25.90319
25.91407
25.92507
25.9359
25.94643
25.95737
25.96874
25.97971
25.99115
26.00224
26.01291
26.0242
26.03524
26.04692
26.05774
26.07063
26.08167
26.0926
26.10285
26.11865
26.12951
26.14145
26.15178
26.1623
26.17324
26.18353
26.19394
26.20464
26.21509
26.22619
26.23756
26.2491
26.26004
26.27131
26.2825
26.29369
26.30502
26.31611
26.32713
26.3397
26.35087
26.3611
26.37187
26.38333
26.39495
26.40642
26.41809
26.42955
26.44163
26.45586
26.46728
26.47888
26.49079
26.50257
26.51365
26.52576
26.53843
26.54943
26.56106
26.57209
26.58332
26.59453
26.60548
26.61715
26.6288
26.6408
26.65256
26.66395
26.67548
26.68654
26.6981
26.71004
26.72173
26.73346
26.74472
26.75674
26.76788
26.77979
26.79167
26.8033
26.81475
26.82647
26.838
26.84991
26.86176
26.87342
26.88445
26.90166
26.91282
26.92513
26.93652
26.94856
26.96005
26.97228
26.98511
26.99619
27.00782
27.01888
27.03013
27.04162
27.05291
27.0637
27.0761
27.08794
27.09919
27.11022
27.12222
27.13366
27.1448
27.15661
27.1722
27.18983
27.20552
27.22083
27.23589
27.25105
27.26561
27.28068
27.29885
