0.02
0.04
0.14
0.1845472
0.19824
0.2087783
0.2191303
0.2300933
0.2406586
0.2518829
0.2631459
0.2723455
0.2809421
0.2920187
0.3046837
0.314308
0.3253725
0.3366064
0.3478091
0.3588148
0.370151
0.3832686
0.3929058
0.4068854
0.4157693
0.4258184
0.4370353
0.4483926
0.4594378
0.4704978
0.4819078
0.4943899
0.5041759
0.5154043
0.5264957
0.5377263
0.5487218
0.5599242
0.5711116
0.5822418
0.593525
0.6047402
0.6170141
0.6272647
0.638137
0.6492707
0.660604
0.6716822
0.6828256
0.6940588
0.7051076
0.716343
0.7285129
0.7387295
0.7498562
0.761535
0.7721687
0.7832453
0.7948542
0.8058606
0.8169305
0.8283253
0.8391957
0.8503984
0.8617327
0.8725758
0.8838385
0.9002346
0.9119224
0.9223571
0.9333703
0.9449095
0.9559079
0.9670673
0.9789235
0.9893396
1.00089
1.012216
1.023452
1.033981
1.045733
1.056381
1.068055
1.080054
1.08989
1.101168
1.112495
1.123541
1.134663
1.146186
1.156922
1.167986
1.179507
1.190955
1.201438
1.213068
1.224028
1.235076
1.247002
1.257513
1.268757
1.279821
1.291737
1.302137
1.313439
1.324373
1.335759
1.346988
1.357913
1.369041
1.380617
1.391369
1.402665
1.413874
1.424962
1.436275
1.447465
1.458869
1.469706
1.480846
1.49189
1.503419
1.514392
1.525758
1.537059
1.548097
1.559157
1.573192
1.581919
1.596076
1.605306
1.614352
1.623368
1.634684
1.646015
1.657227
1.668122
1.679417
1.696781
1.706264
1.71603
1.725095
1.73464
1.744651
1.756083
1.767057
1.77865
1.789221
1.800572
1.811987
1.822786
1.833886
1.845371
1.85652
1.867459
1.878874
1.889775
1.901014
1.912544
1.923365
1.934492
1.945915
1.962425
1.975093
1.985914
1.996558
2.006258
2.015737
2.025159
2.034601
2.045718
2.056686
2.068628
2.079325
2.090115
2.102835
2.119954
2.130485
2.139779
2.1494
2.159228
2.168843
2.180791
2.191004
2.202313
2.213314
2.224322
2.235309
2.246724
2.25943
2.269853
2.280525
2.295512
2.306006
2.315959
2.325552
2.336138
2.347313
2.358225
2.369359
2.380747
2.391833
2.402994
2.414164
2.42534
2.436466
2.447644
2.458914
2.470051
2.481413
2.492435
2.503423
2.51476
2.525797
2.53703
2.54817
2.559417
2.57079
2.581716
2.593403
2.604695
2.616076
2.627972
2.639223
2.650399
2.662059
2.673209
2.684748
2.696178
2.707535
2.719092
2.730509
2.741955
2.753114
2.764817
2.776066
2.787283
2.798976
2.810277
2.821109
2.832345
2.84346
2.854664
2.865906
2.877144
2.888306
2.89939
2.910849
2.921698
2.933109
2.944419
2.9556
2.966665
2.977677
2.993792
3.004441
3.015997
3.026353
3.036944
3.047419
3.057498
3.068111
3.078685
3.088736
3.099114
3.108992
3.120276
3.131528
3.141469
3.151363
3.162894
3.173497
3.184833
3.196359
3.207171
3.218396
3.229775
3.241539
3.252348
3.263485
3.274215
3.285529
3.297088
3.307701
3.318795
3.330237
3.341799
3.35249
3.363598
3.374721
3.386062
3.397232
3.408513
3.430833
3.441648
3.45287
3.46402
3.47539
3.486487
3.497711
3.508924
3.519959
3.531125
3.542394
3.553335
3.564764
3.577751
3.588201
3.59846
3.609365
3.620642
3.631939
3.642781
3.653976
3.665148
3.680963
3.691053
3.701371
3.711712
3.722128
3.733137
3.743736
3.754441
3.765598
3.777245
3.788083
3.799195
3.81048
3.821461
3.832648
3.844372
3.855098
3.869058
3.879978
3.88993
3.900244
3.910994
3.922197
3.934798
3.945424
3.957054
3.968344
3.97995
3.991424
4.0028
4.013722
4.024809
4.036207
4.047618
4.058948
4.070036
4.081487
4.092736
4.104244
4.115302
4.127106
4.138608
4.149297
4.160709
4.171762
4.182919
4.194995
4.205653
4.216895
4.22802
4.238876
4.250186
4.261788
4.272635
4.284198
4.296078
4.306565
4.317887
4.329457
4.340491
4.351435
4.36296
4.378633
4.3897
4.400196
4.41025
4.420775
4.432413
4.442601
4.452796
4.463346
4.473665
4.48439
4.49473
4.505038
4.515794
4.526014
4.536616
4.547725
4.558854
4.569896
4.581282
4.592477
4.603421
4.614598
4.625848
4.637101
4.648079
4.659316
4.670458
4.681648
4.693312
4.704392
4.715005
4.726454
4.737489
4.74859
4.760246
4.771146
4.782119
4.794329
4.804642
4.815788
4.827498
4.838561
4.850315
4.861666
4.872931
4.88434
4.895971
4.907117
4.918551
4.930101
4.94135
4.952971
4.964179
4.975923
4.987221
4.999099
5.010864
5.02134
5.032932
5.044309
5.0551
5.066451
5.083059
5.093606
5.104402
5.115115
5.125592
5.136995
5.148012
5.158526
5.169557
5.180334
5.190745
5.201793
5.21257
5.222756
5.233372
5.245761
5.255476
5.266392
5.277441
5.289775
5.30161
5.312482
5.322829
5.333527
5.344419
5.355166
5.365805
5.37646
5.387267
5.398043
5.408462
5.418836
5.429953
5.441188
5.452421
5.463621
5.474742
5.48594
5.499055
5.509623
5.519773
5.530546
5.541571
5.553378
5.564071
5.575728
5.587059
5.601509
5.612037
5.621763
5.632793
5.644337
5.6555
5.666094
5.678001
5.688958
5.700369
5.711969
5.723069
5.734369
5.74601
5.762019
5.772654
5.783194
5.793255
5.803343
5.813419
5.823594
5.834445
5.8456
5.856566
5.867966
5.879064
5.889948
5.901294
5.912554
5.923433
5.934932
5.946136
5.957122
5.968146
5.979505
5.990487
6.001875
6.012938
6.024187
6.03513
6.046797
6.057545
6.068967
6.080311
6.091227
6.102545
6.113572
6.124853
6.136102
6.148415
6.158815
6.169989
6.181652
6.192909
6.203927
6.21556
6.226982
6.238432
6.249616
6.261096
6.271849
6.283294
6.294927
6.306113
6.317439
6.328898
6.339725
6.350908
6.362381
6.373014
6.384431
6.395759
6.406922
6.418098
6.42933
6.440207
6.451411
6.466968
6.476897
6.487674
6.497434
6.506549
6.516312
6.526028
6.537404
6.548565
6.559872
6.570799
6.58195
6.593157
6.604517
6.615645
6.626742
6.637926
6.649044
6.660287
6.671354
6.682608
6.693896
6.705045
6.716286
6.727474
6.738242
6.749526
6.761079
6.771993
6.783023
6.794373
6.805745
6.816545
6.827856
6.838928
6.850401
6.861926
6.873124
6.884321
6.895781
6.907056
6.918473
6.930673
6.941081
6.952498
6.963851
6.975552
6.986615
6.998228
7.009101
7.020781
7.032986
7.043583
7.05479
7.065758
7.077124
7.088149
7.099209
7.110682
7.121618
7.132644
7.144418
7.15951
7.175198
7.186248
7.197277
7.207284
7.217613
7.228557
7.239757
7.250805
7.262169
7.273039
7.284511
7.295503
7.306593
7.317801
7.329087
7.340224
7.351092
7.362596
7.373539
7.384822
7.396274
7.407214
7.418248
7.430111
7.44046
7.451685
7.463029
7.474045
7.485408
7.497089
7.507832
7.518802
7.530139
7.541075
7.552256
7.563526
7.574471
7.58593
7.597187
7.611214
7.621716
7.632031
7.642291
7.654198
7.665688
7.677299
7.688435
7.699961
7.714691
7.725983
7.737102
7.748315
7.758739
7.769619
7.780344
7.79072
7.801404
7.81314
7.823991
7.835505
7.846354
7.857531
7.873605
7.884378
7.896174
7.906759
7.917323
7.928907
7.940279
7.951489
7.962542
7.973631
7.984771
7.996439
8.007589
8.018663
8.029732
8.040499
8.051727
8.062775
8.073587
8.084781
8.096312
8.107042
8.118093
8.129471
8.140285
8.151378
8.163562
8.174335
8.18536
8.19748
8.208148
8.219357
8.231015
8.241836
8.253391
8.265183
8.276148
8.287096
8.299085
8.310443
8.321207
8.332461
8.344221
8.357171
8.367776
8.379041
8.390032
8.401206
8.412555
8.423486
8.434688
8.446424
8.457501
8.46854
8.480277
8.491022
8.502331
8.514421
8.525161
8.536357
8.547307
8.563187
8.57427
8.585521
8.596755
8.606973
8.617896
8.6288
8.639589
8.65071
8.660869
8.67129
8.682251
8.692048
8.703035
8.714076
8.725182
8.736406
8.751172
8.761993
8.772736
8.783605
8.794228
8.806095
8.816924
8.82756
8.839196
8.850034
8.860946
8.871848
8.882764
8.89406
8.905463
8.91651
8.927913
8.938896
8.950015
8.961792
8.972722
8.984202
8.995734
9.007183
9.018096
9.029984
9.040893
9.052286
9.063906
9.074877
9.085842
9.09718
9.108188
9.119576
9.130832
9.142402
9.153544
9.165591
9.176983
9.187932
9.198793
9.209945
9.221399
9.23262
9.244342
9.261214
9.272498
9.284406
9.295572
9.306435
9.317994
9.328989
9.339688
9.351728
9.363578
9.374177
9.385017
9.396072
9.40799
9.433419
9.445246
9.456336
9.467395
9.479501
9.490636
9.501481
9.511802
9.522165
9.533127
9.542769
9.553074
9.563062
9.573875
9.585184
9.599425
9.6099
9.621337
9.632118
9.643131
9.654831
9.665989
9.67671
9.688248
9.698962
9.709542
9.721231
9.732606
9.743164
9.754544
9.765244
9.775625
9.786406
9.797589
9.808693
9.819867
9.831254
9.842456
9.853605
9.864711
9.879354
9.894637
9.90956
9.924939
9.940022
9.954618
9.975116
9.990865
10.00654
10.02568
10.041
10.05615
10.07134
10.08643
10.10162
10.11679
10.13212
10.14733
10.16315
10.17935
10.1959
10.21099
10.22659
10.24305
10.25888
10.27435
10.28933
10.30452
10.3193
10.33408
10.35196
10.36718
10.38265
10.40524
10.41509
10.42438
10.43425
10.44562
10.45645
10.46761
10.47948
10.49002
10.50112
10.51256
10.52337
10.53467
10.54614
10.55693
10.56827
10.57939
10.59048
10.60172
10.61292
10.624
10.63539
10.64654
10.65745
10.66933
10.68021
10.69117
10.70214
10.73755
10.7477
10.75808
10.76923
10.78044
10.79192
10.80303
10.8169
10.82697
10.83771
10.84814
10.85847
10.86976
10.88485
10.89557
10.90549
10.91579
10.9256
10.93681
10.9481
10.95966
10.97021
10.98148
10.99254
11.00384
11.01486
11.02622
11.03736
11.0484
11.05973
11.07091
11.08186
11.09326
11.1046
11.1155
11.12679
11.13805
11.14888
11.1601
11.1712
11.18271
11.19388
11.20488
11.21592
11.22754
11.23843
11.24936
11.26093
11.27168
11.28309
11.29473
11.30546
11.31659
11.32802
11.33893
11.35023
11.36252
11.37404
11.38616
11.39834
11.4103
11.42146
11.43338
11.4447
11.45537
11.46664
11.47844
11.48895
11.50013
11.51159
11.52251
11.53363
11.54528
11.55603
11.56738
11.57928
11.5979
11.60855
11.6193
11.62987
11.64056
11.6517
11.66296
11.67397
11.68521
11.6965
11.70756
11.71872
11.7303
11.74085
11.75216
11.76346
11.77453
11.78614
11.797
11.80793
11.81932
11.83044
11.8418
11.8527
11.86392
11.87497
11.88654
11.89732
TARGET DESTROYED 
11.90848
11.93273
11.94399
11.95374
11.96441
11.97558
11.98666
11.99801
12.00912
12.02029
12.03144
12.04314
12.06318
12.08015
12.09591
12.11201
12.1278
12.14333
12.15954
12.17577
12.18818
12.19905
12.21032
12.22127
12.23242
12.24454
12.25515
12.2659
12.27759
12.28869
12.30218
12.31364
12.32424
12.33485
12.34594
12.35686
12.36818
12.38003
12.3913
12.4021
12.41398
12.42455
12.43533
12.44694
12.45734
12.46842
12.47997
12.49051
12.50111
12.51245
12.52292
12.53398
12.5462
12.55695
12.56763
12.57944
12.59056
12.6017
12.61301
12.62362
12.63464
12.64655
12.6573
12.66875
12.68013
12.6916
12.70333
12.71478
12.72638
12.7379
12.7494
12.76101
12.77246
12.78382
12.7956
12.80705
12.818
12.83001
12.84095
12.85182
TARGET DESTROYED 
12.863
12.88427
12.89591
12.90697
12.91787
12.92828
12.9406
12.95273
12.96453
12.97606
12.98799
13.00106
13.01433
13.02564
13.03718
13.04852
13.05939
13.07085
13.08218
13.09266
13.10394
13.11621
13.12699
13.13757
13.14907
13.15934
13.17075
13.18233
13.19311
13.20538
13.21703
13.22806
13.2393
13.25054
13.26157
13.2721
13.28375
13.29491
13.30652
13.31781
13.32879
13.34
13.35077
13.36176
13.3722
13.38288
13.39458
13.40553
13.41658
13.42788
13.43876
13.45014
13.4618
13.47244
13.48347
13.49506
13.50616
13.51742
13.52927
13.54049
13.55207
13.56385
13.57572
13.58684
13.60145
13.6188
13.6303
13.64094
13.65179
13.66351
13.6738
13.68459
13.69615
13.70738
13.71816
13.72948
13.74077
13.752
13.76324
13.77392
13.78511
13.79651
13.80734
13.8186
13.83042
13.84114
13.85239
13.8638
13.87444
13.88607
13.89734
13.90875
13.91998
13.93093
13.94135
13.95263
13.96382
13.9754
13.98624
13.99772
14.00892
14.01987
14.03169
14.04377
14.05528
14.06775
14.07956
14.09162
14.10371
14.11609
14.12777
14.13987
14.15187
14.1645
14.17642
14.18818
14.20016
14.21371
14.22503
14.23732
14.24914
14.2599
14.27141
14.28103
14.29061
14.30088
TARGET DESTROYED 
14.31043
14.32905
14.33939
14.34892
14.35835
14.36845
14.37768
14.38827
14.40009
14.41111
14.42213
14.43318
14.44432
14.45558
14.46648
14.47803
14.48883
14.50002
14.51151
14.52226
14.5335
14.54469
14.55603
14.56691
14.57849
14.58928
14.60058
14.61165
14.62288
14.63398
14.64567
14.65664
14.66747
14.67884
14.68995
14.70112
14.71248
14.72352
14.735
14.74663
14.75794
14.76958
14.78134
14.79216
14.80352
14.81516
14.82645
14.83787
14.84995
14.86112
14.87252
14.88358
14.89536
14.90621
14.91801
14.92946
14.94046
14.95152
14.96277
14.97417
14.98525
14.99658
15.00752
15.01873
15.03059
15.04087
15.05682
15.06665
15.07642
15.08604
15.09491
15.10516
15.11679
15.12776
15.13878
15.14989
15.1616
15.17217
15.18372
15.1949
15.20594
15.21714
15.22848
15.23939
15.25091
15.2618
15.27302
15.28394
15.29538
15.30639
15.31754
15.3287
15.34023
15.35105
15.36234
15.37334
15.3845
15.39603
15.40699
15.41823
15.42956
15.44103
15.45209
15.46361
15.47484
15.48593
15.49773
15.50868
15.52007
15.53148
15.54305
15.55379
15.56552
15.57661
15.58798
15.60143
15.61077
15.62178
15.63296
15.64442
15.65569
15.66682
15.67798
15.69122
15.70088
15.711
15.72192
15.73298
15.74466
15.75971
15.76949
15.77996
15.78971
15.79937
15.80963
TARGET DESTROYED 
15.82066
15.83416
15.84371
15.85417
15.86525
15.87644
15.88759
15.89879
15.91007
15.92109
15.93222
15.94376
15.95466
15.96603
15.97709
15.98812
16.00002
16.011
16.02163
16.03269
16.04447
16.05506
16.06623
16.07785
16.08862
16.09986
16.11109
16.1227
16.13362
16.14523
16.15631
16.16753
16.17908
16.19022
16.20145
16.213
16.22422
16.23544
16.24692
16.25796
16.26945
16.28097
16.29195
16.30331
16.31451
16.32568
16.3368
16.34791
16.35914
16.37013
16.38149
16.39259
16.40382
16.41487
16.42643
16.43751
16.44847
16.45951
16.47482
16.48516
16.49514
16.50444
16.51384
16.52453
16.54022
16.55026
16.55956
16.56918
16.58037
16.59164
16.60258
16.61377
16.6248
16.63601
16.64733
16.65846
16.66975
16.68068
16.69188
16.70306
16.71434
16.72559
16.73665
16.74803
16.75883
16.7701
16.78134
16.79303
16.80347
16.81472
16.82613
16.83704
16.84896
16.85938
16.8707
16.882
16.89301
16.90458
16.91556
16.92766
16.93829
16.94953
16.96131
16.97233
16.98359
16.9952
17.00625
17.01755
17.02905
17.04011
17.05148
17.06327
17.074
17.08511
17.0967
17.10757
17.1187
17.13006
17.14094
17.15203
17.16774
17.17809
17.18738
17.1979
17.20701
17.21688
17.22837
17.23902
17.25017
17.26184
17.27256
17.28374
17.29493
17.30613
17.3172
17.32856
17.33962
17.35074
TARGET DESTROYED 
17.36211
17.37576
17.38716
17.4003
17.4133
17.4237
17.43575
17.44785
17.45988
17.47106
17.48247
17.49355
17.50468
17.51595
17.52779
17.53816
17.54958
17.56056
17.57164
17.58274
17.59418
17.60514
17.61972
17.63383
17.64453
17.65455
17.66538
17.67543
17.68518
17.69595
17.70623
17.71702
17.72843
17.73922
17.75033
17.76162
17.77276
17.78389
17.79524
17.80636
17.81729
17.82873
17.83989
17.85091
17.8621
17.8775
17.88819
17.89865
17.90861
17.91889
17.92984
17.9412
17.95198
17.96346
17.97443
17.98563
17.99741
18.00841
18.01992
18.03165
18.04256
18.05401
18.06553
18.07678
18.08806
18.09964
18.11083
18.12181
18.13323
18.16818
18.18693
18.19816
18.2083
18.21951
18.23077
18.24205
18.25315
18.26437
18.27535
18.28655
18.29771
18.30872
18.32025
18.33134
18.34243
18.35348
18.36469
18.3767
18.38843
18.40052
18.41507
18.42718
18.43938
18.45203
18.46418
18.47662
18.50574
18.53579
18.5666
18.59692
18.62608
18.65649
18.68214
18.70245
18.72251
18.74475
18.76703
18.78942
18.81193
18.83411
18.85637
18.87862
18.901
18.92323
18.94579
18.96849
18.99037
19.0128
19.03506
19.05729
19.07979
19.10221
19.12469
19.147
19.16907
19.19137
19.21401
19.23614
TARGET DESTROYED 
19.25842
19.28122
19.30315
19.32545
19.34776
19.37
19.39244
19.41485
19.42592
19.4372
19.44812
19.45934
19.47044
19.48159
19.4928
19.50422
19.51527
19.5265
19.53746
19.54871
19.55978
19.57108
19.58223
19.59365
19.6124
19.62323
19.63423
19.64403
19.65517
19.66586
19.67625
19.68708
19.69701
19.70772
19.71733
19.72814
19.73884
19.74995
19.76098
19.77208
19.78315
19.79465
19.80543
19.81697
19.82832
19.83909
19.85077
19.86161
19.87241
19.88378
19.89525
19.90634
19.91724
19.92869
19.94001
19.95079
19.96239
19.97325
19.98425
19.99575
20.00671
20.01803
20.02969
20.04566
20.05661
20.06696
20.07747
20.08813
20.09853
20.10937
20.12084
20.13199
20.14293
20.15429
20.16629
20.17699
20.18773
20.1989
20.21032
20.22137
20.23244
20.24377
20.25489
20.266
20.2775
20.28835
20.29946
20.31495
20.32579
20.33678
20.3476
20.35717
20.36812
20.37854
20.38881
20.40003
20.41179
20.42264
20.43377
20.44554
20.45644
20.46742
20.4787
20.48956
20.50072
20.51259
20.52331
20.53415
20.54557
20.55674
20.56802
20.57935
20.59005
20.60146
20.61261
20.62373
20.63469
20.64634
20.65717
20.66855
20.6803
20.69098
20.70225
20.71378
20.72497
20.73623
20.74758
20.75907
20.77071
20.78162
20.7927
20.80424
20.81551
20.82703
20.83853
20.84945
20.8608
20.87232
20.8829
20.89493
20.90594
20.91647
20.92791
20.9387
20.94979
20.9611
20.97231
20.9836
20.99529
21.00609
21.02149
21.03237
21.04324
TARGET DESTROYED 
21.05356
21.06876
21.07983
21.09063
21.10122
21.11265
21.12384
21.13511
21.14649
21.15788
21.16949
21.18102
21.19181
21.20271
21.21342
21.22424
21.23535
21.24672
21.25808
21.26898
21.28016
21.29124
21.30265
21.31392
21.32504
21.33626
21.34721
21.35817
21.36939
21.38113
21.39234
21.40302
21.41451
21.42558
21.4367
21.44825
21.45919
21.47019
21.48148
21.4925
21.5036
21.51464
21.5258
21.53708
21.54807
21.55937
21.57058
21.58197
21.59683
21.60755
21.61908
21.6299
21.6412
21.65275
21.66414
21.67462
21.686
21.69706
21.70835
21.71969
21.73107
21.74776
21.75988
21.77116
21.78289
21.79418
21.80506
21.81693
21.82791
21.83868
21.84981
21.86101
21.87253
21.8843
21.89521
21.90599
21.91772
21.92895
21.93937
21.95037
21.96166
21.97285
21.98413
21.9954
22.00637
22.0177
22.0286
22.03964
22.05107
22.06209
22.07304
22.08437
22.09569
22.10664
22.11845
22.12977
22.14068
22.15179
22.16317
22.17383
22.18542
22.19718
22.20785
22.221
22.2327
22.24489
22.25706
22.27001
22.28137
22.29279
22.30344
22.31443
22.32656
22.33772
22.34973
22.36136
22.3732
22.3852
22.3982
22.41018
22.42136
22.43292
22.44933
22.46316
22.47419
22.48505
22.49606
22.50705
22.51849
22.52991
22.54238
22.55366
22.56512
22.57656
22.58795
22.59933
22.61042
22.6215
22.63291
22.64377
22.65477
22.66578
22.67698
22.68786
22.69949
22.71017
22.721
22.73223
22.74341
22.75461
22.76593
22.77672
22.78811
22.79927
22.81038
22.82162
22.83305
22.84499
22.85513
22.86683
22.87998
22.89163
22.9024
22.91327
22.92432
22.93546
22.9462
22.95952
