0.02
0.04
0.14
0.1794641
0.1948972
0.2072382
0.2178333
0.2291095
0.2407924
0.2561229
0.2668117
0.2777292
0.2880898
0.3008728
0.3116293
0.3227656
0.3328138
0.3434978
0.3543777
0.3653723
0.3764826
0.3879586
0.3988592
0.4102374
0.4214953
0.4324744
0.443713
0.4553136
0.4660396
0.4771278
0.4889355
0.4994241
0.5228776
0.5335122
0.5441468
0.5555151
0.5667974
0.5775378
0.5891005
0.6006054
0.6115354
0.6224437
0.6337674
0.6496451
0.6605155
0.67088
0.6814328
0.692044
0.7024412
0.7129352
0.723258
0.7338656
0.7452143
0.756578
0.7675822
0.778653
0.7900203
0.8010017
0.8122317
0.8234322
0.834463
0.8458364
0.8573368
0.8678992
0.87923
0.8904513
0.9016005
0.9127612
0.9241903
0.9349587
0.9461855
0.9578248
0.9693089
0.9810194
0.991757
1.002157
1.013375
1.024522
1.040197
1.051072
1.061647
1.072477
1.082814
TARGET DESTROYED 
1.101614
1.113121
1.124153
1.136531
1.147212
1.158479
1.169614
1.180942
1.191897
1.203381
1.214586
1.225507
1.237241
1.2571
1.267716
1.278292
1.289189
1.300127
1.310965
1.322016
1.332758
1.343686
1.354104
1.364958
1.375738
1.386249
1.396652
1.407642
1.418149
1.433738
1.444791
1.455724
1.466684
1.47746
1.48855
1.498918
1.510154
1.520989
1.531403
1.542748
1.553364
1.564379
1.575793
1.586881
1.597541
1.607837
1.618127
1.628582
1.63954
1.65036
1.661198
1.672452
1.683306
1.694579
1.706309
1.716984
1.728098
TARGET DESTROYED 
1.742477
1.754237
1.76505
1.776256
1.786651
1.797183
1.808574
1.824072
1.83504
1.847029
1.859337
1.875052
1.885464
1.895969
1.90686
1.917971
1.92912
1.940366
1.951475
1.962647
1.973978
1.985817
1.997065
2.007827
2.019469
2.029767
2.041116
2.0521
2.063324
2.074429
2.085618
2.097058
2.107956
2.118867
2.130198
2.141445
2.152506
2.163747
2.175923
2.187
2.197209
2.208255
2.223666
2.234188
2.244815
2.25551
2.266081
2.276668
2.287359
2.29804
2.308994
2.320178
2.331833
2.342477
2.354012
2.36488
2.376185
2.387433
2.398531
2.410347
2.422147
2.433252
TARGET DESTROYED 
2.448817
2.460989
2.473046
2.483625
2.499634
2.511032
2.52153
2.532154
2.54357
2.555058
2.565669
2.577066
2.588412
2.599392
2.615312
2.626218
2.636811
2.647938
2.659137
2.669659
2.680217
2.690982
2.709513
2.720785
2.73163
2.74294
2.753788
2.765451
2.787618
2.799398
2.811647
2.822966
2.833933
2.845093
2.856712
2.867294
2.878556
2.889824
2.900942
2.912168
2.923704
2.934385
2.946081
2.957178
2.967953
2.979319
2.990588
3.002106
3.012884
3.023926
3.03964
3.050551
3.061966
3.073105
3.083637
3.094558
3.106541
3.117425
3.128597
3.139896
3.150818
3.162142
3.173743
3.184654
3.195315
3.207374
3.218443
3.229332
3.240997
3.252015
3.263269
3.27433
3.284782
3.295665
3.307056
3.3176
3.328241
3.338988
3.349561
3.360744
3.371684
3.382207
TARGET DESTROYED 
3.397516
3.409318
3.42101
3.441561
3.452206
3.463203
3.474194
3.485108
3.495553
3.506966
3.517246
3.528059
3.539261
3.551225
3.563383
3.574531
3.584895
3.595583
3.606409
3.618454
3.630126
3.641938
3.654225
3.666304
3.678279
3.690405
3.703787
3.715669
3.727596
3.739069
3.750581
3.762676
3.774252
3.786018
3.797714
3.8095
3.821986
3.836426
3.852814
3.864325
3.876012
3.88839
3.900103
3.91208
3.923856
3.935081
3.947077
3.959381
3.971386
3.983009
3.994667
4.007432
4.018942
4.030817
4.043167
4.05512
4.066551
4.078259
4.090064
4.101771
4.113762
4.125587
4.137275
4.148739
4.160445
4.172158
4.184212
4.196223
4.207909
4.21911
4.230947
4.242763
4.254584
4.266067
4.282919
4.294846
4.306731
4.318346
4.330832
4.342403
4.354259
4.365726
4.377731
4.38944
4.40234
4.423991
4.437783
4.449753
4.461498
4.473673
4.484958
4.497127
4.509768
4.521443
4.533375
4.545181
4.557304
4.56929
4.580913
4.592732
4.6047
4.61649
4.62834
4.64115
4.652966
4.664946
4.676895
4.688513
4.700418
4.712033
4.728181
4.740218
4.752137
4.764208
4.776117
4.788111
4.799826
4.811865
4.824066
4.835339
4.847404
4.85927
4.870892
4.882713
4.894537
4.906772
4.918081
4.929657
4.941926
4.953477
4.965216
4.977916
4.990137
5.00143
5.014291
5.026047
5.03784
5.050175
5.061719
5.07347
5.085498
5.096951
5.109086
5.121323
5.133715
5.145816
5.162776
5.176254
5.188368
TARGET DESTROYED 
5.20569
5.217626
5.230205
5.242939
5.255293
5.268631
5.281577
5.293949
5.31071
5.322805
5.334437
5.346175
5.358591
5.370067
5.38205
5.394596
5.406888
5.418445
5.430682
5.442795
5.455435
5.46754
5.479823
5.491945
5.504187
5.516648
5.529338
5.541819
5.553363
5.564981
5.576796
5.592962
5.604844
5.616549
5.628055
5.639996
5.651543
5.663478
5.675754
5.687552
5.699785
5.711761
5.723735
5.735101
5.746161
5.757378
5.767928
5.778786
5.78998
5.800912
5.811537
5.822217
5.833049
5.844038
5.85534
5.865981
5.877498
5.888093
5.898614
5.909529
5.9202
5.930879
5.941466
5.951862
5.962745
5.973322
5.984048
6.000437
6.01269
6.024771
6.036335
6.047832
6.059681
6.071421
6.083439
6.095638
6.107123
6.118582
6.129745
6.141705
6.152942
6.164623
6.177058
6.188674
6.20043
6.212211
6.224755
6.236345
6.247981
6.260324
6.272324
6.284502
6.296585
6.308131
6.319547
6.331299
6.343314
6.355016
6.367233
TARGET DESTROYED 
6.384336
6.401257
6.412854
6.429551
6.441768
6.453056
6.464429
6.476011
6.488099
6.499957
6.513018
6.525994
6.537917
6.549444
6.560897
6.572644
6.584496
6.595863
6.607512
6.618903
6.630426
6.642327
6.65438
6.666615
6.678161
6.690293
6.701809
6.713294
6.725019
6.736175
6.747757
6.759543
6.771194
6.782978
6.794456
6.806189
6.817562
6.829062
6.841163
6.852928
6.869368
6.881113
6.893549
6.90485
6.916492
6.928298
6.940048
6.951555
6.963269
6.975168
6.986423
6.998608
7.011029
7.023249
7.034891
7.046941
7.058455
7.070361
7.081957
7.094246
7.106083
7.117934
7.129729
7.141752
7.15379
7.165808
7.178176
7.190369
7.201563
7.213576
7.225054
7.236629
7.248641
7.26044
7.272381
7.284836
7.296971
7.313462
7.325716
7.337268
7.348909
7.360729
TARGET DESTROYED 
7.38701
7.398922
7.410421
7.422114
7.43415
7.446744
7.459714
7.471769
7.491032
7.503551
7.515028
7.526651
7.53823
7.550886
7.562274
7.574353
7.585914
7.597622
7.609798
7.621877
7.633603
7.645608
7.657197
7.668789
7.680721
7.692773
7.705601
7.718692
7.735547
7.747895
7.759998
7.772161
7.783513
7.795184
7.8073
7.818828
7.830739
7.842478
7.854457
7.865639
7.87683
7.888199
7.899254
7.910987
7.92264
7.933426
7.945154
7.95961
7.972101
7.983297
7.994421
8.006036
8.01685
8.028296
8.040414
8.051645
8.062913
8.074306
8.085245
8.097073
8.108186
8.120042
8.131421
8.142413
8.153478
8.16985
8.181417
8.192445
8.20353
8.214574
8.225786
8.237395
8.248424
8.259805
8.270888
8.282518
8.29383
8.306228
8.318563
8.330244
8.341226
8.351867
8.363074
8.374184
8.385558
8.396492
8.407645
8.418849
8.43053
8.441612
8.452524
8.463796
8.474967
8.485952
8.497224
8.508313
8.519547
8.530535
8.542326
8.553015
8.564157
8.579346
8.590863
8.6026
8.614205
8.625409
8.636299
8.648191
8.659727
8.670616
8.68199
8.76116
8.773724
8.7846
8.795633
8.806857
8.817919
8.830718
8.841931
8.853168
8.865804
8.877021
8.888054
8.899348
8.91046
8.922164
8.932702
8.944071
8.955228
8.966491
8.977756
8.988736
8.999712
9.013334
9.024754
9.042775
9.053788
9.064578
9.077055
9.091881
