0.02
0.04
0.14
0.1722117
0.1874039
0.199988
0.2120377
0.2246355
0.2352149
0.2503533
0.2609102
0.2722906
0.2828537
0.2931043
0.305466
0.3156987
0.3261096
0.3369098
0.3471988
0.3577295
0.3685197
0.3784658
0.3894767
0.4006133
0.4116466
0.4229023
0.4341807
0.4455502
0.4562961
0.4676952
0.4785832
0.4898745
0.5016177
0.5121635
0.5232795
0.5346635
0.5456869
0.5570285
0.568171
0.5791238
0.5902777
0.6019065
0.612774
0.628185
0.6390313
0.6499469
0.6613716
0.6730019
0.6843859
0.6952819
0.7060878
0.7178491
0.7285286
0.7394005
0.7500669
0.7614332
0.7725637
0.7831768
TARGET DESTROYED 
0.8016399
0.8133328
0.8259538
0.8365778
0.8476477
0.8585296
0.8699671
0.8809491
0.8920206
0.9033164
0.9146894
0.93424
0.9457071
0.9563558
0.9674956
0.9789781
0.9895473
1.001026
1.016769
1.027129
1.037544
1.048544
1.060549
1.071272
1.082157
1.093113
1.104765
1.11602
1.127033
1.138178
1.149107
1.160216
1.171453
1.183096
1.193542
1.205166
1.216105
1.227423
1.238328
1.250008
1.260718
1.271739
1.283103
1.294431
1.305402
1.316515
1.327487
1.338986
1.350057
1.361238
1.372355
1.384071
1.394693
1.406042
1.421589
1.432059
1.442809
1.453626
1.463735
1.474008
1.488357
1.499183
1.509523
1.520458
1.532161
1.542601
1.553104
1.563392
1.575024
1.586476
1.598088
1.609142
1.620314
TARGET DESTROYED 
1.635173
1.645632
1.65673
1.66709
1.6776
1.688135
1.699151
1.71623
1.728086
1.738621
1.749044
1.759247
1.770853
1.781412
1.792574
1.808453
1.819365
1.830328
1.842129
1.85467
1.866302
1.877133
1.887803
1.899173
1.909842
1.920124
1.931112
1.941758
1.953385
1.964455
1.975844
1.987134
1.998298
2.009136
2.02055
2.03148
2.042973
2.053908
2.065417
2.076106
2.087383
2.098255
2.109763
2.121117
2.132293
2.142977
2.154538
2.166596
2.177165
2.187991
2.204783
2.216399
2.227133
2.238297
2.249333
2.261548
2.272625
TARGET DESTROYED 
2.287491
2.300305
2.311503
2.323265
2.341455
2.353666
2.364592
2.375893
2.386834
2.398374
2.420187
2.431036
2.441751
2.453194
2.46393
2.474771
2.486348
2.496941
2.507646
2.518804
2.529716
2.540349
2.551464
2.562297
2.572938
2.583745
2.594358
2.605196
2.620943
2.63181
2.642558
2.653814
2.664526
2.675283
2.686324
2.697402
2.708575
2.719546
2.730203
2.741159
2.75232
2.76268
2.773441
2.785222
2.795993
2.806803
2.818544
2.829507
2.840425
2.851515
2.862983
2.874323
2.885131
2.895766
2.906705
2.91828
2.929587
2.940593
2.952417
2.963022
2.974146
2.985632
2.996388
3.012214
3.023545
3.034724
3.04601
3.056928
3.067788
3.078696
3.089938
3.101887
3.112877
3.124206
3.135538
3.146609
3.157756
3.16926
3.180048
3.191248
3.20249
3.213084
3.22456
3.236328
3.247299
3.258534
3.270601
3.282699
3.293596
3.304733
TARGET DESTROYED 
3.320196
3.332003
3.343358
3.35423
3.365287
3.376245
3.387653
3.399769
3.411733
3.434006
3.446635
3.457983
3.469487
3.480281
3.491391
3.502818
3.513717
3.524819
3.537187
3.548128
3.559308
3.570605
3.581611
3.593071
3.604788
3.61666
3.628549
3.639782
3.651416
3.662017
3.673432
3.684994
3.695765
3.707188
3.718348
3.729587
3.740883
3.751959
3.76321
3.774513
3.785784
3.796889
3.807842
3.819128
3.834817
3.845837
3.857842
3.871327
3.883143
3.894139
3.905324
3.916236
3.927151
3.938609
3.949684
3.960621
3.972098
3.983312
3.994614
4.005949
4.017348
4.028725
4.040822
4.052274
4.064164
TARGET DESTROYED 
4.079975
4.090996
4.10273
4.113885
4.125855
4.136847
4.14776
4.158824
4.170012
4.180968
4.192671
4.210206
4.222432
4.238508
4.249922
4.26098
4.272722
4.284263
4.295184
4.30674
4.317945
4.329064
4.340491
4.351855
4.363194
4.374521
4.385811
4.39685
4.408418
4.420451
4.431639
4.443166
4.455212
4.466537
4.477858
4.489108
4.500446
4.511676
4.523135
4.534944
4.545933
4.557392
4.568893
4.579916
4.590921
4.602742
4.613347
4.624397
4.635971
4.651992
4.663291
4.674632
4.686194
4.696971
4.708274
4.719392
4.731596
4.743019
4.754359
4.765225
4.77656
4.787907
4.799185
4.81114
4.823273
4.835323
4.846171
4.858088
4.871886
4.882831
4.905101
4.916555
4.927934
4.939844
4.951298
4.962872
4.974875
4.987128
4.999082
5.010796
5.022439
5.035263
5.046762
5.058418
5.070346
5.086396
5.097558
5.109237
5.120724
5.13311
TARGET DESTROYED 
5.148875
5.159972
5.171612
5.182717
5.193811
5.204865
5.215674
5.227155
5.238294
5.249269
5.260062
5.270836
5.281949
5.293575
5.311885
5.32413
5.335606
5.346841
5.357779
5.369335
5.38027
5.391454
5.402873
5.418857
5.430068
5.441121
5.452832
5.463405
5.474629
5.485814
5.50211
5.513858
5.524649
5.536252
5.547432
5.55847
5.569538
5.580514
5.591908
5.603033
5.613869
5.624888
5.636313
5.647526
5.65857
5.669674
5.680624
5.691767
5.703341
5.714932
5.726326
5.737503
5.748399
5.759629
5.771098
5.781971
5.792784
5.804072
5.816216
5.82709
5.838226
5.849104
5.860297
5.873784
5.884991
5.895981
5.907335
5.923588
5.934978
5.945606
5.956609
5.967758
5.978792
5.989666
6.000906
6.011754
6.022962
6.03372
6.044879
6.056023
6.067159
6.078491
6.089665
6.106869
6.11843
6.129533
6.141773
6.152964
6.164102
6.175303
6.186514
6.19765
6.209095
6.22069
6.232082
6.242877
6.254034
TARGET DESTROYED 
6.278878
6.289998
6.30124
6.312073
6.323189
6.339566
6.351091
6.361912
6.37298
6.384383
6.404072
6.416859
6.427995
6.439756
6.451482
6.462255
6.473968
6.48568
6.497301
6.508574
6.519939
6.531177
6.54292
6.554412
6.566478
6.577541
6.588793
6.599789
6.610958
6.622097
6.633529
6.647066
6.65842
6.669397
6.680489
6.691471
6.702911
6.713655
6.727567
