0.02
0.04
0.14
0.1783352
0.200749
0.2104394
0.2198258
0.2294822
0.2395323
0.2487659
0.2601483
0.2711842
0.2819346
0.2935143
0.3048017
0.3154905
0.3268793
0.3385606
0.349072
0.3602173
0.3753152
0.3844994
0.3939618
0.4052011
0.4160105
0.427133
0.4386703
0.4498622
0.4606218
0.4721531
0.483385
0.4944103
0.5054985
0.516611
0.528081
0.5389443
0.5499077
0.5611168
0.5724395
0.5835207
0.5946583
0.6059778
0.6169059
0.6285404
0.6393389
0.6503453
0.6615542
0.6731662
0.6840263
0.6951283
0.7062408
0.7174355
0.7285045
0.7398124
0.7508634
0.7623398
0.7734417
0.7844266
0.7955331
0.8068247
0.8179642
0.829131
0.8405002
0.8516943
0.8626041
0.873845
0.8857365
0.9012075
0.9125992
0.9235703
0.9345228
0.9456668
0.9568744
0.9683344
0.9793613
0.9905474
1.001621
1.012846
1.024432
1.035333
1.04625
1.057459
1.069181
1.07989
1.09112
1.102312
1.113199
1.124518
1.136023
1.146712
1.158155
1.169419
1.18025
1.191687
1.202918
1.213735
1.225148
1.236358
1.24745
1.258546
1.270078
1.280979
1.292277
1.303786
1.314361
1.325733
1.336926
1.347895
1.3591
1.370538
1.381537
1.392578
1.40411
1.414886
1.426159
1.437491
1.448525
1.459524
1.474715
1.485532
1.494943
TARGET DESTROYED 
1.512023
1.522518
1.533302
1.551465
1.562324
1.572016
1.581315
1.590487
1.599703
1.610916
1.622106
1.633354
1.644494
1.655942
1.667338
1.678034
1.68935
1.70064
1.711492
1.722924
1.733879
1.745272
1.756266
1.767253
1.778457
1.789692
1.80082
1.812366
1.823498
1.834439
1.845793
1.856743
1.867776
1.879037
1.890239
1.901842
1.912531
1.923704
1.934959
1.946113
1.957168
1.968509
1.979726
1.99072
2.002619
2.013811
2.025191
2.037171
2.048235
2.059798
2.07164
2.083228
2.094523
2.106185
2.117072
2.128771
2.140243
2.151837
2.163606
2.17438
2.18572
2.196874
2.207912
2.219269
2.230292
2.241496
2.252836
2.263827
2.275413
2.286709
2.297287
2.308501
2.320343
2.331459
2.341908
2.354366
2.364218
2.375642
2.387295
2.397698
2.4091
2.420565
2.431315
2.442883
2.45424
2.464902
2.476192
2.487456
2.498534
2.514163
2.524641
2.535915
2.545885
2.555643
2.565275
2.575495
2.58479
2.59466
2.605299
2.616365
2.627587
2.638767
2.649662
2.66099
2.672169
2.683306
2.694528
2.70566
2.716717
2.727988
2.739102
2.750284
2.761453
2.772753
2.784178
2.794931
2.806205
2.817382
2.82854
TARGET DESTROYED 
2.84295
2.852841
2.862472
2.873292
2.884341
2.895612
2.907017
2.918142
2.929333
2.941106
2.958414
2.969786
2.979861
2.989774
2.999671
3.010125
3.020672
3.030826
3.041531
3.053037
3.063474
3.074519
3.086854
3.097758
3.108182
3.119872
3.130299
3.141445
3.153073
3.163902
3.175132
3.186293
3.197279
3.208515
3.220215
3.230824
3.242085
3.25411
3.26437
3.275617
3.286841
3.297765
3.308993
3.320376
3.331517
3.343168
3.3548
3.365745
3.37781
3.388729
3.400083
3.412429
3.422899
3.434125
3.445622
3.457009
3.468569
3.480066
3.491298
3.502863
3.514084
3.525359
3.537312
3.548071
3.564362
3.5746
3.584
3.594315
3.604641
3.61441
3.625127
3.634622
3.645226
3.656589
3.667564
3.678771
3.689839
3.700989
3.712452
3.723652
3.734456
3.745614
3.75688
3.767948
3.779255
3.790392
3.801345
3.81267
3.82398
3.835149
3.846147
3.857279
3.868503
3.879861
3.890865
3.902534
3.913173
3.924338
3.935857
3.947129
3.958234
3.969905
3.981254
3.99231
4.003919
4.015182
4.026498
4.038306
4.049232
4.060646
4.071913
4.083312
4.094606
4.106228
4.117359
4.12882
4.140299
4.15171
4.16259
4.173889
4.185076
4.196425
4.207236
4.219024
4.229813
4.241072
4.252305
4.264305
4.276278
4.286955
4.297358
4.30818
4.319931
4.330315
4.341636
4.353237
4.363611
4.374957
4.386399
4.397075
4.408328
4.41972
4.430933
4.442033
4.453583
4.464453
4.475382
4.487063
4.497575
4.509063
4.5205
4.531352
4.54248
4.553922
4.56475
4.57578
4.587271
4.598493
4.609401
4.621289
4.631889
4.647735
4.658101
4.668493
4.678842
4.689394
4.699356
4.709641
4.720024
TARGET DESTROYED 
4.735023
4.745562
4.756482
4.766711
4.777233
4.788085
4.798097
4.8086
4.819131
4.835947
4.847413
4.858137
4.868403
4.878691
4.88923
4.899238
4.90936
4.919774
4.929434
4.939594
4.950884
4.961912
4.973472
4.984198
4.995275
5.006565
5.018353
5.02925
5.040106
5.051085
5.062403
5.0737
5.08505
5.095922
5.10711
5.11831
5.129545
5.140544
5.152006
5.163067
5.17426
5.185597
5.196405
5.207451
5.219043
5.229935
5.241055
5.25243
5.263529
5.27627
5.287125
5.297824
5.309308
5.32081
5.332318
5.343617
5.355226
5.366542
5.377912
5.389466
5.400818
5.412382
5.423723
5.435301
5.446698
5.45789
5.469969
5.480886
5.491933
5.503325
5.514368
5.525377
5.536955
5.547853
5.558773
5.570187
5.581028
5.593076
5.604198
5.614629
5.625757
5.637197
5.648214
5.65937
5.670713
5.68159
5.697435
5.708214
5.718513
5.729136
5.739853
5.749928
5.760945
5.771718
5.782007
5.792687
5.803431
5.81349
5.823944
5.834178
5.844553
5.855598
5.866512
5.877757
5.888965
5.90007
5.91157
5.922758
5.933775
5.944822
5.956302
5.967149
5.978288
5.989412
6.000719
6.011925
6.023271
6.034242
6.045294
6.056709
6.068008
6.07878
6.090068
6.101598
6.112836
6.123972
6.135925
6.146786
6.158304
6.170165
6.1811
6.192585
6.204217
6.215384
6.22705
6.238218
6.249777
6.261456
6.27287
6.284026
6.295216
6.306439
6.317905
6.329276
6.340677
6.352302
6.363196
6.374171
6.385966
6.396561
6.407701
6.419034
TARGET DESTROYED 
6.433807
6.444738
6.455173
6.46525
6.476387
6.487559
6.497931
6.508237
6.518299
6.528289
6.539207
6.55693
6.568039
6.578164
6.588723
6.59867
6.608738
6.618306
6.628466
6.6393
6.649511
6.660324
6.671104
6.682285
6.693479
6.704601
6.715639
6.727069
6.737868
6.753729
6.764033
6.773898
6.784145
6.794084
6.805076
6.81619
6.827248
6.838637
6.849864
6.860788
6.871853
6.883006
6.894472
6.905761
6.916687
6.931724
6.941885
6.95155
6.962173
6.972493
6.983773
6.995202
7.006941
7.01819
7.029639
7.040997
7.052972
7.064111
7.07502
7.086328
7.0974
7.108443
7.120214
7.131188
7.142746
7.154062
7.16555
7.176209
7.187684
7.198647
7.209916
7.222103
7.232248
7.243589
7.254615
7.265637
7.277052
7.288419
7.299504
7.310603
7.322523
7.333364
7.351714
7.362427
7.374597
7.386121
7.396954
7.408019
7.419305
7.430342
7.441964
7.453074
7.463911
7.475248
7.486561
7.497386
7.508644
7.520142
7.53109
7.542306
7.553584
7.56433
7.575767
7.587022
7.597997
7.609072
7.620667
7.631603
7.642723
7.654304
7.665133
7.676109
7.687592
7.698438
7.709592
7.720948
7.731899
7.743507
7.754999
7.7663
7.777896
7.789539
7.800814
7.811996
7.823682
7.834865
7.846502
7.85765
7.869384
7.885588
7.896457
7.907877
7.919223
7.930345
7.941884
7.953333
7.964854
7.975848
7.987403
8.000265
8.01122
8.023173
8.034284
8.045188
8.056825
8.067726
8.078815
8.090098
8.101216
8.112205
8.123229
8.134137
8.145203
8.156407
8.182103
8.193242
8.204658
8.215793
8.226654
8.237738
8.248696
8.260721
8.272589
8.283844
8.295667
8.307708
8.318501
8.329477
8.34086
8.35185
8.363317
8.374843
8.386662
8.39805
8.409842
8.421505
8.432925
8.443843
8.455219
8.466469
8.47801
8.489921
8.501003
8.512809
8.525056
8.536606
8.54764
8.558725
8.570345
8.581639
8.592793
8.604344
8.615362
8.626295
8.637901
8.649634
8.661036
8.672477
8.683366
8.694928
8.706236
8.717287
8.728862
8.740476
8.751748
8.763434
8.774702
8.786086
8.796806
8.807776
8.818146
8.82864
8.83924
8.849158
8.860237
8.871697
8.882596
8.893818
8.905007
8.915849
8.927215
8.938256
8.949591
8.96061
8.971866
8.983185
8.994507
9.010969
9.022507
9.032911
9.043953
9.054854
9.065318
9.07639
9.086596
9.096964
9.107542
9.118554
9.129749
9.140746
9.152164
9.163321
9.174723
9.185862
9.197175
9.208015
9.220146
9.231918
9.242972
9.253763
9.264798
9.276738
9.287888
9.298585
9.311114
9.321909
9.332561
9.343202
9.354073
9.364461
9.376046
9.387086
9.398149
9.40962
9.421331
9.432535
9.44396
9.455327
9.466238
9.477801
9.48912
9.500471
9.512043
9.523263
9.534685
9.545768
9.556976
9.568239
9.579251
9.590452
9.602077
9.613041
9.624433
9.635458
9.646404
9.657518
9.670086
9.680303
9.691292
9.702935
9.713929
9.724991
9.736645
9.747596
9.758689
9.770338
9.781029
9.792727
9.804006
9.814631
9.828769
9.840578
9.850928
9.862062
9.873178
9.883577
9.897173
