0.02
0.04
0.14
0.1727375
0.1835136
0.194357
0.2049364
0.216689
0.227593
0.2373781
0.2475614
0.2578145
0.2707733
0.2820229
0.2916626
0.3023947
0.3118603
0.3205608
0.3312579
0.3429755
0.3534417
0.3687115
0.3780337
0.3870078
0.3982487
0.4093513
0.4205868
0.4316766
0.4431196
0.4541542
0.4651231
0.4766196
0.4875776
0.4992663
0.5100055
0.5209888
0.5323294
0.5435026
0.5545449
0.5656325
0.582225
0.5948039
0.6037479
0.6130354
0.6223871
0.6327031
0.6440201
0.6550431
0.666395
0.679032
0.688554
0.6997324
0.7111211
0.7221179
0.7332334
0.7453536
0.7555182
0.7667055
0.7780234
0.7893375
0.8002091
0.8115636
0.8226745
0.8338612
0.8451582
0.8561338
0.867171
0.879082
0.8901953
0.9015885
0.9123399
0.9237065
0.9348739
0.9459525
0.9577568
0.9687333
0.980038
0.9919809
1.003029
1.014855
1.025953
1.037138
1.04866
1.060333
1.071233
1.082745
1.094637
1.105195
1.116802
1.129468
1.139859
1.151039
1.162342
1.174174
1.185071
1.196207
1.207682
1.218951
1.229779
1.241464
1.251965
1.263345
1.274636
1.28563
1.297233
1.308263
1.319171
1.330267
1.341978
1.352536
1.363657
1.375388
1.385958
1.397283
1.408631
1.419645
1.430692
1.442183
1.45307
1.468196
1.477706
1.486785
1.496552
1.507884
1.518505
1.529927
1.540994
1.55179
1.563086
1.574309
1.58799
1.597317
1.608409
1.618934
1.629933
1.641529
1.652291
1.663636
1.675151
1.687562
1.704795
1.714133
1.723358
1.732442
1.742025
1.750878
1.760959
1.771882
1.784829
1.799519
1.810433
1.820641
1.831024
1.840723
1.850939
1.862661
1.873199
1.883662
1.895103
1.906245
1.917709
1.928872
1.939879
1.950997
1.96213
1.973216
1.984315
1.996128
2.007004
2.018262
2.02964
2.040528
2.051588
2.062582
2.073906
2.084894
2.099256
2.109493
2.119531
2.130885
2.1421
2.153639
2.164744
2.1797
2.189592
2.20053
2.210682
2.221748
2.233467
2.244613
2.255947
2.266936
2.278531
2.289398
2.300382
2.311967
2.323011
2.333997
2.345093
2.356587
2.367339
2.378791
2.390126
2.400985
2.412288
2.423564
2.434402
2.445674
2.457253
2.468324
2.479096
2.490776
2.50143
2.512892
2.5246
2.534939
2.546292
2.558
2.568902
2.580304
2.592023
2.602686
2.613977
2.62563
2.636595
2.648091
2.659801
2.670758
2.681681
2.693101
2.704046
2.715217
2.726535
2.737598
2.749083
2.760034
2.771053
2.782645
2.79356
2.804576
2.815733
2.827094
2.84233
2.852955
2.863368
2.873462
2.883693
2.894607
2.905318
2.915738
2.926051
2.936881
2.94673
2.958157
2.969033
2.980111
2.991431
3.002491
3.013622
3.024998
3.03586
3.047172
3.058411
3.069453
3.080707
3.09228
3.103241
3.114147
3.127843
3.138412
3.148841
3.159175
3.170083
3.181223
3.192382
3.203616
3.21466
3.226187
3.237308
3.249023
3.260241
3.271526
3.28281
3.294204
3.305472
3.316883
3.328267
3.33957
3.351063
3.362487
3.373828
3.384777
3.395909
3.407691
3.418246
3.429666
3.440782
3.451949
3.462975
3.474604
3.485589
3.501879
3.513335
3.525305
3.536572
3.548001
3.559603
3.570483
3.581635
3.592753
3.603866
3.615064
3.626275
3.637479
3.648571
3.659777
3.671016
3.682026
3.693253
3.704545
3.715764
3.726855
3.738275
3.752008
3.762235
3.773323
3.783939
3.794224
3.80517
3.81608
3.830935
3.842332
3.85307
3.863405
3.874075
3.884337
3.894686
3.905507
3.916557
3.927783
3.93896
3.950307
3.961396
3.972643
3.983673
3.995272
4.006911
4.018078
4.029981
4.041479
4.05255
4.063968
4.075745
4.087533
4.100071
4.110732
4.121013
4.132188
4.143232
4.154772
4.170602
4.181685
4.192586
4.20336
4.214225
4.224855
4.235536
4.246466
4.2573
4.267951
4.279003
4.289281
4.299778
4.310919
4.320347
4.331259
4.342764
4.353128
4.364303
4.375479
4.386639
4.397863
4.409081
4.42008
4.431339
4.442659
4.453673
4.46544
4.476051
4.487102
4.498576
4.509735
4.520623
4.532612
4.545378
4.555435
4.565609
4.576769
4.588417
4.599559
4.610855
4.62242
4.633537
4.645078
4.656672
4.667883
4.679232
4.690941
4.702036
4.713497
4.724828
4.736197
4.747375
4.759142
4.770017
4.781146
4.792528
4.803617
4.815006
4.830891
4.843125
4.854322
4.865837
4.877516
4.888515
4.899652
4.910748
4.921888
4.93326
4.944822
4.955387
4.966827
4.978223
4.989227
5.000087
5.011552
5.02265
5.034205
5.045668
5.056446
5.067414
5.078726
5.089706
5.100663
5.112189
5.123716
5.134601
5.145815
5.156476
5.1676
5.17908
5.190275
5.201083
5.212461
5.223695
5.234852
5.245908
5.257304
5.268321
5.279646
5.290714
5.30236
5.312974
5.324203
5.335442
5.3502
5.36124
5.372676
5.383469
5.394487
5.405895
5.416689
5.42748
5.43938
5.452693
5.463886
5.474913
5.491671
5.503024
5.514387
5.525585
5.536761
5.548798
5.559938
5.570273
5.581458
5.592421
5.603394
5.614393
5.62581
5.636767
5.648044
5.659437
5.670516
5.68163
5.693085
5.703909
5.714958
5.726278
5.737357
5.751224
5.761981
5.772682
5.783057
5.793192
5.812652
5.823538
5.834181
5.844871
5.855408
5.865957
5.876808
5.886545
5.896971
5.907497
5.918241
5.928747
5.939839
5.949818
5.960817
5.971908
5.983061
5.994266
6.005507
6.016651
6.027775
6.038986
6.050267
6.061618
6.072783
6.084011
6.09551
6.105937
6.117007
6.128774
6.139992
6.150543
6.165474
6.176583
6.186701
6.197195
6.207331
6.217749
6.229263
6.240687
6.252077
6.263299
6.275024
6.286264
6.297901
6.309405
6.320719
6.332081
6.343658
6.354946
6.366159
6.37776
6.388501
6.399789
6.411019
6.425508
6.436101
6.446952
6.45771
6.467954
6.478961
6.4902
6.500355
6.511353
6.522847
6.534195
6.545107
6.556604
6.567642
6.578844
6.590269
6.601011
6.612315
6.623451
6.634554
6.645802
6.657395
6.668151
6.679372
6.69102
6.701631
6.712852
6.724595
6.735163
6.746397
6.757661
6.768703
6.780087
6.791339
6.802349
6.814672
6.831148
6.842951
6.853849
6.865601
6.876963
6.887901
6.899041
6.910539
6.921493
6.932472
6.944265
6.955047
6.966046
6.977701
6.992167
7.002686
7.014045
7.025236
7.035758
7.047503
7.058494
7.068911
7.080814
7.091959
7.103952
7.115952
7.127625
7.138449
7.149448
7.161126
7.171929
7.182663
7.194166
7.206182
7.216851
7.228501
7.240168
7.250583
7.261862
7.273665
7.28484
7.29524
7.307093
7.31957
7.331097
7.342934
7.354676
7.365847
7.377393
7.388574
7.400193
7.412166
7.424199
7.435282
7.446882
7.458273
7.469696
7.480406
7.491264
7.506562
7.517598
7.529229
7.540051
7.550735
7.563526
7.574405
7.585119
7.59587
7.606549
7.61721
7.628263
7.638113
7.648374
7.658725
7.669607
7.680903
7.692491
7.703285
7.714399
7.725829
7.741022
7.752429
7.762957
7.773365
7.784287
7.795463
7.805925
7.816791
7.828116
7.839068
7.850118
7.860922
7.871332
7.882045
7.893324
7.905048
7.91632
7.927939
7.939788
7.950922
7.962478
7.974122
7.984947
7.996269
8.007677
8.018764
8.029735
8.041132
8.052063
8.063257
8.0748
8.085657
8.097211
8.108671
8.119447
8.130584
8.142123
8.157587
8.168207
8.179205
8.189385
8.199403
8.209643
8.220365
8.230815
8.242273
8.253406
8.264816
8.275861
8.286949
8.297954
8.309372
8.3203
8.331541
8.342869
8.353898
8.364964
8.376388
8.387313
8.398659
8.41
8.420881
8.431987
8.44327
8.45435
8.465551
8.476768
8.488228
8.499043
8.510287
8.521713
8.53345
8.544201
8.555384
8.567432
8.578227
8.589426
8.603648
8.614399
8.624798
8.634961
8.645555
8.656837
8.667885
8.679132
8.690443
8.701319
8.712679
8.72486
8.735902
8.746552
8.757586
8.768394
8.780173
8.791386
8.808987
8.83082
8.849376
8.866405
8.88389
8.901214
8.918653
8.935877
8.953037
8.969901
8.987155
9.004423
9.021639
9.040332
9.05858
9.076255
9.094074
9.111595
9.129962
9.146939
9.164468
9.181847
9.19913
9.216125
9.233618
9.25102
9.262332
9.273577
9.284401
9.295499
9.306706
9.317569
9.328629
9.340182
9.351041
9.362125
9.373432
9.384842
9.395811
9.406605
9.417122
9.428343
9.439245
9.450027
9.46102
9.472148
9.489088
9.506664
9.523977
9.542002
9.559459
9.577909
9.595683
9.612187
9.626224
9.639097
9.651613
9.66444
9.677277
9.689969
9.702137
9.714015
9.726241
9.742478
9.754933
9.768109
9.780446
9.793599
9.806243
9.818933
9.832097
9.845693
9.859007
9.871275
9.884153
9.896772
9.910196
9.922868
9.935604
9.948142
9.961138
9.973983
9.986989
10.00012
10.01299
10.02657
10.03947
10.05218
10.06507
10.07759
10.09063
10.10448
10.11718
10.13024
10.14321
10.15684
10.17015
10.1824
10.19433
10.20604
10.21797
10.22983
10.24189
10.25376
10.26587
10.27821
10.29064
10.30292
10.31486
10.3273
10.33945
10.35115
10.36304
10.37532
10.38724
10.39988
10.41192
10.42575
10.43766
10.45464
10.46739
10.47965
10.49198
10.50383
10.51643
10.52949
10.54302
10.5716
10.585
10.59636
10.60875
10.61967
10.63053
10.64304
10.65875
10.67093
10.68414
10.6961
10.70832
10.71941
10.73032
10.7416
10.75252
10.76422
10.77518
10.78615
10.7973
10.80878
10.81974
10.83117
10.84245
10.85343
10.86426
10.87584
10.88674
10.89779
10.90937
10.92037
10.93132
10.94261
10.95375
10.96473
10.97619
10.98724
10.99858
11.00972
11.02068
11.03203
11.04306
11.05431
11.06531
11.07695
11.08772
11.0989
11.11026
11.1213
11.13232
11.14404
11.15496
11.16958
11.18045
11.19087
11.20073
11.21178
11.22362
11.23507
11.24627
11.25825
11.26943
11.28108
11.29231
11.30327
11.3144
11.32582
11.33677
11.34797
11.35942
11.37035
11.38148
11.39289
11.40372
11.41498
11.42617
11.43735
11.44858
11.45967
11.47124
11.48231
11.49319
11.50446
11.51541
11.52676
11.53812
11.54976
11.56074
11.57209
11.58339
11.59576
11.6058
11.61713
11.62841
11.63975
11.65108
11.66254
11.67378
11.68466
11.69582
11.7077
11.71852
11.72966
11.74098
11.75177
11.76691
11.77919
11.79132
11.80296
11.81469
11.82607
11.84255
11.85511
11.86696
11.87904
11.89008
11.90119
11.91344
11.92555
11.93685
11.94864
11.96058
11.97199
11.98361
11.99486
12.00639
12.01814
12.03066
12.04211
12.05394
12.06586
12.07855
12.0901
12.10217
12.11434
12.12683
12.13851
12.15034
12.16222
12.17343
12.18496
12.19679
12.20853
12.21987
12.23186
12.24409
12.25567
12.26677
12.27856
12.29033
12.30149
12.31293
12.32441
12.33571
12.34815
12.35989
12.37233
12.38359
12.39466
12.40573
12.41687
12.42831
12.43949
12.45037
12.46163
12.47278
12.48437
12.49503
12.50628
12.52215
12.53364
12.54402
12.55446
12.56481
12.57552
12.58533
12.59655
12.60719
12.61795
12.62926
12.6408
12.65152
12.66276
12.67414
12.68494
12.69615
12.70781
12.71857
12.72968
12.74102
12.75223
12.76391
12.77464
12.78551
12.79683
12.80811
12.81926
12.8304
12.84227
12.85366
12.86489
12.87648
12.88817
12.89932
12.91091
12.92206
12.93339
12.94472
12.95654
12.96762
TARGET DESTROYED 
12.97889
12.99798
13.00972
13.02026
13.03136
13.04256
13.05375
13.06468
13.07616
13.08712
13.09852
13.10988
13.12923
13.14187
13.15465
13.17001
13.1807
13.19151
13.2015
13.21158
13.2222
13.23217
13.24358
13.25474
13.26602
13.277
13.28828
13.29931
13.31058
13.32176
13.33292
13.34405
13.35519
13.36628
13.37753
13.38902
13.3998
13.41123
13.42255
13.43343
13.44456
13.45584
13.46755
13.47816
13.48988
13.50032
13.5116
13.52293
13.53401
13.54507
13.5564
13.56741
13.57885
13.59033
13.60088
13.61248
13.62437
13.63538
13.64687
13.65874
13.66996
13.68127
13.69326
13.70435
13.71588
13.73063
13.7398
13.75008
13.7613
13.77255
13.78354
13.79471
13.80611
13.81712
13.83112
13.84738
13.85951
13.87002
13.88023
13.89209
13.90264
13.91362
13.92503
13.936
13.94718
13.9588
13.96953
13.98072
13.99216
14.00297
14.01432
14.02541
14.03653
14.04809
14.05898
14.07007
14.08135
TARGET DESTROYED 
14.09321
14.10847
14.11951
14.13062
14.14068
14.15072
14.16199
14.17202
14.18205
14.19306
14.20447
14.2219
14.23395
14.24454
14.25498
14.26516
14.27564
14.28612
14.29717
14.308
14.3184
14.32939
14.3391
14.34924
14.36084
14.37174
14.38286
14.39405
14.40527
14.41621
14.42785
14.43898
14.44985
14.46114
14.47235
14.48752
14.49882
14.50933
14.52013
14.53126
14.54199
14.55181
14.5629
14.57329
14.58384
14.59564
14.60627
14.61746
14.62914
14.64067
14.65209
14.66354
14.67513
14.68647
14.69759
14.70902
14.72058
14.73168
14.74306
14.75411
14.7655
14.77691
14.78778
14.79876
14.80996
14.82122
14.83247
14.84379
14.85471
14.86603
14.87729
14.88868
14.90025
14.91132
14.92254
14.9339
14.94524
14.95688
14.96842
14.9791
14.99109
15.0022
15.01316
15.02454
15.0357
15.04691
15.05896
15.06939
15.08029
15.09151
TARGET DESTROYED 
15.10256
15.11688
15.12778
15.13806
15.14875
15.17102
15.18291
15.19341
15.2041
15.21479
15.22512
15.23545
15.24607
15.25785
15.2702
15.28261
15.29436
15.3076
15.31941
15.33185
15.34446
15.35628
15.36802
15.38003
15.39222
15.40437
15.41621
15.42842
15.44053
15.45285
15.46481
15.47752
15.48883
15.50063
15.51287
15.5249
15.537
15.54913
15.5618
15.57329
15.58484
15.5973
15.61022
15.62377
15.63503
15.6477
15.65915
15.67001
15.68161
15.69386
15.70507
15.71641
15.728
15.73916
15.75452
15.76586
15.77783
15.78919
15.80141
15.81275
15.82407
15.83523
15.85764
15.87002
15.88047
15.89106
15.90194
15.91326
15.92437
15.9358
15.94653
15.95813
15.9691
15.98002
15.99151
16.00242
16.01356
16.02523
16.03605
16.04713
16.05876
16.06952
16.08064
16.09241
16.10299
16.114
16.12573
16.13646
16.14757
16.15937
16.17108
16.18239
16.19329
16.20454
16.21497
16.22582
16.23795
16.25016
16.26207
16.27468
16.2872
16.29912
16.31189
16.32486
16.33652
16.3487
16.36046
16.37222
TARGET DESTROYED 
16.38419
16.40084
16.4176
16.42929
16.43898
16.44924
16.46047
16.47162
16.48287
16.49829
16.50988
16.5208
16.53123
16.54189
16.5527
16.56345
16.57348
16.58399
16.59443
16.6055
16.61668
16.62831
16.63915
16.65026
16.66167
16.67262
16.68386
16.69494
16.70659
16.71724
16.72857
16.74002
16.75081
16.76189
16.77337
16.78459
16.79582
16.80669
16.81778
16.82923
16.84029
16.85162
16.863
16.87404
16.88486
16.89599
16.90765
16.91848
16.92962
16.94129
16.95248
16.9642
16.97581
16.98716
16.99901
17.01066
17.02223
17.03367
17.04526
17.05717
17.06824
17.07968
17.09112
17.10245
17.11361
17.12479
17.13553
17.14685
17.15832
17.17446
17.18571
17.19717
17.2084
17.22007
17.23121
17.24259
17.25349
17.26454
17.27576
17.28684
17.29825
17.30956
17.32152
17.33198
17.34294
17.35421
17.3652
TARGET DESTROYED 
17.37646
17.39214
17.4024
17.41372
17.42465
17.43533
17.4458
17.45582
17.46584
17.47705
17.48832
17.50469
17.51756
17.52824
17.53865
17.54953
17.55993
17.57074
17.58114
17.59194
17.60326
17.61386
17.62436
17.63486
17.64695
17.65778
17.66761
17.67855
17.68906
17.70024
17.71143
17.72261
17.7337
17.74504
17.75907
17.76898
17.77912
17.78966
17.80097
17.81201
17.82317
17.83438
17.84581
17.86517
17.87647
17.88677
17.89725
17.90808
17.91838
17.92934
17.94002
17.95032
17.96157
17.97175
17.9824
17.99288
18.00354
18.01408
18.02473
18.03534
18.04658
18.05787
18.06884
18.08008
18.09161
18.10287
18.11396
18.12492
18.13583
18.14718
18.15837
18.16961
18.18056
18.19196
18.20303
18.21413
18.22548
18.23639
18.24752
18.25904
18.27006
18.28131
18.29272
18.30437
18.31541
18.32677
18.33827
18.34977
18.3611
18.37259
18.38396
18.39566
18.4071
18.4185
18.43007
18.4416
18.45261
18.4643
18.47553
18.48709
18.50265
18.51388
18.52586
18.53626
18.54682
18.55788
18.56789
18.579
18.58985
18.60063
18.612
18.62284
18.63393
18.64601
18.65675
18.66734
18.67872
18.68948
18.7002
18.71186
18.72252
18.73334
18.74476
18.75558
18.76709
18.77938
18.79161
18.80947
18.82614
18.84186
18.85788
TARGET DESTROYED 
18.86995
18.88763
18.9004
18.91941
18.93259
18.94466
18.95569
18.9676
18.97946
18.99141
19.00345
19.0151
19.02785
19.03968
19.05461
19.06908
19.08266
19.09635
19.10816
19.1203
19.13189
19.14372
19.15517
19.16731
19.17961
19.19188
19.20392
19.22016
19.23204
19.24362
19.25534
19.26772
19.28007
19.29231
19.304
19.31569
19.32855
19.33978
19.35123
19.36286
19.37488
19.38706
19.39913
19.41091
19.42185
19.43285
19.44396
19.45642
19.46817
19.47964
19.49254
19.50426
19.51668
19.53008
19.54249
19.55497
19.56747
19.57987
19.59118
19.60211
19.6129
19.62323
19.63352
19.64471
19.65567
19.666
19.67754
19.68883
19.69957
19.71109
19.72211
19.73321
19.74709
19.75794
19.76887
19.77931
19.78941
19.80019
19.81162
19.8226
19.83365
19.84544
19.85619
19.86731
19.87848
19.88966
19.90071
19.91207
19.92308
19.93422
19.94904
19.95984
19.97112
19.98147
19.99226
20.00299
20.01313
20.02426
20.0356
20.04701
20.0589
20.06988
20.08164
20.09349
20.10463
20.11593
20.12747
20.13889
20.14976
20.1613
20.17243
20.18321
20.19465
20.20558
20.21681
20.22825
20.23975
20.25026
20.26149
20.27264
20.28393
20.29531
20.30647
20.31759
20.32898
20.34058
20.35145
20.36276
20.37427
20.38513
20.39675
20.4085
20.41916
20.43066
20.44238
20.45306
20.46418
20.47587
20.48669
20.49781
20.5093
20.52002
20.53139
20.54266
20.5536
20.56477
20.57606
20.58696
20.59836
TARGET DESTROYED 
20.6096
20.63731
20.65809
20.67061
20.68278
20.69401
20.70506
20.71635
20.72732
20.73871
20.74981
20.76099
20.77205
20.78305
20.79456
20.80554
20.81668
20.82799
20.8392
20.85023
20.86132
20.87259
20.88394
20.89493
20.90659
20.9174
20.92855
20.93956
20.95101
20.96198
20.97326
20.98424
20.99537
21.00685
21.01792
21.02921
21.04027
21.05126
21.0626
21.0739
21.08465
21.09611
21.10771
21.11831
21.12947
21.14112
21.15186
21.16284
21.17464
21.18781
21.19937
21.21153
21.22285
21.23434
21.24623
21.25823
21.27008
21.28202
21.29346
21.30498
21.31678
21.33346
21.34549
21.35664
21.36799
21.3799
21.39185
21.4036
21.41572
21.42752
21.43924
21.45121
21.46302
21.47417
21.48703
21.49836
21.50991
21.52138
21.53286
21.54516
21.55632
21.56883
21.58082
21.59287
21.6041
21.6152
21.62671
21.63844
21.65105
21.66263
21.67543
21.68641
21.69798
21.70956
21.72222
21.73282
21.74409
21.7574
21.7679
21.77872
21.78899
21.80016
21.81154
21.82207
21.83351
21.84468
21.85573
21.86676
21.87911
21.88973
21.90047
21.91216
21.92277
21.93398
21.94525
21.95626
21.9692
21.98015
21.99018
22.00131
22.0122
22.02398
22.03544
22.04639
22.06175
22.07184
22.08191
22.09181
22.10277
22.11336
22.12405
22.13505
22.14621
22.15753
22.16862
22.17968
22.19139
22.20231
22.214
22.22562
22.2372
22.24886
22.25968
22.27088
22.28213
22.2933
22.30421
22.31773
22.32895
22.33879
22.34948
22.36014
22.37125
22.38531
