0.02
0.04
0.14
0.173025
0.1881196
0.200696
0.2113274
0.2214339
0.2337915
0.2440518
0.253773
0.2650155
0.2763658
0.2872423
0.298881
0.3120506
0.3214465
0.3321039
0.3435029
0.3544304
0.3659292
0.3771445
0.3915475
0.4009255
0.4104597
0.4219149
0.4326887
0.4457367
0.4549662
0.4660646
0.4774797
0.4886208
0.4995092
0.5111748
0.5221257
0.5334125
0.5447371
0.5557492
0.5669166
0.5782692
0.5888242
0.6008877
0.6119845
0.622511
0.6336887
0.6451663
0.6560823
0.6691492
0.680229
0.689454
0.7006531
0.7118947
0.7229053
0.7340634
0.7467668
0.7571374
0.7677979
0.7789651
0.7901655
0.8011225
0.8123519
0.8235094
0.8353082
0.8458645
0.8569241
0.8682581
0.8793569
0.8956443
0.9065731
0.9180395
0.9289914
0.9403109
0.9514466
0.9626211
0.973606
0.9852171
0.996022
1.007206
1.018271
1.029807
1.040561
1.051804
1.063101
1.074618
1.085381
1.097264
1.108239
1.119353
1.130133
1.141509
1.152469
1.16365
1.174662
1.186166
1.197349
1.208313
1.219233
1.230819
1.242167
1.252968
1.263889
1.275468
1.28638
1.297589
1.309014
1.320092
1.331554
1.342861
1.354063
1.364531
1.375845
1.387064
1.398185
1.410416
1.420254
1.431768
1.443274
1.453894
1.464987
1.476893
1.490908
1.500229
1.509702
1.519414
1.530751
1.542062
1.552936
1.564157
1.575685
1.586946
1.605457
1.617607
1.627045
1.638854
1.65006
1.661517
1.672421
1.683481
1.695021
1.705804
1.723757
1.734534
1.746626
1.757363
1.767388
1.777975
1.787988
1.79832
1.808993
1.819397
1.829036
1.840158
1.851397
1.862179
1.873376
1.884502
1.895888
1.906955
1.920502
1.930531
1.940577
1.951608
1.962845
1.973916
1.985742
1.996384
2.007725
2.018637
2.029906
2.040943
2.052214
2.063375
2.075036
2.085669
2.098613
2.110645
2.12034
2.13168
2.142484
2.153795
2.165387
2.177988
2.189182
2.200608
2.216525
2.226878
2.236975
2.247889
2.257662
2.268218
2.278681
2.288416
2.299588
2.309707
2.320451
2.331428
2.342748
2.354165
2.365065
2.376168
2.387159
2.398357
2.409998
2.420701
2.432542
2.443356
2.454318
2.465405
2.477182
2.487654
2.49893
2.510366
2.521311
2.532446
2.544087
2.554688
2.566015
2.57746
2.588724
2.600134
2.611629
2.622787
2.634882
2.645749
2.657265
2.668545
2.680085
2.691233
2.702746
2.714323
2.725913
2.736951
2.748358
2.760281
2.771139
2.782473
2.794172
2.805197
2.8166
2.828078
2.838987
2.850172
2.865704
2.876912
2.886646
2.896537
2.906819
2.917015
2.926523
2.936379
2.947445
2.958564
2.969495
2.980686
2.991925
3.003073
3.014183
3.025433
3.036534
3.047722
3.059342
3.070212
3.08122
3.092495
3.103647
3.115003
3.126207
3.137879
3.14861
3.159433
3.170575
3.181818
3.193191
3.204026
3.215296
3.226805
3.237607
3.249059
3.260966
3.271668
3.283035
3.294591
3.305661
3.317178
3.328598
3.339892
3.351214
3.362718
3.373896
3.385336
3.396693
3.408112
3.4195
3.430718
3.442139
3.453497
3.464426
3.475837
3.487068
3.497922
3.50997
3.529082
3.539435
3.550163
3.560344
3.571504
3.582344
3.593799
3.60464
3.615986
3.630868
3.641203
3.652217
3.66291
3.67337
3.684477
3.695481
3.705404
3.71645
3.72795
3.73878
3.750277
3.761211
3.772573
3.783582
3.794626
3.805866
3.817282
3.828128
3.83968
3.850559
3.861939
3.872913
3.884762
3.89541
3.906235
3.917401
3.928734
3.939792
3.951167
3.962273
3.973894
3.985211
3.996852
4.008208
4.019695
4.031097
4.043348
4.05422
4.065614
4.077171
4.088486
4.099779
4.111321
4.122473
4.134151
4.146125
4.156968
4.168196
4.179418
4.195057
4.205649
4.21604
4.226407
4.236305
4.247095
4.25748
4.267606
4.277915
4.288399
4.298696
4.309971
4.320851
4.332145
4.343347
4.354504
4.36573
4.377013
4.387856
4.399071
4.410619
4.4216
4.432642
4.44393
4.455036
4.466053
4.477435
4.489187
4.50009
4.511466
4.522001
4.533055
4.544544
4.555481
4.566527
4.578126
4.589643
4.600695
4.612089
4.623574
4.63479
4.646244
4.657467
4.669068
4.680438
4.692062
4.702882
4.714416
4.725801
4.736981
4.748885
4.760211
4.771242
4.78244
4.794037
4.804923
4.815929
4.827838
4.838343
4.854855
4.866383
4.877564
4.887984
4.899328
4.912079
4.922732
4.934164
4.945325
4.95619
4.967473
4.978842
4.989902
5.000999
5.012146
5.023361
5.03455
5.045938
5.056694
5.067881
5.079335
5.09055
5.101513
5.112668
5.123939
5.137959
5.148752
5.160373
5.170988
5.181393
5.191592
5.202215
5.213284
5.22431
5.235507
5.246767
5.258456
5.269066
5.280356
5.291527
5.302639
5.313899
5.325692
5.336234
5.347434
5.358763
5.369738
5.381353
5.39293
5.404227
5.415731
5.427373
5.439056
5.450799
5.462503
5.473355
5.484677
5.496336
5.507772
5.523777
5.535389
5.547228
5.557304
5.567887
5.578472
5.58883
5.599897
5.610544
5.620697
5.63135
5.645813
5.656466
5.667122
5.677826
5.688389
5.699416
5.710226
5.720553
5.731934
5.742688
5.753603
5.765152
5.776661
5.787172
5.798635
5.809336
5.821228
5.832349
5.843127
5.853555
5.865621
5.876743
5.887678
5.899615
5.91116
5.922426
5.93437
5.945597
5.957154
5.968379
5.980102
5.991584
6.002815
6.014636
6.026303
6.037895
6.049177
6.061163
6.07433
6.085503
6.096887
6.107577
6.1187
6.130638
6.141929
6.152938
6.165022
6.181774
6.193852
6.205708
6.21719
6.228957
6.240828
6.252059
6.263148
6.27476
6.285882
6.296883
6.307988
6.319187
6.330351
6.3416
6.352648
6.363699
6.375102
6.386364
6.398042
6.409614
6.420516
6.431709
6.443617
6.455018
6.466646
6.47831
6.489312
6.501011
6.512821
6.523084
6.535001
6.54705
6.558479
6.570346
6.582035
6.593781
6.605079
6.616875
6.628336
6.639515
6.651722
6.662508
6.673455
6.684395
6.695757
6.706636
6.717592
6.728209
6.739142
6.754289
6.765924
6.777244
6.788588
6.799512
6.810905
6.8217
6.832858
6.844189
6.859678
6.869946
6.881329
6.891321
6.902105
6.912692
6.922004
6.933395
6.944779
6.95581
6.966705
6.978127
6.989249
7.000434
7.012009
7.022728
7.033928
7.045198
7.05632
7.067585
7.07854
7.089788
7.100927
7.112166
7.123237
7.135482
7.145984
7.157133
7.16926
7.180835
7.190816
7.201381
7.212822
7.223866
7.234961
7.246716
7.258035
7.269638
7.28124
7.292781
7.30408
7.315771
7.32767
7.338713
7.350271
7.362274
7.372863
7.384509
7.396228
7.407804
7.41896
7.429959
7.44094
7.452041
7.463368
7.474599
7.485714
7.496894
7.508226
7.523902
7.534096
7.544193
7.554665
7.56446
7.573711
7.583105
7.594206
7.605154
7.616168
7.630561
7.64125
7.651467
7.662082
7.672244
7.683184
7.694751
7.705537
7.716755
7.728272
7.738908
7.750431
7.761575
7.772821
7.783963
7.795264
7.805925
7.817253
7.828704
7.839526
7.85075
7.862056
7.872979
7.884305
7.895459
7.906787
7.918233
7.929644
7.941218
7.952441
7.963472
7.975168
7.986309
7.997754
8.009844
8.021094
8.032719
8.04492
8.056553
8.068256
8.080208
8.091628
8.103213
8.115192
8.126402
8.137738
8.149417
8.160924
8.172853
8.191053
8.203099
8.214823
8.226355
8.237742
8.250063
8.262347
8.273737
8.285209
8.296978
8.307536
8.318344
8.329496
8.340821
8.351924
8.363016
8.374397
8.385251
8.400039
8.412528
8.424028
8.435375
8.448013
8.459726
8.470966
8.482813
8.494805
8.50643
8.517993
8.529984
8.544318
8.556243
8.567824
8.579774
8.592616
8.604233
8.616366
8.627979
8.639228
8.651561
8.664048
8.676136
8.68837
8.699729
8.711662
8.723428
8.735079
8.746697
8.758693
8.770058
8.781958
8.793827
8.805281
8.816957
8.828685
8.840272
8.852213
8.868998
8.881626
8.894189
8.905514
8.917998
8.930469
8.942349
8.954722
8.966592
8.977915
8.989562
9.00097
9.012697
9.024725
9.036603
9.048883
9.060863
9.072827
9.084816
9.09684
9.108275
9.120286
9.13294
9.145001
9.156762
9.168484
9.183802
9.199791
9.214494
9.229389
9.243933
9.258763
9.273141
9.287695
9.302355
9.316628
9.331344
9.346405
9.361534
9.375832
9.390887
9.406031
9.420739
9.435588
9.450958
9.465971
9.481463
9.497325
9.512734
9.527814
9.542082
9.5565
9.570687
9.585098
9.599664
9.614081
9.637186
9.652765
9.668384
9.682868
9.698527
9.713869
9.728929
9.744064
9.7596
9.77501
9.790406
9.805854
9.822143
9.837107
9.851578
9.867202
9.88281
9.898258
9.913934
9.925911
9.938074
9.950333
9.962119
9.973833
9.985744
9.997015
10.00808
10.01909
10.03044
10.04179
10.05344
10.06489
10.07576
10.08669
10.09782
10.1089
10.11991
10.13113
10.14925
10.1615
10.17268
10.18369
10.19647
10.2078
10.21914
10.23061
10.24187
10.25293
10.26474
10.27601
10.28701
10.29859
10.30983
10.32273
10.33652
10.37222
10.38505
10.39735
10.41031
10.4219
10.43368
10.44694
10.46435
10.48311
10.49561
10.50819
10.52014
10.53234
10.54484
10.55627
10.56876
10.5812
10.5928
10.60599
10.61816
10.63034
10.64216
10.65342
10.66531
10.67696
10.68842
10.70045
10.71252
10.7246
10.73625
10.74858
10.76153
10.77312
10.78486
10.79708
10.80987
10.82181
10.83375
10.84563
10.85664
10.86869
10.88093
10.89212
10.90332
10.9158
10.92727
10.93869
10.95051
10.96202
10.97617
10.9879
10.99939
11.01122
11.02189
11.03326
11.04482
11.05596
11.06755
11.07917
11.09027
11.10165
11.11299
11.1243
11.13561
11.14767
11.15891
11.17521
11.18727
11.2004
11.2119
11.22348
11.23433
11.24591
11.25737
11.26827
11.27984
11.2911
11.30262
11.31434
11.3258
11.33712
11.34921
11.3613
11.3728
11.38469
11.39623
11.40852
11.42083
11.43284
11.44535
11.45717
11.46892
11.48095
11.49259
11.50424
11.51585
11.52774
11.53851
11.55016
11.56119
11.5723
11.58309
11.59417
11.60503
11.61623
11.63125
11.64223
11.65295
11.66444
11.67505
11.6861
11.69773
11.70841
11.72322
11.73512
11.7471
11.75899
11.77023
11.78209
11.79443
11.80529
11.81719
11.82992
11.84171
11.85865
11.87077
11.88279
11.89421
11.90524
11.91683
11.92825
11.93935
11.952
11.96342
11.9757
11.98705
11.99874
12.01121
12.02297
12.0348
12.0471
12.0591
12.0716
12.08365
12.095
12.10589
12.11774
12.12906
12.14084
12.15334
12.16574
TARGET DESTROYED 
12.17773
12.19959
12.21381
12.22582
12.23742
12.24973
12.26171
12.27368
12.28551
12.29725
12.30931
12.32158
12.34295
12.35624
12.36809
12.38003
12.3918
12.40379
12.41613
12.4276
12.43915
12.45233
12.46421
12.47669
12.48897
12.50111
12.51355
12.53064
12.54311
12.55656
12.56815
12.58041
12.59262
12.60515
12.61758
12.63033
12.64216
12.65372
12.66535
12.67729
12.68909
12.70145
12.7136
12.72554
12.73736
12.74984
12.76202
12.7737
12.78595
12.79814
12.81035
12.82255
12.83429
12.84637
12.85829
12.87032
12.88293
12.89531
12.90716
12.91936
12.93158
12.94374
12.95563
12.96706
12.97903
12.99059
13.00247
13.01516
13.02746
13.03929
13.05178
13.06392
13.07546
13.08751
13.09978
13.11126
13.12299
13.13453
13.14619
13.15826
13.16985
13.18182
13.19413
13.20602
13.22374
13.23599
13.24756
13.26017
13.27179
13.28356
13.2958
13.30736
13.3191
13.33123
TARGET DESTROYED 
13.34286
13.36134
13.37417
13.38651
13.39959
13.41307
13.43208
13.44653
13.45926
13.47144
13.48405
13.49681
13.50934
13.52131
13.53379
13.54609
13.55737
13.56928
13.5809
13.59209
13.6049
13.61671
13.62825
13.63968
13.65522
13.66777
13.67992
13.69183
13.7036
13.71558
13.7284
13.74075
13.75206
13.76391
13.77547
13.78701
13.79917
13.81038
13.82133
13.83336
13.84459
13.85543
13.86744
13.87924
13.89084
13.90211
13.91828
13.93038
13.94237
13.95383
13.9655
13.97677
13.98845
13.99961
14.01167
14.02296
14.0345
14.04617
14.0576
14.06884
14.07906
14.09037
14.10109
14.11165
14.12226
14.13268
14.14337
14.15423
14.16537
14.17594
14.18649
14.19773
14.20819
14.21866
14.23113
14.2418
14.25268
14.26389
14.27404
14.28454
14.29548
14.30571
14.31658
14.32788
14.33915
14.35011
14.36163
14.37248
14.38363
14.39493
14.406
14.41709
14.42855
14.43963
14.45154
TARGET DESTROYED 
14.46223
14.47758
14.48821
14.50044
14.51785
14.53039
14.54092
14.55159
14.56237
14.57802
14.58833
14.59905
14.61038
14.62108
14.63201
14.64271
14.65327
14.66433
14.67493
14.68524
14.69671
14.70765
14.7189
14.73007
14.74156
14.75234
14.76383
14.77454
14.7857
14.79704
14.80825
14.81941
14.83051
14.8417
14.85271
14.86382
14.87516
14.88669
14.8986
14.90972
14.92096
14.93202
14.94267
14.95342
14.96508
14.97588
14.98679
14.99802
15.00925
15.02083
15.03232
15.04423
15.05542
15.06694
15.07848
15.08999
15.10152
15.11315
15.12472
15.13613
15.14783
15.16289
15.17465
15.18552
15.19723
15.20878
15.21966
15.23179
15.24777
15.25913
15.27045
15.28209
15.29316
15.30398
15.3152
15.3266
15.33735
15.34837
15.35912
15.3702
15.3812
15.3919
15.40333
15.41407
15.42459
15.43571
15.44721
15.45847
15.46938
15.48022
15.49111
15.50243
15.51379
15.52453
15.53546
15.54679
15.55658
15.56795
15.57876
15.59071
15.60122
15.61258
15.62335
15.63468
15.6489
15.65971
15.66981
15.6804
15.69057
15.70174
15.71316
15.72552
15.73621
15.75123
15.76247
15.77313
15.78373
15.79445
15.80553
15.81705
15.82838
15.83974
15.85069
15.86186
15.8733
15.88428
15.89526
15.91169
15.92275
15.93393
15.94551
15.9559
15.96712
15.9844
15.99569
16.00689
16.01749
16.02822
16.03979
16.05107
16.06258
16.07421
16.08513
16.09676
16.10813
16.11916
16.13042
16.14096
16.15197
16.16346
16.17428
16.18503
16.19692
16.20806
16.21906
16.23012
16.24209
16.25373
16.26515
16.2762
16.28721
16.29832
16.3094
16.3204
16.33176
16.34384
16.35541
16.36776
16.38042
16.39205
16.40443
TARGET DESTROYED 
16.41662
16.43369
16.44681
16.45806
16.4696
16.48169
16.49335
16.50517
16.51726
16.5292
16.54086
16.55908
16.5774
16.5892
16.60107
16.61304
16.62488
16.63661
16.64848
16.6599
16.67158
16.68365
16.6963
16.70691
16.71809
16.72931
16.74083
16.75167
16.7628
16.77412
16.7855
16.79626
16.8074
16.81873
16.82998
16.84104
16.85245
16.86331
16.87448
16.88561
16.8968
16.90818
16.91915
16.93065
16.94163
16.95263
16.96388
16.97509
16.98621
16.99727
17.00913
17.01985
17.03102
17.04225
17.05334
17.06437
17.07618
17.08658
17.09805
17.1093
17.12035
17.13151
17.14291
17.15434
17.16602
17.17721
17.18857
17.20044
17.21523
17.22624
17.23683
17.24933
17.26138
17.27819
17.28986
17.30155
17.31325
17.32515
17.3367
17.34862
17.35962
17.37118
17.38349
17.39528
17.40684
17.41782
17.42949
17.44072
17.4526
17.46423
17.47616
17.48792
17.50014
17.512
17.52293
17.53403
17.54535
17.55657
17.56712
17.5785
17.58954
17.60052
17.61188
17.62638
17.63726
17.6483
17.65912
17.66946
17.68036
17.69062
17.70116
17.71227
17.72345
17.73455
17.74598
17.75685
17.76803
17.77955
17.79105
17.80175
17.81361
17.82417
17.83557
17.84785
17.85964
17.87145
17.88338
TARGET DESTROYED 
17.89518
17.91389
17.92587
17.93742
17.96194
17.976
17.98804
18.0003
18.01301
18.02509
18.0371
18.04935
18.06121
18.07312
18.08508
18.09711
18.10942
18.12091
18.13258
18.14472
18.15837
18.17214
18.18593
18.19985
18.21127
18.22204
18.23281
18.24341
18.25493
18.26595
18.27638
18.28752
18.29824
18.30886
18.31938
18.33013
18.34158
18.35217
18.36202
18.37277
18.38343
18.39399
18.40502
18.41599
18.42735
18.43823
18.44957
18.46087
18.47169
18.48296
18.49433
18.50559
18.51665
18.5332
18.55076
18.56807
18.58533
18.60229
18.62022
18.63828
18.6554
18.67772
18.69588
18.71309
18.73071
18.74814
18.76624
18.78351
18.80064
18.81824
18.8359
18.853
18.86453
18.8769
18.88949
18.90224
18.91517
18.92798
18.94031
18.95323
18.96577
18.97868
18.99154
19.00365
19.01658
19.03018
19.04271
19.05569
19.06784
19.08072
19.09361
19.10611
19.11922
19.13164
19.14306
19.15528
19.16774
19.18032
19.19284
19.20502
19.21667
19.22892
19.24114
19.25357
19.26612
19.27868
19.29047
19.30211
19.31447
19.32598
19.3375
19.35033
19.36209
19.37386
19.38558
19.39802
19.41047
19.42762
19.43923
19.4519
19.4644
19.47653
19.48901
19.50145
19.51434
19.5274
19.53997
19.55217
19.56473
19.57677
19.58875
19.60075
19.61263
19.62478
19.6414
19.65411
19.66632
19.6788
19.69087
19.70291
19.71513
19.72737
19.74361
19.75671
TARGET DESTROYED 
19.76894
19.78856
19.8016
19.81485
19.83348
19.84764
19.8595
19.87164
19.88428
19.8965
19.90811
19.92006
19.93282
19.94507
19.95685
19.96883
19.98086
19.99299
20.00504
20.01712
20.02946
20.04141
20.05336
20.06593
20.07795
20.08996
20.10167
20.11383
20.12598
20.14283
20.15474
20.16708
20.17912
20.1913
20.2034
20.21549
20.22763
20.23945
20.25109
20.26347
20.2775
20.28992
20.3017
20.31402
20.32655
20.33852
20.35017
20.36243
20.37407
20.38612
20.39901
20.4113
20.42326
20.43562
20.44797
20.46041
20.47253
20.48438
20.49673
20.50868
20.52055
20.53314
20.54543
20.55768
20.56987
20.58154
20.59374
20.60578
20.61777
20.62983
20.64184
20.65384
20.66605
20.67804
20.69001
20.70178
20.71427
20.7264
20.73834
20.75096
20.76204
20.77333
20.78443
20.79597
20.80761
20.81899
20.83084
20.84207
20.85361
20.86569
20.88279
20.89456
20.90675
20.91826
20.92974
20.94119
20.95209
20.96368
20.97458
20.98588
20.99736
21.0088
21.01988
21.03136
21.04336
21.05466
21.06671
21.07798
21.08926
21.10124
21.11252
21.12355
21.13556
21.14675
21.15764
21.1696
21.18114
21.19277
21.20465
21.21634
21.22825
21.23973
21.25131
21.26321
21.27566
21.2875
21.2987
21.31004
21.32144
21.33271
21.34342
21.35469
21.36532
21.37636
21.38737
21.39832
21.4099
21.42128
21.43239
21.44373
21.45504
21.46598
21.47714
21.48779
21.49898
21.5107
21.52157
21.53246
21.54426
21.55461
21.56592
21.5774
21.58816
21.59944
21.61092
21.63099
21.64203
21.65436
21.66626
21.67796
21.69017
21.70205
21.71437
TARGET DESTROYED 
21.72647
21.75467
21.76818
21.78029
21.79287
21.80501
21.81756
21.8298
21.84196
21.85449
21.87502
21.88886
21.90139
21.91355
21.92537
21.93726
21.94967
21.96245
21.97416
21.9864
21.99897
22.01186
22.02379
22.03596
22.04881
22.0615
22.07367
22.08578
22.0979
22.11056
22.12269
22.13493
22.14739
22.1601
22.1731
22.18565
22.19856
22.2114
22.2236
22.23588
22.24887
22.26216
22.2746
22.28837
22.30613
22.31919
22.33212
22.34482
22.35715
22.36958
22.38238
22.39503
22.40695
22.41948
22.43187
22.44477
22.45743
22.46975
22.48281
22.49554
22.50876
22.52131
22.53378
22.54703
22.55965
22.57219
22.58452
22.59733
22.60958
22.62214
22.63545
22.64852
22.6614
22.67361
22.68661
22.70103
22.713
22.72394
22.73601
22.749
22.76202
22.77321
22.78553
22.79733
22.8088
22.82128
22.83293
22.84534
22.85705
22.86867
22.8807
22.89314
22.90526
22.91744
22.93201
22.94508
22.95736
22.96956
22.98211
22.99502
23.00692
23.02225
