0.02
0.04
0.14
0.1804807
0.1930314
0.2038174
0.213991
0.2241839
0.2342044
0.2436161
0.2534753
0.2630307
0.2734609
0.2846415
0.2979638
0.307617
0.3179148
0.3289802
0.340386
0.3514354
0.3662346
0.3762183
0.3862167
0.3964137
0.4070576
0.4184814
0.4297076
0.4413302
0.4524508
0.4633982
0.4741986
0.4856169
0.4970435
0.507826
0.5190246
0.530531
0.5414621
0.5532323
0.5641418
0.5745634
0.5860243
0.5972585
0.6082617
0.6194176
0.6310316
0.6418368
0.652958
0.6644036
0.6751816
0.6862904
0.6976833
0.7086673
0.7200512
0.7311757
0.7422735
0.7532937
0.7649824
0.775761
0.7870395
0.7982797
0.8091497
0.8206348
0.8318115
0.8426627
0.85385
0.8653694
0.876258
0.8928826
0.9032576
0.9151587
0.9264297
0.9369033
0.9483085
0.96031
0.970456
0.982011
0.9929923
1.004222
1.015115
1.026304
1.037527
1.048784
1.059951
1.071299
1.082396
1.093508
1.10433
1.115905
1.127109
1.137938
1.149426
1.160404
1.171478
1.182732
1.193951
1.205025
1.216272
1.227949
1.238283
1.249738
1.26077
1.271983
TARGET DESTROYED 
1.290326
1.300697
1.310297
1.323078
1.334405
1.345377
1.356428
1.368078
1.379129
1.3972
1.407946
1.423004
1.434741
1.445998
1.456942
1.468184
1.479336
1.490768
1.501688
1.513128
1.524011
1.535812
1.54654
1.557715
1.568728
1.580719
1.590918
1.602224
1.613531
1.624511
1.635718
1.647245
1.658148
1.669147
1.680617
1.691673
1.702781
1.714113
1.725375
1.736174
1.747514
1.758628
1.769789
1.781262
1.792128
1.803466
1.814619
1.825642
1.836785
1.848339
1.859243
1.870305
1.881858
1.892612
1.905043
1.915163
1.92675
1.938291
1.949729
1.961536
1.972835
1.984388
1.996403
2.00748
2.019118
2.031021
2.041729
2.053647
2.065113
2.076281
2.087287
2.098935
2.10978
2.120869
2.132337
2.143568
2.154357
2.166177
2.176871
2.187857
2.199069
2.210548
2.221435
2.232642
2.243755
2.254983
2.266265
2.277307
2.288453
2.29966
2.310777
2.322469
2.33339
2.344361
2.35554
2.366786
2.377808
2.388949
2.400145
2.41155
2.422399
2.433746
2.444947
2.456141
2.467098
2.478656
TARGET DESTROYED 
2.492866
2.508364
2.518369
2.529616
2.540913
2.551563
2.562946
2.574105
2.585197
2.596383
2.6075
2.618961
2.630492
2.647882
2.658949
2.669559
2.67944
2.689991
2.700021
2.709428
2.719698
2.730537
2.741614
2.752806
2.764052
2.774962
2.786608
2.797686
2.809471
2.820487
2.831464
2.842011
2.853354
2.8647
2.875499
2.886609
2.898691
2.909127
2.920138
2.931535
2.943072
2.953892
2.965188
2.976206
2.987226
2.998428
3.00968
3.020554
3.032109
3.0434
3.054919
3.066391
3.078068
3.089053
3.101229
3.111922
3.123444
3.134916
3.146526
3.157645
3.169295
3.180804
3.19177
3.20316
3.215721
3.227037
3.237346
3.249007
3.260308
3.271928
3.282635
3.293762
3.305821
3.316304
3.327355
3.33825
3.349581
3.36068
3.371935
3.383114
3.394407
3.405327
3.416849
3.427963
3.438829
3.44997
3.461217
3.472399
3.483631
3.494774
3.505877
3.517074
3.528461
3.539478
3.550639
3.561607
3.577573
3.587943
3.598219
3.607879
3.618004
3.628372
3.638817
3.64947
3.659618
3.669912
3.680707
3.69204
3.70357
3.714315
3.72545
3.736666
3.747751
3.759183
3.770095
3.781319
3.792705
3.804076
3.815738
3.825673
3.836883
3.848253
3.859641
3.870645
3.882149
3.89306
3.90394
3.915234
3.926355
3.937486
3.948904
3.960037
3.971293
3.983191
3.9942
4.005548
4.017037
TARGET DESTROYED 
4.032397
4.043429
4.060209
4.07162
4.081918
4.092969
4.104322
4.116024
4.126431
4.137545
4.149189
4.159946
4.171231
4.182436
4.193625
4.204754
4.21596
4.227032
4.238369
4.24937
4.26047
4.272129
4.283498
4.294041
4.305178
4.316441
4.327612
4.338647
4.350585
4.361331
4.372149
4.383421
4.394623
4.405712
4.417175
4.428372
4.439126
4.450394
4.461529
4.472743
4.484061
4.495089
4.506555
4.517598
4.528705
4.540232
4.551705
4.563352
4.574589
4.58611
4.597889
4.608979
4.620551
4.632424
4.647658
4.65824
4.668929
4.67934
4.689664
4.701726
4.712885
4.722756
4.733316
4.743351
4.754349
4.765722
4.776684
4.788333
4.799077
4.8104
4.821538
4.832638
4.843994
4.854756
4.866073
4.877347
4.88837
4.89947
4.910791
4.921902
4.933271
4.944273
4.955431
4.966821
4.977664
4.98921
5.000149
5.011385
5.022701
5.03417
5.045492
5.056918
5.067893
5.079497
5.091303
5.101942
5.118414
5.128808
5.139368
5.150322
5.16072
5.171766
5.182527
5.192888
5.203328
5.21456
5.224804
5.235562
5.246062
5.256672
5.267193
5.27841
5.289167
5.300086
5.311394
5.322609
5.333782
5.344917
5.356166
5.367217
TARGET DESTROYED 
5.382942
5.393319
5.403803
5.414464
5.424729
5.4356
5.452626
5.464838
5.475377
5.485806
5.496727
5.507092
5.517936
5.528813
5.540495
5.551088
5.561223
5.571918
5.58249
5.593243
5.603651
5.613871
5.624397
5.634865
5.645611
5.656725
5.668015
5.679437
5.695463
5.706466
5.717601
5.728318
5.739216
5.749951
5.760926
5.771163
5.781717
5.79239
5.802965
5.813584
5.825104
5.835612
5.847015
5.857776
5.868877
5.880447
5.891171
5.902888
5.914638
5.925459
5.937003
5.948513
5.959855
5.970959
5.982232
5.993434
6.004478
6.01555
6.026855
6.038162
6.049375
6.060625
6.071448
6.083018
6.094478
6.105854
6.117092
6.128334
6.139757
6.151138
6.162876
6.174418
6.185097
6.196627
6.208073
6.219213
6.230842
6.242019
6.253548
6.264774
6.275935
6.28708
6.298578
6.309526
6.320866
6.332157
6.343163
6.354205
6.365993
6.377038
6.38791
6.399515
6.410469
6.421357
6.432673
6.443635
6.454902
6.466081
6.477338
6.489687
6.5013
6.512026
6.523335
6.535022
6.546889
6.557858
6.569331
6.580386
6.591367
6.603299
6.614123
6.625117
6.637265
6.648573
6.659846
6.671331
6.68303
6.694199
6.704471
6.714975
6.726962
6.737326
6.749504
6.760715
6.771701
6.783509
6.794784
6.811019
6.821949
6.833419
6.843878
6.856209
6.868075
6.879282
6.890583
6.901211
6.912135
6.923132
6.93439
6.945641
6.956939
6.967513
6.978279
6.989553
7.000748
7.011558
7.02225
7.033774
7.044293
7.055354
7.066523
7.07742
7.088353
7.099351
7.109905
7.120438
7.131406
7.142566
7.153588
7.16506
7.175738
7.186839
7.198379
7.209264
7.220413
7.231894
7.243003
7.253961
7.265332
7.276225
7.288298
7.298765
7.309853
7.321175
7.332749
7.343421
7.354743
7.366556
7.378224
7.389877
7.401296
7.413244
7.424701
7.436266
7.447578
7.459477
7.470951
7.482384
7.4938
7.504449
7.515736
7.527449
7.53898
7.54946
7.560459
7.571729
7.583
7.594077
7.60528
7.61677
7.627537
7.638964
7.649979
7.660957
7.672267
7.683676
7.694838
7.705719
7.717008
7.728868
7.740507
7.751619
7.762436
7.773654
7.787483
7.799809
7.810569
7.821302
7.832602
7.843313
7.854305
7.865403
7.875771
7.88904
