0.02
0.04
0.14
0.1755404
0.1888613
0.1992983
0.2117307
0.221816
0.230955
0.2399259
0.2493421
0.2581164
0.269107
0.2809709
0.2918814
0.304426
0.3138111
0.3251264
0.3362406
0.3475235
0.3586332
0.3726388
0.38172
0.3921502
0.4037392
0.4145181
0.4253718
0.4368911
0.4487162
0.4593017
0.4702975
0.4818428
0.4925855
0.5036885
0.5149878
0.526043
0.5372297
0.5485376
0.5599723
0.5707291
0.5820704
0.5931028
0.6044999
0.6156241
0.6265291
0.6382852
0.6492984
0.6600533
0.6712964
0.6826361
0.693877
0.704647
0.7161987
0.727166
0.7384104
0.7495881
0.7607835
0.7718159
0.7833353
0.794051
0.8054087
0.8164458
0.8276011
0.8386999
0.8500094
0.8610585
0.8723003
0.8886269
0.8998979
0.9112161
0.9219335
0.933329
0.944311
0.9554721
0.9670411
0.9778175
0.9891332
1.000801
1.012221
1.02294
1.03379
1.044742
1.055913
1.067367
1.078404
1.089401
1.100911
1.112005
1.123177
1.134238
1.145387
1.156399
1.16777
1.178767
1.190118
1.201317
1.212495
1.223973
1.235012
1.246763
1.257159
1.268268
1.28001
1.29054
1.301946
1.312848
1.32432
1.335216
1.346888
1.358704
1.369012
1.380604
1.391329
1.403047
1.414519
1.424601
1.435782
1.447251
1.458471
1.469616
1.480475
1.494751
1.504365
1.513362
1.523935
1.5356
1.546044
1.557507
1.568396
1.579742
1.593263
1.60238
1.613224
1.624411
1.635499
1.647416
1.657688
1.67282
1.681965
1.691549
1.70893
1.719233
1.728589
1.738436
1.748793
1.75839
1.768581
1.778975
1.788736
1.799543
1.810564
1.821987
1.832953
1.844244
1.85534
1.866653
1.877718
1.888828
1.899988
1.911034
1.922368
1.933947
1.944573
1.955791
1.967025
1.978048
1.989279
2.00062
2.011971
2.022754
2.033994
2.045042
2.056239
2.067343
2.078808
2.090394
2.100997
2.112245
2.124048
2.135022
2.146591
2.158045
2.169872
2.181211
2.19232
2.21259
2.226621
2.237016
2.247664
2.257927
2.268682
2.279861
2.291032
2.302074
2.314385
2.3259
2.336533
2.34877
2.359759
2.370412
2.380599
2.391724
2.403045
2.414305
2.424893
2.436148
2.447399
2.45856
2.47044
2.481708
2.491973
2.503256
2.516564
2.525662
2.536679
2.548029
2.559216
2.57015
2.581656
2.59237
2.603684
2.617469
2.627924
2.63827
2.648614
2.659804
2.670556
2.682125
2.692985
2.704711
2.71595
2.726471
2.738212
2.74993
2.761154
2.772862
2.784565
2.796603
2.807517
2.819006
2.830741
2.842392
2.853887
2.868868
2.879104
2.889198
2.899794
2.90953
2.920056
2.930596
2.941827
2.95292
2.964043
2.975147
2.986282
2.997761
3.008619
3.019878
3.031359
3.042079
3.053394
3.064871
3.07559
3.086919
3.098552
3.109116
3.120223
3.131787
3.142812
3.15391
3.165146
3.17611
3.187279
3.19883
3.209603
3.221078
3.232587
3.243755
3.254992
3.266685
3.277919
3.288798
3.30026
3.311463
3.322726
3.334443
3.345439
3.356727
3.368042
3.379403
3.390542
3.401603
3.413208
3.424126
3.435142
3.446456
3.457392
3.46881
3.480023
3.491175
3.502081
3.513461
3.529417
3.540495
3.55174
3.561766
3.572772
3.583429
3.593164
3.603095
3.612681
3.627248
3.637748
3.649222
3.659775
3.670892
3.68177
3.692276
3.702823
3.714082
3.724983
3.735397
3.745446
3.756622
3.767857
3.778073
3.788907
3.798796
3.809953
3.821298
3.832554
3.843354
3.854767
3.866145
3.877264
3.888061
3.899455
3.910422
3.921762
3.9331
3.944065
3.955058
3.966603
3.977408
3.988638
4.000086
4.011579
4.022971
4.035776
4.045669
4.05721
4.068579
4.079988
4.095395
4.105241
4.115031
4.129006
4.139424
4.149528
4.159489
4.170246
4.186333
4.195935
4.206565
4.218087
4.228386
4.238544
4.249063
4.259652
4.269789
4.28149
4.292288
4.303555
4.314837
4.325722
4.336973
4.348264
4.359302
4.37042
4.381831
4.392799
4.403909
4.415336
4.426378
4.441374
4.452647
4.46356
4.475382
4.486116
4.496956
4.507765
4.518648
4.529377
4.540171
4.551084
4.561246
4.572011
4.583507
4.594585
4.605715
4.617366
4.627978
4.63912
4.650516
4.661627
4.672577
4.68395
4.695019
4.706306
4.717482
4.728563
4.739582
4.750899
4.76225
4.773188
4.784378
4.79567
4.806812
4.817818
4.82926
4.845087
4.856546
4.867718
4.878115
4.889522
4.900331
4.910625
4.92181
4.932702
4.943041
4.954046
4.965909
4.976709
4.98774
4.998971
5.00937
5.02031
5.031366
5.042102
5.052535
5.063236
5.07317
5.084198
5.095407
5.106584
5.11788
5.128842
5.139953
5.151427
5.162239
5.173572
5.185115
5.195826
5.20696
5.218582
5.229624
5.240651
5.252071
5.263586
5.274904
5.286133
5.297863
5.309008
5.320272
5.331927
5.34291
5.354464
5.365844
5.37708
5.38836
5.399733
5.410964
5.422263
5.433915
5.444873
5.456233
5.467913
5.47903
5.490525
5.506199
5.517678
5.528588
5.539527
5.550433
5.561155
5.571942
5.582992
5.594215
5.605012
5.616441
5.626918
5.637842
5.649398
5.659826
5.670478
5.681703
5.692693
5.703307
5.713446
5.724081
5.734347
5.74468
5.754937
5.764959
5.775812
5.787063
5.801528
5.811937
5.823061
5.833584
5.843917
5.855138
5.865652
5.876272
5.887558
5.899759
5.910036
5.921069
5.93249
5.943249
5.954549
5.965859
5.976981
5.988304
5.999582
6.010326
6.021647
6.033247
6.044343
6.055974
6.067176
6.078596
6.089946
6.101514
6.113162
6.124187
6.135877
6.147291
6.163114
6.173607
6.18464
6.195263
6.207086
6.219336
6.230725
6.242208
6.253806
6.265971
6.277012
6.288016
6.298996
6.309624
6.320722
6.332084
6.342954
6.353816
6.365059
6.375399
6.385824
6.397181
6.408322
6.41912
6.431055
6.442032
6.45293
6.463793
6.474584
6.48613
6.497934
6.508812
6.519734
6.531296
6.542084
6.552957
6.563721
6.574713
6.586027
6.596215
6.60694
6.618178
6.628812
6.639829
6.650798
6.661236
6.671981
6.682558
6.693327
6.703964
6.715199
6.726168
6.737236
6.750823
6.762184
6.773604
6.785479
6.796755
6.808065
6.825189
6.837256
6.848477
6.860658
6.871904
6.883367
6.894706
6.905908
6.917615
6.929281
6.940915
6.95258
6.963762
6.975334
6.987285
7.000039
7.011362
7.023042
7.035058
7.046154
7.057449
7.069355
7.080234
7.091955
7.103418
7.114765
7.126619
7.13867
7.149827
7.160998
7.172111
7.183863
7.194572
7.205683
7.217979
7.229326
7.240336
7.252411
7.264128
7.275725
7.28788
7.299353
7.310487
7.321236
7.332484
7.343705
7.35395
7.364197
7.374295
7.388647
7.400058
7.410843
7.422457
7.434284
7.445153
7.456113
7.468103
7.478559
7.490192
7.506402
7.518303
7.529675
7.540975
7.552
7.563261
7.574524
7.585513
7.596772
7.608195
7.618948
7.630131
7.641344
7.652452
7.663638
7.674794
7.686251
7.69762
7.708333
7.71928
7.730844
7.741663
7.752984
7.764301
7.775263
7.787177
7.797789
7.812053
7.823006
7.833963
7.844916
7.85618
7.867356
7.878095
7.889297
7.900801
7.911531
7.922422
7.933477
7.943415
7.954079
7.96542
7.976226
7.98779
7.999413
8.010802
8.022437
8.034483
8.045362
8.056771
8.068859
8.080801
8.09142
8.103083
8.11412
8.124935
8.136379
8.147707
8.163891
8.175646
8.186717
8.197658
8.208202
8.219479
8.230043
8.241289
8.253287
8.265528
8.277371
8.289006
8.300741
8.312222
8.323783
8.335491
8.347244
8.358893
8.370929
8.383015
8.394345
8.405906
8.417777
8.428855
8.440645
8.452294
8.463376
8.475945
8.488128
8.500327
8.512582
8.523966
8.536038
8.547719
8.559186
8.57232
8.584248
8.595608
8.60744
8.618765
8.62999
8.641973
8.653976
8.666414
8.678502
8.689823
8.701863
8.714065
8.725132
8.736801
8.748521
8.759631
8.771286
8.78326
8.794301
8.806091
8.817961
8.829472
8.846295
8.858272
8.869972
8.881898
8.89279
8.903347
8.914889
8.925666
8.937104
8.948131
8.959213
8.970381
8.985326
8.996577
9.008756
9.020655
9.032848
9.043892
9.055105
9.066644
9.078034
9.089684
9.101045
9.111943
9.12331
9.135901
9.147388
9.157919
9.168301
9.179977
9.191242
9.202993
9.214186
9.225224
9.236202
9.248127
9.259578
9.271324
9.28338
9.295085
9.306778
9.318267
9.329319
9.340947
9.351974
9.363044
9.374179
9.385567
9.395766
9.4063
9.417363
9.428403
9.440232
9.45128
9.461859
9.474223
9.487281
9.506862
9.518253
9.529192
9.54014
9.551187
9.562567
9.573572
9.58605
9.596939
9.607507
9.618155
9.629286
9.640594
9.651796
9.663616
9.675894
9.687305
9.69679
9.707678
9.72072
9.734394
9.745265
9.756503
9.768464
9.779903
9.794176
9.804985
9.81674
9.827781
9.83926
9.850672
9.862258
9.874379
9.886349
9.898074
9.908676
9.919996
9.931795
9.943622
9.954847
9.966248
9.976598
9.988084
9.999024
10.00926
10.02078
10.03237
10.04267
10.05379
10.06542
10.07752
10.08862
10.0998
10.10994
10.12097
10.13233
10.14327
10.15474
10.16596
10.18178
10.19265
10.20373
10.2145
10.2256
10.23775
10.25093
10.26084
10.27165
10.28363
10.29424
10.30508
10.31633
10.32613
10.33659
10.34655
10.35673
10.36688
10.37788
10.38915
10.40016
10.41155
10.42253
10.43371
10.44497
10.45595
10.46751
10.47827
10.48943
10.50077
10.51245
10.52304
10.53508
10.54556
10.55651
10.56776
10.57907
10.59009
10.6013
10.61256
10.62398
10.63555
10.64712
10.65808
10.66953
10.6814
10.69252
10.70388
10.71547
10.72717
10.73783
10.74946
10.76056
10.77231
10.78364
10.79488
10.80613
10.81754
10.82905
10.84052
10.8517
10.86316
10.89012
10.90119
10.91156
10.92328
10.93645
10.94778
10.95873
10.97826
10.98936
11.00114
11.01271
11.02439
11.03794
11.05048
11.0617
11.07652
11.08862
11.10098
11.11294
11.12578
11.13766
11.14971
11.16135
11.17301
11.18577
11.19806
11.21022
11.2229
11.23525
11.24697
11.25923
11.27154
11.28397
11.29533
11.30696
11.31926
11.33178
11.34407
11.35581
11.36795
11.37943
11.39147
11.40357
11.41585
11.42793
11.43951
11.4517
11.46334
11.47563
11.48796
11.50129
11.51658
11.52843
11.54068
11.55126
11.56195
11.57301
11.58426
11.59532
11.60648
11.61808
11.62923
11.64001
11.65531
11.66661
11.67701
11.68798
11.6985
11.70904
11.7197
11.72951
11.74047
11.75174
11.76294
11.7742
11.78518
11.79645
11.81114
11.82252
11.83336
11.84377
11.8542
11.86504
11.87602
11.88669
11.89764
11.90799
11.91944
11.93056
11.94161
11.9531
11.9644
11.97498
11.98623
11.99795
12.00904
TARGET DESTROYED 
12.03757
12.05824
12.0698
12.08015
12.0912
12.1021
12.11282
12.12432
12.14379
12.15639
12.16711
12.17707
12.18788
12.19883
12.20957
12.22119
12.23254
12.24317
12.25453
12.26598
12.27693
12.28815
12.30422
12.31553
12.32703
12.33843
12.34963
12.36056
12.37184
12.38307
12.39411
12.40572
12.41723
12.42852
12.44008
12.4508
12.46186
12.47335
12.48458
12.49528
12.5073
12.51792
12.52839
12.53999
12.55062
12.56149
12.57288
12.58378
12.59468
12.60559
12.61668
12.62738
12.63854
12.64967
12.66054
12.67244
12.68349
12.69411
12.70608
12.71743
12.72914
12.7424
12.7542
12.76713
12.7794
12.79129
12.8027
12.8141
12.82587
12.83726
12.84876
12.86061
12.87344
12.88508
12.89661
12.90804
12.92025
12.93261
12.94426
12.95632
12.97344
12.98599
12.99798
13.00989
13.02143
13.03361
TARGET DESTROYED 
13.04519
13.06289
13.08255
13.09634
13.10835
13.12023
13.13255
13.14423
13.15607
13.16892
13.18105
13.19293
13.20493
13.21806
13.22997
13.24214
13.25485
13.26741
13.27925
13.29189
13.30382
13.316
13.32733
13.33914
13.35049
13.36269
13.3747
13.38722
13.39937
13.41076
13.42283
13.43514
13.44679
13.45848
13.47138
13.4835
13.49465
13.50676
13.51809
13.52916
13.54114
13.55333
13.56443
13.57661
13.58893
13.60083
13.61252
13.62412
13.63601
13.6528
13.66392
13.67563
13.68745
13.69841
13.70914
13.72017
13.73107
13.7426
13.75409
13.76495
13.77616
13.79096
13.80301
13.81505
13.8267
13.83861
13.85006
13.86173
13.87405
13.88525
13.89693
13.90877
13.92004
13.93214
13.94349
13.9548
13.96688
13.97758
13.98874
14.0002
14.01123
14.02239
14.03488
14.04902
14.06193
14.07375
14.08625
14.09811
14.10984
TARGET DESTROYED 
14.12141
14.13908
14.15747
14.17068
14.18246
14.19376
14.20529
14.21779
14.22934
14.24133
14.25313
14.26532
14.27684
14.28836
14.30066
14.31199
14.3279
14.33953
14.35058
14.36102
14.37214
14.38355
14.39425
14.4054
14.41661
14.42712
14.43855
14.44942
14.46001
14.4719
14.48344
14.49378
14.50478
14.51712
14.52796
14.53916
14.54955
14.55962
14.56999
14.58055
14.59096
14.60158
14.61169
14.62236
14.63374
14.64466
14.65582
14.66707
14.67809
14.68938
14.70068
14.71166
14.72339
14.73454
14.74544
14.75676
14.76817
14.7793
14.79039
14.80178
14.81281
14.82417
14.83521
14.84643
14.85752
14.86879
14.88022
14.89129
14.90278
14.91436
14.92555
14.93675
14.94846
14.95953
14.97078
14.98258
14.9973
15.00741
15.01721
15.02767
15.03931
15.05042
15.06172
15.07266
15.08408
15.09513
15.10637
15.11754
15.12851
15.13969
15.15098
15.16226
15.17322
15.18472
15.19603
15.20679
15.21801
15.22918
15.24046
15.25158
TARGET DESTROYED 
15.26273
15.27701
15.28764
15.29803
15.3075
15.3186
15.32978
15.34492
15.35472
15.36506
15.37471
15.38477
15.39648
15.41395
15.42557
15.43629
15.44635
15.45659
15.46796
15.4778
15.48728
15.49801
15.50788
15.51863
15.52841
15.53867
15.54967
15.56052
15.57177
15.58322
15.59409
15.6052
15.61653
15.62769
15.64237
15.65321
15.66277
15.67288
15.68382
15.69456
15.70637
15.71738
15.72846
15.73934
15.75056
15.76178
15.77294
15.78752
15.79796
15.80835
15.81871
15.82912
15.84005
15.85093
15.86262
15.87352
15.88499
15.89647
15.90777
15.91928
15.93098
15.94239
15.95398
15.96534
15.97677
15.98814
15.99978
16.01079
16.02298
16.03482
16.04705
16.05861
16.07003
16.08215
16.09334
16.10501
16.11752
16.12912
16.14153
16.15272
16.16382
16.17566
16.18708
16.19889
16.21098
16.22385
16.23594
16.24831
16.25992
16.27072
16.28212
16.29302
16.30398
16.3195
16.33205
16.34396
16.35591
16.36692
16.37772
16.38879
16.39973
16.4102
16.42173
16.43371
16.44433
16.4554
16.46671
16.47783
16.48915
16.50043
16.51153
16.52351
16.53495
16.54674
16.55764
16.56839
16.57896
16.58944
16.5997
16.61051
16.62204
16.63301
16.64421
16.65527
16.66653
16.67774
16.68937
16.70008
16.71125
16.72223
16.73358
16.74464
16.75585
16.76695
16.7789
16.7898
16.80097
TARGET DESTROYED 
16.81218
16.82805
16.8391
16.85004
16.86051
16.87084
16.88205
16.89277
16.90379
16.91497
16.92596
16.93729
16.94858
16.96009
16.98249
16.99457
17.00581
17.01698
17.028
17.03846
17.04943
17.05979
17.07061
17.0818
17.09216
17.10274
17.1138
17.12456
17.13561
17.14678
17.15782
17.16912
17.18058
17.19139
17.20271
17.21416
17.22517
17.23595
17.24728
17.25834
17.26982
17.28108
17.29206
17.30353
17.31441
17.32536
17.33661
17.348
17.35907
17.37013
17.38175
17.39268
17.40359
17.41496
17.42612
17.43713
17.44843
17.45954
17.47102
17.48233
17.49354
17.50518
17.51696
17.52848
17.53981
17.55134
17.56292
17.57439
17.58633
17.59771
17.60866
17.62066
17.6323
17.64342
17.66008
17.67147
17.68263
17.69399
17.70519
17.71652
17.72756
17.73891
17.7501
17.7611
17.7723
17.78371
17.79469
17.80906
17.81957
17.83038
17.84044
17.85086
17.86168
17.87278
17.88417
17.89541
17.90972
17.92086
17.93148
17.94192
17.95252
17.96328
17.97398
17.9853
17.99588
18.00664
18.01797
18.02917
18.04028
18.05167
18.06268
18.07378
TARGET DESTROYED 
18.08505
18.10187
18.11269
18.12403
18.13498
18.14522
18.15679
18.16859
18.18011
18.19162
18.20345
18.22137
18.23455
18.24516
18.25644
18.26753
18.27787
18.28827
18.29965
18.31033
18.32097
18.33657
18.34664
18.35758
18.36823
18.37813
18.38826
18.39926
18.40937
18.42023
18.43152
18.44244
18.45385
18.46522
18.47592
18.48733
18.49894
18.50955
18.52098
18.53311
18.54316
18.55411
18.56597
18.57653
18.58768
18.59905
18.60999
18.62132
18.63261
18.64336
18.65463
18.66623
18.67705
18.68805
18.69959
18.71136
18.72189
18.73329
18.74464
18.75652
18.76804
18.77939
18.79093
18.80274
18.81451
18.82589
18.83721
18.84871
18.85994
18.8714
18.88527
18.89539
18.90564
18.91586
18.92693
18.93832
18.94932
18.96028
18.97156
18.98312
18.99385
19.00502
19.01641
19.02734
19.0435
19.05369
19.06433
19.07433
19.08458
19.09514
19.10522
19.11506
19.12537
19.13692
19.14778
19.15881
19.17035
19.18167
19.19236
19.20355
19.21494
19.22585
19.23728
19.24883
19.25957
19.27065
19.28216
19.29324
19.30441
19.31534
19.32663
19.33762
19.34927
19.35995
19.37138
19.38256
19.39353
19.40472
19.41607
19.42711
19.43863
19.45012
19.46137
19.47261
19.48406
19.4953
19.50661
19.51801
19.52935
19.54081
19.55216
19.56356
19.57491
19.58617
19.59779
19.60897
19.62019
19.63159
19.64251
19.65387
19.66547
19.67599
19.68738
19.69861
19.70973
19.72073
19.73231
19.74301
19.7544
19.76592
19.77883
19.79198
19.80176
19.81186
19.82142
19.83175
19.84164
19.85239
19.86358
19.8747
19.88591
19.89711
19.90821
19.91994
19.93091
19.94176
TARGET DESTROYED 
19.95294
19.97602
19.98716
19.99671
20.00636
20.01747
20.02858
20.03978
20.05174
20.06219
20.07369
20.09244
20.10388
20.1138
20.12326
20.13246
20.14167
20.15152
20.16293
20.17369
20.18502
20.19614
20.2074
20.21866
20.22979
20.24073
20.25198
20.26306
20.27436
20.28551
20.29668
20.30788
20.31905
20.33023
20.34144
20.35241
20.36382
20.37494
20.39083
20.40164
20.41217
20.42328
20.43365
20.44443
20.45417
20.46484
20.47534
20.48638
20.49843
20.50907
20.52038
20.53211
20.54356
20.55459
20.56618
20.57755
20.58895
20.60052
20.61193
20.62295
20.63428
20.64528
20.65645
20.66766
20.67887
20.68995
20.7016
20.71246
20.72347
20.73468
20.74647
20.75707
20.76832
20.77962
20.79098
20.80231
20.81404
20.82499
20.83643
20.84797
20.85921
20.87031
20.8821
20.89309
20.90451
20.91576
20.927
20.93823
20.9497
20.96067
20.97182
20.98294
20.99407
21.00509
21.01682
21.02771
21.03886
21.05009
21.06115
21.07244
21.08377
21.09488
21.11042
21.12161
21.13219
21.14258
21.15371
21.16424
21.17433
21.18575
21.19615
21.20664
21.21821
21.22891
21.23964
21.25136
21.26119
21.27205
21.28262
21.29327
21.30453
21.31548
21.32641
21.33736
21.34792
21.35815
21.36909
21.38055
21.39162
21.40261
21.41401
21.42496
21.43609
21.44749
21.45839
21.4708
21.48161
21.49227
21.50351
21.51425
21.52534
21.53699
21.54842
21.55988
21.57098
21.58268
21.59376
21.60528
21.61664
21.628
21.63956
21.65139
21.66303
21.67389
21.68476
21.69722
21.70768
21.71899
21.73042
21.74207
21.75274
21.76471
21.77591
21.79141
21.80661
21.81768
21.82766
21.83839
21.84944
21.86073
21.8719
21.88301
21.89404
21.90518
21.91664
21.92758
21.9388
21.9503
21.96096
21.97206
21.98351
21.99443
22.006
22.01711
22.03113
22.04329
22.05399
22.06438
22.0745
22.08588
22.09604
22.10629
22.11978
