0.02
0.04
0.14
0.1789816
0.1925368
0.2034569
0.2137007
0.2234432
0.234335
0.2454649
0.2567985
0.2676776
0.2787818
0.2906633
0.3031842
0.3132051
0.327467
0.3369413
0.3461961
0.3576105
0.3683025
0.3792942
0.3909175
0.4018087
0.4128613
0.4244865
0.4352475
0.4468319
0.457763
0.4687318
0.4797818
0.4912373
0.5021013
0.5134933
0.5248185
0.5358278
0.5469048
0.5581964
0.5692521
0.5802986
0.5918872
0.6031166
0.613825
0.6253574
0.6364415
0.6479554
0.6590573
0.6699434
0.6808346
0.6921971
0.7036221
0.7143719
0.7259365
0.7367857
0.7479047
0.7593611
0.7701353
0.7814946
0.7927245
0.803839
0.8150899
0.8263253
0.8373984
0.8486496
0.8600759
0.870818
0.8820133
0.8983129
0.9100556
0.9203642
0.9316536
0.9433118
0.9539608
0.9651892
TARGET DESTROYED 
0.9768292
0.994864
1.004917
1.015852
1.028116
1.038489
1.0495
1.061188
1.084232
1.095702
1.105364
1.116538
1.127731
1.139145
1.150005
1.161191
1.172421
1.183398
1.195102
1.206027
1.21725
1.228287
1.239491
1.250533
1.261751
1.272855
1.284125
1.295426
1.30662
1.317592
1.328732
1.340075
1.351216
1.362255
1.374506
1.384732
1.396131
1.407224
1.418248
1.429224
1.440948
1.451597
1.462848
1.474329
1.485313
1.496284
1.507785
1.518621
1.530912
1.541513
1.552051
1.563242
1.57467
1.585657
1.597028
1.608709
1.620234
1.631692
1.643529
1.655202
1.66662
1.678228
1.690141
1.701466
1.712323
1.724823
1.735628
1.746957
1.758477
1.769306
1.780604
1.792106
1.80283
1.814169
1.825353
1.836494
1.84773
1.861969
1.871159
1.880997
1.890926
1.901906
1.913095
1.924384
1.935482
1.94669
1.958079
1.968958
1.980109
TARGET DESTROYED 
1.991576
2.005083
2.021724
2.032651
2.044002
2.054822
2.066125
2.077648
2.088261
2.099423
2.110654
2.121816
2.133037
2.144382
2.156338
2.166537
2.177756
2.188802
2.200135
2.211311
2.22265
2.23369
2.244656
2.25599
2.266935
2.278186
2.289392
2.300519
2.311979
2.322805
2.334099
2.345267
2.356745
2.367652
2.37876
2.39023
2.401332
2.41281
2.423905
2.434559
2.446172
2.45765
2.469369
2.480569
2.492431
2.503254
2.514715
2.526292
2.537675
2.549269
2.560447
2.571931
2.583254
2.594738
2.606443
2.621198
2.631437
2.641534
2.650811
2.661344
2.672485
2.684335
2.694671
2.706057
2.717071
2.728309
2.739572
2.75074
2.761807
2.773499
2.784012
2.795876
2.806633
2.825737
2.835609
2.847872
2.859152
2.870363
2.881343
2.892679
2.903768
2.914819
2.926387
2.937225
2.948326
2.959805
2.970737
2.981863
2.993164
3.004323
3.015472
TARGET DESTROYED 
3.026742
3.040339
3.050622
3.060548
3.071294
3.082721
3.099572
3.111013
3.120417
3.130131
3.139133
3.149863
3.160656
3.171828
3.182851
3.194317
3.205158
3.216538
3.227612
3.239089
3.25007
3.26123
3.272328
3.283581
3.294715
3.306053
3.317051
3.328306
3.339436
3.350559
3.361648
3.376458
3.386251
3.396123
3.407223
3.418082
3.428667
3.439997
3.451112
3.462225
3.474225
3.485252
3.496572
3.508077
3.519815
3.53071
3.5425
3.553841
3.565046
3.577254
3.587817
3.599201
3.610688
3.621848
3.633168
3.644188
3.655357
3.666631
3.677994
3.688864
3.700116
3.711531
3.722633
3.733753
3.744933
3.75632
3.7676
3.778782
3.790576
3.801574
3.812867
3.824589
3.835618
3.846642
3.858605
3.869414
3.880406
3.891943
3.902812
3.913917
3.925558
3.936555
3.947645
3.958963
3.969812
3.980806
3.992375
4.003643
4.014534
4.026682
4.036788
4.048073
4.059493
4.070288
4.081412
4.09271
4.103755
4.114836
4.126557
4.137547
TARGET DESTROYED 
4.153162
4.168146
4.179098
4.195795
4.207284
4.217427
4.227968
4.237957
4.248121
4.25806
4.268034
4.278124
4.288862
4.299929
4.311047
4.322255
4.333707
4.344563
4.355906
4.366969
4.378257
4.394467
4.403964
4.413971
4.425054
4.434985
4.445469
4.456456
4.467671
4.478604
4.490114
4.500931
4.512269
4.523952
4.534554
4.545913
4.55712
4.568004
4.579186
4.590525
4.601675
4.613042
4.624889
4.636115
4.655497
4.66595
4.676927
4.686982
4.696985
4.707242
4.71711
4.727299
4.737236
4.747186
4.75823
4.768919
4.780325
4.79156
4.802466
4.813983
4.825056
4.836121
4.847374
4.858557
4.869574
4.880632
4.892234
4.903116
4.918244
4.928539
4.938259
4.948655
4.959199
4.970373
4.981257
4.992699
5.004001
5.014795
5.026225
5.037261
5.048534
5.059602
5.07052
5.081671
5.093547
5.104726
5.116255
5.127889
5.139055
5.150476
5.162004
5.173762
5.192342
5.202644
5.212811
5.22287
5.233157
5.243285
5.253815
5.263943
5.273837
5.284402
5.295285
5.305473
5.316383
5.327575
5.338808
5.349945
5.361111
5.372156
5.383354
5.39472
5.405773
5.416899
5.429058
5.439511
5.450402
5.461632
5.473011
5.483903
5.495113
5.506398
5.517473
5.528818
5.53988
5.550904
5.562329
5.573634
TARGET DESTROYED 
5.584735
5.600162
5.61719
5.629377
5.640743
5.651401
5.662864
5.674101
5.685045
5.700752
5.711772
5.721821
5.732308
5.743138
5.753471
5.763778
5.774764
5.785636
5.79683
5.80819
5.818979
5.83032
5.841568
5.854389
5.865191
5.876003
5.886549
5.898053
5.909353
5.919735
5.930809
5.942029
5.953762
5.964707
5.975821
5.987426
5.998589
6.00906
6.019936
6.031219
6.042818
6.053826
6.065428
6.076262
6.087072
6.098481
6.110206
6.121675
6.133246
6.145076
6.156282
6.167644
6.17938
6.190738
6.202374
6.213658
6.226049
6.23673
6.248059
6.259713
6.270755
6.28186
6.293339
6.304207
6.315438
6.326756
6.337915
6.348972
6.360262
6.371244
6.382816
6.393682
6.405003
6.416144
6.42724
6.438524
6.449678
6.460641
6.471942
6.488032
6.499215
6.51019
6.521111
6.531837
6.542982
6.553478
6.564076
6.574621
6.585158
6.595719
6.605886
6.616516
6.627509
6.637243
6.646912
6.657278
6.667869
6.679884
6.692425
6.704584
6.716623
6.729042
6.738894
6.748901
6.759116
6.768885
6.779696
6.791101
6.80208
6.813061
6.824614
6.835601
6.846737
6.858337
6.869018
6.880233
6.891709
6.902421
6.913644
6.925249
6.936418
6.947244
6.958718
6.969608
6.98122
6.992815
7.004236
7.015924
7.026989
7.038494
7.049534
7.060672
7.071916
7.08292
7.09448
7.105731
7.116978
7.12842
7.140209
7.151052
7.162435
TARGET DESTROYED 
7.174509
7.188474
7.198233
7.208042
7.219056
7.230309
7.241636
7.252655
7.26708
7.276596
7.286214
7.297374
7.308957
7.319593
7.331103
7.346904
7.357594
7.367002
7.376706
7.385912
7.395888
7.407332
7.418218
7.429317
7.441236
7.4519
7.463076
7.474301
7.485391
7.496635
7.50799
7.518788
7.529985
7.541482
7.552192
7.563508
7.574903
7.585774
7.596875
7.608282
7.619254
7.630353
7.642232
7.652736
7.664063
7.675264
7.686432
7.697348
7.708967
7.719955
7.731433
7.74326
7.754153
7.765614
7.777214
7.788215
7.799871
7.810913
7.822349
7.854259
7.864539
7.874766
7.885723
7.896849
7.908059
7.919156
7.930047
7.941506
7.95274
7.963674
7.975099
7.986139
7.997242
8.008641
8.019561
8.030643
8.042153
8.052945
8.064089
8.07562
8.086658
8.101691
8.112132
8.122534
8.132597
8.142962
8.153872
8.164743
8.176163
8.187107
8.198284
8.209553
8.220513
8.231612
8.242892
8.254157
8.265937
8.276623
8.287672
8.298813
8.310028
8.321239
8.332182
8.343835
8.354704
8.36587
8.377189
8.389716
8.399774
8.410542
8.421844
8.43284
8.444049
8.456025
8.467614
8.479538
8.491373
8.50314
8.514612
8.526219
8.53768
8.548436
8.560472
8.571078
8.582908
8.593945
8.605088
8.616586
8.627666
8.638781
8.650126
8.66118
8.672327
8.683545
8.694581
8.706005
8.717109
8.72818
8.739431
8.750703
8.761678
8.772964
8.78414
8.795097
8.806424
8.817636
8.828672
8.839956
8.851212
8.862227
8.873887
8.88466
8.896226
8.907257
8.918012
8.929266
8.944445
8.954649
8.965014
8.975285
8.985424
8.996026
9.006977
9.017783
9.02841
9.03885
9.050395
9.061001
9.072037
9.082964
9.094193
9.105351
9.116572
9.127764
9.13875
9.150594
9.161112
9.172845
9.183528
9.194724
9.206241
9.217079
9.22823
9.239362
9.250521
TARGET DESTROYED 
9.261882
9.286789
9.29833
9.308964
9.319275
9.329815
9.340322
9.351571
9.362788
9.381798
9.393386
9.404523
9.416022
9.427033
9.437917
9.449319
9.46062
9.471769
9.482666
9.494156
9.504983
9.516478
9.527376
9.539804
9.550426
9.561534
9.57207
9.583415
9.594394
9.606039
9.616859
9.627965
9.639043
9.650307
9.66153
9.67291
9.683785
9.694955
9.706181
9.720723
9.731616
9.741986
9.751606
9.761975
9.773355
9.784345
9.795463
9.806839
9.817986
9.8293
9.840956
9.85178
9.862796
9.874637
9.886015
9.897551
9.909117
9.920114
9.931857
9.943351
9.954639
9.966614
9.977882
9.989073
10.00027
10.01169
10.0223
10.03364
10.04507
10.05604
10.06706
10.07817
10.0895
10.10095
10.11215
10.12376
10.13479
10.14634
10.15798
10.16875
10.17983
10.19148
10.20249
10.21377
10.22609
10.23706
10.2473
10.25876
10.27036
10.28113
10.29222
10.30358
10.31507
10.32636
10.33684
10.34791
10.35921
10.37092
10.38166
10.39321
10.40342
10.41473
10.42611
10.43714
10.44837
10.4599
10.47048
10.48177
10.49575
10.50706
10.51723
10.52733
10.53741
10.55244
10.56251
10.57601
