0.02
0.04
0.14
0.1795453
0.1912526
0.2016267
0.2115375
0.2251495
0.2347607
0.2439177
0.2532155
0.2618944
0.2729406
0.2844866
0.2973408
0.3116457
0.3214009
0.3305772
0.3398381
0.3513433
0.3624947
0.3736262
0.385469
0.3959313
0.4071205
0.4185093
0.4293906
0.4405522
0.4524232
0.4631174
0.4743018
0.4859559
0.4967381
0.5076575
0.5191201
0.5297922
0.5410264
0.5525069
0.5638093
0.5746714
0.5868134
0.5969523
0.6084223
0.6194033
0.6303452
0.641487
0.6527978
0.6637186
0.6749623
0.6861221
0.6973254
0.7083677
0.7197703
0.7308261
0.7420131
0.7534487
0.7645128
0.7753739
0.786881
0.7977655
0.8091536
0.8203105
0.8312707
0.8424744
0.8537467
0.8648513
0.8758622
0.8920332
0.9038037
0.9146821
0.925615
0.9369053
0.9485251
0.9590429
0.9708927
0.9816694
0.9925647
1.004068
1.015357
1.026278
1.037508
1.048363
1.05948
1.071094
1.081954
1.093301
1.104539
1.115404
1.126605
1.138
1.149058
TARGET DESTROYED 
1.163117
1.173048
1.182217
1.192473
1.203703
1.215072
1.226546
1.237698
1.249226
1.260138
1.270938
1.281762
1.29324
1.304486
1.315454
1.326377
1.338389
1.348752
1.359944
1.372192
1.38283
1.398046
1.408808
1.41864
1.428282
1.437923
1.447615
1.458903
1.470837
1.48102
1.492058
1.503743
1.514635
1.525747
1.537554
1.548118
1.559249
1.570608
1.581517
1.593004
1.604244
1.615248
1.626327
1.638272
1.648719
1.659831
1.67125
1.682248
1.693584
1.704433
1.716525
1.726729
1.737851
1.749284
1.760799
1.771958
1.783262
1.794627
1.805833
1.817384
1.828877
1.840181
1.851762
1.862697
1.874019
1.885781
1.898008
1.908196
1.919418
1.930709
1.941811
1.953515
1.964694
1.975488
1.986919
1.998003
2.00926
2.020397
2.031293
2.042848
2.053832
2.06517
2.076031
2.087154
2.09864
2.109398
2.121371
2.132048
2.143015
2.15445
2.16587
2.176525
2.187731
2.198855
2.210016
2.221203
2.232555
2.243757
2.254695
2.265989
2.277129
2.288285
2.299509
2.310478
2.322083
2.333046
2.344284
2.355392
2.36662
TARGET DESTROYED 
2.380386
2.390658
2.400019
2.41035
2.421383
2.432711
2.443686
2.455379
2.469714
2.479883
2.490979
2.50156
2.511278
2.522506
2.532683
2.543399
2.555159
2.565963
2.577084
2.588135
2.599254
2.610813
2.621697
2.632879
2.64377
2.6551
2.666172
2.677388
2.688582
2.699989
2.710844
2.722292
2.733071
2.744929
2.755664
2.766762
2.777962
2.789305
2.800466
2.811233
2.822581
2.834011
2.845042
2.856404
2.867772
2.878856
2.890147
2.901602
2.912764
2.924211
2.935877
2.948077
2.95807
2.970047
2.980921
2.992017
3.003665
3.014577
3.025571
3.037066
3.047739
3.058966
3.070292
3.081388
3.092705
3.104079
3.115368
3.126002
3.137695
3.14822
3.159466
3.170691
3.182001
3.192992
3.204494
3.215469
3.226536
3.237785
3.248872
3.260259
3.271358
3.282466
3.293425
3.305232
3.316462
3.327109
3.338133
3.349565
3.360589
3.371927
3.38306
3.395058
3.405345
3.418466
3.428336
3.43867
3.450112
3.461123
3.47265
3.483531
3.49457
3.505786
3.516833
3.528122
3.539232
3.55421
3.565618
3.576312
3.586395
3.59617
3.60632
3.617279
3.627399
3.637996
3.648509
3.658641
3.669723
3.680871
3.691947
3.703346
3.714397
3.725633
3.736963
3.748235
3.759013
3.770426
3.781343
3.793239
3.803953
3.81489
3.82611
3.837291
3.848457
3.859692
3.870895
3.881901
3.893437
TARGET DESTROYED 
3.907771
3.917724
3.927433
3.938012
3.949444
3.960766
3.972119
3.983545
3.995005
4.006278
4.01759
4.029057
4.040402
4.052266
4.06315
4.074803
4.085487
4.096213
4.107684
4.118884
4.129653
4.140921
4.152499
4.163113
4.174356
4.186012
4.196682
4.207975
4.219292
4.230407
4.241328
4.252613
4.263691
4.274847
4.286598
4.297532
4.308884
4.320879
4.343094
4.353964
4.364149
4.374303
4.384481
4.394451
4.405593
4.416704
4.427925
4.439054
4.450499
4.461274
4.472653
4.483773
4.494888
4.506054
4.517637
4.528498
4.539691
4.550875
4.562681
4.578317
4.588664
4.598579
4.608787
4.62465
4.6349
4.645411
4.656096
4.666026
4.676333
4.686801
4.696866
4.70735
4.718827
4.729523
4.740809
4.752042
4.7631
4.774072
4.785643
4.796432
4.807889
4.819079
4.830326
4.841259
4.852764
4.863471
4.874755
4.886268
4.897057
4.908598
4.919934
4.931087
4.942118
4.953118
4.964204
4.975288
4.986894
4.997953
5.009744
5.020912
5.032214
5.043505
5.055113
5.066319
5.078236
5.089268
5.100816
5.112072
5.123519
5.135227
5.146291
5.157807
5.169286
5.180355
5.19192
5.203476
5.214931
5.226176
5.237365
5.248467
5.259462
5.270789
5.281707
5.293184
5.304716
5.315274
5.326676
5.33784
5.348831
5.359936
5.37126
5.382236
5.393448
5.404799
5.415767
5.427042
5.438293
5.449378
TARGET DESTROYED 
5.465331
5.477509
5.489399
5.500294
5.511563
5.522594
5.534232
5.544902
5.556064
5.567197
5.578564
5.589633
5.600952
5.611836
5.623729
5.634882
5.645511
5.656549
5.668139
5.678873
5.690124
5.704934
5.715298
5.725554
5.735956
5.746188
5.757231
5.768616
5.77974
5.790741
5.801896
5.813137
5.824368
5.835655
5.84648
5.857732
5.86894
5.879976
5.891149
5.902591
5.913431
5.924946
5.936382
5.947239
5.958697
5.970352
5.982011
5.993164
6.004694
6.016157
6.027765
6.039319
6.050851
6.061815
6.073452
6.08498
6.09589
6.107152
6.118739
6.129624
6.140999
6.15273
6.163682
6.174985
6.18675
6.197542
6.208896
6.220599
6.231393
6.242356
6.254172
6.265301
6.275937
6.287272
6.298276
6.309356
6.320935
6.331868
6.343083
6.354635
6.365515
6.376398
6.388016
6.398659
6.410119
6.421566
6.432229
6.443349
6.454918
6.465795
6.476943
6.488202
6.499406
6.510429
6.521704
6.532821
6.544345
6.555934
6.566728
6.57754
6.588775
6.599673
6.611069
6.622159
6.634085
6.644906
6.656457
6.66722
6.677995
6.689188
6.700454
6.711421
6.723048
6.733803
6.745274
6.756205
6.767539
6.783284
6.794493
6.805696
6.816256
6.826944
6.837985
6.848582
6.85952
6.870862
6.881906
6.893044
6.904454
6.915068
6.925984
6.937264
6.947837
6.958717
6.96993
6.979989
6.990373
7.000673
7.011194
7.021567
7.031541
7.042191
7.053137
7.064056
7.075272
7.08654
7.097477
7.10858
7.120135
7.130973
7.142183
7.153543
7.164785
7.17573
7.186802
7.198313
7.209084
7.220352
7.23169
7.242978
7.254184
7.265395
7.276356
7.287543
7.29886
7.309966
7.321254
7.332738
7.344492
7.355838
7.366955
7.378612
7.390044
7.4015
7.412688
7.424039
7.435844
7.446826
7.458833
7.4703
7.481073
7.492475
7.504169
7.515552
7.526916
7.53794
7.549506
7.561058
7.572392
7.582998
7.594343
7.605351
7.617086
7.628189
7.640249
7.652165
7.663363
7.6749
7.685663
7.69649
7.707182
7.717654
7.728153
7.738715
7.749598
7.760634
7.772277
7.783434
7.794312
7.805563
7.81689
7.827882
7.838872
7.854641
7.865089
7.875654
7.887428
7.898009
7.908764
7.919828
7.930179
7.94101
7.95209
7.962502
7.973118
7.984762
7.995407
8.006076
8.017836
8.028589
8.039754
8.050594
8.062016
8.07345
8.084455
8.095321
8.105977
8.117234
8.128005
8.139327
8.14963
8.160632
8.171677
8.181961
8.192621
8.20411
8.214946
8.226065
8.237559
8.248389
8.259624
8.270861
8.288348
8.299652
8.314157
8.326008
8.33751
8.34854
8.359625
8.37087
8.382026
8.395913
