0.02
0.04
0.14
0.1797082
0.1929063
0.203734
0.2128897
0.222789
0.2343658
0.2453083
0.2564094
0.2674992
0.2787029
0.2900676
0.3010069
0.313789
0.3238689
0.3345182
0.3456699
0.3567388
0.373307
0.3823959
0.3922997
0.402542
0.4125744
0.4239481
0.4348634
0.4464931
0.4584667
0.4685203
0.4796255
0.4909617
0.5023267
0.5132298
0.5243379
0.5357226
0.5465714
0.5582868
0.5690914
0.5801299
0.5913759
0.6030075
0.6137447
0.6249487
0.6361537
0.6473907
0.6586056
0.6696553
0.6808545
0.6918708
0.7031245
0.7144046
0.7337441
0.7439267
0.7536817
0.7629297
0.7718499
0.7817165
0.7925471
0.8035907
0.8147851
0.8258451
0.837263
0.8483654
0.8593265
0.8710788
0.8817833
0.8935253
0.9049096
0.9210052
0.9327507
0.9422625
0.9512209
0.960485
0.9712421
0.9822017
0.9934362
1.005414
1.016013
1.029329
1.038754
1.049899
1.061727
1.071706
1.082743
1.093912
1.105799
1.117352
1.127636
1.138826
1.150123
1.161473
1.172727
1.183901
1.194935
1.206165
1.217757
1.228474
1.239858
1.25114
1.262127
1.273351
1.305323
1.315691
1.324989
1.334293
1.343757
1.352809
1.362002
1.373501
1.38455
1.395585
1.406739
1.417867
1.428947
1.440351
1.451601
1.462494
1.477373
1.486899
1.496498
1.507236
1.518345
1.530288
1.541201
1.552012
1.563295
1.574309
1.585525
1.604944
1.618293
1.631129
1.644562
1.656101
1.671338
1.685753
1.699209
1.708911
1.723567
1.732713
1.742034
1.753312
1.764174
1.775318
1.786888
1.797689
1.808732
1.820032
1.831086
1.842583
1.85367
1.864757
1.875717
1.887313
1.898191
1.909406
1.92056
1.931649
1.942876
1.954614
1.965164
1.976322
1.987615
1.999135
2.010191
2.022957
2.033099
2.043331
2.054915
2.066128
2.076862
2.088445
2.099247
2.110551
2.121789
2.133683
2.144755
2.155616
2.166399
2.178075
2.189349
2.199926
2.211028
2.222198
2.233211
2.244481
2.257243
2.267565
2.27828
2.28991
2.300287
2.311882
2.323312
2.333936
2.344977
2.356589
2.367489
2.378506
2.3901
2.400898
2.411906
2.423496
2.434433
2.445641
2.456893
2.468056
2.479107
2.495234
2.505122
2.515002
2.525012
2.534927
2.546294
2.558448
2.569154
2.580467
2.591918
2.603603
2.614724
2.626358
2.637957
2.648633
2.660305
2.67131
2.682221
2.693395
2.705248
2.715657
2.726803
2.738292
2.749516
2.760597
2.771848
2.782971
2.794078
2.805475
2.81636
2.827465
2.838869
2.849655
2.861184
2.872561
2.883872
2.895244
2.906535
2.917846
2.929155
2.940904
2.951858
2.963141
2.974601
2.985931
2.997246
3.008386
3.019924
3.03163
3.042752
3.054272
3.064806
3.075969
3.087369
3.098969
3.109864
3.121372
3.132166
3.143363
3.154816
3.165397
3.17644
3.187943
3.198941
3.210039
3.221413
3.232441
3.243661
3.255261
3.265892
3.277069
3.288538
3.299423
3.310583
3.321769
3.333052
3.344051
3.355527
3.366567
3.377764
3.388913
3.399907
3.411479
3.422479
3.433329
3.444672
3.455828
3.466996
3.478213
3.489416
3.500697
3.511593
3.527614
3.538255
3.548472
3.558461
3.569035
3.579163
3.589774
3.59981
3.609857
3.619623
3.630358
3.641576
3.65277
3.664029
3.675122
3.68664
3.697403
3.708609
3.720268
3.730818
3.742312
3.753469
3.764459
3.775701
3.786849
3.79791
3.809182
3.820545
3.831469
3.842526
3.854079
3.86498
3.876239
3.88754
3.898527
3.90992
3.921522
3.93253
3.944257
3.955589
3.967004
3.978389
3.989739
4.000986
4.012361
4.02367
4.035481
4.046556
4.057694
4.069056
4.080618
4.092241
4.103205
4.114528
4.125841
4.13749
4.148314
4.159406
4.171367
4.182109
4.19333
4.204592
4.215443
4.226422
4.237899
4.248818
4.260175
4.2715
4.282403
4.293553
4.305077
4.315775
4.327137
4.338363
4.349488
4.360402
4.371941
4.3828
4.394171
4.405687
4.416436
4.427511
4.439006
4.449974
4.461503
4.472332
4.48344
4.494777
4.506024
4.516789
4.528304
4.545195
4.555587
4.567052
4.57711
4.586911
4.597072
4.607153
4.616858
4.627082
4.63753
4.647425
4.65816
4.668259
4.6796
4.690681
4.702877
4.713194
4.724418
4.735859
4.754641
4.765048
4.77545
4.785144
4.795366
4.805928
4.815799
4.825921
4.835865
4.847228
4.858175
4.869787
4.880586
4.891647
4.903111
4.914335
4.925381
4.936666
4.947614
4.958687
4.970283
4.98123
4.992318
5.003772
5.014675
5.025836
5.037274
5.048315
5.059223
5.07059
5.081735
5.093001
5.104132
5.11522
5.126408
5.137802
5.148767
5.16038
5.171832
5.183352
5.194517
5.206097
5.21776
5.228825
5.24035
5.251795
5.263085
5.274496
5.286569
5.297644
5.309328
5.320299
5.331334
5.342939
5.354905
5.365762
5.37692
5.388515
5.399435
5.410456
5.422014
5.432851
5.444391
5.455431
5.466221
5.47767
5.488956
5.499957
5.511049
5.522207
5.533675
5.544652
5.556052
5.571939
5.58184
5.591846
5.601932
5.612005
5.622435
5.633461
5.643754
5.653954
5.664288
5.674874
5.686137
5.697253
5.708343
5.719511
5.730505
5.741841
5.75341
5.764262
5.775329
5.786709
5.797582
5.809999
5.820472
5.831049
5.842395
5.85377
5.864751
5.875803
5.887321
5.898599
5.909509
5.920784
5.931653
5.942875
5.954796
5.965599
5.977078
5.9885
5.999693
6.010994
6.022562
6.034515
6.045455
6.056684
6.068187
6.079283
6.090893
6.103065
6.113574
6.124968
6.135982
6.147517
6.158879
6.170371
6.181206
6.192223
6.204325
6.214892
6.226256
6.237545
6.248626
6.259449
6.271132
6.281633
6.293088
6.304518
6.315824
6.32638
6.338084
6.348678
6.360078
6.371806
6.38257
6.393229
6.405193
6.415854
6.427148
6.438396
6.449416
6.460479
6.471923
6.482738
6.493969
6.505395
6.516341
6.52796
6.539721
6.55039
6.561103
6.572328
6.588624
6.599528
6.610795
6.621834
6.632673
6.643792
6.65457
6.665208
6.676383
6.687712
6.698839
6.709812
6.720765
6.731374
6.741783
6.751408
6.762295
6.773348
6.783912
6.794636
6.805403
6.815883
6.826622
6.837157
6.847793
6.858535
6.869136
6.88025
6.891492
6.902607
6.913589
6.924618
6.935971
6.947158
6.958252
6.969606
6.980378
6.991783
7.002945
7.014192
7.025198
7.036581
7.047607
7.058751
7.070692
7.081021
7.092344
7.104186
7.114689
7.125997
7.13747
7.148706
7.160252
7.171877
7.182936
7.194516
7.206049
7.217236
7.228771
7.240259
7.251889
7.263107
7.27463
7.286052
7.297962
7.309623
7.320423
7.331788
7.342978
7.36035
7.370857
7.380982
7.391208
7.40062
7.411017
7.420762
7.430638
7.440678
7.450567
7.460824
7.47239
7.48333
7.494459
7.505645
7.516669
7.527781
7.539288
7.550182
7.561518
7.572901
7.583648
7.595024
7.610659
7.621064
7.63104
7.641758
7.651871
7.662299
7.673079
7.684232
7.69538
7.706688
7.717678
7.73448
7.744524
7.754568
7.764793
7.774589
7.784785
7.79642
7.807298
7.818369
7.829865
7.843218
7.852817
7.864345
7.875559
7.886742
7.897833
7.908926
7.920394
7.931196
7.942424
7.954145
7.964986
7.975935
7.987413
7.998378
8.009577
8.020907
8.031976
8.04288
8.054509
8.06527
8.076514
8.087743
8.099025
8.111226
8.121953
8.133091
8.144694
8.156034
8.167234
8.178496
8.190008
8.201522
8.212829
8.224
8.235589
8.246492
8.258323
8.269701
8.280796
8.292172
8.304202
8.315187
8.325999
8.337278
8.34825
8.359344
8.371163
8.381672
8.392736
8.404529
8.415257
8.426667
8.437845
8.448595
8.460087
8.471415
8.482109
8.493391
8.505096
8.515537
8.526839
8.538257
8.549263
8.560586
8.571958
8.583728
8.59381
8.605616
8.616396
8.632049
8.642372
8.65224
8.662539
8.6726
8.682331
8.692388
8.702053
8.713358
8.72448
8.736048
8.746741
8.75821
8.769244
8.780282
8.791507
8.80294
8.813781
8.825282
8.836212
8.847312
8.858483
8.869873
8.880766
8.892259
8.903553
8.914425
8.925677
8.937062
8.947957
8.959139
8.970508
8.981455
8.99254
9.003942
9.015283
9.026457
9.038216
9.050186
9.060742
9.072083
9.08339
9.094766
9.106207
9.117622
9.12882
9.140203
9.151371
9.162683
9.174281
9.185641
9.196902
9.208859
9.219403
9.230721
9.241927
9.254171
9.264098
9.275348
9.286576
9.297751
9.309659
9.321317
9.331667
9.342883
9.353924
9.365973
9.376513
9.387169
9.398211
9.409348
9.421949
9.432044
9.442802
9.454721
9.465454
9.477107
9.487811
9.498816
9.509798
9.52426
9.534682
9.545156
9.55527
9.566435
9.57633
9.587226
9.598246
9.609624
9.620622
9.63156
9.642781
9.659345
9.669943
9.680449
9.690886
9.700606
9.710828
9.72071
9.730561
9.740791
9.756491
9.773019
9.786835
9.79923
9.810139
9.819983
9.830024
9.84028
9.851101
9.862423
9.873682
9.88477
9.895971
9.907011
9.918184
9.929473
9.940641
9.95188
9.962966
9.97437
9.98519
9.996823
10.00761
10.01875
10.02988
10.04099
10.0521
10.06345
10.07476
10.08565
10.09689
10.10809
10.11935
10.13035
10.14147
10.15327
10.16383
10.17519
10.18631
10.19753
10.2085
10.22025
10.23081
10.2423
10.25376
10.26546
10.27674
10.28824
10.30011
10.31161
10.32302
10.33425
10.36778
10.37831
10.38853
10.40276
10.41866
10.43246
10.44646
10.45697
10.46711
10.47683
10.48804
10.49891
10.51012
10.52184
10.53263
10.54355
10.55521
10.566
10.57712
10.58855
10.59959
10.61061
10.62233
10.63301
10.64432
10.65574
10.66652
10.67792
10.68895
10.69996
10.71118
10.72697
10.73751
10.74824
10.75887
10.76942
10.78085
10.79148
10.80113
10.82209
10.83421
10.84538
10.85675
10.86771
10.87876
10.8902
10.90211
10.91245
10.92368
10.93503
10.94651
10.96016
10.97006
10.9801
10.99036
11.00162
11.01279
11.02419
11.03522
11.0464
11.05762
11.06865
11.07986
11.09135
11.10221
11.11338
11.12465
11.13608
11.14676
11.15803
11.16945
11.18036
11.1914
11.20278
11.21409
11.22517
11.23636
11.24761
11.25859
TARGET DESTROYED 
11.27002
11.28814
11.29834
11.30926
11.31955
11.32941
11.33933
11.34971
11.35996
11.37139
11.38201
11.39327
11.40518
11.42354
11.43534
11.44549
11.45611
11.46603
11.47639
11.48584
11.49591
11.50564
11.5155
11.52669
11.53801
11.54907
11.5606
11.5716
11.58244
11.59364
11.60503
11.61607
11.62733
11.63863
11.64952
11.66096
11.67188
11.68324
11.69842
11.70867
11.71804
11.72799
11.73886
11.74992
11.76163
11.77253
11.78356
11.79493
11.80603
11.81701
11.82832
11.8394
11.85053
11.86246
11.87388
11.88484
11.89642
11.90779
11.91936
11.93078
11.94219
11.954
11.96503
11.97633
11.98792
11.99884
12.0095
12.02098
12.03235
12.04294
12.05466
12.06561
12.07695
12.08827
12.09955
12.11082
12.12254
12.13351
12.14513
12.15605
12.16762
12.17879
12.19078
12.20134
12.21278
12.22425
12.23546
12.24652
12.25784
12.26871
12.28009
12.29136
12.30257
12.31422
12.32579
12.33628
12.34714
12.35844
12.36933
12.38077
12.39294
12.40374
12.41469
12.42663
12.43784
12.44891
12.45987
12.47101
12.48238
12.49343
12.505
12.51566
12.52662
12.53786
12.54887
12.55997
12.5713
12.58182
12.59265
12.60469
12.61663
12.62837
12.64039
TARGET DESTROYED 
12.65193
12.67071
12.68993
12.70239
12.71452
12.73141
12.74345
12.75583
12.76765
12.77907
12.7908
12.80227
12.8142
12.82639
12.83791
12.84954
12.86093
12.87325
12.88519
12.89643
12.90817
12.91982
12.93151
12.94319
12.95481
12.96638
12.97899
12.9903
13.00122
13.01236
13.02376
13.03597
13.04734
13.05885
13.07035
13.08181
13.09344
13.105
13.11623
13.12767
13.13985
13.15185
13.16474
13.17629
13.18811
13.19949
13.21094
13.22252
13.23387
13.24531
13.25687
13.26946
13.28097
13.29298
13.30512
13.3168
13.32867
13.34039
13.35164
13.36303
13.37492
13.38701
13.39886
13.41053
13.42237
13.43412
13.44592
13.45798
13.47053
13.48128
13.49238
13.50399
13.51499
13.52606
13.53773
13.54839
13.55966
13.57085
13.58201
13.593
13.60496
13.61548
13.62658
13.63845
13.64881
13.66008
13.67144
13.68245
13.69345
13.70507
13.7158
13.72724
13.73848
13.74945
13.76071
13.77199
13.78314
13.79965
13.81088
13.82202
13.8343
13.84533
13.85658
13.86752
13.87847
13.89031
13.90127
13.91257
13.92371
13.9351
TARGET DESTROYED 
13.94622
13.9627
13.97373
13.98433
13.99581
14.00718
14.01788
14.02905
14.04125
14.05318
14.06547
14.0837
14.09631
14.10818
14.11874
14.12942
14.14062
14.15154
14.16306
14.17393
14.18517
14.19618
14.20729
14.21872
14.22973
14.24102
14.25207
14.26339
14.27437
14.28558
14.29671
14.30857
14.31976
14.3309
14.34188
14.35264
14.36381
14.37524
14.38623
14.39744
14.40852
14.4196
14.43073
14.44198
14.4533
14.4644
14.47548
14.48674
14.49795
14.50901
14.52073
14.5316
14.54235
14.55416
14.56526
14.5766
14.58843
14.59972
14.611
14.62296
14.63412
14.64578
14.65747
14.66859
14.68021
14.69205
14.70291
14.71463
14.72627
14.73769
14.74835
14.75971
14.77109
14.78195
14.7931
14.80492
14.82387
14.83423
14.84477
14.8555
TARGET DESTROYED 
14.86645
14.88165
14.8919
14.9022
14.91298
14.92355
14.93371
14.94473
14.95594
14.96699
14.97828
14.98954
15.00069
15.01675
15.02756
15.03738
15.04647
15.05643
15.06747
15.07876
15.08999
15.1011
15.11242
15.12337
15.13501
15.1457
15.15711
15.16825
15.17925
15.19039
15.20156
15.21274
15.22389
15.23505
15.24621
15.25735
15.26857
15.2801
15.29132
15.30198
15.31338
15.32439
15.3356
15.34678
15.3579
15.36904
15.38027
15.3917
15.40342
15.41462
15.42611
15.43794
15.4489
15.46026
15.47207
15.48295
15.49443
15.50587
15.5173
15.52867
15.54013
15.55156
15.56332
15.57439
15.58547
15.59735
15.60857
15.62013
15.63105
15.64219
15.65383
15.66438
15.67616
15.68695
15.69798
15.70901
15.72069
15.73144
15.74259
15.75409
15.76491
15.77608
15.78821
15.79863
15.80964
15.82099
15.83197
15.84302
15.86078
15.87288
15.88408
15.90173
15.91341
15.92498
15.93663
15.94877
15.9612
15.97297
15.98406
15.9955
16.00665
16.01788
16.02996
16.04153
16.05291
16.06487
16.07644
16.08835
16.10019
16.1135
16.1272
16.13931
16.15164
16.1628
16.17516
16.18701
16.19873
16.20996
16.22143
16.23255
16.24394
16.25559
16.26696
16.27942
16.29133
16.30284
16.31578
16.3272
16.33927
16.35109
TARGET DESTROYED 
16.36337
16.38114
16.39278
16.40495
16.41698
16.4348
16.45437
16.46605
16.47854
16.49151
16.50446
16.51545
16.52644
16.538
16.54915
16.5604
16.57203
16.58246
16.59348
16.60472
16.61557
16.62653
16.63799
16.64847
16.65948
16.67024
16.68093
16.69198
16.70318
16.71494
16.72712
16.73899
16.75078
16.76256
16.77469
16.78657
16.79858
16.81055
16.82269
16.83439
16.84651
16.85862
16.87096
16.88282
16.89507
16.91797
16.92995
16.94228
16.95442
16.97184
16.98367
16.99555
17.00779
17.01941
17.03173
17.04339
17.05478
17.06693
17.07829
17.09106
17.10225
17.11396
17.12505
17.13561
17.14647
17.15785
17.16844
17.1793
17.19098
17.20159
17.21226
17.22366
17.2344
17.24548
17.25696
17.27028
17.28198
17.29358
17.30493
17.31638
17.32705
17.33762
17.34777
17.35842
17.36853
17.37972
17.39121
17.40191
17.41313
17.42474
17.43545
17.44674
17.45786
17.46902
17.48005
17.49148
17.50387
17.51426
17.52519
17.5368
17.54794
17.55952
17.57115
17.583
17.5942
17.60575
17.61696
17.6285
17.64905
17.66035
17.67113
17.68121
17.69246
17.70407
17.71509
17.7259
17.73741
17.74808
17.75962
17.77077
17.78182
TARGET DESTROYED 
17.79302
17.80814
17.81779
17.82816
17.84454
17.85596
17.86607
17.87591
17.8881
17.90025
17.91245
17.92522
17.9375
17.94955
17.96865
17.981
17.99165
18.00222
18.01244
18.02271
18.03268
18.04815
18.05817
18.06804
18.07791
18.08792
18.09765
18.10808
18.11805
18.12801
18.13947
18.15025
18.16169
18.17356
18.18386
18.1956
18.20639
18.21757
18.22985
18.23975
18.2509
18.26314
18.27416
18.28496
18.29656
18.30827
18.31924
18.33031
18.34188
18.35324
18.36424
18.37576
18.387
18.39778
18.40909
18.42036
18.43155
18.44257
18.45412
18.4649
18.47626
18.48742
18.49817
18.50916
18.51993
18.53146
18.54271
18.55457
18.56598
18.57738
18.5889
18.60035
18.612
18.62312
18.63485
18.64609
18.65768
18.66895
18.68027
18.69133
18.70282
18.71391
18.72492
18.73622
18.74752
18.7585
18.77003
18.78156
18.79283
18.80432
18.81534
18.82643
18.83758
18.84848
18.85941
18.87114
18.88264
18.89448
18.90682
18.91836
18.9303
18.94251
18.95463
18.96625
18.97793
18.98983
19.00165
19.0133
19.02533
19.03743
19.04923
19.06111
19.0733
19.08522
19.09703
19.10933
19.12156
19.13329
19.14504
19.15715
19.16935
19.1812
19.1924
19.21045
19.22282
19.23405
19.24531
19.25611
19.26744
19.27872
19.28968
19.30074
19.31312
19.32397
19.33443
19.34583
19.35667
19.36788
19.37907
19.39033
19.40157
19.41249
19.42375
19.43508
19.4461
19.45753
19.46844
19.47975
19.49073
19.5018
19.51321
19.52416
19.53549
19.54687
19.55938
19.57015
19.58089
19.59184
19.60361
19.61452
19.62543
19.63605
TARGET DESTROYED 
19.64786
19.67491
19.68573
19.69644
19.70736
19.71905
19.73918
19.75121
19.76239
19.77364
19.78478
19.7958
19.80774
19.81831
19.82964
19.84046
19.85131
19.8624
19.87354
19.88408
19.89481
19.90576
19.91652
19.92732
19.93795
19.94862
19.95979
19.97118
19.98285
19.99346
20.00482
20.01586
20.02726
20.03888
20.04963
20.06041
20.07186
20.08269
20.09396
20.10527
20.11624
20.12741
20.13867
20.14977
20.16102
20.17243
20.18348
20.19447
20.20583
20.2168
20.22796
20.23936
20.25029
20.26141
20.27806
20.29031
20.30089
20.31222
20.32334
20.33428
20.3456
20.35773
20.36874
20.37947
20.39077
20.40163
20.41286
20.42373
20.43449
20.45339
20.46455
20.47545
20.48637
20.49763
20.50887
20.52004
20.53103
20.54205
20.55313
20.56491
20.57582
20.58711
20.59704
20.6081
20.61906
20.6301
20.64137
20.65234
20.66355
20.67517
20.68615
20.69732
20.70847
20.71957
20.731
20.74187
20.75342
20.7644
20.77555
20.78702
20.798
20.80895
20.82033
20.83125
20.84243
20.8536
20.86472
20.87616
20.8874
20.89832
20.90946
20.92087
20.93185
20.94298
20.95501
20.96554
20.97715
20.98958
21.00031
21.01264
21.02375
21.03505
21.0468
21.05803
21.06963
21.08092
21.09287
21.10433
21.11566
21.12648
21.13813
21.14875
21.16
21.17171
21.18229
21.19347
21.205
21.21898
21.22976
21.24031
21.25085
21.26033
21.2713
21.28191
21.29334
21.30805
