0.02
0.04
0.14
0.1717472
0.1840002
0.1948084
0.2067258
0.2193975
0.2303856
0.2414648
0.2524651
0.2638488
0.2754201
0.2880058
0.299503
0.3085894
0.3193353
0.3310314
0.3418656
0.3531142
0.3642418
0.3779484
0.3876039
0.3980951
0.4087781
0.4200059
0.4312583
0.4424588
0.4547535
0.4650362
0.4757699
0.4868934
0.4986335
0.5093502
0.5204143
0.531823
0.5427071
0.5540167
0.5661751
0.5763702
0.5940473
0.6033557
0.6127959
0.6219997
0.6322946
0.6432359
0.6545708
0.6659069
0.6770073
0.6881686
0.6992601
0.7104805
0.7215728
0.7327707
0.7441894
0.7550058
0.7666631
0.7773542
0.7885033
0.7998633
0.8109746
0.822152
0.8332777
0.8444057
0.855813
0.867333
0.8779265
0.8896059
0.9008366
0.9116662
0.9233783
0.9343203
0.9453366
0.9566981
0.9684587
0.9796913
0.9911246
1.002447
1.0142
1.024998
1.03653
1.047913
1.059266
1.070662
1.082755
1.093218
1.104709
1.116411
1.127583
1.138902
1.150552
1.161804
1.173496
1.184635
1.195676
1.206769
1.218298
1.22928
1.240787
1.251677
1.262877
1.274011
1.285403
1.296174
1.307377
1.318502
1.329876
1.340769
1.352075
1.363033
1.374169
1.385568
1.397046
1.4079
1.419009
1.430416
1.44168
1.452474
1.464133
1.486689
1.497501
1.506729
1.517208
1.526314
1.537122
1.548409
1.559268
1.572754
1.582062
1.592707
1.604058
1.615521
1.626227
1.63776
1.648888
1.659805
1.671278
1.68614
1.695149
1.704708
1.715772
1.726797
1.737957
1.749292
1.760752
1.771484
1.782837
1.793921
1.805192
1.816149
1.827327
1.838532
1.849764
1.861016
1.872469
1.883119
1.894352
1.905694
1.916777
1.927952
1.938927
1.950338
1.961666
1.972484
1.983889
1.995065
2.006788
2.018709
2.03565
2.048774
2.057978
2.067364
2.076578
2.086087
2.095311
2.10811
2.117961
2.128892
2.140245
2.151567
2.163345
2.175221
2.185426
2.196012
2.207121
2.218456
2.229522
2.240747
2.251827
2.262987
2.274212
2.285465
2.296773
2.307671
2.318826
2.330853
2.341071
2.352412
2.363963
2.374624
2.385892
2.397167
2.408297
2.419384
2.430884
2.441735
2.452817
2.464394
2.475145
2.490792
2.500753
2.510447
2.520025
2.531528
2.542236
2.553474
2.564875
2.575773
2.587268
2.598945
2.61014
2.621602
2.633152
2.644554
2.655799
2.667451
2.678649
2.690038
2.701318
2.712456
2.723593
2.735061
2.745904
2.757349
2.768386
2.779757
2.79052
2.802191
2.813074
2.824117
2.835424
2.846564
2.858413
2.869359
2.880586
2.891996
2.903645
2.914829
2.925866
2.937373
2.948718
2.95994
2.970868
2.982838
2.99358
3.007298
3.016832
3.02717
3.038335
3.05006
3.060556
3.071959
3.08304
3.094191
3.105492
3.116961
3.127564
3.138849
3.150099
3.161421
3.172348
3.183815
3.194663
3.205889
3.217186
3.228252
3.23933
3.250702
3.261815
3.27306
3.284161
3.295063
3.306333
3.317654
3.328743
3.340224
3.351383
3.362092
3.373473
3.38471
3.395953
3.407466
3.418981
3.429754
3.441025
3.451987
3.462995
3.474181
3.485471
3.496922
3.512324
3.523057
3.533583
3.544021
3.554111
3.564281
3.574655
3.585071
3.59522
3.605902
3.615731
3.626265
3.637603
3.649062
3.659871
3.671027
3.682422
3.693428
3.704596
3.715937
3.72701
3.73825
3.74962
3.760406
3.771541
3.78278
3.793916
3.805323
3.816389
3.827437
3.838763
3.849741
3.860909
3.872225
3.883623
3.895186
3.905875
3.917495
3.928716
3.940143
3.951408
3.962726
3.974424
3.985484
3.997648
4.008313
4.019964
4.031697
4.042597
4.053901
4.065626
4.076315
4.08812
4.099398
4.110579
4.121985
4.133343
4.144542
4.155869
4.166731
4.178093
4.189272
4.200626
4.211705
4.2226
4.233823
4.245026
4.256182
4.267293
4.278543
4.289782
4.301109
4.31203
4.323254
4.334263
4.345595
4.356684
4.368083
4.379008
4.390288
4.401259
4.412462
4.423731
4.434984
4.44627
4.457188
4.468324
4.479664
4.490736
4.501785
4.513361
4.529433
4.539765
4.549964
4.559855
4.570199
4.580539
4.590392
4.601146
4.61109
4.621491
4.631663
4.642369
4.653591
4.665106
4.676001
4.687384
4.698606
4.709466
4.720612
4.732192
4.74289
4.754163
4.765562
4.776862
4.787774
4.799041
4.81004
4.821117
4.832435
4.8439
4.854639
4.866177
4.877198
4.888508
4.899507
4.91079
4.922239
4.934301
4.94487
4.956363
4.967798
4.979159
4.990541
5.002127
5.014688
5.025318
5.036106
5.047878
5.058818
5.070374
5.081769
5.092876
5.104193
5.115991
5.126818
5.138395
5.14984
5.161188
5.172114
5.183494
5.194389
5.205667
5.216807
5.227914
5.239047
5.250288
5.261395
5.272471
5.283889
5.294971
5.305891
5.317689
5.328657
5.339544
5.350998
5.361928
5.37304
5.384297
5.39559
5.406676
5.41783
5.429228
5.440244
5.451413
5.462528
5.474007
5.484825
5.496425
5.507338
5.51858
5.529542
5.540603
5.556498
5.567479
5.578589
5.589544
5.600148
5.610601
5.621489
5.632684
5.642976
5.654173
5.664698
5.675027
5.68544
5.695797
5.706414
5.717268
5.727602
5.738169
5.748461
5.759265
5.770448
5.781749
5.792835
5.803814
5.815136
5.8264
5.837359
5.848945
5.859956
5.871638
5.882073
5.893577
5.904944
5.91618
5.926654
5.93835
5.949354
5.960445
5.971595
5.982709
5.993603
6.0058
6.016237
6.027437
6.039263
6.050712
6.061874
6.073216
6.08488
6.09625
6.107887
6.119131
6.13087
6.141895
6.153334
6.164996
6.175974
6.187668
6.199136
6.210037
6.221489
6.233333
6.244603
6.255799
6.267552
6.278449
6.289022
6.300298
6.311487
6.322773
6.333785
6.345049
6.356071
6.367487
6.378465
6.389988
6.400684
6.411956
6.423367
6.434236
6.445321
6.456529
6.467898
6.478803
6.490026
6.501403
6.512346
6.523607
6.535048
6.546062
6.557022
6.574276
6.585212
6.596231
6.606943
6.61926
6.630558
6.641528
6.652579
6.664174
6.674969
6.686235
6.69787
6.708504
6.719624
6.73146
6.742177
6.753263
6.764625
6.775599
6.792385
6.80293
6.813124
6.823333
6.833604
6.843922
6.85434
6.86532
6.876072
6.887504
6.898575
6.909568
6.920816
6.932436
6.943451
6.954358
6.965823
6.976811
6.987794
6.999309
7.010176
7.021257
7.032764
7.044253
7.054832
7.066528
7.07811
7.089587
7.100603
7.111911
7.12297
7.134305
7.145401
7.156631
7.16812
7.179681
7.190633
7.202378
7.213787
7.225019
7.236766
7.248491
7.259004
7.270133
7.282097
7.293125
7.30417
7.315969
7.327338
7.33857
7.350098
7.361553
7.372506
7.383849
7.395746
7.406286
7.417349
7.428324
7.439583
7.450939
7.462173
7.473012
7.484344
7.495485
7.506539
7.518303
7.531386
7.541632
7.551938
7.561862
7.573236
7.584403
7.595774
7.611327
7.621893
7.632414
7.642648
7.653405
7.663681
7.673879
7.684081
7.694019
7.70482
7.715359
7.726114
7.737491
7.748831
7.760071
7.771145
7.782561
7.79326
7.804548
7.815754
7.827149
7.838097
7.849283
7.860468
7.871801
7.882667
7.893894
7.90508
7.9163
7.927221
7.938742
7.949941
7.961203
7.972196
7.983624
7.995163
8.006518
8.017304
8.029156
8.040004
8.051453
8.062645
8.074151
8.085386
8.096867
8.108149
8.119492
8.131149
8.142596
8.153575
8.165057
8.176404
8.187911
8.199471
8.21021
8.221426
8.232911
8.243842
8.254856
8.266139
8.277421
8.288413
8.300019
8.310756
8.321888
8.333135
8.344368
8.355392
8.36672
8.378118
8.389091
8.400367
8.411349
8.42251
8.433835
8.444798
8.456303
8.468198
8.478601
8.489408
8.500658
8.511884
8.523165
8.53456
8.545245
8.556399
8.567839
8.578913
8.590624
8.601236
8.612724
8.628856
8.639963
8.650937
8.661353
8.672054
8.683252
8.693828
8.704432
8.715475
8.726019
8.736712
8.747835
8.758678
8.769924
8.780917
8.792006
8.80293
8.813562
8.824198
8.834852
8.845472
8.856194
8.866776
8.877311
8.888543
8.900798
8.911593
8.92247
8.933932
8.944761
8.95539
8.966372
8.976674
8.987686
8.999155
9.010106
9.021129
9.033216
9.043701
9.054127
9.0664
9.077302
9.088043
9.099366
9.110177
9.122241
9.133595
9.144764
9.156513
9.167403
9.179005
9.190369
9.201851
9.212966
9.224325
9.236133
9.248019
9.25859
9.269773
9.281498
9.292471
9.303811
9.31561
9.326439
9.337909
9.34935
9.360821
9.372028
9.383125
9.394508
9.4054
9.416832
9.42802
9.439163
9.450196
9.461286
9.472739
9.483686
9.495334
9.506381
9.517219
9.528403
9.539593
9.551395
9.561913
9.573032
9.584243
9.595466
9.606451
9.61788
9.628786
9.639964
9.656034
9.667169
9.677917
9.688565
9.69937
9.710232
9.721233
9.732534
9.743257
9.754148
9.764569
9.775724
9.786588
9.797396
9.808062
9.818748
9.829374
9.839974
9.850943
9.861977
9.873388
9.883984
9.894771
9.906921
9.918616
9.930595
9.941356
9.952584
9.96297
9.973869
9.985226
9.99554
10.00647
10.01809
10.02845
10.03965
10.051
10.06144
10.07215
10.08255
10.09299
10.10441
10.11553
10.12669
10.13805
10.14941
10.16081
10.17244
10.1836
10.19499
10.20636
10.21805
10.22975
10.2406
10.25153
10.26274
10.27373
10.2851
10.29633
10.30772
10.31861
10.33074
10.34177
10.35301
10.36419
10.37562
10.38662
10.3984
10.40929
10.42082
10.43236
10.4434
10.45482
10.46626
10.47753
10.48914
10.50008
10.51126
10.5223
10.53409
10.54575
10.55692
10.56784
10.57883
10.58959
10.6007
10.61186
10.62368
10.63416
10.64542
10.65728
10.66877
10.67945
10.69558
10.70683
10.71811
10.72881
10.75241
10.76348
10.77571
10.78874
10.79991
10.81047
10.82156
10.83236
10.8432
10.85552
10.86751
10.87815
10.88948
10.9006
10.91207
10.92313
10.93445
10.9454
10.95691
10.9684
10.97945
10.9906
11.0022
11.0132
11.02444
11.03644
11.04742
11.05882
11.06998
11.08129
11.09222
11.10367
11.11483
11.12576
11.13698
11.148
11.15981
11.17067
11.18269
11.19329
11.20468
11.21599
11.22687
11.23782
11.24914
11.2602
11.27124
11.28261
11.29326
11.30439
11.31529
11.32626
11.33776
11.34855
11.35937
11.37095
11.38217
11.39291
11.40391
11.41472
11.42595
11.43695
11.44835
11.4591
11.47056
11.48216
11.49331
11.50429
11.51534
11.52682
11.53787
11.54904
11.56039
11.57123
11.58245
11.59363
11.60527
11.61649
11.62772
11.63941
11.65071
11.66143
11.67218
11.68371
11.69466
11.70582
11.722
11.73366
TARGET DESTROYED 
11.74478
11.76495
11.77615
11.78712
11.79829
11.80957
11.82086
11.83204
11.84302
11.85416
11.86539
11.87739
11.89084
11.90953
11.92019
11.9315
11.94228
11.95314
11.96454
11.9757
11.98728
11.99882
12.01182
12.02322
12.03507
12.04598
12.05732
12.06876
12.07952
12.09051
12.10207
12.11302
12.12425
12.13597
12.14864
12.15996
12.17095
12.18243
12.19305
12.20434
12.21573
12.22658
12.23807
12.24916
12.2604
12.27163
12.28275
12.29349
12.30493
12.3164
12.32721
12.33844
12.34946
12.36079
12.3724
12.38332
12.3942
12.40543
12.4167
12.4276
12.43934
12.45025
12.46138
12.47242
12.48376
12.49452
12.50557
12.51731
12.52821
12.53946
12.55045
12.56153
12.57268
12.58425
12.59551
12.60665
12.61822
12.62941
12.64097
12.65362
12.66443
12.67551
12.68679
12.69901
12.70982
12.72612
12.73693
TARGET DESTROYED 
12.74836
12.76436
12.77629
12.78746
12.79836
12.80955
12.82148
12.83379
12.84993
12.86077
12.87196
12.88262
12.89343
12.90532
12.91691
12.92772
12.93939
12.95046
12.9612
12.97203
12.98326
12.99403
13.00538
13.01678
13.02823
13.0399
13.05089
13.06177
13.07285
13.08382
13.09447
13.10676
13.11815
13.12878
13.13976
13.15125
13.16402
13.17597
13.18717
13.19874
13.20964
13.22079
13.23203
13.24299
13.25425
13.26549
13.27636
13.28749
13.29966
13.31063
13.32132
13.33233
13.34355
13.35448
13.36601
13.37731
13.38842
13.39996
13.4111
13.42211
13.43304
13.44413
13.45534
13.4665
13.47756
13.48898
13.50013
13.511
13.5221
13.53341
13.54472
13.55564
13.56686
13.57812
13.59005
13.60062
13.61157
13.62302
13.63394
13.64553
13.6571
13.66855
13.68017
13.69142
13.70319
13.71473
13.72604
13.73745
13.75397
13.765
13.77587
13.78786
13.79922
13.81065
13.82226
13.8337
TARGET DESTROYED 
13.84613
13.86262
13.87369
13.88517
13.89608
13.90774
13.92085
13.93394
13.95125
13.96238
13.97359
13.98523
13.9962
14.00772
14.01929
14.03078
14.04255
14.05397
14.06399
14.07455
14.08578
14.09686
14.10768
14.11874
14.12996
14.14095
14.15183
14.17141
14.18243
14.19283
14.20351
14.21483
14.22585
14.23731
14.24871
14.25955
14.27053
14.28204
14.29289
14.30411
14.31531
14.32629
14.33771
14.34903
14.35984
14.37121
14.38242
14.39361
14.40507
14.41596
14.42767
14.43828
14.44942
14.46038
14.47201
14.48373
14.49547
14.50762
14.51963
14.53134
14.54362
14.55548
14.56728
14.57867
14.59109
14.60289
14.6149
14.62713
14.63917
14.6514
14.6614
14.6746
14.69664
14.71398
14.73077
14.74564
14.76098
14.77323
14.78443
14.79545
14.81194
14.82245
14.83325
14.85467
14.87544
14.88701
14.90876
14.93042
14.94101
14.95366
14.96629
14.97676
14.98726
14.99798
15.00883
15.01927
15.03029
15.04206
15.05391
15.06578
TARGET DESTROYED 
15.07701
15.09489
15.10726
15.12015
15.13178
15.14306
15.15485
15.16711
15.18515
15.19894
15.21069
15.22194
15.23385
15.24553
15.25738
15.26913
15.28089
15.29267
15.30454
15.31616
15.32601
15.33605
15.34588
15.35575
15.36537
15.37635
15.3876
15.39899
15.40977
15.42099
15.4324
15.44339
15.45543
15.46591
15.47699
15.4885
15.49989
15.5104
15.52172
15.53294
15.54379
15.55504
15.56633
15.57787
15.58859
15.59974
15.61086
15.62208
15.63363
15.64446
15.65567
15.66674
15.67789
15.68913
15.70033
15.71162
15.72329
15.73482
15.74639
15.75813
15.76959
15.78113
15.79253
15.80401
15.81518
15.8267
15.838
15.84968
15.86135
15.87242
15.88835
15.89848
15.90924
15.92193
15.93422
15.9463
15.95809
15.96993
15.98154
15.99306
16.0053
16.01735
16.02887
16.04235
16.05473
16.06664
16.07904
16.09138
16.1036
16.11523
16.12659
16.13851
16.15043
16.16028
16.16986
16.18072
16.19169
TARGET DESTROYED 
16.20296
16.21895
16.22927
16.2401
16.25178
16.26291
16.27971
16.29194
16.30353
16.31465
16.32568
16.33705
16.34817
16.35935
16.37067
16.38182
16.39283
16.40384
16.41575
16.42749
16.4382
16.44895
16.46027
16.47118
16.48318
16.49497
16.50662
16.51836
16.52979
16.54165
16.55356
16.56527
16.57675
16.58894
16.60063
16.61163
16.62327
16.63459
16.64591
16.65721
16.6687
16.67977
16.6911
16.70313
16.71515
16.72687
16.7379
16.74994
16.76135
16.7725
16.78393
16.79479
16.806
16.81722
16.82846
16.83973
16.85093
16.86227
16.87342
16.885
16.89572
16.90696
16.91801
16.92996
16.94118
16.9575
16.96939
16.98047
16.99184
17.00359
17.01521
17.02623
17.03892
17.05081
17.06332
17.07517
17.08678
17.09874
17.11084
17.12275
17.13452
17.15576
17.16913
17.18052
17.19212
17.20389
17.21598
17.22735
17.23915
17.25108
17.26268
17.27432
17.28645
17.29808
17.31014
17.32153
17.33287
17.34257
17.35344
17.36491
17.37577
17.38706
17.39853
17.40932
17.42046
17.43193
17.44278
17.45398
17.46534
17.47645
17.48762
17.4995
17.5098
17.52083
17.53233
17.54331
17.55519
17.56583
17.57679
17.58801
17.59947
17.61062
17.6216
17.6329
17.64404
17.65545
17.66705
17.67738
17.68873
17.70003
17.71115
17.72274
17.73346
17.74424
17.75586
17.76756
17.779
17.79049
17.80194
17.81396
17.82487
17.83659
17.84822
TARGET DESTROYED 
17.85961
17.87449
17.88533
17.89609
17.90678
17.91714
17.92716
17.93777
17.94921
17.96013
17.97169
17.98843
18.00012
18.01009
18.02025
18.03649
18.04641
18.05707
18.06836
18.07935
18.09081
18.10174
18.11323
18.12428
18.1352
18.14656
18.15775
18.16881
18.18012
18.19116
18.2022
18.21364
18.22471
18.23584
18.24719
18.25819
18.26938
18.28098
18.29175
18.30273
18.31444
18.32509
18.33635
18.34775
18.35884
18.37088
18.38114
18.39222
18.40343
18.41458
18.42568
18.43714
18.44835
18.45931
18.4706
18.48185
18.49271
18.50384
18.51518
18.5262
18.5374
18.5488
18.56016
18.57175
18.5834
18.5953
18.60645
18.61828
18.62971
18.64132
18.65272
18.66465
18.67621
18.68715
18.69908
18.71011
18.72101
18.73259
18.74338
18.75476
18.76626
18.77683
18.78804
18.79956
18.81038
18.82165
18.83286
18.84388
18.85506
18.86637
18.87762
18.88881
18.90011
18.91122
18.92235
18.93351
18.94445
18.95561
18.96684
18.97796
18.98931
19.00039
19.01149
19.02263
19.03419
19.04534
19.05621
19.06775
19.07852
19.08991
19.10089
19.1121
19.12319
19.13436
19.14557
19.15687
19.16818
19.17896
19.19041
19.20514
19.21574
19.22583
19.23647
19.24759
19.25788
19.26836
19.2778
19.28878
19.30047
19.31128
19.32261
TARGET DESTROYED 
19.33378
19.35783
19.36841
19.37841
19.39755
19.4087
19.41974
19.43139
19.44216
19.45329
19.46496
19.47572
19.48685
19.49867
19.50909
19.52049
19.53205
19.54259
19.55383
19.56525
19.57626
19.5874
19.59868
19.60974
19.62091
19.63234
19.64311
19.65448
19.66562
19.67669
19.68831
19.69941
19.71078
19.72212
19.73351
19.74503
19.75636
19.76802
19.77926
19.79119
19.80273
19.81433
19.82554
19.83704
19.84865
19.86002
19.87109
19.8832
19.89478
19.90653
19.91826
19.92967
19.94178
19.95406
19.96822
19.97952
19.99077
20.00295
20.01532
20.02662
20.03851
20.05103
20.06247
20.07379
20.08559
20.09738
20.10909
20.12054
20.13228
20.14357
20.15565
20.16743
20.1794
20.19064
20.20214
20.21358
20.22496
20.23655
20.24793
20.25956
20.27641
20.2914
20.30323
20.31503
20.32674
20.33777
20.3493
20.36061
20.37208
20.38434
20.39537
20.4067
20.41859
20.43035
20.44187
20.45379
20.46588
20.47743
20.48919
20.50175
20.51335
20.52503
20.53748
20.54959
20.56115
20.5726
20.5842
20.59551
20.60707
20.61908
20.63113
20.64291
20.65462
20.66642
20.67835
20.69015
20.70203
20.71617
20.72758
20.73896
20.7505
20.76235
20.77436
20.78617
20.79886
20.81027
20.82189
20.83384
20.84532
20.85776
20.86969
20.8813
20.89328
20.90574
20.91761
20.92921
20.942
20.9546
20.96723
20.97911
20.99121
21.00393
21.01576
21.02776
21.03986
21.05224
21.06376
21.07517
21.08699
21.09898
21.11056
21.12239
21.13667
21.14908
21.16122
21.17346
21.18739
