0.02
0.04
0.14
0.1812747
0.1951044
0.2072067
0.2205668
0.2318157
0.2471946
0.2574462
0.2684635
0.2786361
0.2895094
0.3023976
0.3129257
0.3235401
0.3343729
0.3448734
0.3557088
0.3661769
0.3771345
0.3882147
0.3991261
0.4094884
0.419907
0.4302471
0.4408208
0.4515971
0.4626664
0.474076
0.4847732
0.4964157
0.5072479
0.518194
0.5294744
0.5407647
0.5517753
0.5631416
0.5741127
0.5852548
0.5968065
0.6079576
0.6189957
0.634059
0.6450968
0.6560589
0.6665953
0.6765909
0.687381
0.6977016
0.7080465
0.7193843
0.7306444
0.7416598
0.7532083
0.7640055
0.7752008
0.7866272
0.7976643
0.8088328
0.8198552
0.8312469
0.8424509
0.8534974
0.8644672
0.8760681
0.8869641
0.9009745
0.9122997
0.923615
0.9343535
0.9456945
TARGET DESTROYED 
0.9646038
0.9759949
0.9867366
0.9990669
1.01048
1.026992
1.03746
1.048444
1.058792
1.06955
1.088676
1.100078
1.110396
1.121916
1.132614
1.143661
1.154991
1.166292
1.177242
1.188511
1.199668
1.211272
1.222152
1.233117
1.244208
1.255608
1.266789
1.277708
1.288825
1.300058
1.311339
1.322588
1.333605
1.344804
1.355991
1.367256
1.379161
1.390682
1.40113
1.416399
1.426672
1.437325
1.448025
1.458473
1.468951
1.480115
1.491077
1.501758
1.512408
1.523469
1.534927
1.546378
1.55713
1.568264
1.580321
1.591589
1.61382
1.624431
1.635219
1.646964
1.657844
1.668631
1.680207
1.691181
1.702341
1.713513
1.724598
1.735952
1.747138
1.758297
1.769299
1.780726
1.791587
1.802703
1.81427
TARGET DESTROYED 
1.833578
1.84437
1.861515
1.873572
1.884201
1.894839
1.905127
1.915805
1.926174
1.936743
1.948138
1.959349
1.970371
1.981644
1.992582
2.004246
2.015659
2.026339
2.037272
2.048751
2.05956
2.070804
2.082365
2.093148
2.104283
2.115731
2.126686
2.137786
2.149262
2.160441
2.171337
2.182802
2.193628
2.205337
2.221504
2.232227
2.243058
2.254019
2.264644
2.275059
2.286281
2.297302
2.308219
2.319113
2.329911
2.3403
2.351022
2.361393
2.372527
2.383739
2.395031
2.406545
2.418059
2.430004
2.440928
2.452199
2.463437
2.474684
2.48579
2.497435
2.508143
2.51916
2.530523
2.541505
2.552723
2.564022
2.574878
2.586432
2.598123
2.61413
2.625267
2.636328
2.647124
2.657796
2.668904
2.680097
2.69106
2.702265
2.713853
2.724531
2.736091
2.747076
2.759054
2.770082
2.781589
2.792459
2.803612
2.814789
2.825356
2.83633
2.847525
2.858291
2.869385
2.880836
2.891558
2.902386
2.913766
2.924607
2.935918
2.94674
2.95801
2.96934
2.980267
2.991205
3.008096
3.019441
3.031688
3.042567
3.053755
3.065108
3.076063
3.087396
3.098593
3.109681
3.121623
3.132628
3.1432
TARGET DESTROYED 
3.159092
3.170497
3.189673
3.200718
3.211811
3.222779
3.233994
3.244976
3.262607
3.274561
3.2859
3.297198
3.308307
3.319711
3.331022
3.342015
3.353489
3.364919
3.376794
3.388851
3.400478
3.415345
3.431773
3.442763
3.453959
3.465125
3.475929
3.487062
3.49853
3.509476
3.520832
3.532066
3.543009
3.554755
3.566338
3.577238
3.588367
3.599866
3.610923
3.621969
3.634145
3.646208
3.657478
3.668584
3.680515
3.692229
3.704242
3.716089
3.727522
3.739009
3.750505
3.762439
3.773844
3.786829
3.798639
3.810205
3.821719
3.837745
3.849885
3.860969
3.872649
3.885237
3.896235
3.907631
3.919297
3.93051
3.942488
3.954116
3.966348
TARGET DESTROYED 
3.982627
3.994316
4.006332
4.018328
4.029998
4.048154
4.060565
4.072387
4.084211
4.095612
4.107644
4.119291
4.131208
4.142685
4.154426
4.165923
4.176621
4.188463
4.200165
4.211529
4.222918
4.234352
4.249893
4.261014
4.27181
4.28259
4.300169
4.311594
4.322497
4.333515
4.344581
4.355234
4.366053
4.376501
4.387135
4.398063
4.408812
4.420756
4.431851
4.442559
4.453921
4.465467
4.476029
4.487098
4.498388
4.509068
4.519965
4.531048
4.541899
4.552786
4.563762
4.574251
4.585292
4.596288
4.607285
4.618339
4.628936
4.640267
4.655859
4.667325
4.678079
4.688777
4.699887
4.710672
4.721479
4.732782
4.743572
4.755229
4.766325
4.77717
4.788136
4.799006
4.810086
4.821218
4.832008
TARGET DESTROYED 
4.84761
4.858521
4.869843
4.881316
4.891846
4.902856
4.914147
4.925125
4.936665
4.947314
4.958429
4.970024
4.987323
4.999308
5.011284
5.021967
5.032945
5.044048
5.059972
5.071176
5.082463
5.09305
5.104113
5.115175
5.126737
5.137878
5.149168
5.160267
5.171289
5.182261
5.192895
5.203815
5.215063
5.226062
5.237106
5.248041
5.258764
5.269685
5.281199
5.291938
5.30312
5.313962
5.324796
5.33589
5.346917
5.357941
5.369054
5.379781
5.390561
5.401931
5.413386
5.425002
5.436032
5.451843
5.462971
5.47394
5.485423
5.496646
5.507401
5.518607
5.529192
5.540037
5.551481
5.561967
5.572561
5.583761
5.594931
5.605709
5.616823
5.627794
5.638618
5.649451
5.659922
5.670708
5.681631
5.692828
5.703837
5.714327
5.724785
5.735717
5.746686
5.758213
5.76923
5.7801
5.790723
5.801705
5.812875
5.823829
5.835123
5.850499
5.861245
5.872449
5.88388
5.89468
5.905925
5.916545
5.927538
5.938715
5.949999
5.961131
5.972084
5.983053
5.993688
6.005079
6.016332
6.027625
6.038955
6.049876
6.061201
6.072308
6.083553
6.094466
6.105838
6.116974
TARGET DESTROYED 
6.132773
6.143813
6.155139
6.166541
6.177121
6.188248
6.199122
6.209596
6.220765
6.237813
6.253919
6.264839
6.275648
6.286673
6.298129
6.309208
6.320065
6.330886
6.341204
6.35223
6.363003
6.379355
6.390057
6.401381
6.412005
6.422733
6.435865
6.447004
6.457928
6.46882
6.479723
6.49088
6.501766
6.512372
6.522973
6.534181
6.54505
6.556072
6.567465
6.577873
6.588883
6.600113
6.61037
6.621429
6.632384
6.643079
6.659016
6.670109
6.680458
6.691331
6.701986
6.71307
6.723504
6.734536
6.745299
6.756945
6.767968
6.778969
6.79013
6.802004
6.813244
6.824292
6.836042
6.848237
6.860089
6.872036
6.884987
6.89651
6.908134
6.920111
6.932044
6.943678
6.955872
6.968103
6.979907
6.991433
7.003689
7.015698
7.027657
7.039495
7.05181
7.064073
7.075888
7.092453
7.104249
7.116011
7.128929
7.140585
7.15268
7.165096
7.176931
7.188901
7.200901
7.213008
TARGET DESTROYED 
7.255518
7.267884
7.279395
7.291247
7.303231
7.315662
7.335859
7.349927
7.361404
7.37329
7.385414
7.396989
7.408872
7.420636
7.433259
7.445521
7.457709
7.469726
7.481938
7.493472
7.505618
7.517975
7.534644
7.54661
7.558721
7.570459
7.582458
7.59443
7.60605
7.618157
7.631543
7.64433
7.65709
7.669519
7.682294
7.694248
7.706666
7.718854
7.731032
7.743314
7.755953
7.768371
7.780422
7.792634
7.804566
7.817266
7.829415
7.841508
7.853441
7.866267
7.878728
7.890627
7.902486
7.914438
7.926305
7.93834
7.951088
7.963891
7.981293
7.993681
8.007181
8.019499
8.032137
8.044205
8.056479
8.068514
8.08058
8.092573
8.104748
8.116807
8.1287
8.140958
8.153008
8.165051
8.177874
8.189842
8.201769
8.213566
8.225762
8.237848
8.250187
8.26224
8.274514
8.286447
8.298615
8.310711
8.322661
8.334944
8.346945
8.35864
8.370644
8.382661
8.394199
8.406415
8.419008
8.435721
8.451407
8.463718
8.476128
8.488337
8.50076
8.512774
8.527305
