0.02
0.04
0.14
0.1807681
0.1951885
0.2077084
0.217029
0.2273646
0.2388256
0.250154
0.2609676
0.2721826
0.2833853
0.2948584
0.3056287
0.3167506
0.3316868
0.3411479
0.3506077
0.3615451
0.3727202
0.3839287
0.3950965
0.4067413
0.417422
0.4287104
0.4397351
0.4512978
0.4623812
0.4733526
0.4843182
0.4957834
0.5066556
0.5180604
0.5291191
0.5408653
0.5513623
0.5627344
0.5742159
0.5849204
0.5962277
0.6076967
0.6184981
0.6299558
0.6408406
0.6519561
0.6633546
0.6746215
0.6856529
0.6969621
0.707827
0.7190839
0.7306533
0.7414053
0.7524736
0.7641245
0.7747991
0.7859989
0.7976389
0.8084708
0.8196337
0.830788
0.8419397
0.8531421
0.8646522
0.8759515
0.8863968
0.9026425
0.9143932
0.9249469
TARGET DESTROYED 
0.9362654
0.9541055
0.9648954
0.9749573
0.9850228
0.9944297
1.004902
1.015815
1.025504
1.03536
1.044721
1.054474
1.066447
1.08948
1.101012
1.110362
1.121031
1.132483
1.14352
1.154624
1.165991
1.176948
1.188552
1.199591
1.210388
1.221876
1.232787
1.244013
1.255132
1.266296
1.277387
1.288699
1.300247
1.311097
1.322191
1.333488
1.344492
1.356002
1.366902
1.378326
1.389105
1.400422
1.41136
1.422832
1.433846
1.444978
1.456145
1.467379
1.478559
1.489689
1.500869
1.512133
1.523214
1.53456
1.54546
1.556745
1.567904
1.579273
1.590333
1.601365
1.612809
1.624377
1.636052
1.647758
1.659144
1.67081
1.682534
1.694219
1.705482
1.717224
1.72842
1.740364
1.751484
1.763289
1.773828
1.784992
1.796688
1.80735
1.818916
1.829891
1.840948
1.855791
1.865881
1.875419
1.885001
1.895022
1.906917
1.917525
1.928678
1.940083
TARGET DESTROYED 
1.951131
1.964635
1.975679
1.985827
1.995474
2.006992
2.02432
2.035887
2.045281
2.055017
2.065417
2.075205
2.084838
2.094147
2.104309
2.115482
2.12639
2.137636
2.148921
2.160147
2.171021
2.182304
2.193339
2.204616
2.215757
2.227099
2.238007
2.250395
2.260291
2.271719
2.282865
2.293938
2.30505
2.316505
2.328064
2.338559
2.34981
2.361039
2.372252
2.383354
2.394333
2.405584
2.416861
2.42801
2.440161
2.450672
2.461928
2.474074
2.485046
2.49676
2.507701
2.519193
2.531154
2.541996
2.55348
2.565372
2.576483
2.588413
2.603226
2.612969
2.623085
2.633265
2.643249
2.654358
2.665713
2.676613
2.688466
2.699068
2.710152
2.721399
2.732627
2.743545
2.754744
2.766312
2.77712
2.788606
2.799483
2.810837
2.821956
2.833111
2.84469
2.855206
2.866745
2.877771
2.888951
2.900221
2.911241
2.922353
2.937742
2.949284
2.959044
2.970109
2.980699
2.990765
3.001028
3.011611
3.022527
3.03415
3.044915
3.056195
3.067427
TARGET DESTROYED 
3.078489
3.093356
3.104089
3.120559
3.132715
3.142705
3.153995
3.165303
3.176432
3.18761
3.198848
3.209882
3.221198
3.232214
3.243297
3.254618
3.265729
3.276842
3.288265
3.299387
3.310553
3.321573
3.332764
3.344105
3.35501
3.369641
3.380676
3.390778
3.401959
3.412227
3.42253
3.433186
3.444498
3.455663
3.466932
3.478246
3.489604
3.500406
3.51136
3.522676
3.53431
3.544881
3.556131
3.567479
3.578369
3.58978
3.601387
3.613087
3.625012
3.636529
3.648284
3.659485
3.670949
3.682042
3.693249
3.704608
3.716166
3.727698
3.738352
3.749773
3.761236
3.772037
3.783648
3.795097
3.806345
3.817906
3.829398
3.840052
3.851343
3.863198
3.873858
3.885092
3.896184
3.907369
3.918596
3.930128
3.940799
3.952093
3.963428
3.974172
3.985373
3.996739
4.008147
4.019064
4.030879
4.041909
4.052655
4.0642
4.074858
4.086019
4.097543
4.108418
4.119731
4.130741
4.145387
4.155749
4.16608
4.176069
4.186123
4.196177
4.207094
4.218694
4.229844
4.240695
4.251775
TARGET DESTROYED 
4.263219
4.277872
4.288192
4.298891
4.308649
4.318894
4.330583
4.34126
4.352602
4.369717
4.381735
4.391541
4.402018
4.412092
4.422274
4.432927
4.442844
4.452747
4.46247
4.472754
4.483678
4.494401
4.505965
4.516899
4.52809
4.539169
4.550419
4.561347
4.572573
4.583836
4.594985
4.606035
4.617372
4.62845
4.639671
4.650707
4.662367
4.672976
4.684306
4.695293
4.706615
4.718016
4.729374
4.740043
4.753221
4.764033
4.775518
4.785793
4.796146
4.8072
4.819685
4.831446
4.842026
4.852982
4.86461
4.875934
4.887362
4.902464
4.912731
4.9231
4.933913
4.944284
4.955461
4.966986
4.978226
4.989151
5.000941
5.011402
5.022729
5.033968
5.04542
5.056054
5.067826
5.078417
5.089739
5.10095
5.111903
5.122993
5.134785
5.145356
5.15717
5.16804
5.179249
5.190172
5.201659
5.212997
5.223684
5.234812
5.246078
5.2571
5.268749
5.279915
5.29136
TARGET DESTROYED 
5.302369
5.316871
5.327131
5.337121
5.34735
5.358359
5.369435
5.381118
5.391808
5.403181
5.414228
5.425411
5.436624
5.448555
5.465679
5.476975
5.488516
5.499845
5.511152
5.522121
5.533585
5.544282
5.555606
5.566773
5.577741
5.5891
5.600563
5.611669
5.622539
5.633894
5.644781
5.656081
5.667158
5.681573
5.691482
5.701385
5.711821
5.722979
5.734235
5.74543
5.757584
5.768028
5.778983
5.791403
5.801826
5.812617
5.823796
5.83507
5.846381
5.857503
5.86893
5.880615
5.891845
5.903062
5.915238
5.925852
5.937813
5.949103
5.960331
5.971529
5.983311
5.994458
6.005702
6.017344
6.028563
6.04003
6.050837
6.063132
6.073724
6.084924
6.096681
6.107329
6.118835
6.130183
6.141755
6.152305
6.163783
6.174652
6.186074
6.197422
6.208446
6.219488
6.231224
6.241949
6.25315
6.264451
6.275358
6.286443
6.29797
6.309121
6.319973
6.331349
6.342399
6.35343
6.364983
6.375709
6.38729
6.39873
6.409497
6.420718
6.431751
TARGET DESTROYED 
6.442847
6.45694
6.472229
6.482394
6.494026
6.505123
6.516208
6.527478
6.538771
6.555736
6.567669
6.577308
6.587061
6.59657
6.605989
6.616768
6.627807
6.63896
6.650454
6.661299
6.672411
6.683705
6.695071
6.705989
6.717344
6.728477
6.739545
6.750692
6.761787
6.7732
6.784142
6.795333
6.806533
6.817958
6.82898
6.839911
6.851445
6.862313
6.8736
6.884765
6.896078
6.907014
6.918301
6.929593
6.94107
6.952392
6.964089
6.975183
6.986823
6.998291
7.009704
7.021894
7.032863
7.043612
7.055181
7.066822
7.078006
7.089491
7.101173
7.111868
7.123606
7.135102
7.146391
7.157578
7.169284
7.180377
7.191205
7.202454
7.213822
7.224686
7.235932
7.247189
7.258374
7.2693
7.281036
7.296888
7.307426
7.318383
7.330412
7.341072
7.352423
7.363969
7.376255
7.387258
7.39881
7.409801
7.420884
7.432319
7.443266
7.454423
7.466073
7.477349
7.488658
7.499847
7.510703
7.522008
7.533523
7.543698
7.554909
7.565997
7.577266
7.588555
7.599824
7.610835
7.621902
7.63332
7.644568
7.655416
7.666749
7.677753
7.689386
7.700118
7.711194
7.722404
7.733643
7.744771
7.755977
7.76715
7.778328
TARGET DESTROYED 
7.789548
7.815698
7.835446
7.847356
7.857888
7.868701
7.879297
7.890512
7.901548
7.912234
7.923441
7.934577
7.945951
7.95708
7.969025
7.979694
7.990528
8.001628
8.012903
8.024014
8.035463
8.046495
8.057562
8.070149
8.085961
8.09742
8.107782
8.118562
8.129517
8.140267
8.151026
8.161635
8.172419
8.183712
8.194593
8.205803
8.21706
8.228424
8.239363
8.250146
8.261092
8.271669
8.282866
8.293652
8.304536
8.315119
8.325743
8.336637
8.348279
8.359071
8.370401
8.381868
8.392676
8.403769
8.415186
8.42709
8.438391
8.44888
8.460654
8.472723
8.483724
8.494959
8.506227
8.518001
8.529226
8.540557
8.552013
8.563477
8.575319
8.586144
8.597946
8.608839
8.620142
8.631672
8.642844
8.653923
8.665504
8.676569
8.687953
8.699291
8.710357
8.721363
8.732684
8.743816
8.755319
8.766447
8.777371
8.791438
8.803218
8.81406
8.825285
8.836476
8.847873
8.861709
