0.02
0.04
0.14
0.176744
0.1913248
0.2022856
0.213326
0.2244187
0.2347164
0.2458531
0.2563677
0.2674741
0.2764197
0.288249
0.298837
0.3107846
0.3201896
0.3313891
0.3422842
0.3534997
0.3645703
0.3800294
0.3893054
0.3983658
0.4093937
0.421332
0.4320664
0.4427317
0.454568
0.4650627
0.4762886
0.4878198
0.4986754
0.5098358
0.5213532
0.532239
0.5438979
0.5549055
0.5655042
0.5768481
0.5883607
0.5992218
0.6111184
0.621658
0.6327559
0.6437129
0.655197
0.6661597
0.6773538
0.6887391
0.6996964
0.7109113
0.7223154
0.7331441
0.7444347
0.7555832
0.7670054
0.7778745
0.7894635
0.8002357
0.8115895
0.8228343
0.8337771
0.8447274
0.8564088
0.8674633
0.8785797
0.8947754
0.9061648
0.9169993
0.928125
0.9393595
0.9504634
0.961566
0.9729346
0.9843863
0.9951607
1.006506
1.017453
1.028628
1.039682
1.050854
1.062047
1.073595
1.084467
1.095541
1.106982
1.118068
1.129187
1.140308
1.151815
1.162542
1.173969
1.185002
1.196086
1.207292
1.218992
1.229972
1.240975
1.252071
1.263175
1.274297
1.285737
1.29726
1.30794
1.319196
1.33053
1.346946
1.359215
1.368963
1.381353
1.392632
1.40374
1.414538
1.425757
1.437166
1.449672
1.459739
1.470542
1.485712
1.495341
1.504671
1.515157
1.526244
1.538003
1.548811
1.559799
1.571209
1.585763
1.596092
1.605082
1.616996
1.627022
1.638478
1.649271
1.660533
1.672265
1.682781
1.694095
1.709377
1.71841
1.728148
1.739281
1.750397
1.761834
1.773261
1.78461
1.796242
1.807533
1.818891
1.830383
1.841507
1.85315
1.863941
1.875451
1.886317
1.897472
1.908696
1.919861
1.932819
1.943982
1.9532
1.964703
1.975612
1.987523
1.998255
2.010767
2.020708
2.031594
2.042733
2.054198
2.064878
2.076369
2.088089
2.098923
2.110751
2.121806
2.133082
2.144641
2.156785
2.168065
2.178203
2.190608
2.201134
2.212582
2.224071
2.235729
2.246107
2.257452
2.269212
2.280831
2.291655
2.303031
2.313529
2.324901
2.33557
2.346836
2.358022
2.369352
2.380139
2.391486
2.402864
2.413701
2.425047
2.436502
2.447112
2.458707
2.469645
2.480933
2.500974
2.512107
2.52407
2.534772
2.544883
2.555463
2.565692
2.576676
2.590209
2.601525
2.611827
2.622352
2.632766
2.643671
2.654591
2.665518
2.676749
2.688401
2.700147
2.710834
2.721827
2.732842
2.743909
2.755194
2.766268
2.777264
2.789036
2.800726
2.813273
2.823445
2.833388
2.844549
2.855788
2.866755
2.877947
2.889334
2.900237
2.91147
2.922673
2.933591
2.945164
2.956052
2.967556
2.979067
2.990906
3.002354
3.014807
3.024941
3.036488
3.047976
3.05951
3.071278
3.082458
3.094249
3.105894
3.117155
3.128044
3.140196
3.159583
3.170425
3.181145
3.191407
3.201997
3.213072
3.224339
3.235355
3.246703
3.258032
3.269077
3.280279
3.291384
3.302446
3.315278
3.3277
3.339451
3.351612
3.362846
3.373957
3.385211
3.396663
3.408134
3.418761
3.430817
3.442737
3.454425
3.465217
3.476381
3.487712
3.498282
3.508813
3.525276
3.537477
3.549057
3.5604
3.571388
3.582114
3.59381
3.604006
3.615147
3.626229
3.6377
3.648615
3.659789
3.671083
3.682161
3.693225
3.704674
3.7158
3.726767
3.738134
3.749099
3.760245
3.771661
3.782498
3.793739
3.805062
3.822424
3.832541
3.842849
3.853122
3.862984
3.873334
3.883052
3.894294
3.905679
3.916568
3.927908
3.939041
3.950164
3.961338
3.972687
3.983605
3.994764
4.006084
4.017642
4.029329
4.040424
4.051591
4.062596
4.073669
4.084844
4.096001
4.107319
4.118455
4.129631
4.140783
4.15194
4.162932
4.174307
4.185753
4.197183
4.208496
4.219906
4.23142
4.242598
4.254179
4.265283
4.276801
4.288267
4.299716
4.311012
4.322563
4.333654
4.345283
4.356648
4.367651
4.379278
4.390801
4.402201
4.414621
4.427423
4.439015
4.449599
4.460145
4.470752
4.481186
4.492078
4.502789
4.512893
4.522979
4.533811
4.544671
4.561038
4.571432
4.582451
4.593894
4.604333
4.614853
4.62542
4.635446
4.645761
4.656449
4.666844
4.678164
4.689338
4.700433
4.711725
4.722662
4.733957
4.752965
4.764066
4.774703
4.785274
4.795452
4.805917
4.816104
4.82653
4.836836
4.847767
4.858467
4.868649
4.878746
4.889156
4.899813
4.910961
4.922503
4.933251
4.944254
4.955591
4.966998
4.977841
4.989061
5.000456
5.011233
5.022573
5.033569
5.04468
5.056187
5.067143
5.078308
5.089638
5.100601
5.111871
5.123713
5.134192
5.145298
5.156466
5.167691
5.178984
5.18996
5.201415
5.212338
5.223897
5.235474
5.246907
5.258398
5.270204
5.281584
5.292771
5.304642
5.315745
5.327272
5.339015
5.350165
5.361559
5.373388
5.384218
5.395686
5.407235
5.41817
5.429687
5.44108
5.451975
5.462913
5.474233
5.485445
5.496469
5.507764
5.518882
5.530254
5.541501
5.552394
5.563491
5.578559
5.59555
5.606242
5.617447
5.62883
5.639953
5.650533
5.662081
5.673358
5.684093
5.694656
5.705223
5.715838
5.726783
5.738241
5.749149
5.759963
5.771085
5.781969
5.793232
5.804562
5.815494
5.826787
5.838119
5.849308
5.860265
5.871545
5.882668
5.893789
5.905872
5.916632
5.928446
5.939252
5.950275
5.960856
5.972124
5.983196
5.994318
6.005579
6.016643
6.027989
6.039593
6.050224
6.062007
6.073259
6.084957
6.096265
6.107657
6.119601
6.130631
6.142041
6.1539
6.16528
6.176728
6.188783
6.199425
6.211298
6.223107
6.2336
6.244964
6.256312
6.267491
6.278623
6.289953
6.301019
6.31316
6.323845
6.334564
6.345531
6.357024
6.36909
6.380477
6.391421
6.401902
6.412921
6.423996
6.434911
6.446366
6.457486
6.468465
6.4794
6.490655
6.501813
6.513608
6.524633
6.536007
6.546556
6.557619
6.568903
6.580108
6.591513
6.602376
6.619076
6.630519
6.64171
6.652388
6.664549
6.675713
6.688753
6.699142
6.709948
6.721848
6.73216
6.743148
6.76147
6.772333
6.782876
6.794166
6.804888
6.815371
6.826146
6.836884
6.848486
6.860121
6.870437
6.881126
6.892006
6.902308
6.913737
6.924443
6.934557
6.944974
6.955334
6.966495
6.977199
6.988643
7.000079
7.010727
7.022215
7.033248
7.044364
7.055712
7.066562
7.078045
7.089005
7.100082
7.111278
7.122574
7.133628
7.144714
7.156577
7.167735
7.179031
7.190625
7.201719
7.213069
7.224258
7.235659
7.247084
7.258582
7.269792
7.281153
7.292416
7.304175
7.315534
7.326688
7.338275
7.34949
7.363062
7.374142
7.384381
7.395232
7.406224
7.41744
7.428775
7.439974
7.451243
7.462407
7.473572
7.484705
7.495587
7.507073
7.518152
7.529365
7.540644
7.55175
7.562736
7.574077
7.584908
7.59616
7.607481
7.618752
7.630138
7.64103
7.652186
7.668989
7.680219
7.690856
7.701667
7.712501
7.723288
7.733809
7.744663
7.75538
7.766041
7.776821
7.787868
7.799149
7.812513
7.823431
7.834252
7.845282
7.856271
7.867128
7.877791
7.889006
7.899303
7.910217
7.921446
7.932075
7.943263
7.95401
7.964633
7.975386
7.985688
7.997036
8.007813
8.018332
8.029
8.039932
8.051215
8.06159
8.072476
8.08342
8.094749
8.106074
8.116455
8.127817
8.139286
8.150205
8.161056
8.172737
8.18346
8.194594
8.205956
8.217236
8.228334
8.23956
8.250841
8.262112
8.273434
8.284887
8.296395
8.30792
8.31944
8.330752
8.342054
8.353835
8.364917
8.377453
8.387788
8.399193
8.41072
8.422231
8.432997
8.44453
8.456047
8.467565
8.47865
8.489967
8.50115
8.512411
8.523557
8.53468
8.546097
8.557173
8.569743
8.58038
8.592254
8.603126
8.613397
8.624503
8.635291
8.64642
8.657619
8.669125
8.685204
8.696273
8.70735
8.718279
8.72921
8.739808
8.750277
8.761064
8.771571
8.782208
8.792532
8.803
8.813983
8.824781
8.834804
8.845613
8.856816
8.86719
8.878369
8.88957
8.899862
8.910498
8.921542
8.932259
8.943322
8.954604
8.965343
8.976638
8.988166
8.998903
9.010283
9.021607
9.032508
9.04414
9.056005
9.066565
9.077539
9.08873
9.099437
9.110545
9.121894
9.132962
9.144133
9.155629
9.166377
9.178422
9.189566
9.20177
9.21251
9.223971
9.235307
9.246926
9.258345
9.269908
9.281184
9.29292
9.30437
9.315298
9.327168
9.338439
9.34964
9.361321
9.372523
9.383747
9.395323
9.406416
9.417462
9.428437
9.439419
9.450883
9.461829
9.473015
9.484109
9.495497
9.506672
9.518115
9.529831
9.540426
9.55125
9.562593
9.573675
9.584661
9.59585
9.607234
9.618443
9.629538
9.640805
9.651766
9.66285
9.674513
9.685103
9.696339
9.713202
9.723982
9.734343
9.745103
9.755833
9.766234
9.776866
9.787014
9.798
9.808481
9.818561
9.829367
9.840145
9.850939
9.861713
9.872181
9.882634
9.89369
9.904594
9.91495
9.926091
9.937752
9.948483
9.959627
9.970745
9.982083
9.993052
10.00491
10.01562
10.02687
10.03791
10.04905
10.0605
10.07159
10.08245
10.09387
10.10531
10.11631
10.12764
10.13889
10.14986
10.16064
10.17216
10.1832
10.1948
10.20647
10.21781
10.22933
10.24061
10.25216
10.26345
10.27529
10.28661
10.29813
10.30925
10.32117
10.33196
10.34356
10.35541
10.36639
10.3778
10.38939
10.40029
10.41119
10.4226
10.43373
10.44505
10.45657
10.46731
10.47827
10.48956
10.50078
10.51172
10.52295
10.53438
10.5468
10.55782
10.56845
10.57984
10.59122
10.6025
10.61385
10.62594
10.6364
10.64697
10.65881
10.66899
10.68014
10.69093
10.70142
10.7127
10.72985
10.74101
10.75353
10.76457
10.77545
10.7867
10.79803
10.80906
10.82028
10.83136
10.84277
10.85379
10.86488
10.87604
10.88755
10.89827
10.90959
10.92157
10.93213
10.94392
10.95491
10.96536
10.97701
10.98792
10.99959
11.01016
11.02139
11.03229
11.04367
11.05494
11.06606
11.07845
11.08905
11.09948
11.11096
11.12227
11.1335
11.14538
11.15653
11.168
11.17921
11.1905
11.20192
11.21339
11.22482
11.23638
11.24739
11.25911
11.27083
11.28137
11.29305
11.30464
11.31575
11.32728
11.33862
11.34967
11.36119
11.37207
11.38307
11.39446
11.417
11.42774
11.43864
11.45038
11.46261
11.47377
11.48482
11.49601
11.50727
11.51845
11.52948
11.54051
11.55129
11.56342
11.57552
11.58644
11.5983
11.60932
11.62037
11.63127
11.64244
11.65269
11.66366
11.67481
11.68562
11.69692
11.70796
11.7184
11.72953
11.74045
11.75149
11.7623
11.77315
11.78939
11.80037
11.81136
11.82243
11.83293
11.84383
11.85496
11.86606
11.87688
11.88771
11.8987
11.91028
11.92145
11.93227
11.94315
11.95375
11.96457
11.9754
11.98577
11.99695
12.00748
12.01849
12.02967
TARGET DESTROYED 
12.04034
12.06065
12.07184
12.08348
12.0944
12.10515
12.11642
12.12707
12.1381
12.14897
12.16005
12.1721
12.19226
12.20497
12.21585
12.22699
12.23851
12.24944
12.26098
12.27206
12.28283
12.29446
12.30536
12.31634
12.32777
12.33891
12.34993
12.36116
12.37255
12.38338
12.3945
12.40587
12.41696
12.42811
12.43926
12.45045
12.46177
12.47302
12.48409
12.49511
12.5063
12.51772
12.52894
12.54003
12.55106
12.56204
12.57386
12.58525
12.59632
12.60707
12.61791
12.62926
12.6407
12.65169
12.66281
12.67437
12.68602
12.69737
12.70884
12.72055
12.73197
12.74339
12.75526
12.77178
12.78267
12.79415
12.80545
12.81627
12.82734
12.83823
12.84957
12.8604
12.87137
12.88214
12.89311
12.90363
12.91414
12.92478
12.93582
12.94664
12.95752
12.96786
12.97836
12.98913
12.9998
13.01031
13.02102
13.03153
13.04263
13.05403
13.06482
13.07619
13.08761
13.09862
13.10989
13.12097
13.13183
13.14314
13.15493
13.16522
13.17681
13.18812
13.19872
13.20986
13.22148
TARGET DESTROYED 
13.23219
13.24901
13.26696
13.27962
13.29057
13.30101
13.31252
13.32342
13.33362
13.34522
13.35581
13.36662
13.37738
13.38918
13.40007
13.41103
13.42234
13.43346
13.44454
13.45588
13.467
13.47821
13.48961
13.50053
13.51146
13.52279
13.53409
13.54525
13.55656
13.56736
13.57858
13.58991
13.60088
13.61213
13.62348
13.63437
13.64551
13.6567
13.66787
13.67913
13.69064
13.70202
13.71389
13.72555
13.73702
13.74779
13.75819
13.76875
13.77965
13.79541
13.80614
13.81686
13.82824
13.83927
13.8573
13.86955
13.88088
13.89241
13.90289
13.91384
13.9249
13.93609
13.94708
13.95867
13.96966
13.98076
13.99188
14.00332
14.01405
14.0255
14.03663
14.04764
14.05901
14.07038
14.08211
14.09344
14.10421
14.1149
14.12708
14.14239
14.15305
14.16412
14.17502
14.18584
14.1968
14.20786
14.21843
14.22911
14.24023
14.2506
14.26144
14.27198
14.28224
14.29343
14.30505
14.31619
14.32767
14.33954
14.35061
14.36201
14.37328
14.38453
14.39549
14.40683
14.41793
14.429
14.44032
14.45134
14.46247
14.47388
14.48474
14.49632
14.50743
14.51884
14.53023
14.54152
14.55307
14.56428
14.57565
14.58739
14.59823
14.60963
14.62123
14.63273
14.64506
14.6578
14.67161
TARGET DESTROYED 
14.68371
14.69905
14.70991
14.72016
14.73092
14.74154
14.75246
14.76358
14.77479
14.78578
14.7969
14.80868
14.83193
14.84542
14.85705
14.86787
14.87896
14.89014
14.90135
14.91245
14.92376
14.93399
14.94409
14.95412
14.96424
14.97552
14.98664
14.99768
15.00887
15.01945
15.03057
15.04193
15.05314
15.06419
15.07685
15.08985
15.10269
15.11526
15.12746
15.13977
15.15171
15.16368
15.176
15.19294
15.20473
15.21634
15.22863
15.24118
15.25356
15.26587
15.2795
15.28943
15.29957
15.30985
15.32129
15.33227
15.34351
15.35494
15.36569
15.37688
15.38863
15.3997
15.41054
15.42214
15.43286
15.4442
15.45521
15.46641
15.47739
15.48897
15.49982
15.51111
15.52212
15.53345
15.54496
15.55575
15.56674
15.57832
15.58935
15.60046
15.61157
15.62292
TARGET DESTROYED 
15.63373
15.64883
15.65986
15.66981
15.68009
15.69061
15.70103
15.71229
15.72338
15.73483
15.75111
15.76237
15.77226
15.78207
15.79219
15.80184
15.8128
15.82386
15.835
15.8463
15.86204
15.87165
15.88103
15.891
15.90188
15.91317
15.92426
15.9357
15.94663
15.95771
15.96909
15.98029
15.99145
16.00261
16.01369
16.02479
16.03592
16.04735
16.05851
16.06962
16.08057
16.09184
16.10305
16.11442
16.12579
16.13742
16.14837
16.15995
16.17163
16.18282
16.19408
16.20609
16.21675
16.22805
16.23951
16.25134
16.26201
16.27358
16.28485
16.29616
16.30752
16.31949
16.33022
16.34226
16.35274
16.36465
16.37552
16.38701
16.39828
16.40965
16.42109
16.43182
16.443
16.45464
16.46536
16.47696
16.48811
16.49885
16.51013
16.5218
16.53237
16.54351
16.55485
16.56576
16.57708
16.58864
16.59957
16.61081
16.62224
16.63287
16.6442
16.6557
16.66641
16.67791
16.68925
TARGET DESTROYED 
16.69995
16.7136
16.72323
16.73296
16.74405
16.75556
16.76637
16.77799
16.78912
16.80009
16.81127
16.82267
16.83402
16.87352
16.88422
16.89604
16.91129
16.92148
16.9309
16.9409
16.95185
16.96302
16.97442
16.98578
16.99664
17.00768
17.01909
17.03006
17.04136
17.05251
17.06359
17.07468
17.08595
17.09702
17.10846
17.12004
17.13052
17.1421
17.15327
17.16429
17.17529
17.18653
17.20147
17.21083
17.22087
17.23113
17.24771
17.25801
17.2677
17.27755
17.28717
17.29912
17.3093
17.32141
17.33186
17.34282
17.3541
17.36519
17.37637
17.38794
17.39885
17.40989
17.42139
17.43214
17.44333
17.45494
17.46582
17.47688
17.48845
17.49965
17.51106
17.52312
17.53432
17.54531
17.5566
17.56771
17.57914
17.59034
17.60128
17.61279
17.62464
17.63546
17.64708
17.65816
17.66974
17.68093
17.69238
17.7038
17.71498
17.72617
17.7379
17.74932
17.76017
17.77243
17.78322
17.79441
17.80602
17.8168
17.82842
17.83962
17.85046
17.86163
17.87298
17.88392
17.89501
17.90638
17.91745
17.92884
17.93983
17.95099
17.9622
17.97701
17.98654
17.99584
18.00539
18.0159
18.02697
18.03851
18.04954
18.06057
18.07188
18.08331
18.09407
18.10553
18.11666
18.12786
18.13915
18.15016
18.16117
18.17263
18.18344
18.19456
18.20604
18.21752
18.22849
18.23975
18.25036
18.26163
18.27302
18.28409
18.29513
TARGET DESTROYED 
18.30651
18.32032
18.32972
18.34024
18.35131
18.36269
18.37485
18.38609
18.3982
18.41644
18.42959
18.44173
18.45339
18.46518
18.47725
18.48924
18.50079
18.51272
18.52468
18.53631
18.54874
18.5612
18.5811
18.59417
18.60544
18.61652
18.62801
18.63906
18.65
18.66082
18.67243
18.68304
18.69451
18.70594
18.71673
18.72794
18.73938
18.75033
18.76139
18.77283
18.78366
18.79482
18.80618
18.81706
18.82849
18.83993
18.85076
18.86256
18.87312
18.88423
18.8954
18.90682
18.91782
18.92915
18.94023
18.9513
18.96251
18.97369
18.98479
18.9959
19.00732
19.01857
19.0295
19.04065
19.05169
19.07637
19.08853
19.09903
19.11509
19.12661
19.13784
19.1509
19.16356
19.17661
19.18927
19.20168
19.21438
19.22713
19.24033
19.25327
19.26586
19.27873
19.29175
19.30457
19.31735
19.33019
19.34326
19.3563
19.36858
19.38139
19.39411
19.40731
19.41981
19.43254
19.44543
19.45827
19.47141
19.48448
19.49734
19.51048
19.52329
19.53556
19.54855
19.56139
19.57397
19.58699
19.59971
19.61278
19.62582
19.63897
19.65189
19.66479
19.67727
19.69024
19.70246
19.71542
19.72795
19.7408
19.75379
19.76646
19.77897
19.79201
19.80464
19.8175
19.83057
19.84366
19.85674
19.869
19.88139
19.89475
19.90772
19.92016
19.9333
19.94574
19.95859
19.97142
19.98406
19.99747
20.01046
20.02334
20.03563
20.04822
20.0616
20.0745
20.08751
20.10071
20.11341
20.12637
20.13964
20.15522
20.168
20.18054
TARGET DESTROYED 
20.1931
20.22306
20.23589
20.2485
20.26127
20.2827
20.29654
20.30906
20.32695
20.33958
20.35193
20.36452
20.37719
20.38903
20.40048
20.41194
20.42401
20.43597
20.44737
20.4593
20.47164
20.48276
20.49484
20.50609
20.51727
20.52887
20.5414
20.55437
20.56799
20.58176
20.59618
20.61114
20.62606
20.6394
20.65298
20.66668
20.68012
20.69393
20.70791
20.72209
20.73547
20.74875
20.76177
20.78352
20.80015
20.8138
20.82727
20.84071
20.85441
20.86829
20.88164
20.89542
20.9088
20.9236
20.93727
20.95121
20.9648
20.97848
20.99706
21.01048
21.02419
21.0382
21.05153
21.06551
21.07919
21.09339
21.1074
21.12151
21.13517
21.14865
21.16316
21.17701
21.1911
21.20457
21.21848
21.23203
21.24539
21.25911
21.27282
21.28603
21.29939
21.3129
21.32601
21.33978
21.35324
21.36636
21.37779
21.38952
21.4011
21.41232
21.42371
21.43526
21.44692
21.45875
21.47078
21.48233
21.49422
21.50622
21.5173
21.52901
21.541
21.55275
21.56448
21.57633
21.5883
21.60005
21.61167
21.62414
21.64149
21.65558
21.66785
21.6794
21.69106
21.70225
21.71344
21.72485
21.73569
21.74993
