0.02
0.04
0.14
0.1744913
0.1853229
0.1953906
0.2065914
0.2177864
0.2287935
0.2405319
0.2509455
0.2635722
0.2750268
0.2849479
0.2960842
0.3070377
0.3181175
0.3312858
0.3428635
0.3521029
0.3628312
0.3751247
0.3848921
0.4010894
0.4103875
0.4196375
0.4298275
0.4425229
0.4532652
0.4636528
0.4745363
0.4854978
0.4965404
0.5080299
0.5189664
0.5300834
0.541545
0.5526172
0.5635588
0.574937
0.5859668
0.5974787
0.6085804
0.6194604
0.6307485
0.6419402
0.6529883
0.6642029
0.6758939
0.6865349
0.6977751
0.7091434
0.7200311
0.7311453
0.7422627
0.7535375
0.7648028
0.7760518
0.7871002
0.7982057
0.8093684
0.8217125
0.8315974
0.8429169
0.8539961
0.8654109
0.8775792
0.8928481
0.9036306
0.9150976
0.9261906
0.9373157
0.9484905
0.9595046
0.9707708
0.9821227
0.9931484
1.004317
1.015544
1.026728
1.037809
1.049099
1.060729
1.071648
1.082621
1.093681
1.104832
1.116007
1.12745
1.138448
1.14951
1.161747
1.17175
1.182915
1.194188
1.205636
1.216529
1.227937
1.239097
1.249957
1.261308
1.27286
1.283784
1.294851
1.306259
1.317131
1.32815
1.339668
1.350339
1.361716
1.372909
1.384347
1.395139
1.40677
1.417423
1.428606
1.440355
1.451322
1.462135
1.476291
1.485733
1.494762
1.506448
1.516972
1.5283
1.53987
1.55039
1.561732
1.573195
1.583972
1.597986
1.6073
1.617464
1.628667
1.640209
1.651016
1.66289
1.673629
1.684542
1.696365
1.713956
1.72438
1.736472
1.747793
1.758865
1.770572
1.781106
1.792551
1.803553
1.814816
1.826145
1.837213
1.848426
1.859463
1.870437
1.881907
1.892818
1.904297
1.915217
1.926534
1.937464
1.948645
1.959754
1.971034
1.982338
1.993466
2.004932
2.021835
2.034369
2.044791
2.054132
2.064974
2.075178
2.084823
2.096301
2.106815
2.11623
2.127567
2.13899
2.150061
2.161392
2.172918
2.183873
2.199248
2.209487
2.219518
2.230674
2.240379
2.251328
2.261708
2.273433
2.283746
2.295063
2.306938
2.317775
2.330765
2.340869
2.351104
2.362119
2.373666
2.384567
2.395636
2.407071
2.417916
2.429509
2.441331
2.452229
2.464054
2.475792
2.486726
2.498106
2.509415
2.520424
2.531686
2.542756
2.554188
2.565306
2.576728
2.588012
2.599348
2.61077
2.62237
2.633632
2.64471
2.656551
2.667403
2.678706
2.6906
2.70138
2.712685
2.724504
2.735521
2.74667
2.75837
2.768994
2.780308
2.792026
2.802972
2.813487
2.825202
2.836099
2.847301
2.858589
2.874539
2.884532
2.896008
2.906643
2.917109
2.928498
2.939382
2.95015
2.960655
2.970837
2.981749
2.992421
3.003407
3.014675
3.025233
3.035997
3.047356
3.0582
3.069936
3.080421
3.090935
3.101493
3.113076
3.123314
3.133666
3.144536
3.155352
3.166252
3.177619
3.189464
3.200016
3.210874
3.222229
3.233263
3.244889
3.256153
3.266779
3.278434
3.28955
3.300467
3.311378
3.323005
3.334194
3.345827
3.357425
3.368348
3.379969
3.391365
3.402719
3.414431
3.42607
3.437027
3.45015
3.460379
3.471266
3.48269
3.493696
3.505069
3.52096
3.53147
3.54217
3.551627
3.561282
3.571278
3.581508
3.593109
3.603851
3.614959
3.626339
3.640809
3.651202
3.661685
3.672233
3.683048
3.693982
3.704412
3.715571
3.727315
3.737984
3.749199
3.760343
3.771439
3.782835
3.793739
3.805102
3.81611
3.827394
3.83914
3.849528
3.860865
3.872304
3.883636
3.894302
3.906136
3.917037
3.928412
3.940207
3.95481
3.965889
3.97646
3.987541
3.998276
4.008982
4.019153
4.029412
4.041276
4.051776
4.063271
4.074616
4.085525
4.096474
4.107967
4.118715
4.129964
4.141409
4.152365
4.163416
4.17941
4.191317
4.20157
4.212819
4.223829
4.234212
4.244833
4.255598
4.266624
4.277249
4.287806
4.29895
4.310163
4.32144
4.332221
4.343218
4.353937
4.364747
4.375297
4.385869
4.395886
4.406914
4.417827
4.429273
4.440716
4.451306
4.462645
4.473921
4.484847
4.496351
4.507948
4.518619
4.529709
4.541074
4.551984
4.563073
4.574326
4.585581
4.59729
4.608474
4.619802
4.631097
4.642802
4.654236
4.665447
4.676846
4.688112
4.699625
4.710838
4.722299
4.734841
4.745109
4.756577
4.767526
4.778889
4.790302
4.801943
4.813045
4.829062
4.841146
4.851259
4.861728
4.871646
4.881858
4.892428
4.902291
4.912942
4.923326
4.933366
4.943479
4.953512
4.964932
4.975876
4.987134
4.998166
5.009171
5.020584
5.031749
5.042789
5.053806
5.065236
5.076308
5.087514
5.098505
5.110126
5.121263
5.13212
5.143396
5.154391
5.165701
5.176929
5.187975
5.199296
5.210393
5.221585
5.232698
5.243841
5.255486
5.266751
5.278174
5.289673
5.300767
5.312232
5.323972
5.335149
5.346373
5.358264
5.369218
5.380861
5.392334
5.403588
5.415234
5.426713
5.437881
5.449507
5.461949
5.472259
5.487706
5.498025
5.508589
5.52005
5.530759
5.539974
5.549485
5.559336
5.568765
5.579576
5.591169
5.60195
5.613061
5.624312
5.637868
5.649295
5.659527
5.669676
5.680015
5.691606
5.70265
5.71358
5.725005
5.735933
5.747393
5.758627
5.769499
5.780559
5.791727
5.802923
5.81426
5.825283
5.836571
5.848157
5.858745
5.869957
5.881147
5.892624
5.904208
5.915471
5.926598
5.938064
5.949361
5.96083
5.972698
5.983601
5.994974
6.006624
6.018531
6.029226
6.040843
6.051991
6.063525
6.074544
6.086003
6.097498
6.108783
6.120125
6.131201
6.142384
6.158064
6.168941
6.179388
6.190134
6.200474
6.211317
6.221815
6.232656
6.243186
6.254451
6.265974
6.276677
6.286873
6.297328
6.307925
6.318113
6.328853
6.339469
6.350105
6.361064
6.372755
6.383525
6.394593
6.406121
6.417104
6.42827
6.439641
6.450573
6.461643
6.473463
6.483976
6.495413
6.506786
6.51855
6.52922
6.540427
6.551218
6.562663
6.574231
6.585244
6.59687
6.608231
6.619377
6.630573
6.642045
6.653396
6.664789
6.676206
6.687604
6.698713
6.710577
6.721557
6.733033
6.74431
6.75592
6.768095
6.778781
6.789943
6.801492
6.812338
6.827905
6.839218
6.849974
6.860875
6.87181
6.882904
6.893531
6.903769
6.914794
6.925151
6.935905
6.946939
6.957779
6.968873
6.979568
6.99058
7.001038
7.012145
7.022937
7.033588
7.044258
7.054977
7.066142
7.076591
7.08721
7.098091
7.109254
7.120696
7.131404
7.142905
7.153898
7.164995
7.176858
7.187469
7.200615
7.211603
7.22216
7.232231
7.243372
7.254464
7.265549
7.278275
7.290141
7.300648
7.312106
7.322773
7.333854
7.345212
7.356973
7.368251
7.379805
7.391239
7.402297
7.413951
7.425395
7.436687
7.448252
7.459753
7.471323
7.482239
7.498654
7.510178
7.520702
7.531358
7.54178
7.551664
7.561716
7.584933
7.595347
7.60489
7.615228
7.625486
7.639802
7.650329
7.661074
7.67151
7.682794
7.693995
7.704384
7.715498
7.726258
7.736246
7.74708
7.757518
7.768515
7.779277
7.790732
7.801642
7.812924
7.824305
7.835348
7.846323
7.857954
7.868787
7.879821
7.891293
7.902403
7.913331
7.925454
7.936324
7.947253
7.958137
7.969368
7.980348
7.992117
8.00386
8.015123
8.025581
8.036527
8.048162
8.058693
8.069669
8.081311
8.092241
8.103517
8.114984
8.126188
8.136876
8.152826
8.16407
8.174913
8.18563
8.196912
8.20788
8.21815
8.228976
8.240151
8.250566
8.26334
8.27406
8.284883
8.295842
8.307062
8.3178
8.329319
8.340247
8.35102
8.362823
8.37372
8.384793
8.396914
8.407636
8.418302
8.4293
8.440665
8.451524
8.462974
8.474165
8.496958
8.508903
8.519371
8.530005
8.540215
8.550784
8.561658
8.572474
8.583688
8.594795
8.606234
8.617159
8.628416
8.63973
8.650612
8.661837
8.673177
8.684238
8.695232
8.707143
8.71832
8.729115
8.740436
8.751108
8.762402
8.773585
8.784783
8.795828
8.807294
8.818686
8.829412
8.840691
8.860662
8.872138
8.882659
8.893666
8.904518
8.915112
8.926543
8.937261
8.947758
8.958199
8.968732
8.98032
8.990971
9.00172
9.012312
9.022722
9.033557
9.044462
9.055275
9.066949
9.07788
9.087601
9.098495
9.108994
9.11982
9.130855
9.14221
9.153543
9.164681
9.175637
9.186964
9.197829
9.209639
9.220264
9.231566
9.242584
9.253919
9.265396
9.276265
9.287287
9.298602
9.309798
9.321273
9.333089
9.343837
9.355386
9.366728
9.378163
9.389866
9.400825
9.412426
9.424283
9.435254
9.446745
9.458527
9.469402
9.486033
9.496919
9.508207
9.518936
9.529512
9.540525
9.550698
9.560901
9.570827
9.581642
9.591922
9.601449
9.611531
9.625245
9.636038
9.647491
9.658152
9.66843
9.678736
9.689608
9.700545
9.711955
9.723957
9.734242
9.745425
9.757023
9.767607
9.77879
9.790457
9.801093
9.812269
9.82375
9.83472
9.845932
9.857063
9.868202
9.879384
9.890608
9.901639
9.913079
9.924845
9.936206
9.947605
9.959002
9.970401
9.981866
9.993075
10.00494
10.01602
10.02746
10.03909
10.05082
10.0628
10.07354
10.08423
10.09595
10.108
10.11865
10.12992
10.14132
10.15767
10.16876
10.17981
10.19094
10.20145
10.21235
10.22329
10.23372
10.24452
10.25542
10.26682
10.27766
10.28833
10.29934
10.31018
10.32036
10.33177
10.34298
10.35409
10.36517
10.37599
10.38628
10.39744
10.40804
10.41902
10.4292
10.4394
10.45072
10.46144
10.47155
10.48256
10.49375
10.50476
10.5161
10.52714
10.5387
10.55025
10.56107
10.57215
10.58319
10.59423
10.60592
10.61664
10.62777
10.63951
10.65017
10.66135
10.67316
10.68422
10.69578
10.70728
10.71842
10.7301
10.74129
10.75251
10.76397
10.7754
10.78677
10.79804
10.8095
10.82069
10.83222
10.84345
10.85481
10.86647
10.8774
10.88925
10.90055
10.91173
10.92329
10.94559
10.95751
10.96798
10.97924
10.98939
10.99937
11.0148
11.02893
11.04165
11.05352
11.06548
11.07592
11.08715
11.09728
11.10847
11.11924
11.13045
11.14176
11.15279
11.1638
11.175
11.18617
11.19749
11.20857
11.21972
11.23082
11.24207
11.25333
11.26435
11.27605
11.28681
11.29779
11.30942
11.32021
11.33158
11.34292
11.35422
11.3648
11.37633
11.38721
11.39847
11.40953
11.42094
11.43199
11.44309
11.4543
11.46541
11.47683
11.48792
11.49909
11.51092
11.52206
11.53354
11.54544
11.55685
11.56797
11.57958
11.5913
11.60275
11.61405
11.62764
11.63763
11.64847
11.66036
11.67616
11.6872
11.69805
11.70885
11.7191
11.72971
11.74078
11.75108
11.76172
11.77226
11.78337
11.7939
11.8042
11.81519
11.8264
11.83676
11.84758
11.85823
11.86883
11.87935
11.89019
11.90093
11.91238
11.92362
11.93468
11.94592
11.95717
11.9682
11.97951
11.99093
12.00154
12.0126
12.024
12.03512
12.04645
12.05785
12.06873
12.07994
12.09109
12.10196
12.11327
12.125
12.13657
12.14762
12.15924
12.17064
12.18182
12.19345
12.20477
12.21628
12.22782
12.23931
12.25096
12.26211
12.27388
12.28485
12.29673
12.3078
12.31896
12.33494
12.34587
12.35657
12.36718
12.37788
12.38886
12.40037
12.4111
12.42203
12.43311
12.44376
12.45412
12.46485
12.47602
12.48676
12.49738
12.50809
12.51871
12.52939
12.54027
12.55036
12.5609
12.57136
12.58236
12.5936
12.60522
12.61587
12.62711
12.63835
12.64948
12.66064
12.67198
12.68282
12.69423
12.70561
12.71658
12.72763
12.7391
12.75005
12.76166
12.77338
12.7839
12.79491
12.80641
12.81768
12.82916
12.84057
12.85203
12.86347
12.87499
12.88635
12.89765
12.90899
12.92064
12.93157
12.94319
12.95447
12.9657
12.97757
12.98917
13.00639
13.01798
13.02937
13.0407
13.0516
13.06327
13.07449
13.0852
13.09666
13.10765
13.11856
13.12989
13.14131
13.15208
13.16337
13.17482
13.18557
13.19682
13.20842
13.21921
13.23051
13.24185
13.2527
13.26384
13.27575
13.28639
13.29727
13.30899
13.31968
13.33087
13.34219
13.35328
13.36488
13.37586
13.3874
13.39861
13.40999
13.42139
TARGET DESTROYED 
13.43273
13.45223
13.46349
13.47425
13.4851
13.49561
13.50618
13.51649
13.52664
13.53674
13.5471
13.56663
13.57818
13.5879
13.59903
13.61009
13.62461
13.64077
13.65102
13.66189
13.67219
13.68266
13.69377
13.70475
13.71572
13.72638
13.73747
13.74774
13.75826
13.76871
13.77884
13.78884
13.80037
13.81145
13.82284
13.83347
13.84471
13.85625
13.8673
13.87815
13.88944
13.90047
13.91155
13.92311
13.93435
13.94513
13.95673
13.96758
13.97866
13.99003
14.00124
14.01285
14.02355
14.03453
14.04561
14.05715
14.06794
14.07942
14.09109
14.10242
14.11408
14.12575
14.1373
14.1488
14.16034
14.17192
14.18292
14.19476
14.20585
14.21754
14.22848
14.24041
14.25128
14.26258
14.27415
14.28519
14.29641
14.31251
14.3239
14.33448
14.34451
14.35479
14.36507
14.37544
14.38507
14.39507
14.4053
14.41485
TARGET DESTROYED 
14.42555
14.43999
14.45065
14.46122
14.47155
14.482
14.4991
14.51154
14.52197
14.53168
14.54231
14.5525
14.56229
14.57231
14.5824
14.59288
14.60414
14.61535
14.62652
14.6378
14.64883
14.65997
14.67134
14.6824
14.6937
14.70457
14.71594
14.72716
14.73865
14.74996
14.76056
14.77191
14.78289
14.79429
14.8052
14.81636
14.82783
14.83895
14.85021
14.86105
14.87239
14.88336
14.89456
14.9067
14.91732
14.92865
14.94041
14.95677
14.96699
14.97691
14.98739
14.99765
15.00853
15.01969
15.0385
15.04947
15.06064
15.07077
15.08111
15.09148
15.10196
15.1127
15.1225
15.13257
15.14286
15.15257
15.16269
15.17439
15.185
15.19619
15.20744
15.21857
15.22956
15.24115
15.25201
15.26334
15.27465
15.28556
15.29685
15.30821
15.31908
15.33032
15.34156
15.3527
15.3639
15.37496
15.38621
15.39732
15.40875
15.42022
15.43097
15.4421
15.45294
15.4642
15.47552
15.48742
15.49774
15.5092
15.5206
15.53229
15.54368
15.55537
15.56677
15.57865
15.58974
15.6011
15.61252
15.62426
15.64364
15.65502
15.66523
15.67679
15.68756
15.69889
15.71004
15.72108
15.73252
15.74355
15.75454
15.76576
15.77714
15.78829
15.79951
15.81061
15.82291
15.83282
15.84399
15.8551
15.86646
15.87783
15.88902
15.89983
15.91124
15.9224
15.9334
15.94466
15.95647
15.96704
15.97793
15.98961
16.00051
16.01159
TARGET DESTROYED 
16.02281
16.03696
16.04785
16.06514
16.07701
16.08782
16.098
16.10862
16.11783
16.12812
16.13793
16.14773
16.1577
16.16814
16.17911
16.19047
16.20157
16.21248
16.22402
16.23524
16.24621
16.25775
16.26841
16.27972
16.29512
16.30594
16.31579
16.32631
16.33674
16.34684
16.35834
16.36895
16.38012
16.39147
16.4024
16.41369
16.42503
16.43628
16.44727
16.45892
16.46939
16.48059
16.49203
16.50347
16.51428
16.52547
16.53694
16.54856
16.56002
16.57132
16.58274
16.59433
16.60647
16.6173
16.62838
16.6402
16.651
16.66222
16.67407
16.68483
16.69625
16.70789
16.71881
16.73018
16.74154
16.75281
16.76406
16.7756
16.78684
16.79826
16.80944
16.82055
16.83233
16.8432
16.8543
16.8654
16.87664
16.88787
16.89891
16.91012
16.92136
16.93243
16.94372
16.95885
16.96911
16.97946
16.99015
16.99977
17.0103
17.02019
17.03019
17.04161
17.05301
17.06374
17.07502
17.08612
17.09719
17.10852
17.11962
17.1315
17.14226
17.15307
17.16425
17.17569
17.18666
17.19778
17.2091
17.22028
17.23126
17.24278
17.25376
17.26495
17.27656
17.28734
17.29849
17.30957
17.32075
17.3319
17.34322
17.35461
17.366
17.3773
17.38849
17.39991
17.41122
17.42287
TARGET DESTROYED 
17.43384
17.44894
17.46642
17.47846
17.48909
17.49871
17.50898
17.51976
17.53063
17.54187
17.55312
17.56421
17.57548
17.58677
17.59768
17.60947
17.6202
17.63953
17.65
17.66059
17.67012
17.67997
17.69041
17.70007
17.70991
17.72068
17.73176
17.74303
17.75405
17.76543
17.77648
17.78787
17.79881
17.80999
17.82124
17.83221
17.84336
17.85451
17.86588
17.87715
17.88809
17.89935
17.91032
17.92215
17.93272
17.94403
17.95564
17.96636
17.97762
17.98916
18.00005
18.0112
18.02213
18.03338
18.0444
18.05626
18.06734
18.07981
18.09035
18.10214
18.11339
18.1249
18.13597
18.14757
18.15908
18.17048
18.18185
18.19349
18.205
18.21633
18.22732
18.23971
18.2503
18.26161
18.27304
18.28776
18.29889
18.30963
18.32011
18.33027
18.3399
18.3497
18.36026
18.36987
18.38116
18.39262
18.40367
18.41474
18.42591
18.43719
18.44836
18.45948
18.47054
18.48179
18.49281
18.50402
18.51509
18.5264
18.53791
18.54898
18.55985
18.571
18.58235
18.59332
18.60457
18.61569
18.62708
18.63806
18.64927
18.66037
18.67192
18.68319
18.69461
18.7062
18.71725
18.72901
18.74032
18.75143
18.76274
18.77407
18.78564
18.79674
18.80839
18.81958
18.8307
18.84231
18.85367
18.86486
18.87608
TARGET DESTROYED 
18.88731
18.90181
18.91228
18.92264
18.93254
18.94807
18.95842
18.96828
18.9784
18.98834
18.99843
19.00887
19.01877
19.036
19.04798
19.05819
19.06895
19.07933
19.08949
19.09988
19.11025
19.11989
19.13031
19.14076
19.15112
19.16151
19.17325
19.18376
19.1951
19.20694
19.21719
19.22886
19.23984
19.25088
19.26199
19.27348
19.28426
19.29572
19.30737
19.31779
19.32915
19.34054
19.35134
19.36257
19.37426
19.38479
19.39595
19.40755
19.41861
19.4296
19.44099
19.45177
19.46301
19.47424
19.4855
19.49692
19.50843
19.51992
19.53123
19.5428
19.55416
19.56567
19.57723
19.58878
19.60028
19.61175
19.62381
19.63889
19.65281
19.66301
19.67561
19.68653
19.69775
19.71772
19.72818
19.73805
19.74887
19.75903
19.76902
19.7794
19.7894
19.79955
19.81027
19.82059
19.83162
19.84286
19.8539
19.86512
19.87657
19.88762
19.89863
19.90996
19.92106
19.93231
19.9434
19.95459
19.96564
19.97688
19.9884
19.99915
20.01028
20.02146
20.033
20.04401
20.05512
20.06641
20.0773
20.08873
20.10032
20.11103
20.12216
20.13312
20.14452
20.15597
20.16734
20.17914
20.19056
20.20178
20.21343
20.22477
20.2362
20.24772
20.25955
20.27081
20.2861
20.29671
20.30712
20.31711
20.32687
20.33733
20.3485
20.35964
20.37072
20.38199
20.39337
20.40422
20.41562
20.42678
20.43777
20.44909
20.46
20.47119
20.48233
20.49359
20.50472
20.51597
20.52719
20.53831
20.54942
20.56072
20.57198
20.58311
20.59403
20.60551
20.61649
20.62763
TARGET DESTROYED 
20.63903
20.65263
20.66274
20.67295
20.68417
20.69555
20.7073
20.71808
20.72997
20.74628
20.75833
20.76847
20.77873
20.7886
20.79827
20.80859
20.81801
20.82775
20.83704
20.84811
20.85944
20.87038
20.88196
20.89289
20.90412
20.91508
20.9264
20.9374
20.94857
20.9639
20.97461
20.98441
20.99431
21.00552
21.01567
21.02703
21.03861
21.04914
21.0605
21.07155
21.08265
21.09389
21.10514
21.1162
21.12738
21.13904
21.14957
21.1608
21.17233
21.1832
21.19483
21.20673
21.21763
21.22907
21.24052
21.2521
21.26341
21.27495
21.28622
21.29768
21.3089
21.3199
21.33146
21.34268
21.35444
21.36568
21.37675
21.38807
21.39946
21.41069
21.42209
21.43332
21.44441
21.45638
21.46721
21.47878
21.49015
21.50094
21.51234
21.52389
21.5344
21.54549
21.55714
21.56801
21.58009
21.59064
21.60133
21.61267
21.62389
21.63498
21.64818
21.65865
21.67386
21.68406
21.69433
21.7039
21.71448
21.725
21.73455
21.74437
21.75359
21.7642
21.77535
21.78667
21.79783
21.80879
21.81994
21.83154
21.84323
21.85395
21.86555
21.87657
21.88762
21.89814
21.90932
21.92036
21.93163
21.94276
21.9547
21.96516
21.9762
21.98825
21.99862
22.00993
22.02091
22.03205
22.04341
22.05464
22.06598
22.07751
22.08916
22.10023
22.11153
22.12328
22.1344
22.14614
22.15767
22.16872
22.18014
TARGET DESTROYED 
22.19173
22.21514
22.22646
22.23695
22.24673
22.25703
22.26686
22.27798
22.2896
22.30054
22.32494
22.33625
22.346
22.35617
22.36739
22.37848
22.3897
22.40072
22.412
22.42341
22.43417
22.44563
22.45736
22.46782
22.47896
22.49033
22.50154
22.51235
22.52375
22.53474
22.54598
22.55739
22.56841
22.57948
22.59084
22.6018
22.61323
22.62477
22.63537
22.64686
22.65792
22.66881
22.67998
22.69157
22.70226
22.71348
22.72488
22.73571
22.74712
22.75831
22.76959
22.78046
22.79187
22.8028
22.81405
22.82519
22.83639
22.84744
22.85912
22.87059
22.88235
22.89389
22.90572
22.91723
22.92932
22.94047
22.95231
22.96361
22.9755
22.98668
22.99825
23.00946
23.02021
23.0353
23.0464
23.05707
23.06737
23.07742
23.08735
23.09736
23.1076
23.11786
23.12877
23.13976
23.15103
23.16222
23.17366
23.18472
23.19564
23.20714
23.21792
23.22916
23.24138
23.25144
23.26264
23.27413
23.28515
23.29624
23.30772
23.31855
23.32949
23.34108
23.35191
23.36309
23.37474
23.38556
23.39726
23.40804
23.41925
23.43089
23.44205
23.45318
23.46478
23.47613
23.48744
23.4985
23.51001
23.52143
23.53256
23.54431
23.55695
23.56702
23.57833
23.58975
23.60102
23.61188
23.62586
23.63603
23.64664
23.65684
23.66763
23.67856
23.69025
23.70113
23.71255
23.72774
23.73733
23.74805
23.75761
23.76765
23.77789
23.78797
23.79944
23.81031
23.82157
23.83279
23.8439
23.85505
23.8665
23.87748
23.88882
23.89977
23.9111
23.92239
23.93315
23.94686
23.95799
23.96717
23.97791
23.98926
24.00356
