0.02
0.04
0.14
0.1729069
0.1836374
0.1932695
0.2048225
0.2159027
0.2268876
0.2390165
0.2499863
0.2604271
0.2720096
0.2826923
0.2957134
0.3051523
0.3161324
0.3273108
0.3387319
0.3496546
0.3607842
0.372335
0.3832679
0.3943622
0.4086033
0.4167616
0.4278215
0.4393123
0.4503787
0.4615891
0.4727466
0.4837296
0.4948688
0.506382
0.5171562
0.5283397
0.5397028
0.5508212
0.5620303
0.5730906
0.5842035
0.5954312
0.6067796
0.6177192
0.6288847
0.6403698
0.6513675
0.6624236
0.6737216
0.6847379
0.6961338
0.7070943
0.7182085
0.7294984
0.7408257
0.7520787
0.7630623
0.7741665
0.7852679
0.7966092
0.8079207
0.8187394
0.8300974
0.8412132
0.8522372
0.8634939
0.8748105
0.8909847
0.9019288
0.9133022
0.9245501
0.9359761
0.9466363
0.9641165
0.9751267
0.9837887
0.9927487
1.001339
1.010886
1.020657
1.031537
1.042686
1.053988
1.065195
1.077694
1.087619
1.098645
1.109744
1.121019
1.132153
1.143266
1.154927
1.165572
1.17668
1.188136
1.198992
1.210171
1.221903
1.232678
1.243824
1.255156
1.266065
1.277395
1.288794
1.299977
1.310893
1.322264
1.333421
1.344722
1.356348
1.367647
1.379153
1.390333
1.40171
1.412982
1.424562
1.436156
1.447252
1.458601
1.470034
1.481317
1.492819
1.504166
1.515404
1.526693
1.53884
1.549566
1.560907
1.572185
1.585305
1.594412
1.605736
1.620548
1.629681
1.638038
1.648244
1.659474
1.670638
1.681966
1.693231
1.710117
1.719599
1.728549
1.737779
1.747489
1.757891
1.769003
1.780354
1.791331
1.802574
1.813714
1.824875
1.836416
1.84739
1.85854
1.869588
1.880992
1.891989
1.903447
1.915291
1.925378
1.936727
1.948299
1.958908
1.970178
1.981238
1.992352
2.004488
2.016617
2.027979
2.03762
2.048489
2.059438
2.071156
2.082188
2.094512
2.10516
2.116468
2.127915
2.139629
2.150671
2.162278
2.173341
2.184673
2.195884
2.206669
2.219301
2.229189
2.240055
2.251163
2.262334
2.273613
2.284603
2.295869
2.307469
2.326595
2.336519
2.345895
2.35564
2.364806
2.374623
2.384346
2.394303
2.405224
2.416021
2.427311
2.438725
2.449558
2.460623
2.472375
2.483428
2.494387
2.50571
2.516809
2.527975
2.539179
2.550206
2.561414
2.572497
2.583708
2.594846
2.606091
2.617017
2.628547
2.639868
2.650701
2.66192
2.673185
2.684283
2.695425
2.706922
2.717605
2.728897
2.740144
2.751401
2.762718
2.774439
2.785715
2.797348
2.808602
2.820108
2.831596
2.842871
2.854737
2.865756
2.877359
2.888988
2.900163
2.911649
2.923196
2.93427
2.945801
2.957465
2.968529
2.979583
2.990875
3.008236
3.018576
3.031025
3.042157
3.053278
3.064869
3.07556
3.086863
3.097895
3.109338
3.120571
3.131382
3.142564
3.154016
3.164842
3.176391
3.187303
3.198511
3.209584
3.221104
3.231961
3.243087
3.254775
3.266457
3.276538
3.288106
3.298952
3.310393
3.321536
3.332536
3.343648
3.355078
3.365999
3.377476
3.389014
3.4002
3.411536
3.423316
3.434457
3.445661
3.457261
3.468556
3.480087
3.491688
3.502815
3.514222
3.525511
3.537055
3.548496
3.559399
3.57151
3.582564
3.593956
3.60568
3.616147
3.627792
3.63894
3.650156
3.661139
3.67243
3.683204
3.694412
3.711238
3.722042
3.732353
3.742306
3.751869
3.761257
3.770597
3.780223
3.790327
3.801237
3.812333
3.82634
3.837163
3.847577
3.858051
3.86834
3.879395
3.890905
3.901986
3.912896
3.924209
3.935213
3.946827
3.957598
3.968747
3.980042
3.991375
4.002286
4.013277
4.024478
4.03572
4.046863
4.058327
4.069427
4.080384
4.09165
4.103573
4.114291
4.125231
4.1365
4.147762
4.159376
4.171023
4.182102
4.19339
4.205542
4.216659
4.227966
4.239599
4.250881
4.26241
4.27381
4.285178
4.296577
4.307943
4.319725
4.331733
4.34223
4.35348
4.364535
4.375942
4.392098
4.402294
4.413352
4.423973
4.434512
4.445272
4.456339
4.466267
4.476959
4.487875
4.497746
4.507838
4.518047
4.530662
4.541914
4.552173
4.562177
4.573198
4.583627
4.594464
4.605628
4.616632
4.627948
4.639214
4.650294
4.661228
4.672746
4.683909
4.694857
4.70633
4.717231
4.729381
4.740068
4.750587
4.761755
4.773337
4.785507
4.796571
4.807035
4.817722
4.82893
4.841137
4.851802
4.863773
4.874637
4.886137
4.897394
4.909039
4.920567
4.931692
4.943213
4.954752
4.965964
4.977426
4.989351
5.000564
5.011789
5.023046
5.034346
5.045816
5.05722
5.068377
5.084961
5.095575
5.106522
5.11691
5.127414
5.137563
5.148098
5.158606
5.168643
5.179291
5.190161
5.200342
5.210718
5.22139
5.231491
5.242362
5.253474
5.26437
5.275887
5.28675
5.297956
5.309369
5.320465
5.331915
5.342517
5.354284
5.364972
5.376114
5.387507
5.398583
5.409721
5.421023
5.434576
5.444828
5.456153
5.466266
5.476593
5.488115
5.498987
5.510058
5.521482
5.532494
5.544135
5.555759
5.567062
5.57867
5.590152
5.601216
5.612713
5.624356
5.635551
5.649431
5.660914
5.671432
5.681485
5.692869
5.704636
5.715492
5.726648
5.738294
5.749151
5.763288
5.774814
5.785232
5.795455
5.806479
5.817142
5.827454
5.838126
5.849071
5.860071
5.871339
5.882322
5.893537
5.904975
5.915843
5.927538
5.938436
5.949342
5.960575
5.972015
5.982758
5.99403
6.005553
6.0164
6.027565
6.038969
6.049822
6.061213
6.072337
6.083515
6.094523
6.106006
6.116909
6.128359
6.139491
6.150584
6.161877
6.173314
6.184449
6.196014
6.206888
6.218525
6.229689
6.241355
6.252069
6.263513
6.274749
6.285734
6.297033
6.308263
6.319312
6.331192
6.342264
6.352778
6.364041
6.375161
6.386306
6.397803
6.408731
6.420112
6.431012
6.442247
6.458494
6.46903
6.479861
6.489621
6.499441
6.509791
6.51931
6.529821
6.539914
6.549551
6.560167
6.571519
6.582519
6.594018
6.604963
6.615898
6.62719
6.63869
6.649469
6.660858
6.672076
6.682931
6.694242
6.705832
6.716427
6.727743
6.739223
6.750113
6.761611
6.773547
6.785077
6.796932
6.809154
6.82104
6.832768
6.844894
6.856795
6.868317
6.8808
6.893089
6.90458
6.916113
6.928051
6.940127
6.95197
6.963134
6.974918
6.985932
6.997353
7.009579
7.021563
7.032498
7.043686
7.054842
7.065769
7.077175
7.088199
7.104012
7.116488
7.128257
7.140071
7.151996
7.168864
7.18184
7.19357
7.205234
7.216873
7.228717
7.240871
7.252552
7.264088
7.276258
7.288145
7.299759
7.311797
7.323786
7.335063
7.347456
7.359229
7.370762
7.382523
7.393982
7.406013
7.417678
7.429364
7.441244
7.453872
7.465843
7.477356
7.489144
7.500567
7.512211
7.523828
7.534546
7.545635
7.556641
7.567565
7.577122
7.587919
7.599127
7.610074
7.624607
7.635746
7.646475
7.657016
7.667593
7.678524
7.689157
7.699589
7.711011
7.722138
7.733146
7.744309
7.755416
7.766385
7.77758
7.789232
7.799981
7.811167
7.822504
7.835865
7.84758
7.863411
7.874577
7.886695
7.899618
7.91258
7.923864
7.934003
7.945447
7.956729
7.968594
7.979809
7.990033
8.001165
8.012472
8.023449
8.034585
8.045808
8.057013
8.068248
8.07922
8.090436
8.101701
8.112717
8.124433
8.135015
8.146246
8.157395
8.168726
8.179742
8.191046
8.202083
8.213545
8.224658
8.235461
8.24712
8.258205
8.269311
8.280255
8.291529
8.302545
8.313761
8.324959
8.336086
8.347272
8.359927
8.371396
8.383307
8.395973
8.408885
8.4207
8.431701
8.442474
8.453547
8.464135
8.474456
8.485045
8.495455
8.506371
8.516417
8.527387
8.538938
8.549863
8.566417
8.577401
8.588382
8.598863
8.609697
8.620793
8.631074
8.642039
8.652557
8.663112
8.674685
8.684354
8.695002
8.706285
8.71764
8.728523
8.740055
8.7509
8.762054
8.776408
8.788001
8.798388
8.809116
8.820248
8.830852
8.841938
8.851945
8.862676
8.874212
8.885222
8.89636
8.907503
8.918689
8.930514
8.941143
8.952518
8.963904
8.975295
8.986557
8.997778
9.009732
9.02094
9.032349
9.043358
9.055038
9.066045
9.077087
9.088491
9.099523
9.110604
9.122144
9.13307
9.144126
9.155562
9.166551
9.179006
9.190018
9.200396
9.211857
9.223081
9.234437
9.245832
9.262406
9.273308
9.283998
9.294799
9.305317
9.315766
9.326687
9.337703
9.348461
9.359206
9.370541
9.381394
9.391694
9.402174
9.413088
9.42399
9.434445
9.44543
9.457005
9.467391
9.478181
9.489729
9.500659
9.512019
9.524003
9.535333
9.546658
9.558187
9.56851
9.579344
9.58997
9.600489
9.611264
9.621676
9.635894
9.647877
9.659526
9.670859
9.682726
9.694316
9.705114
9.7164
9.727647
9.739166
9.75096
9.762497
9.774461
9.785556
9.7966
9.808583
9.819455
9.830812
9.842061
9.852579
9.864013
9.875396
9.886714
9.897853
9.909147
9.920196
9.932056
9.943254
9.955955
9.972224
9.98657
9.997797
10.00954
10.02123
10.03193
10.04287
10.05406
10.06524
10.07648
10.08728
10.09861
10.10954
10.1206
10.13192
10.14274
10.15355
10.16537
10.17649
10.18673
10.19776
10.2086
10.21888
10.22936
10.23998
10.24988
10.2607
10.27173
10.28214
10.2928
10.30225
10.31323
10.32464
10.33556
10.34665
10.35787
10.36949
10.38058
10.39159
10.40257
10.41385
10.42489
10.43621
10.44718
10.4585
10.46968
10.48073
10.49205
10.50324
10.51497
10.52537
10.5368
10.54795
10.55903
10.57059
10.58176
10.59293
10.60443
10.61537
10.6269
10.6384
10.64976
10.66118
10.6734
10.684
10.69557
10.70711
10.71856
10.73
10.74147
10.75317
10.76418
10.77559
10.78696
10.79812
10.81021
10.82109
10.84623
10.8614
10.87197
10.88282
10.89404
10.90575
10.91689
10.9319
10.94247
10.9525
10.96212
10.97237
10.98347
10.99444
11.00609
11.01726
11.02819
11.03961
11.05032
11.06189
11.07301
11.08386
11.09515
11.10677
11.11747
11.12874
11.13991
11.15102
11.16205
11.17343
11.18446
11.19555
11.20697
11.21823
11.22906
11.24055
11.25143
11.26277
11.27391
11.28506
11.305
11.31565
11.32611
11.33587
11.34622
11.35651
11.36629
11.37689
11.38752
11.39726
11.40794
11.41926
11.43009
11.44156
11.45269
11.46406
11.47512
11.48595
11.49707
11.50856
11.51959
11.5311
11.54183
11.553
11.56416
11.57545
11.5926
11.60331
11.61348
11.62419
11.63889
11.64877
11.65901
11.66868
11.6791
11.68984
11.69995
11.7104
11.72091
11.73538
11.7463
11.75755
11.76793
11.77895
11.79034
11.80102
11.81268
11.82412
11.83456
11.84651
11.8578
11.86852
11.88006
11.89209
11.90275
11.9138
11.92501
11.9354
11.94678
11.95809
11.96871
11.9795
11.99091
12.00115
12.01249
12.02491
12.03556
12.04637
12.05772
12.06808
12.08025
12.09115
12.1023
12.11359
12.12531
12.13653
12.14801
12.15948
12.17047
12.18208
12.19288
12.20416
12.21595
12.22704
12.23756
12.2488
12.26492
12.27671
12.28749
12.2986
12.3097
12.32099
12.33172
12.3426
12.35303
12.36385
12.37494
12.38539
12.39663
12.40735
12.4182
12.42975
12.44039
12.45055
12.46182
12.47293
12.48331
12.49413
12.50525
12.51565
12.52642
12.53674
12.54748
12.55826
12.56965
12.58082
12.5921
12.60282
12.61448
12.62534
12.63641
12.64778
12.65904
12.66997
12.68121
12.69222
12.70388
12.71464
12.72585
12.73738
12.74877
12.76028
12.77207
12.78302
12.7944
12.806
12.81777
12.82881
12.84023
12.8516
12.86293
12.87431
12.88557
12.89691
12.90836
12.91971
12.9313
12.94244
12.95362
12.96904
12.97942
12.98923
12.99936
13.00918
13.01945
13.03033
13.0415
13.05289
13.06378
13.07499
13.08652
13.09743
13.10869
13.11963
13.1309
13.14194
13.15312
13.16441
13.17554
13.1867
13.19779
13.20911
13.22024
13.23152
13.24293
13.25391
13.26503
13.27614
13.28737
13.29841
13.30957
13.32114
13.33195
TARGET DESTROYED 
13.34344
13.35826
13.36773
13.37747
13.38857
13.39984
13.41106
13.42263
13.43298
13.4441
13.45555
13.46644
13.47839
13.48893
13.49997
13.51112
13.52236
13.53357
13.54461
13.55627
13.56702
13.57815
13.58961
13.60041
13.61162
13.62497
13.63396
13.6451
13.65655
13.67188
13.68121
13.69115
13.70024
13.71164
13.72443
13.73378
13.74502
13.75619
13.76739
13.77838
13.78974
13.80148
13.812
13.82322
13.83463
13.84562
13.85675
13.86805
13.87925
13.89019
13.90145
13.91345
13.92371
13.93489
13.94596
13.9573
13.96875
13.97957
13.99074
14.00191
14.01321
14.02443
14.03552
14.04683
14.05827
14.06949
14.08091
14.09221
14.1036
14.11477
14.12616
14.13789
14.14875
14.16001
14.17174
14.1831
14.19412
14.20554
14.21639
14.22761
14.23928
14.24991
14.26112
14.27266
14.28329
14.29479
14.30693
14.31686
14.32835
14.3398
14.35064
14.36649
14.37654
14.38596
14.39589
14.4056
14.41535
14.42585
14.43678
14.44801
14.45921
14.47056
14.48201
14.49282
14.50377
14.51477
14.52614
14.5375
14.54845
14.55964
14.57098
14.58185
14.59334
14.60438
14.61532
14.62694
14.63822
14.64917
14.66011
14.67166
14.68251
TARGET DESTROYED 
14.69396
14.71025
14.72071
14.73083
14.74118
14.75111
14.76133
14.77185
14.783
14.79388
14.80569
14.81696
14.82866
14.83891
14.84969
14.86161
14.87364
14.88496
14.89717
14.90917
14.92111
14.93348
14.94505
14.95718
14.969
14.98072
14.99287
15.0047
15.01635
15.02786
15.04034
15.05179
15.0699
15.08206
15.09411
15.10571
15.11733
15.12886
15.14082
15.15207
15.16375
15.17498
15.1858
15.19696
15.20831
15.21921
15.23029
15.2425
15.25386
15.26598
15.27828
15.28987
15.30162
15.31287
15.32511
15.33705
15.34898
15.36382
15.3785
15.39315
15.40834
15.42349
15.43887
15.45285
15.46685
15.48194
15.49564
15.50715
15.51854
15.52958
15.54077
15.55194
15.56291
15.57407
15.58536
15.59779
15.60924
15.62435
15.6353
15.64639
15.65761
15.6683
15.68064
15.69231
15.70333
15.71857
15.73056
15.74238
15.75427
15.76617
15.77755
15.79482
15.80733
15.8166
15.82665
15.83656
15.84616
15.85563
15.86573
15.87609
15.88714
15.89811
15.90948
15.92071
15.93159
15.94277
15.95485
15.96504
15.97639
15.988
15.99867
16.0098
16.02113
16.03206
16.04326
16.05477
16.06592
16.07675
16.08824
16.09927
16.11072
16.12263
16.13426
16.1466
16.15913
16.17054
16.18243
16.19389
16.20623
TARGET DESTROYED 
16.21778
16.23475
16.2477
16.25949
16.27097
16.28275
16.29465
16.30699
16.31839
16.33006
16.34235
16.35467
16.36658
16.37882
16.39233
16.40549
16.41763
16.42991
16.44205
16.45415
16.46468
16.47525
16.48539
16.49554
16.51129
16.52393
16.53508
16.54603
16.55731
16.56843
16.57965
16.59101
16.60167
16.61334
16.62449
16.63532
16.64674
16.65782
16.66876
16.68002
16.69146
16.70243
16.71357
16.72483
16.73593
16.74715
16.75811
16.76943
16.78052
16.79172
16.80289
16.81411
16.8252
16.83647
16.84806
16.8587
16.86998
16.88115
16.89217
16.90358
16.91459
16.92581
16.93682
16.94836
16.9596
16.97083
16.9817
16.99324
17.00526
17.01643
17.02768
17.04014
17.05088
17.06219
17.0738
17.08568
17.0967
17.10832
17.11953
17.13138
17.14283
17.15439
17.16549
17.17655
17.18766
17.20505
17.21513
17.2262
17.23635
17.24697
17.25816
17.26833
17.27882
17.28911
17.29973
17.31013
17.32073
17.33075
17.34071
17.35087
17.36134
17.37274
17.38366
17.39526
17.40624
17.41732
17.42837
17.43972
17.45062
TARGET DESTROYED 
17.46189
17.47684
17.48907
17.49998
17.50997
17.5207
17.53086
17.54077
17.55154
17.56244
17.57359
17.58477
17.59602
17.6072
17.61831
17.62984
17.64334
17.65325
17.66301
17.67428
17.68566
17.69733
17.70878
17.72102
17.73155
17.74511
17.75525
17.76566
17.77681
17.78854
17.79935
17.81045
17.82185
17.83299
17.84422
17.85555
17.86659
17.87787
17.88979
17.90639
17.91742
17.93004
17.94172
17.95355
17.96506
17.97641
17.98754
17.99851
18.00986
18.02135
18.0322
18.04307
18.05399
18.06546
18.0766
18.08758
18.09913
18.11039
18.12116
18.13239
18.14342
18.15494
18.16586
18.17726
18.18829
18.19926
18.21013
18.22183
18.23268
18.2445
18.25615
18.26747
18.27851
18.28983
18.30093
18.31179
18.3227
18.33399
18.34463
18.35574
18.36685
18.37805
18.3894
18.4005
18.41224
18.42357
18.43479
18.44632
18.45788
18.46935
18.48086
18.49239
18.50379
18.51533
18.52672
18.53854
18.54928
18.56132
18.57297
18.58459
18.60187
18.61327
18.62445
18.63551
18.64633
18.65835
18.66893
18.68027
18.69134
18.70263
18.7144
18.72591
18.73665
18.74772
18.75938
18.77059
18.78141
18.79299
18.804
18.81473
18.82631
18.83745
18.84824
18.85952
18.87068
18.88146
18.89253
18.90331
18.91409
18.92524
18.93638
18.94746
18.95873
18.96989
18.98102
18.99243
19.00404
19.01517
19.02646
19.03859
19.04947
19.06075
19.07246
19.08363
19.09491
19.1067
19.11789
TARGET DESTROYED 
19.1294
19.14527
19.15747
19.16922
19.18074
19.19278
19.20546
19.21743
19.22845
19.23959
19.24988
19.26102
19.27277
19.28941
19.30096
19.31231
19.32378
19.33443
19.34555
19.35687
19.36784
19.38006
19.39118
19.40194
19.41279
19.42393
19.43566
19.44716
19.45859
19.46935
19.48031
19.49165
19.50309
19.5142
19.52503
19.53538
19.54626
19.55738
19.56792
19.57932
19.5905
19.60104
19.61207
19.62708
19.63727
19.64764
19.65929
19.66965
19.68054
19.69161
19.70205
19.71294
19.72771
19.73946
19.75179
19.76276
19.77439
19.78555
19.79646
19.80778
19.81894
19.83014
19.84221
19.85287
19.86355
19.87478
19.88579
19.89699
19.90823
19.91945
19.93132
19.9422
19.95296
19.96411
19.97535
19.99265
20.00413
20.01496
20.0256
20.03638
20.04742
20.05839
20.06925
20.08015
20.09167
20.10199
20.11285
20.12392
20.13448
20.14537
20.15707
20.16769
20.17827
20.18926
20.20019
20.21093
20.22207
20.23256
20.24372
20.25519
20.26614
20.27739
20.28914
20.29958
20.31069
20.32219
20.33322
20.34436
20.3558
20.36668
20.37816
20.38955
20.40099
20.41256
20.42364
20.43525
20.44641
20.45762
20.46911
20.4804
20.49209
20.50283
20.51438
20.52562
20.53728
20.54835
20.55968
20.57124
20.58257
20.59376
20.60613
20.61657
20.62806
20.63943
20.65025
20.66135
20.67277
20.68908
20.70038
20.71264
20.72372
TARGET DESTROYED 
20.73473
20.75143
20.76344
20.77634
20.78984
20.802
20.81346
20.82462
20.83539
20.84676
20.85788
20.86892
20.87977
20.89138
20.90207
20.91364
20.92489
20.93572
20.947
20.9582
20.96918
20.98046
20.99154
21.00318
21.01433
21.02522
21.03625
21.04756
21.05893
21.07005
21.08098
21.10155
21.11286
21.12437
21.13542
21.1464
21.15849
21.17047
21.18146
21.19258
21.204
21.21533
21.22727
21.23862
21.24975
21.26149
21.27288
21.28392
21.29539
21.3068
21.31799
21.32928
21.34092
21.35209
21.36317
21.37449
21.38596
21.40276
21.41424
21.42666
21.43897
21.45022
21.46134
21.47241
21.48354
21.49526
21.50682
21.51768
21.52858
21.53953
21.55003
21.56121
21.57251
21.58361
21.59469
21.6062
21.61717
21.62871
21.64336
21.6539
21.66468
21.67549
21.68546
21.69617
21.70716
21.71759
21.72881
21.7435
21.75468
21.76586
21.77671
21.7897
21.80074
21.81183
21.8234
21.83496
21.84661
21.85846
21.86959
21.88077
21.89226
21.90313
21.91398
21.92553
21.9361
21.94714
21.95948
21.97058
21.98217
21.99349
22.00493
22.01591
22.02744
22.03909
22.0504
22.0611
22.07203
22.08377
22.10005
22.11144
22.12346
22.13455
22.14549
22.15702
22.16894
22.18019
22.19207
22.20277
22.21383
22.22549
22.23616
22.24746
22.25879
22.27001
22.28117
22.29301
22.30424
22.31557
22.32673
22.33779
22.34878
22.36065
22.37188
22.38267
22.39457
22.40578
22.4165
22.42813
22.43986
22.45091
22.4622
22.47377
22.4846
22.49562
22.50783
22.5188
22.53018
22.54225
22.55342
22.56466
22.57623
22.58751
22.59937
22.61129
22.62265
22.63387
22.64473
22.65599
22.66739
22.67867
22.69007
22.70093
22.71219
22.7235
22.73473
22.74603
22.75728
22.7685
22.77973
22.79639
22.8085
22.8192
22.83071
22.84187
22.85282
22.86477
22.87596
22.88708
22.89866
22.91004
22.92109
22.93298
22.94427
22.95566
22.96666
22.97755
22.98876
22.99998
23.01164
23.02331
23.03454
23.04694
23.06632
23.07851
23.08962
23.10111
23.11252
23.12388
23.13626
23.14881
23.16043
23.17208
23.18333
23.19426
23.20545
23.21673
23.22777
23.23902
23.25043
23.26161
23.27333
23.28495
23.29604
23.30751
23.31887
23.32988
23.34126
23.35256
TARGET DESTROYED 
23.36354
23.38876
23.40092
23.41283
23.42456
23.45005
23.46297
23.47423
23.48591
23.49703
23.5083
23.5192
23.52975
23.54017
23.55024
23.5614
23.57206
23.58317
23.59437
23.60564
23.61646
23.63052
23.64159
23.65168
23.66268
23.6733
23.68375
23.69476
23.70622
23.71703
23.72813
23.73984
23.75056
23.76172
23.77313
23.78407
23.81928
23.83084
23.84288
23.85387
23.86483
23.8753
23.88551
23.89724
23.908
23.91841
23.92935
23.94048
23.95177
23.9627
23.97403
23.98512
23.99634
24.00749
24.01905
24.02983
24.04109
24.05226
24.06395
24.07482
24.08555
24.09669
24.10811
24.11938
24.13072
24.142
24.1527
24.16412
24.18045
24.19174
24.20246
24.21324
24.22477
24.235
24.24561
24.25675
24.26705
24.27807
24.28931
24.30055
24.31182
24.32265
24.33307
24.34402
24.35586
24.36656
24.37761
24.38864
24.39894
24.40973
24.42098
24.43208
24.444
24.45572
24.46664
24.4778
24.48961
24.5002
24.5115
24.52268
24.53371
24.54535
24.55741
24.5681
24.57967
24.59147
24.60258
24.61325
24.62459
24.63559
24.6472
24.65879
24.66992
24.68141
24.69258
24.70391
24.71492
24.72635
24.73842
24.74928
24.76031
24.77203
24.79057
24.80287
24.8145
24.82622
24.83792
24.84863
24.85995
24.87347
