0.02
0.04
0.14
0.1773975
0.1918214
0.202157
0.2127293
0.2224336
0.2321885
0.2427336
0.2536761
0.2650707
0.2761785
0.2872699
0.2988451
0.3166813
0.3262932
0.3357527
0.3455295
0.3553405
0.3654349
0.376978
0.3877739
0.3988903
0.4106298
0.4213561
0.4330246
0.4437937
0.4551119
0.4660368
0.4775382
0.488244
0.4994377
0.5109202
0.5219018
0.5331402
0.5442618
0.5553041
0.5663467
0.5776547
0.5889151
0.6006318
0.6118666
0.6223305
0.6336266
0.6450269
0.6558293
0.6669034
0.6784506
0.6892858
0.7004965
0.7120819
0.7228096
0.7341053
0.7453427
0.7563642
0.7684122
0.7789614
0.7902293
0.8010833
0.8123209
0.8236533
0.8345833
0.8458746
0.8568948
0.8681482
0.8793949
0.8959588
0.9066489
0.9174939
0.9293421
0.9402385
0.9512102
0.9626006
0.973563
0.9846448
0.9959854
1.007493
1.018551
1.030529
1.040733
1.051738
1.062908
1.074093
1.089117
1.099605
TARGET DESTROYED 
1.109482
1.126714
1.136447
1.147475
1.159127
1.169733
1.181066
1.192032
1.203247
1.214354
1.225512
1.236748
1.248409
1.266364
1.277398
1.286692
1.29644
1.305693
1.315595
1.326159
1.337072
1.348436
1.359744
1.370688
1.381861
1.393417
1.404374
1.415513
1.426747
1.437795
1.448982
1.46033
1.47234
1.483245
1.494235
1.504736
1.515864
1.527276
1.538202
1.549688
1.560802
1.571899
1.582856
1.594174
1.605332
1.616337
1.627914
1.638728
1.650162
1.66174
1.673019
1.684352
1.695936
1.707271
1.719043
1.730223
1.741505
1.753016
1.76437
1.775934
1.787144
1.798719
1.810158
1.821157
1.835544
1.844966
1.855131
1.866194
1.877868
1.888828
1.899784
1.911256
1.922172
1.933346
1.944565
1.956029
1.966733
1.978176
1.989282
2.000315
2.011678
2.022826
2.034151
2.045495
2.056062
2.06743
2.07887
2.08982
2.10086
2.112287
2.12317
2.134639
2.14589
2.156988
2.167974
TARGET DESTROYED 
2.179325
2.193676
2.209979
2.220847
2.230831
2.241986
2.253081
2.264169
2.275387
2.28664
2.298668
2.308942
2.320124
2.331315
2.342548
2.353859
2.364674
2.376004
2.387074
2.398257
2.409685
2.420777
2.431882
2.443216
2.454112
2.465182
2.476712
2.487634
2.49893
2.510438
2.521187
2.532248
2.543895
2.554591
2.565884
2.577383
2.59245
2.603711
2.614111
2.62369
2.633776
2.64445
2.655796
2.667436
2.678884
2.690049
2.701567
2.713481
2.724401
2.735808
2.747472
2.758377
2.769563
2.781106
2.791852
2.803164
2.814199
2.825708
2.836557
2.847844
2.858901
2.870314
2.881244
2.892387
2.903402
2.914824
2.926224
2.937065
2.948242
2.960292
2.971161
2.982345
2.993723
3.004953
3.016022
3.027623
3.038854
3.050419
3.061886
3.072749
3.083946
3.095602
3.106637
3.117984
3.129373
3.140738
3.151634
3.163002
3.173996
3.18521
3.196586
3.20757
3.218538
3.229951
3.240946
3.25228
3.263346
3.2745
3.285649
3.297173
3.307974
3.319183
3.330357
3.341677
3.352712
3.367397
3.377522
3.387091
3.397076
3.406758
3.417945
TARGET DESTROYED 
3.429368
3.443113
3.453363
3.469715
3.480908
3.493226
3.504134
3.515404
3.526734
3.53759
3.549092
3.560105
3.571132
3.582891
3.59368
3.604914
3.616659
3.628348
3.639359
3.65141
3.662899
3.673618
3.684854
3.696292
3.707314
3.718311
3.729691
3.740532
3.751423
3.762869
3.773645
3.784945
3.796255
3.806901
3.81725
3.82826
3.839196
3.850309
3.862176
3.87329
3.884609
3.896575
3.907533
3.919198
3.930524
3.941758
3.953008
3.964984
3.976093
3.987568
3.99875
4.010633
4.021624
4.033447
4.044684
4.055887
4.0669
4.078903
4.08985
4.100986
4.112428
4.127362
4.136769
4.146929
4.156527
4.166506
4.177763
4.188359
4.199598
4.210999
4.222164
4.233293
4.244782
4.255461
4.266578
4.278215
4.288894
4.300095
4.311658
4.322488
4.333598
4.344995
4.35602
4.367033
4.378675
4.389765
4.400572
4.412115
4.423083
4.434147
4.445781
4.456498
4.467752
4.479086
4.490277
4.501477
4.51297
4.5241
4.535469
4.547192
4.558134
4.569604
4.580576
4.592048
4.603209
4.614583
4.626611
4.637105
4.648637
4.660174
4.670843
4.681948
4.692993
4.704438
4.715421
4.726909
4.737785
4.748822
4.760383
4.771373
4.782367
4.793951
4.804764
4.81595
4.827404
4.838192
4.84952
TARGET DESTROYED 
4.861368
4.874672
4.889253
4.899779
4.909034
4.918847
4.928274
4.937613
4.947154
4.956476
4.967298
4.979136
4.989926
5.001051
5.012415
5.028064
5.038866
5.049144
5.058542
5.068483
5.079155
5.090224
5.10144
5.11275
5.123854
5.134863
5.14652
5.157248
5.168839
5.179812
5.190704
5.201876
5.21325
5.224208
5.235445
5.246797
5.25771
5.269013
5.280108
5.291273
5.302528
5.313568
5.325046
5.336122
5.347117
5.358339
5.36938
5.380641
5.392895
5.402903
5.414356
5.426003
5.437259
5.448774
5.460458
5.471681
5.483291
5.494649
5.5058
5.517232
5.528933
5.539898
5.551642
5.562939
5.574244
5.585834
5.596879
5.614331
5.623973
5.633788
5.643647
5.658639
5.668242
5.678503
5.688021
5.69799
5.707671
5.717484
5.727145
5.738084
5.749258
5.760741
5.771658
5.78271
5.794492
5.805014
5.816421
5.827739
5.83855
5.849958
5.861305
5.872103
5.883211
5.898383
5.908241
5.917497
5.9283
5.939707
5.95072
5.961679
5.97269
5.983712
5.995258
6.006156
6.01729
6.028914
6.040128
6.050753
6.062141
6.073241
6.08471
6.096008
6.108255
6.119035
6.130411
6.141876
6.153442
6.164688
6.176636
6.187767
6.1992
6.210662
6.221719
6.232863
6.244197
6.2553
6.266734
6.278079
6.289706
6.300523
6.311935
6.323248
6.334279
6.346125
TARGET DESTROYED 
6.356899
6.370468
6.380192
6.390978
6.40223
6.413337
6.428303
6.444306
6.454982
6.4644
6.475263
6.487203
6.497615
6.508773
6.520151
6.531121
6.543156
6.553416
6.564636
6.575753
6.587176
6.598881
6.609604
6.620498
6.631642
6.643276
6.653916
6.665184
6.676729
6.687473
6.698887
6.710261
6.721233
6.732131
6.743807
6.75448
6.765989
6.777075
6.788026
6.799135
6.810708
6.821715
6.83262
6.844019
6.855106
6.866228
6.877818
6.889046
6.900726
6.912181
6.923799
6.934796
6.946436
6.95775
6.969382
6.980787
6.992342
7.003663
7.015436
7.026926
7.038258
7.049404
7.061605
7.072201
7.083445
7.094785
7.105718
7.116787
7.128419
7.139483
7.150311
7.161782
7.172771
7.184054
7.195377
7.210394
7.220146
7.229633
7.238876
7.249106
7.260595
7.271385
7.282488
7.294084
7.304847
7.316104
7.327472
7.338593
7.350016
7.361267
7.372069
7.383016
7.39467
7.405692
7.41657
7.428105
7.439132
7.450414
7.462233
7.472523
7.483593
7.495129
7.505976
7.518197
7.528997
7.539874
7.550809
7.561923
7.573176
7.584632
7.596138
7.607076
7.618485
7.630419
7.641315
7.65249
7.664423
7.675179
7.686383
7.697815
7.708941
7.720192
7.731488
7.742551
7.753544
7.76493
7.776138
7.787023
7.79835
7.809764
7.820741
7.831812
7.843494
7.854198
7.865296
7.876565
7.88771
7.898909
7.910389
7.921228
7.932246
7.943979
7.95475
7.965927
7.97719
7.988238
8.00364
8.014281
8.023696
8.033129
8.042474
8.052836
8.064161
8.075398
8.086395
8.09764
8.108935
8.119947
8.131162
8.142764
8.153402
8.165005
8.176019
8.186936
8.198141
TARGET DESTROYED 
8.209405
8.222529
8.231962
8.243056
8.254062
8.265256
8.276458
8.287392
8.298843
8.310207
8.321323
8.337518
8.349152
8.358837
8.368127
8.377359
8.386646
8.397818
8.409018
8.419991
8.431335
8.442515
8.453554
8.46478
8.476308
8.487084
8.498356
8.50961
8.520632
8.531727
8.543195
8.554193
8.565188
8.576644
8.587434
8.598739
8.609997
8.621084
8.632738
8.643761
8.654544
8.665631
8.677179
8.688122
8.69946
8.710855
8.721997
8.733444
8.745015
8.755988
8.767927
8.778952
8.793735
8.8031
8.812898
8.824349
8.83573
8.847279
8.858418
8.869886
8.88083
8.891979
8.903035
8.914359
8.925512
8.936739
8.948071
8.959164
8.970656
8.981268
8.992481
9.003826
9.014843
9.026225
9.037251
9.04847
9.060093
9.071071
9.081793
9.093158
9.104414
9.115518
9.126967
9.137745
9.148891
9.160371
9.171344
9.182749
9.194421
9.205207
9.216583
9.22826
9.239284
9.250308
9.262144
9.272738
9.283876
9.295345
9.30733
9.317263
9.328774
9.339775
9.351387
9.362305
9.373319
9.38443
9.395913
9.406863
9.418082
9.429336
9.440281
9.451622
9.462645
9.474122
9.484917
9.49616
9.50738
9.518849
9.529765
9.540743
9.552022
9.563149
9.574495
9.585517
9.5968
9.607821
9.622367
9.633165
9.642392
9.652459
9.662239
9.67327
9.684447
9.695715
9.706866
9.717952
9.729468
9.740257
9.751447
9.762854
9.773822
9.784894
9.796274
9.807259
9.818496
9.829792
9.840747
9.85208
9.86325
9.874227
9.885646
9.897072
9.90868
9.919151
9.9303
9.941282
9.95274
9.964289
9.974878
9.986072
9.997436
10.00877
10.02001
10.03149
10.04333
10.0539
10.06537
10.07681
10.08801
10.09924
10.11111
10.12152
10.13286
10.14425
10.15513
10.16639
10.17771
10.18858
10.20012
10.21134
10.22246
10.23332
10.24485
10.2556
10.26723
10.27819
10.28921
10.30031
10.31182
10.32269
10.33384
10.34535
10.35653
10.36741
10.37883
10.38974
10.40085
10.41229
10.42321
10.43442
10.44916
10.45871
10.4682
10.47746
10.48855
10.49974
10.51135
10.52205
10.53334
10.54506
10.55553
10.56687
10.57806
10.58922
10.60024
10.61169
10.6227
10.63384
TARGET DESTROYED 
10.6451
10.66894
10.68756
10.69865
10.70872
10.71984
10.73161
10.7424
10.75379
10.76466
10.77594
10.78707
10.79828
10.80972
10.82079
10.83168
10.84297
10.85419
10.86534
10.87668
10.88749
10.89903
10.91025
10.92127
10.93238
10.9439
10.95455
10.96575
10.97785
10.98808
10.99943
11.0107
11.02145
11.03283
11.04416
11.05502
11.0663
11.07777
11.08946
11.09995
11.11133
11.12219
11.13337
11.14491
11.15536
11.16661
11.17828
11.18939
11.20025
11.21164
11.22567
11.23529
11.24531
11.25624
11.26761
11.27873
11.29088
11.30208
11.31387
11.32582
11.33784
11.34931
11.36095
11.37448
11.38445
11.39441
11.40515
11.41628
11.42793
11.43871
11.45005
11.46117
11.47215
11.48653
