0.02
0.04
0.14
0.174373
0.1873382
0.1978531
0.2092605
0.2203378
0.2313493
0.2426482
0.2561752
0.2654094
0.2763828
0.2873558
0.3004753
0.3096038
0.3205023
0.3316175
0.3432648
0.3607508
0.3708207
0.3799559
0.3893814
0.4039496
0.4126138
0.4219803
0.4353058
0.4455852
0.4551547
0.4658978
0.4770033
0.4882246
0.4994077
0.5105979
0.5229591
0.5334438
0.5438153
0.5549827
0.5665309
0.5777414
0.5885255
0.5998315
0.611033
0.6221578
0.6334509
0.6443755
0.6557354
0.6671553
0.6779281
0.6891344
0.7003458
0.7113397
0.7225479
0.7344666
0.7506469
0.7596403
0.7692512
0.7785336
0.7897218
0.8010904
0.8127371
0.8231022
0.8346466
0.8454505
0.856805
0.8678842
0.8790012
0.8911702
0.9024852
0.9136106
0.9250196
0.9360577
0.9471308
0.9583852
0.9694974
0.9808856
0.9917989
1.003287
1.014974
1.025343
1.036991
1.048222
1.058908
1.070184
1.081451
1.092893
1.103536
1.114883
1.126216
1.13784
1.149073
1.160348
1.172147
1.1833
1.194448
1.206943
1.217697
1.228436
1.24053
1.251475
1.262523
1.274072
1.285697
1.296876
1.308039
1.319603
1.330681
1.342296
1.353203
1.364156
1.37545
1.386768
1.398173
1.408929
1.420757
1.43113
1.442433
1.45343
1.46494
1.475888
1.4877
1.498301
1.513759
1.523637
1.532623
1.542139
1.551987
1.562701
1.573916
1.585192
1.598493
1.607948
1.618854
1.629887
1.640858
1.652272
1.663171
1.674418
1.6859
1.696838
1.713482
1.724137
1.7339
1.743687
1.754273
1.763891
1.773961
1.785389
1.796634
1.807709
1.818925
1.82991
1.841072
1.852483
1.863516
1.874582
1.885791
1.896987
1.908021
1.919475
1.930429
1.941637
1.952808
1.96392
1.975196
1.986273
1.997807
2.015239
2.027718
2.038654
2.050501
2.060549
2.072194
2.082438
2.092745
2.103384
2.113296
2.12306
2.13447
2.144606
2.155399
2.167653
2.180315
2.192507
2.202798
2.212398
2.222648
2.238013
2.248152
2.257673
2.267297
2.280651
2.29089
2.300973
2.311792
2.322315
2.332246
2.342774
2.353402
2.364514
2.376041
2.38687
2.398296
2.409182
2.420448
2.43151
2.442759
2.454001
2.465165
2.476444
2.487424
2.498609
2.509886
2.520958
2.532218
2.543266
2.554523
2.56557
2.576885
2.588107
2.599038
2.610323
2.621627
2.633386
2.644405
2.655849
2.667875
2.678598
2.69018
2.70163
2.712969
2.724315
2.735995
2.74748
2.758794
2.77012
2.781606
2.79324
2.804974
2.815605
2.827234
2.838215
2.850238
2.861043
2.872245
2.883484
2.898659
2.909556
2.920411
2.93069
2.940783
2.95151
2.961428
2.972057
2.982376
2.992509
3.003957
3.014313
3.024612
3.035795
3.047856
3.058316
3.069306
3.080267
3.091775
3.103125
3.113988
3.125028
3.136244
3.147313
3.158569
3.169618
3.180891
3.191892
3.20336
3.214325
3.225614
3.236827
3.248408
3.259405
3.270282
3.281522
3.293117
3.304414
3.315681
3.327228
3.338425
3.349872
3.361138
3.372472
3.384131
3.395193
3.40687
3.418563
3.430516
3.44133
3.45254
3.463285
3.474687
3.486107
3.497514
3.508766
3.520139
3.531037
3.542488
3.553493
3.569153
3.579264
3.58996
3.603388
3.614433
3.626761
3.637993
3.649051
3.660482
3.672239
3.682719
3.69369
3.704877
3.716223
3.728224
3.739174
3.749681
3.760763
3.771918
3.784637
3.795606
3.806297
3.817906
3.827739
3.838836
3.850778
3.861292
3.872559
3.884294
3.898415
3.908966
3.919256
3.928897
3.939342
3.951288
3.9618
3.973131
3.984447
3.99929
4.010655
4.021722
4.032024
4.043972
4.056397
4.067273
4.078396
4.089925
4.100598
4.111511
4.122397
4.13277
4.143744
4.154662
4.165423
4.17627
4.188152
4.198798
4.214952
4.226768
4.237639
4.248907
4.2608
4.272264
4.282899
4.294672
4.306447
4.317203
4.32841
4.33939
4.351111
4.362809
4.375201
4.38685
4.397519
4.408618
4.420312
4.431419
4.44223
4.453504
4.464405
4.475743
4.48719
4.497933
4.509449
4.520489
4.531394
4.542804
4.554106
4.564891
4.576132
4.587828
4.598532
4.609645
4.620787
4.632055
4.643231
4.654519
4.66622
4.67753
4.689156
4.699538
4.710377
4.721447
4.733005
4.745215
4.756471
4.76722
4.778514
4.789707
4.800463
4.811772
4.823405
4.834011
4.845462
4.857261
4.868119
4.885239
4.897142
4.908071
4.919866
4.930906
4.942381
4.954284
4.964895
4.976037
4.987738
4.998815
5.010425
5.022061
5.034718
5.046372
5.057895
5.069151
5.080071
5.091682
5.103013
5.114071
5.125264
5.137167
5.148654
5.160142
5.171134
5.182268
5.194023
5.20546
5.2165
5.228486
5.239877
5.2511
5.262894
5.274175
5.285806
5.297346
5.308489
5.320217
5.33117
5.342546
5.354407
5.365284
5.376363
5.38848
5.399295
5.410419
5.421493
5.431818
5.442565
5.453421
5.464073
5.474864
5.486164
5.496807
5.511557
5.523941
5.535555
5.551329
5.561697
5.57232
5.58253
5.59304
5.60406
5.61491
5.626148
5.640928
5.650449
5.660002
5.671031
5.68198
5.69326
5.7043
5.715659
5.72664
5.740836
5.751186
5.761717
5.771741
5.783393
5.793654
5.805621
5.816726
5.8272
5.83842
5.849765
5.860649
5.871896
5.883131
5.894152
5.905293
5.917195
5.927768
5.938962
5.950189
5.961211
5.972452
5.985467
5.995646
6.006663
6.017441
6.02837
6.039334
6.05123
6.061883
6.073166
6.084226
6.096519
6.107446
6.119374
6.130661
6.142177
6.153768
6.165512
6.17708
6.188799
6.200085
6.211678
6.227849
6.238892
6.248635
6.259462
6.270095
6.280354
6.290568
6.300976
6.311435
6.321687
6.331717
6.342552
6.352863
6.36391
6.37505
6.386746
6.397388
6.408622
6.419868
6.431152
6.442208
6.453334
6.464414
6.475787
6.486948
6.497971
6.509079
6.520344
6.531458
6.542951
6.55391
6.564903
6.57618
6.587475
6.598432
6.609849
6.621181
6.632448
6.643643
6.654951
6.666754
6.677763
6.689173
6.701133
6.711882
6.723762
6.734905
6.746188
6.757571
6.769034
6.780511
6.791649
6.803245
6.814447
6.825644
6.837403
6.848617
6.860091
6.87089
6.882125
6.897622
6.908344
6.918993
6.929193
6.9393
6.949756
6.960595
6.97114
6.980914
6.991335
7.001617
7.012661
7.023571
7.035284
7.046313
7.057067
7.068511
7.079653
7.090544
7.101902
7.112826
7.124091
7.137915
7.148288
7.158401
7.169112
7.180309
7.191411
7.202277
7.213435
7.224824
7.235799
7.247005
7.2584
7.269352
7.280712
7.292039
7.303505
7.31484
7.32657
7.337637
7.349031
7.360179
7.37167
7.383102
7.394609
7.405499
7.417797
7.42834
7.439546
7.451531
7.462259
7.473421
7.48524
7.496212
7.507197
7.518735
7.529584
7.540942
7.552516
7.567028
7.576558
7.586514
7.595769
7.606433
7.618039
7.631987
7.64257
7.653274
7.662755
7.673364
7.684685
7.695745
7.707057
7.718344
7.729311
7.740467
7.75175
7.76266
7.773921
7.785934
7.796669
7.807536
7.818871
7.829853
7.841054
7.852285
7.863189
7.87458
7.885656
7.896884
7.907853
7.91929
7.930384
7.94171
7.953532
7.9642
7.975372
7.986917
7.998063
8.009158
8.020484
8.031924
8.043175
8.054314
8.065717
8.077221
8.088405
8.099797
8.110926
8.12189
8.133482
8.144487
8.155366
8.166994
8.17788
8.189059
8.200412
8.215439
8.225915
8.236403
8.246546
8.257367
8.268461
8.278414
8.288799
8.298752
8.309138
8.320122
8.331235
8.343252
8.353784
8.364559
8.375707
8.38712
8.398313
8.409483
8.420876
8.431625
8.442964
8.454053
8.465284
8.476279
8.487705
8.498794
8.509917
8.521102
8.532231
8.543324
8.554509
8.566043
8.577126
8.588181
8.599539
8.610723
8.622092
8.633572
8.644652
8.656065
8.668109
8.678759
8.690137
8.701783
8.71274
8.724303
8.735655
8.746859
8.758291
8.769615
8.780997
8.792174
8.803605
8.814492
8.826024
8.836987
8.848167
8.859431
8.870402
8.881534
8.90055
8.911749
8.922429
8.932887
8.943542
8.955258
8.965831
8.977179
8.988331
8.999655
9.010563
9.021977
9.033018
9.044809
9.055515
9.066671
9.07798
9.088941
9.100076
9.111281
9.122321
9.133577
9.144626
9.155796
9.16726
9.178207
9.189351
9.201215
9.211861
9.222813
9.234416
9.245329
9.256287
9.267946
9.278586
9.289845
9.301189
9.312879
9.323708
9.335451
9.346739
9.358579
9.369612
9.38084
9.392262
9.403821
9.415182
9.426598
9.438028
9.449549
9.460908
9.472497
9.484313
9.495009
9.506403
9.518349
9.5296
9.54604
9.556435
9.565866
9.57546
9.584727
9.594444
9.604783
9.614045
9.625443
9.639089
9.648327
9.658866
9.670564
9.681458
9.692379
9.703524
9.714796
9.7259
9.741218
9.75143
9.763083
9.773438
9.784186
9.795208
9.805896
9.816045
9.826725
9.838153
9.848725
9.860039
9.871201
9.882243
9.893515
9.904823
9.915787
9.927312
9.938556
9.950092
9.961326
9.972692
9.984398
9.995893
10.00698
10.0186
10.02987
10.04145
10.05251
10.06346
10.07447
10.08588
10.09702
10.10826
10.11982
10.13086
10.14228
10.15363
10.1648
10.17617
10.18752
10.20365
10.21418
10.22472
10.23614
10.24539
10.25587
10.26581
10.27676
10.28701
10.29681
10.30736
10.31848
10.32944
10.34064
10.35219
10.36298
10.37415
10.38553
10.39674
10.40801
10.41915
10.42983
10.44122
10.45266
10.4637
10.47545
10.48586
10.49696
10.50822
10.51941
10.53054
10.54169
10.55293
10.56414
10.57522
10.58652
10.59825
10.6093
10.62085
10.63191
10.64327
10.65465
10.66598
10.67745
10.68923
10.70042
10.71179
10.72301
10.73471
10.74574
10.75716
10.76873
10.78051
10.79131
10.80281
10.81395
10.82508
10.84296
10.85325
10.86515
10.87655
10.88737
10.89845
10.90984
10.92329
10.93369
10.94524
10.95604
10.96591
10.97663
10.99227
11.00351
11.01358
11.02353
11.03348
11.04431
11.05508
11.06593
11.08165
11.09253
11.10321
11.1141
11.12406
11.13444
11.1442
11.15534
11.16688
11.1777
11.18907
11.20015
11.21136
11.22275
11.23461
11.24578
11.25708
11.26871
11.2798
11.29126
11.30264
11.31395
11.3253
11.33646
11.34756
11.35861
11.36998
11.38118
11.39215
11.40371
11.41456
11.42569
11.437
11.44825
11.45943
11.47085
11.48223
11.49342
11.50487
11.51623
11.52732
11.539
11.5505
11.56158
11.57288
11.58456
11.59558
11.60689
TARGET DESTROYED 
11.61868
11.64021
11.64995
11.66492
11.67456
11.68436
11.69402
11.70382
11.71406
11.73674
11.74786
11.75832
11.76954
11.78084
11.79202
11.80313
11.81414
11.82538
11.83681
11.84763
11.85878
11.87041
11.88122
11.8924
11.9037
11.91467
11.92594
11.93715
11.94846
11.95938
11.97062
11.98194
11.99296
12.00437
12.01527
12.02675
12.04599
12.05703
12.0671
12.07751
12.08791
12.0977
12.10748
12.11765
12.1275
12.13815
12.14926
12.16043
12.17162
12.18346
12.19385
12.20525
12.21634
12.22777
12.23861
12.24998
12.26097
12.27216
12.28339
12.29912
12.30965
12.32022
12.32997
12.34008
12.35039
12.36148
12.37272
12.38427
12.39524
12.4062
12.4178
12.42859
12.43978
12.45107
12.4621
12.47353
12.48529
12.49674
12.50789
12.51962
12.53092
12.5423
12.55367
12.56483
12.57614
12.58739
12.59851
12.60952
12.62084
12.63222
12.64351
12.65459
12.66557
12.67696
12.68827
12.69982
12.71131
12.72244
12.734
12.74493
12.75649
TARGET DESTROYED 
12.7682
12.7843
12.7964
12.80782
12.8258
12.8389
12.84919
12.85996
12.87139
12.88269
12.89461
12.90597
12.91749
12.92966
12.9416
12.95858
12.97064
12.98179
12.99329
13.00531
13.01721
13.02962
13.0423
13.05442
13.06551
13.07679
13.08848
13.10014
13.11239
13.12382
13.13629
13.14794
13.15995
13.1726
13.18414
13.19638
13.20829
13.2212
13.23291
13.24513
13.25726
13.27014
13.28234
13.29494
13.30694
13.31928
13.33137
13.34436
13.3566
13.36848
13.38066
13.39305
13.40499
13.41768
13.43022
13.44226
13.45514
13.46803
13.47986
13.49212
13.50344
13.5147
13.5265
13.53815
13.54899
13.56035
13.57132
13.58225
13.59349
13.60497
13.61569
13.62656
13.6419
13.6529
13.66423
13.68016
13.69125
13.70233
13.71305
13.72441
13.74009
13.75192
13.76391
13.77596
13.78901
13.8027
13.81458
13.82719
13.83989
13.85283
13.86476
13.87768
13.88863
13.8994
13.91013
13.9209
13.93154
13.94142
13.95195
13.96227
13.97301
13.98344
13.99409
14.00483
14.01568
TARGET DESTROYED 
14.0269
14.04279
14.05494
14.07167
14.08369
14.0944
14.10482
14.11507
14.12647
14.13772
14.1488
14.15983
14.17117
14.18214
14.19372
14.20513
14.2163
14.22728
14.23836
14.24915
14.26051
14.27231
14.28339
14.29416
14.30519
14.31641
14.33305
14.34468
14.3555
14.36637
14.37771
14.38881
14.40075
14.41257
14.42433
14.4368
14.44848
14.45959
14.47205
14.48404
14.49617
14.50816
14.52143
14.53359
14.54658
14.55829
14.571
14.58254
14.59476
14.60684
14.61886
14.63115
14.64321
14.65507
14.6675
14.67975
14.69201
14.70432
14.71659
14.72856
14.7412
14.75218
14.76353
14.77633
14.78893
14.80139
14.81531
14.82851
14.8416
14.85452
14.86636
14.87853
14.89115
14.90392
14.91594
14.94777
14.96101
14.97434
14.98699
14.99935
15.01145
15.02422
15.03734
15.05595
15.0689
15.0805
15.09276
15.10478
15.11615
15.12701
15.13797
15.14808
15.15846
15.16961
15.17949
15.18999
15.20024
15.21077
15.2215
15.23223
15.24329
15.25461
15.26576
15.27691
15.28838
15.29922
15.31039
15.32155
15.33286
15.34381
15.35493
15.36647
15.37751
15.38935
15.39988
15.41254
15.42389
15.43573
15.44669
15.45761
15.46881
TARGET DESTROYED 
15.47967
15.49554
15.50787
15.51953
15.53028
15.54168
15.55208
15.56214
15.57285
15.58322
15.59349
15.60426
15.62522
15.63857
15.65042
15.66258
15.6748
15.6866
15.69882
15.71157
15.73017
15.74306
15.75605
15.76823
15.77999
15.79177
15.80442
15.81742
15.83028
15.84245
15.85549
15.86765
15.87985
15.89207
15.90479
15.91766
15.93006
15.94281
15.9558
15.96945
15.98194
15.99432
16.00792
16.02005
16.03262
16.04523
16.05755
16.07073
16.08228
16.09424
16.10714
16.12006
16.13201
16.14432
16.15691
16.16956
16.18197
16.19402
16.20661
16.21944
16.23137
16.24448
16.25636
16.26822
16.28005
16.29226
16.30468
16.31623
16.32721
16.33811
16.34951
16.36159
16.37317
16.38525
16.39661
16.4085
16.42079
16.43853
16.4502
16.46127
16.47359
16.48463
16.49589
16.50795
16.51993
16.53115
16.5438
16.55525
16.56726
16.57953
16.59107
16.6027
16.61446
16.62545
16.63638
16.64749
16.66161
16.67614
16.69063
16.7055
16.72
16.73432
16.7491
16.7637
16.77918
16.79341
16.80844
16.82314
16.8378
16.85292
16.86749
16.88204
16.89688
16.91137
16.92545
16.93996
16.95246
16.96356
16.9749
16.98685
16.99825
17.01005
17.02174
17.03296
17.04537
17.05722
17.06893
17.08047
17.09184
17.10415
TARGET DESTROYED 
17.11551
17.13192
17.14424
17.15569
17.17267
17.19094
17.20444
17.21575
17.22731
17.2393
17.251
17.26236
17.2737
17.28501
17.29622
17.30724
17.31884
17.32993
17.34117
17.35287
17.36399
17.37521
17.38708
17.39918
17.41061
17.42178
17.4328
17.44436
17.45562
17.46638
17.47758
17.4888
17.50012
17.51153
17.52305
17.53392
17.54547
17.55696
17.57981
17.59126
17.60272
17.61381
17.62886
17.64135
17.65307
17.66437
17.67592
17.68826
17.70011
17.71187
17.72335
17.73511
17.74669
17.75839
17.77027
17.78265
17.79473
17.80745
17.82073
17.83239
17.84473
17.85718
17.87459
17.88675
17.89847
17.91069
17.92284
17.93498
17.94724
17.95931
17.97159
17.98362
17.99534
18.00835
18.02092
18.03281
18.04531
18.05786
18.06957
18.0811
18.09288
18.105
18.11701
18.12871
18.14089
18.15295
18.16412
18.1762
18.18828
18.19974
18.21222
18.22525
18.23817
18.24965
18.26115
18.27292
18.28473
18.29707
18.30919
18.32127
18.33216
18.34424
18.35641
18.36853
18.38032
18.39231
18.40444
18.41641
18.4291
18.44111
18.45301
18.46461
18.47696
18.48939
18.50114
18.51497
18.52844
18.54236
18.55561
18.56771
18.58519
18.59744
18.60994
18.62733
18.63961
18.65242
18.66476
18.67753
18.6901
18.70253
18.7148
18.72736
18.73987
18.75247
18.76464
18.77612
18.78785
18.79908
18.81141
18.82366
18.83575
18.84761
18.8596
18.87183
18.88459
18.89617
18.90752
18.91976
18.93201
18.94396
18.95643
18.96914
18.98126
18.99347
19.00587
19.01851
19.03059
19.04285
19.05546
19.06724
19.08092
19.09246
19.10378
19.11501
19.12644
19.13775
19.14884
19.1599
19.17111
19.18226
19.19348
19.20496
19.21632
19.2277
19.23904
19.25044
19.26151
19.27288
19.29027
19.30232
19.31356
19.32473
19.33615
19.34814
19.35931
19.37074
19.38202
19.39384
19.40527
19.41627
19.42736
19.43863
19.45022
19.46126
19.47287
19.48473
19.4958
19.50717
19.51888
19.5302
19.54147
19.55212
19.56251
19.57351
19.58392
19.59455
19.60542
19.6158
19.62666
19.64141
19.65305
19.66454
19.67662
19.68788
19.70069
19.71153
19.7225
19.73413
19.74543
19.75685
19.76842
19.77974
19.79903
19.81146
19.82407
19.83619
19.84735
19.86018
19.87224
19.88384
19.89586
19.90767
19.92007
19.93129
19.94284
19.95509
19.96645
19.98376
19.99555
20.00732
20.02008
20.03116
20.0433
20.05546
20.06649
20.07789
20.09037
20.10257
20.1135
20.12474
20.13619
20.14728
20.15885
20.17016
20.18099
20.19207
20.20307
20.21397
20.22611
20.23765
20.24821
20.25883
20.27
20.28097
20.29317
20.30458
20.31575
20.32739
20.3386
20.35036
20.36225
20.37392
20.38628
20.3984
20.41063
20.42241
20.43522
20.44765
20.46131
20.47504
TARGET DESTROYED 
20.48698
20.50488
20.51695
20.52853
20.54102
20.55266
20.56409
20.5757
20.5876
20.59939
20.617
20.63004
20.64234
20.65409
20.66547
20.68309
20.70152
20.72063
20.73918
20.75116
20.7637
20.77548
20.78725
20.79897
20.8112
20.82296
20.83504
20.84634
20.85759
20.86962
20.88083
20.89225
20.90435
20.91675
20.92942
20.94057
20.95213
20.96325
20.97549
20.98753
20.99927
21.01159
21.02325
21.03517
21.04689
21.0585
21.0707
21.08272
21.095
21.10671
21.11913
21.13025
21.14241
21.15385
21.165
21.17705
21.18851
21.19979
21.21182
21.22335
21.23515
21.24635
21.25813
21.27005
21.28115
21.29355
21.30692
21.31941
21.33174
21.34494
21.35678
21.37213
21.38768
21.40246
21.41765
21.43234
21.44761
21.46909
21.48464
21.50011
21.51616
21.53112
21.54531
21.55984
21.57381
21.58797
21.59935
21.61081
21.62622
21.63889
21.65132
21.66329
21.67636
21.68908
21.70199
21.71363
21.72583
21.73859
21.75137
21.76342
21.77524
21.78784
21.80024
21.81261
21.82439
21.83728
21.84986
21.86188
21.87397
21.8865
21.89841
21.91077
21.92286
21.93456
21.94692
21.95873
21.97135
21.98371
21.99598
22.00815
22.02076
22.03245
22.04517
22.05719
22.06916
22.08139
22.09352
22.10538
22.11798
22.12991
22.14188
22.15494
22.16763
22.17935
TARGET DESTROYED 
22.19128
22.22368
22.23726
22.24893
22.26107
22.27319
22.28636
22.29871
22.31153
22.32424
22.3463
22.36106
22.37312
22.38583
22.39794
22.41091
22.42337
22.43551
22.44776
22.46044
22.47342
22.4858
22.49762
22.51014
22.5236
22.53646
22.54842
22.56088
22.57298
22.58558
22.59762
22.60973
22.6231
22.63545
22.64799
22.66007
22.67235
22.68451
22.69678
22.70951
22.72228
22.73476
22.74673
22.759
22.7718
22.78448
22.79684
22.80941
22.82214
22.83468
22.84662
22.85945
22.87204
22.88416
22.89608
22.90797
22.92073
22.9393
22.95282
22.96501
22.97772
22.99054
23.00362
23.01727
23.02937
23.04241
23.05526
23.06744
23.08144
23.0941
23.10659
23.11924
23.13152
23.14347
23.15547
23.1682
23.18104
23.1939
23.20637
23.21908
23.23135
23.2439
23.25644
23.26942
23.2814
23.29397
23.30664
23.31931
23.33131
23.34437
23.35852
23.37122
23.38484
23.39741
23.40986
23.42336
23.43674
23.44858
23.46102
23.47457
23.48731
23.49998
23.51221
23.5245
23.53752
23.55065
23.56289
23.57575
23.58862
23.60085
23.61282
23.62489
23.63719
23.65315
23.66553
23.67744
23.68967
23.70206
23.7146
23.72684
23.7398
23.75629
23.76945
23.78302
23.79745
23.81085
23.8237
23.83691
23.84952
23.86293
23.87613
23.88943
23.90281
23.91484
23.92797
23.94049
23.95377
23.96634
23.97898
23.99376
24.00776
24.02039
24.03255
24.04907
