0.02
0.04
0.14
0.1747778
0.1857572
0.1948975
0.204639
0.2136282
0.222993
0.2340248
0.2450199
0.2561604
0.2673278
0.2786313
0.2901452
0.300696
0.3119315
0.3233485
0.3345785
0.3454909
0.3567604
0.3678566
0.3791049
0.3903612
0.4045589
0.4132822
0.4237762
0.4350011
0.4474203
0.4572769
0.4683828
0.4796214
0.4907542
0.5020564
0.5131311
0.5244958
0.5355259
0.546496
0.5576224
0.569017
0.5800827
0.5911686
0.6026928
0.613722
0.6246344
0.6360097
0.6470276
0.658437
0.6694096
0.6805748
0.6916203
0.7028443
0.7139931
0.7255185
0.7366914
0.7476141
0.7591171
0.7699817
0.7810808
0.7923047
0.8038446
0.8146877
0.8256947
0.8379878
0.8484164
0.8592495
0.8708077
0.8869135
0.8976652
0.909556
0.9203789
0.9311932
0.9423475
0.9539999
0.9653371
0.9761686
0.9881307
0.9990588
1.010328
1.021148
1.032088
1.043623
1.055143
1.066016
1.077131
1.088182
1.098829
1.109964
1.121887
1.132287
1.143469
1.155009
1.165823
1.177221
1.188685
1.199375
1.210483
1.222147
1.232934
1.244055
1.255656
1.266562
1.277451
1.288954
1.300433
1.311188
1.322384
1.333778
1.344607
1.356137
1.366801
1.378327
1.389354
1.400648
1.411587
1.422899
1.434076
1.445108
1.456313
1.467263
1.478653
1.489769
1.501537
1.5166
1.526141
1.536454
1.546524
1.556777
1.56557
1.576466
1.587701
1.601458
1.610909
1.621185
1.632218
1.64345
1.654975
1.666329
1.677269
1.689229
1.699355
1.714993
1.724434
1.733536
1.744056
1.755418
1.766201
1.777401
1.788781
1.799715
1.810976
1.822405
1.83323
1.844735
1.855842
1.866941
1.878173
1.889426
1.900593
1.911874
1.923118
1.934289
1.945281
1.956634
1.967746
1.978808
1.990113
2.001336
2.017905
2.02985
2.039597
2.04899
2.059579
2.070564
2.080743
2.090709
2.099849
2.110729
2.122106
2.133423
2.144378
2.156357
2.167635
2.178406
2.189274
2.20018
2.211287
2.222867
2.23405
2.244931
2.256184
2.267248
2.278226
2.289666
2.301004
2.31205
2.323018
2.334274
2.345435
2.356735
2.367812
2.378893
2.390341
2.401652
2.413083
2.424568
2.435712
2.447252
2.458817
2.470318
2.481369
2.493276
2.504614
2.515765
2.530163
2.539957
2.550237
2.560639
2.572242
2.583539
2.59442
2.605727
2.61678
2.628064
2.638921
2.650423
2.661984
2.673075
2.684272
2.69521
2.706671
2.717256
2.728476
2.739778
2.750713
2.762171
2.773412
2.784407
2.7953
2.806842
2.81771
2.82891
2.840288
2.85132
2.862294
2.873813
2.884826
2.89607
2.907614
2.918602
2.930128
2.941408
2.952437
2.963773
2.975115
2.986471
2.997517
3.008786
3.020106
3.03104
3.042257
3.053697
3.064836
3.075835
3.087523
3.098416
3.10921
3.120858
3.131814
3.143085
3.1544
3.165409
3.176234
3.187953
3.198683
3.209809
3.221073
3.232531
3.243344
3.255425
3.265862
3.27699
3.288252
3.299565
3.310335
3.322009
3.33281
3.343993
3.355358
3.366504
3.377326
3.388967
3.399998
3.411168
3.422848
3.433291
3.444418
3.455909
3.466793
3.478073
3.489408
3.500403
3.511498
3.523088
3.534079
3.544873
3.560497
3.572093
3.582614
3.592763
3.60277
3.613983
3.624912
3.635181
3.645808
3.656338
3.666413
3.677288
3.687671
3.697963
3.709486
3.719712
3.730916
3.741621
3.753421
3.764146
3.775281
3.786384
3.797605
3.808697
3.82021
3.831177
3.842156
3.85391
3.864581
3.875741
3.887396
3.898062
3.909304
3.920942
3.931471
3.943148
3.954485
3.965609
3.976414
3.98808
3.999227
4.010636
4.022174
4.033726
4.044953
4.056221
4.067675
4.078943
4.090364
4.101649
4.118279
4.128877
4.139834
4.150161
4.160185
4.170562
4.180728
4.191103
4.201882
4.212145
4.22233
4.233402
4.244537
4.255834
4.266861
4.278227
4.289449
4.300422
4.311446
4.322866
4.333957
4.345125
4.356475
4.367529
4.378794
4.389935
4.400904
4.412035
4.423407
4.434548
4.445943
4.456746
4.46796
4.47914
4.490392
4.501601
4.513495
4.524506
4.535847
4.547461
4.558572
4.570885
4.586802
4.596757
4.606925
4.617064
4.626693
4.636386
4.647574
4.658591
4.670602
4.680948
4.69225
4.703594
4.715055
4.725726
4.737535
4.747983
4.759301
4.770555
4.781655
4.792602
4.80422
4.81529
4.826658
4.837765
4.848656
4.859754
4.871215
4.882113
4.893256
4.904665
4.916014
4.92688
4.938114
4.94948
4.960643
4.972445
4.983738
4.994702
5.006135
5.017426
5.028853
5.040144
5.051679
5.062868
5.074385
5.085577
5.096833
5.108309
5.119668
5.13087
5.142614
5.153743
5.165232
5.175738
5.187119
5.198139
5.209401
5.220525
5.231683
5.242793
5.254282
5.265287
5.277087
5.28768
5.298881
5.309776
5.321448
5.332236
5.34343
5.354935
5.365729
5.376919
5.38906
5.39933
5.410293
5.421642
5.432893
5.444162
5.455558
5.466136
5.477486
5.488606
5.499836
5.510985
5.522164
5.533525
5.544576
5.555872
5.566812
5.578392
5.589194
5.60417
5.614377
5.624629
5.6343
5.644836
5.654981
5.665127
5.676283
5.687638
5.698668
5.710071
5.721047
5.732195
5.74324
5.754583
5.766157
5.776792
5.788309
5.799153
5.810392
5.821681
5.832674
5.843915
5.855158
5.8662
5.877363
5.888717
5.899721
5.910718
5.922374
5.933229
5.944448
5.955798
5.967053
5.978356
5.989443
6.000652
6.011877
6.023318
6.034726
6.045847
6.058088
6.068312
6.080314
6.090997
6.102339
6.113848
6.125155
6.13656
6.147581
6.158605
6.170309
6.181214
6.192302
6.203807
6.21457
6.225838
6.237547
6.248169
6.259223
6.270884
6.281925
6.292662
6.304353
6.315265
6.3263
6.338109
6.348791
6.359908
6.371431
6.381991
6.393547
6.40477
6.415818
6.426726
6.438409
6.449288
6.460433
6.471679
6.482746
6.494048
6.505413
6.516179
6.527351
6.538707
6.550126
6.561203
6.572281
6.58321
6.595243
6.605742
6.616862
6.632236
6.642817
6.652987
6.663073
6.673501
6.683569
6.693468
6.704538
6.715037
6.72618
6.736832
6.747371
6.758498
6.769825
6.780938
6.791941
6.803355
6.8146
6.825533
6.83721
6.847934
6.859273
6.870663
6.881643
6.892579
6.904073
6.915121
6.926248
6.937546
6.948429
6.959596
6.971201
6.982107
6.993487
7.004702
7.015961
7.027037
7.038786
7.049864
7.061199
7.072907
7.08401
7.095083
7.106638
7.117821
7.129214
7.14083
7.152478
7.163031
7.174729
7.185984
7.19734
7.208617
7.219975
7.231053
7.242188
7.253755
7.264415
7.275766
7.287097
7.298214
7.309197
7.320421
7.331731
7.342622
7.354551
7.365688
7.376199
7.387825
7.398954
7.40966
7.421266
7.431964
7.443366
7.454792
7.466009
7.476945
7.488632
7.49914
7.51015
7.521735
7.533021
7.54404
7.555185
7.566132
7.577312
7.588601
7.599772
7.610693
7.622097
7.633353
7.644619
7.661394
7.673322
7.684416
7.695765
7.707162
7.717926
7.729192
7.740558
7.751314
7.762455
7.774238
7.784895
7.796229
7.807539
7.818324
7.829681
7.840944
7.851779
7.863121
7.874371
7.885482
7.896559
7.907675
7.918961
7.930076
7.941293
7.952622
7.963655
7.974872
7.985962
7.997142
8.008208
8.019433
8.030991
8.042314
8.053687
8.065166
8.076268
8.088186
8.09911
8.110967
8.122141
8.133209
8.144873
8.156141
8.167365
8.178696
8.190295
8.201495
8.213122
8.224576
8.235663
8.247148
8.258415
8.270177
8.280989
8.292151
8.30382
8.314455
8.325854
8.337348
8.348114
8.35916
8.370725
8.381598
8.392747
8.40414
8.415215
8.426548
8.437791
8.448578
8.459805
8.471038
8.482
8.493141
8.504961
8.515851
8.52681
8.538176
8.54903
8.560179
8.5719
8.582859
8.593981
8.605579
8.617189
8.627812
8.638844
8.649743
8.66069
8.672105
8.683163
8.694353
8.711507
8.722381
8.735045
8.745926
8.757392
8.769827
8.780692
8.791044
8.801702
8.812947
8.825526
8.837706
8.850488
8.864172
8.877069
8.890278
8.902596
8.91506
8.927485
8.939683
8.951874
8.964647
8.977496
8.990267
9.002581
9.015053
9.027626
9.03782
9.047927
9.058546
9.069135
9.080265
9.091359
9.102681
9.113865
9.124958
9.13628
9.147392
9.15844
9.169826
9.180885
9.192058
9.203727
9.214321
9.225547
9.236696
9.248072
9.259075
9.270475
9.28135
9.29247
9.304042
9.315098
9.326134
9.337523
9.348457
9.35976
9.37086
9.381963
9.393013
9.404508
9.415506
9.426422
9.437728
9.448956
9.460086
9.471571
9.482937
9.49462
9.506001
9.517843
9.529061
9.540518
9.551924
9.563593
9.575018
9.586892
9.598044
9.609182
9.621467
9.632374
9.643773
9.655035
9.666071
9.677441
9.688604
9.699691
9.711354
9.721936
9.733361
9.744881
9.755552
9.7708
9.780626
9.791165
9.800875
9.810951
9.821114
9.831266
9.84246
9.853738
9.865108
9.875875
9.887372
9.898308
9.909398
9.920721
9.931747
9.942678
9.954556
9.965364
9.97642
9.988087
9.998806
10.00979
10.02139
10.03251
10.04334
10.05476
10.06585
10.07693
10.08849
10.09923
10.1104
10.12202
10.13277
10.14414
10.1556
10.1666
10.17792
10.1893
10.20077
10.21191
10.22327
10.23467
10.24597
10.25733
10.26858
10.2797
10.29117
10.30266
10.31394
10.32522
10.33637
10.34737
10.35867
10.3697
10.38093
10.39217
10.40357
10.41472
10.42555
10.43681
10.44794
10.45933
10.4706
10.48146
10.49259
10.50407
10.51523
10.52623
10.5376
10.54853
10.55963
10.57142
10.5819
10.59324
10.60478
10.61594
10.62749
10.63794
10.64904
10.66009
10.67156
10.68283
10.69405
10.7051
10.71603
10.72706
10.73858
10.74963
10.76068
10.77232
10.78317
10.79438
10.8058
10.82109
TARGET DESTROYED 
10.83154
10.84961
10.87346
10.88341
10.89355
10.90406
10.9143
10.9251
10.94396
10.95557
10.96844
10.97906
10.99036
11.00136
11.01256
11.02442
11.03505
11.04605
11.05737
11.06856
11.07978
11.09085
11.10191
11.11304
11.12459
11.13561
11.14659
11.15782
11.16972
11.18011
11.19134
11.20253
11.21378
11.22478
11.23646
11.24711
11.25849
11.26968
11.28083
11.29183
11.30317
11.31415
11.32533
11.3369
11.34779
11.3591
11.37024
11.38116
11.3927
11.40395
11.41481
11.42585
11.43726
11.4486
11.46028
11.47203
11.48377
11.49531
11.50676
11.51812
11.53018
11.54122
11.55308
11.56426
11.57542
11.58753
11.59854
11.60981
11.62304
11.63401
11.64461
11.65524
11.66522
11.67625
11.68784
11.69875
11.71028
11.72108
11.73218
11.74344
11.75508
11.76574
TARGET DESTROYED 
11.77716
11.79651
11.80735
11.81745
11.82806
11.83926
11.85047
11.8619
11.87945
11.89103
11.90123
11.91155
11.92252
11.93278
11.94283
11.95304
11.96369
11.97404
11.98464
11.99579
12.00712
12.01838
12.02925
12.04034
12.05136
12.06251
12.0738
12.085
12.09604
12.10743
12.11842
12.1296
12.14085
12.15202
12.16317
12.17492
12.18557
12.19661
12.20821
12.21896
12.23013
12.24131
12.25244
12.26396
12.27586
12.28673
12.29802
12.30947
12.32157
12.33266
12.34438
12.35543
12.36662
12.37797
12.38961
12.40117
12.4125
12.42391
12.43539
12.44652
12.4579
12.46918
12.48077
12.49228
12.50347
12.51489
12.52566
12.537
12.54811
12.55926
12.57057
12.58152
12.5926
12.60423
12.61508
12.62615
12.63774
12.64855
12.66056
12.67127
12.6822
12.69295
12.70479
12.71558
12.7266
12.73819
12.75418
12.76462
12.77589
12.78603
12.79662
12.80743
12.8178
12.82817
12.83801
12.84805
12.85862
12.86843
12.87873
12.88949
12.90044
12.91157
12.92297
12.93401
12.94507
TARGET DESTROYED 
12.95656
12.97198
12.98905
13.00091
13.01205
13.02359
13.03468
13.04561
13.05708
13.0681
13.07896
13.09022
13.10145
13.11255
13.12406
13.13491
13.14602
13.15732
13.16839
13.17959
13.19069
13.20192
13.21315
13.22448
13.23548
13.24659
13.25787
13.26902
13.28028
13.29126
13.30235
13.31356
13.32482
13.33587
13.34715
13.35836
13.36956
13.38068
13.39185
13.40298
13.41408
13.42542
13.43695
13.44757
13.45903
13.47058
13.48161
13.4934
13.50498
13.51642
13.52782
13.53952
13.55078
13.56239
13.57405
13.58544
13.59715
13.60813
13.61985
13.6327
13.6427
13.6543
13.66488
13.67603
13.68754
13.70258
13.71251
13.72311
13.73687
13.74807
13.76066
13.77219
13.78291
13.79509
13.80655
13.81828
13.82976
13.84135
13.8529
13.86496
13.8765
13.88869
13.90001
13.91161
13.92307
13.93439
13.94545
13.95703
13.96894
13.98
13.99145
14.0039
14.01568
14.02843
14.04076
14.05278
14.06471
14.07716
14.08901
14.10042
14.11212
14.12366
14.1357
14.14739
14.15924
14.17102
14.18227
14.19408
14.20616
TARGET DESTROYED 
14.21772
14.23508
14.24707
14.25856
14.26979
14.28136
14.29369
14.3057
14.31683
14.32801
14.33949
14.35029
14.36139
14.37879
14.39129
14.40185
14.41271
14.42368
14.43526
14.44643
14.45807
14.46881
14.4795
14.4907
14.50146
14.51234
14.52363
14.53508
14.5471
14.55823
14.56895
14.57997
14.59104
14.60765
14.61862
14.62993
14.641
14.65249
14.66465
14.67638
14.68826
14.70005
14.71247
14.72429
14.73558
14.74744
14.75905
14.77069
14.78226
14.79404
14.80576
14.81707
14.8283
14.83991
14.85106
14.86235
14.8742
14.88558
14.89728
14.90932
14.92135
14.93332
14.94448
14.95584
14.96779
14.97893
14.99003
15.0016
15.01283
15.02389
15.0357
15.04688
15.05801
15.06904
15.08014
15.09149
15.10246
15.11367
15.12519
15.13639
15.14771
15.1593
15.17126
15.18263
15.19414
15.20568
15.21715
15.22813
15.23947
15.24968
15.26056
15.27123
15.28209
15.29273
15.30295
15.31332
15.32422
15.33532
15.34663
15.35763
15.36915
15.37993
15.39118
15.40269
15.41437
TARGET DESTROYED 
15.42568
15.44155
15.45886
15.47133
15.48145
15.49192
15.50298
15.51405
15.52586
15.53812
15.5497
15.56137
15.57315
15.58493
15.59713
15.60924
15.62114
15.63281
15.64453
15.66135
15.67495
15.68688
15.69886
15.71196
15.72378
15.73553
15.7483
15.75994
15.77114
15.78218
15.79323
15.805
15.81592
15.82808
15.83951
15.85025
15.86121
15.87171
15.8827
15.89395
15.90543
15.91629
15.92748
15.93899
15.9497
15.96081
15.97281
15.98364
15.99448
16.00568
16.01692
16.02806
16.03919
16.05035
16.0615
16.07277
16.08409
16.09549
16.10674
16.11927
16.1297
16.14031
16.15069
16.16208
16.17354
16.1842
16.19541
16.20655
16.21808
16.22968
16.24074
16.25228
16.26374
16.27529
16.2871
16.29848
16.30967
16.3215
16.3328
16.3445
16.35604
16.37436
16.39245
16.40429
16.41543
16.42718
16.4382
16.44868
16.45975
16.47034
16.48018
16.49051
16.50131
16.51186
16.52248
16.53373
16.54397
16.55991
16.57098
16.58176
16.5927
16.60346
16.61451
16.62559
16.63668
16.64778
16.65942
16.67128
16.68292
16.69452
16.70658
16.71789
16.72969
16.74157
16.75273
16.76533
16.77733
16.78892
16.80103
16.8129
16.82487
16.83732
16.84987
16.86189
16.87408
16.88626
16.89866
16.91073
16.92303
16.93442
16.94556
16.9576
16.9695
16.98106
16.9928
17.00497
17.01656
17.02955
17.04169
17.0534
17.06533
17.07713
17.0891
17.10048
17.11245
17.12484
17.13675
17.14836
17.16016
17.17255
17.18422
17.19578
17.20757
17.21913
17.23074
17.24295
17.25462
17.26618
17.27589
17.28547
17.29483
17.30452
17.31411
17.32386
17.33551
17.34607
17.35711
17.36853
17.37953
17.39064
17.40181
17.41304
17.42426
17.43542
17.44646
17.45788
17.47291
17.48236
17.49225
17.50259
17.51351
TARGET DESTROYED 
17.52487
17.5406
17.55104
17.56258
17.57445
17.58426
17.59453
17.60475
17.61456
17.62556
17.6423
17.65407
17.66479
17.67539
17.68593
17.69625
17.70667
17.71719
17.72775
17.73906
17.74901
17.75968
17.77069
17.78179
17.79291
17.80433
17.81524
17.82641
17.83833
17.85034
17.86204
17.87427
17.88543
17.89687
17.90844
17.9194
17.93054
17.9429
17.95465
17.96689
17.97804
17.98925
18.00102
18.01771
18.02938
18.04238
18.05575
18.06756
18.07947
18.09091
18.10231
18.11389
18.12514
18.13635
18.14771
18.15898
18.17046
18.18287
18.19483
18.20736
18.21943
18.23142
18.24422
18.25698
18.27019
18.28296
18.29556
18.3084
18.3205
18.333
18.34557
18.35814
18.37077
18.38308
18.3957
18.40845
18.42126
18.43354
18.44598
18.45657
18.46728
18.47756
18.48811
18.49823
18.50862
18.51899
18.53015
18.54183
18.55276
18.56419
18.57612
18.58783
18.59893
18.61057
18.62686
18.63835
18.64963
18.66163
18.67318
18.68446
18.69641
18.70923
18.72081
18.73154
18.74295
18.75386
18.76534
18.77667
18.78799
18.79895
18.81001
18.82124
18.83198
18.84292
18.85452
18.86578
18.87733
18.88841
18.89934
18.91072
18.92225
18.93351
18.94501
18.9564
18.96782
18.97911
18.99026
19.00096
19.01279
19.02378
19.03532
19.04691
19.05807
19.06898
19.08017
19.09148
TARGET DESTROYED 
19.10262
19.12949
19.14092
19.15195
19.16328
19.17472
19.18628
19.20683
19.22807
19.23944
19.25066
19.2615
19.27265
19.28449
19.2959
19.30752
19.31871
19.33019
19.34169
19.35367
19.36562
19.37705
19.38811
19.39951
19.41106
19.4225
19.43404
19.44613
19.45725
19.46843
19.47979
19.49181
19.50259
19.51439
19.52595
19.53726
19.54855
19.55953
19.57054
19.58142
19.59242
19.60319
19.61412
19.62643
19.63615
19.6475
19.65841
19.66948
19.68091
19.69175
19.70916
19.72054
19.73293
19.74581
19.75782
19.77042
19.78213
19.79444
19.80646
19.81775
19.82922
19.8404
19.85179
19.86287
19.8744
19.88674
19.89813
19.90948
19.92115
19.93184
19.94284
19.95379
19.96577
19.97687
19.98815
19.99948
20.01022
20.02129
20.03268
20.0435
20.05458
20.06547
20.07642
20.08784
20.09882
20.10973
20.12108
20.13213
20.14319
20.1542
20.165
20.17562
20.18727
20.19827
20.20936
20.22
20.23082
20.2418
20.2521
20.26328
20.2774
20.28921
20.29966
20.30993
20.32069
20.33127
20.34181
20.3519
20.36261
20.37406
20.38536
20.39917
