0.02
0.04
0.14
0.1725614
0.1844769
0.1948882
0.2077319
0.2194803
0.2313795
0.243807
0.2549607
0.270338
0.2810127
0.2923806
0.3048531
0.3148133
0.3254434
0.3367437
0.3519131
0.3614582
0.3715622
0.3814949
0.3924666
0.4036495
0.4151999
0.4262179
0.4373536
0.4495556
0.4604388
0.4707125
0.4821067
0.4930556
0.5040832
0.5157909
0.5266054
0.5376885
0.5493506
0.5599393
0.5712415
0.5823926
0.5934227
0.604978
0.6159962
0.626986
0.6384001
0.6495126
0.6606044
0.6715819
0.6830281
0.6939088
0.7052526
0.7165307
0.7275346
0.7388525
0.7498977
0.7612384
0.77241
0.7834023
0.7946782
0.8057506
0.8171224
0.8280483
0.8394467
0.8504906
0.861651
0.8728341
0.8841331
0.8996099
0.9108578
0.9226964
0.9339687
0.9449522
0.9560388
0.9672204
0.9782486
0.9894892
1.000691
1.011806
1.022898
1.034428
1.045316
1.056485
1.067704
1.07915
1.090001
1.101276
TARGET DESTROYED 
1.112255
1.135743
1.145696
1.155236
1.165149
1.17448
1.185734
1.197119
1.207999
1.21963
1.23102
1.25134
1.264711
1.274709
1.286035
1.297403
1.308872
1.319638
1.331166
1.341931
1.352976
1.364439
1.375381
1.386958
1.397724
1.408858
1.420118
1.431472
1.442392
1.453632
1.464806
1.476072
1.487094
1.498605
1.509276
1.52498
1.534924
1.544581
1.555327
1.56546
1.576534
1.587991
1.598904
1.609852
1.62104
1.632484
1.643442
1.654626
1.66606
1.677064
1.688518
1.699707
1.710572
1.721813
1.733506
1.745543
1.756566
1.768082
1.77971
1.790907
1.802405
1.813761
1.824856
1.835894
1.847221
1.858488
1.869518
1.88498
1.894683
1.906426
1.916876
1.926417
1.936221
1.947697
1.959157
1.969842
1.981248
1.992274
2.003319
2.015218
2.025723
2.036814
2.048428
2.059336
2.070309
2.081885
2.092658
2.103734
2.115273
2.126394
2.14033
2.149857
2.159809
2.171225
2.18203
2.193464
2.204306
2.21584
2.22696
2.237923
2.249151
2.260791
2.27193
2.283354
2.294989
2.30597
2.317266
2.329695
2.339833
2.35105
TARGET DESTROYED 
2.36249
2.376005
2.386117
2.39589
2.407191
2.419238
2.429326
2.440712
2.451783
2.463045
2.47419
2.485863
2.502335
2.513812
2.523605
2.53369
2.543443
2.553376
2.564039
2.573579
2.583463
2.592942
2.604367
2.615258
2.626487
2.641242
2.651284
2.661068
2.671085
2.682288
2.693424
2.704579
2.716011
2.727046
2.738162
2.749663
2.760392
2.772037
2.782826
2.794251
2.805115
2.81643
2.827411
2.838683
2.850107
2.860906
2.872092
2.883534
2.894532
2.905569
2.916976
2.928317
2.939595
2.951613
2.962818
2.974079
2.98615
2.9971
3.008213
3.019676
3.031507
3.04258
3.054154
3.065964
3.077115
3.08862
3.099705
3.111424
3.122547
3.133896
3.145159
3.156377
3.167562
3.178755
3.189813
3.201007
3.212191
3.223325
3.234476
3.245811
3.256814
3.268365
3.27926
3.290389
3.301523
3.312673
3.323928
3.335144
TARGET DESTROYED 
3.346659
3.36024
3.37051
3.380583
3.390048
3.401252
3.417022
3.427254
3.443361
3.454537
3.464288
3.475278
3.486543
3.498053
3.50881
3.52005
3.53133
3.542552
3.553652
3.564877
3.575798
3.587315
3.598287
3.609402
3.620687
3.63188
3.642893
3.654048
3.665503
3.676525
3.687725
3.698866
3.709793
3.72115
3.732657
3.743695
3.754701
3.765842
3.777233
3.788202
3.799631
3.810306
3.82174
3.832933
3.8438
3.855065
3.866405
3.877595
3.888571
3.900127
3.910904
3.922394
3.934075
3.945545
3.956923
3.968476
3.98055
3.991458
4.003086
4.014759
4.026
4.03748
4.049352
4.0605
4.071795
4.083358
4.096131
4.10657
4.117276
4.135284
4.146103
4.156914
4.167846
4.179387
4.190135
4.205992
4.217547
4.228389
4.238809
4.249386
4.259728
4.269963
4.280531
4.290989
4.302337
4.31314
4.324377
4.335354
4.346909
4.35775
4.36902
4.38023
4.391241
4.402433
4.413829
4.424841
4.436211
4.447447
4.458392
4.469471
4.481145
4.491825
4.502867
4.514574
4.525689
4.536978
4.548984
4.560099
4.571513
TARGET DESTROYED 
4.582892
4.598066
4.609101
4.619428
4.629676
4.640301
4.651312
4.662414
4.673527
4.685083
4.70203
4.71447
4.724994
4.735633
4.745908
4.756701
4.768046
4.778042
4.788402
4.7996
4.81008
4.820292
4.830569
4.841458
4.851878
4.861816
4.87218
4.882846
4.893903
4.904845
4.916541
4.927465
4.938649
4.9496
4.960827
4.976245
4.986648
4.997139
5.007634
5.018347
5.028459
5.039128
5.050891
5.061917
5.072648
5.083772
5.094916
5.10621
5.117321
5.128476
5.139582
5.151139
5.162076
5.173564
5.185056
5.196291
5.207868
5.219407
5.231016
5.241957
5.253425
5.264942
5.276392
5.287945
5.299172
5.310496
5.321375
5.332442
5.343532
5.355025
5.366626
5.377524
5.389093
5.40012
5.411406
5.422698
5.433987
5.445372
5.456697
5.468773
5.479484
5.490756
5.502087
5.514013
5.524495
5.535467
5.546975
5.558002
5.569412
5.580709
5.59204
5.602552
5.614105
5.625084
5.636093
TARGET DESTROYED 
5.64747
5.663658
5.674614
5.685183
5.695871
5.706227
5.717174
5.727572
5.738168
5.74892
5.764812
5.776653
5.793228
5.804889
5.815478
5.826404
5.836816
5.847311
5.857801
5.869125
5.879532
5.890179
5.901373
5.911542
5.922116
5.932871
5.943849
5.954979
5.966434
5.977299
5.988693
5.999682
6.01076
6.022104
6.033155
6.044527
6.056254
6.066885
6.077825
6.089324
6.100357
6.111402
6.122545
6.133819
6.144823
6.156616
6.167998
6.178368
6.189497
6.200684
6.211998
6.223422
6.234218
6.246165
6.257405
6.268429
6.280948
6.292148
6.303274
6.314822
6.326224
6.337766
6.349422
6.360664
6.372153
6.384161
6.394944
6.40697
6.462161
6.473925
6.485161
6.495412
6.506094
6.517609
6.527976
6.538738
6.55049
6.561993
6.572573
6.588521
6.599852
6.610542
6.621033
6.631725
6.642242
6.652915
6.663386
TARGET DESTROYED 
6.673898
6.68997
6.70113
6.711401
6.722021
6.738916
6.750604
6.761017
6.771492
6.781901
6.792987
6.803864
6.8152
6.826318
6.837569
6.848661
6.859836
6.871038
6.882642
6.895328
6.906138
6.916252
6.926807
6.938016
6.949324
6.960319
6.971449
6.982704
6.993818
7.005016
7.016497
7.027402
7.038771
7.049876
7.060869
7.07195
7.083211
7.094371
7.105513
7.116951
7.127885
7.138997
7.150099
7.161283
7.1725
7.183667
7.195066
7.206104
7.217239
7.2284
7.23946
7.251189
7.261889
7.273464
7.285032
7.297092
7.308465
7.320036
7.331775
7.343136
7.355055
7.37386
7.384178
7.396492
7.407146
7.422988
7.434262
7.444933
7.455379
7.467536
7.477865
7.488821
7.499595
7.50995
7.520935
7.531603
7.542179
7.553076
7.564582
7.575046
7.58589
7.597441
7.60825
7.619266
7.630587
7.641603
7.652772
7.664464
7.675226
7.686395
7.697622
7.708609
7.719999
7.73141
7.742362
7.753396
7.765175
7.776196
7.787602
7.799094
7.81044
7.822255
7.833424
7.8447
7.856487
7.867539
7.878993
7.890475
7.902022
7.913549
7.924558
7.936156
7.94779
7.959242
7.970451
7.982159
7.993006
8.003983
8.01589
8.026582
8.037508
8.048899
8.060326
8.070985
8.082289
8.093486
8.104697
8.116522
8.127077
8.138854
8.150467
8.161062
8.171819
8.184439
8.194811
8.205993
8.217224
8.228248
8.238849
8.250231
8.265857
8.276508
8.287083
8.298255
8.308824
8.320056
8.330909
8.343087
8.355019
8.365804
8.376365
8.387506
8.398816
8.409492
8.420873
8.431951
8.442894
8.454255
8.465199
8.475923
8.486755
8.498674
8.508945
8.519845
8.530556
8.540824
8.553146
8.563684
8.574198
8.584485
8.594507
8.605454
8.615652
TARGET DESTROYED 
8.625854
8.650352
8.660918
8.671428
8.682105
8.694355
8.704862
8.715285
8.725102
8.736376
8.747782
8.759383
8.779578
8.791688
8.803389
8.814781
8.82606
8.836827
8.848305
8.859208
8.870645
8.881758
8.892684
8.904149
8.915338
8.926471
8.937672
8.949042
8.959679
8.970813
8.982473
8.993398
9.004358
9.015706
9.026941
9.037927
9.053577
9.064528
9.074917
9.085242
9.095698
9.106472
9.117349
9.128309
9.13857
9.149775
9.161012
9.172051
9.183239
9.194375
9.205372
9.216908
9.228117
9.238998
9.250262
9.261394
9.272511
9.283961
9.295677
9.307025
9.318879
9.330361
9.341704
9.35314
9.364608
9.375515
9.386809
9.397836
9.409021
9.420459
9.432028
9.442843
9.454329
9.466009
9.477042
9.488273
9.499846
9.511503
9.522182
9.533835
9.545284
9.556674
9.56781
9.578879
9.590016
9.601428
9.612552
9.623797
9.634865
9.646106
9.657096
9.668394
9.679671
9.690573
9.701987
9.713288
9.724102
9.735461
9.747104
9.757676
9.776138
9.787252
9.797828
9.808554
9.819926
9.831102
9.846507
