0.02
0.04
0.14
0.1740502
0.1882659
0.2009328
0.211492
0.2230575
0.2339978
0.2449269
0.2558987
0.2672461
0.2783134
0.2897901
0.3007859
0.3141114
0.3230774
0.334353
0.3453186
0.3567741
0.3679723
0.3788649
0.3900689
0.401456
0.4126616
0.4268109
0.4359015
0.4462939
0.4573262
0.4684828
0.4796717
0.4905478
0.5021169
0.513258
0.5239741
0.5353847
0.5466692
0.5577972
0.5687888
0.5803505
0.591082
0.6023335
0.6140809
0.6245939
0.6359375
0.6471415
0.6583124
0.6695485
0.6807535
0.6915818
0.7030948
0.71426
0.7251987
0.7364123
0.7478027
0.7587962
0.7700134
0.7812341
0.7921863
0.8033206
0.8148262
0.8256347
0.8367617
0.8482537
0.8592046
0.8704618
0.8819789
0.8981114
0.9092664
0.9203051
0.9317119
0.9423532
0.9535271
0.965033
0.9758822
0.9870448
0.9989045
1.009647
1.020877
1.032133
1.042835
1.054873
1.066172
1.07639
1.088097
1.09898
1.109827
1.121054
1.13227
1.143324
1.154781
1.165835
1.176918
1.188195
1.200083
1.21039
1.221761
1.232748
1.24393
1.254997
1.266367
1.27749
1.288759
1.299928
1.311259
1.322275
1.334066
1.344298
1.355578
1.366746
1.378189
1.389218
1.400584
1.411306
1.422619
1.433859
1.444846
1.456128
1.467425
1.478427
1.489789
1.500882
1.512074
1.523106
1.537963
1.548303
1.557434
1.566438
1.577457
1.592147
1.601324
1.61096
1.622153
1.633555
1.644446
1.655897
1.667035
1.677974
1.689609
1.705538
1.716228
1.72594
1.735819
1.744981
1.755017
1.766249
1.777167
1.788538
1.79994
1.810814
1.821842
1.833159
1.844526
1.855587
1.866685
1.877726
1.889117
1.900373
1.911412
1.922489
1.933652
1.944813
1.956112
1.968516
1.978212
1.989565
2.001319
2.011902
2.022947
2.034133
2.045668
2.056575
2.06791
2.079109
2.090492
2.101724
2.113178
2.124566
2.135821
2.147356
2.158631
2.169785
2.181383
2.192385
2.20371
2.215422
2.226427
2.24159
2.252123
2.262023
2.271674
2.281498
2.292103
2.303215
2.31495
2.325836
2.336685
2.348187
2.3591
2.370499
2.381936
2.392432
2.403808
2.415321
2.426345
2.437528
2.449055
2.459483
2.47104
2.482153
2.499578
2.513486
2.524384
2.535452
2.54611
2.557014
2.568228
2.579364
2.590497
2.60168
2.614717
2.626912
2.639731
2.652025
2.663079
2.675395
2.686857
2.697102
2.707918
2.718795
2.733478
2.748144
2.761987
2.775898
2.79008
2.807624
2.82192
2.836373
2.851062
2.865194
2.879705
2.89825
2.913187
2.927716
2.948275
2.963691
2.978754
2.992983
3.00872
3.023797
3.037806
3.053355
3.068156
3.083057
3.097831
3.109162
3.120432
3.130861
3.141866
3.153584
3.164409
3.174548
3.185894
3.196553
3.207215
3.218145
3.229212
3.239656
3.250894
3.261537
3.272266
3.283404
3.294337
3.305467
3.316629
3.328001
3.338957
3.350062
3.361308
3.372602
3.383512
3.394644
3.406161
3.417751
3.428396
3.442337
3.453748
3.464517
3.474768
3.486021
3.496691
3.507369
3.518676
3.529161
3.540257
3.551231
3.562441
3.573713
3.584937
3.596117
3.607725
3.620228
3.634957
3.650657
3.661743
3.674634
3.685532
3.696454
3.707678
3.718863
3.730328
3.741079
3.75264
3.764169
3.775182
3.786046
3.797014
3.80817
3.819563
3.83055
3.841647
3.852818
3.864262
3.87509
3.886802
3.8977
3.908628
3.919827
3.931072
3.942111
3.953658
3.964781
3.975931
3.986733
3.998961
4.009341
4.021568
4.032222
4.043474
4.054526
4.06541
4.076241
4.08832
4.09923
4.110484
4.121789
4.133342
4.144856
4.156563
4.167758
4.17919
4.192017
4.203329
4.213901
4.22495
4.236547
4.248344
4.259685
4.270578
4.282467
4.294076
4.305141
4.316194
4.33206
4.342683
4.352981
4.363566
4.373651
4.385036
4.395188
4.40982
4.421902
4.433581
4.444844
4.456073
4.46756
4.479084
4.489928
4.501448
4.512084
4.523258
4.534568
4.546028
4.557175
4.569077
4.57974
4.590715
4.601995
4.612593
4.623703
4.63504
4.646083
4.657116
4.669129
4.680012
4.691239
4.70229
4.712883
4.723976
4.73521
4.747223
4.761709
4.772873
4.784599
4.795626
4.807286
4.818564
4.82937
4.841218
4.853226
4.864398
4.875931
4.887557
4.898753
4.910431
4.921708
4.933227
4.94477
4.955759
4.96852
4.979575
4.991532
5.008781
5.020011
5.03299
5.044832
5.056091
5.06781
5.079131
5.090659
5.10269
5.115281
5.12628
5.137402
5.149112
5.160035
5.171149
5.182225
5.193408
5.204295
5.215898
5.227332
5.242572
5.254973
5.266949
5.277697
5.288759
5.30049
5.312006
5.323139
5.334853
5.346987
5.35813
5.369694
5.381312
5.392611
5.404115
5.416178
5.427782
5.440496
5.452201
5.463507
5.474471
5.486154
5.497548
5.508916
5.519838
5.530201
5.540847
5.551856
5.562369
5.572841
5.584118
5.595227
5.606747
5.621533
5.632771
5.643097
5.654054
5.665199
5.676056
5.686629
5.696733
5.707186
5.727091
5.7388
5.750773
5.763315
5.774154
5.785166
5.79652
5.80751
5.818899
5.830304
5.841611
5.852753
5.863745
5.875326
5.886508
5.89835
5.910115
5.921396
5.932286
5.943657
5.955641
5.966877
5.978215
5.989319
6.000857
6.012521
6.023895
6.037688
6.049473
6.060242
6.071672
6.083592
6.095109
6.106049
6.117048
6.127481
6.138587
6.149483
6.159997
6.170832
6.185982
6.197488
6.209817
6.221153
6.233483
6.244573
6.256132
6.267578
6.278129
6.289519
6.301097
6.311861
6.323521
6.335096
6.346077
6.357146
6.368765
6.384946
6.397063
6.408357
6.420547
6.433033
6.444223
6.455414
6.466847
6.478014
6.489316
6.502031
6.513466
6.524914
6.537072
6.548617
6.560249
6.571523
6.583529
6.595079
6.606238
6.618169
6.629414
6.640764
6.652654
6.664161
6.67562
6.687473
6.699147
6.71014
6.721989
6.733309
6.744668
6.756064
6.768252
6.779956
6.790916
6.801899
6.813449
6.824645
6.835319
6.847043
6.858326
6.87011
6.881352
6.892807
6.904191
6.915159
6.926666
6.93764
6.949181
6.961075
6.972581
6.984678
6.995918
7.007936
7.019618
7.030957
7.042989
7.055941
7.07171
7.083662
7.095133
7.107073
7.118804
7.129984
7.141396
7.153267
7.16538
7.176433
7.188105
7.200093
7.211893
7.223202
7.234426
7.245793
7.257024
7.268256
7.279957
7.291064
7.302248
7.313797
7.325766
7.337988
7.349109
7.361222
7.373772
7.385925
7.397648
7.409193
7.421439
7.433553
7.4449
7.456605
7.468902
7.480346
7.492086
7.503987
7.516843
7.52841
7.540412
7.552346
7.564102
7.575722
7.587874
7.599837
7.61128
7.623353
7.636092
7.647399
7.659151
7.67264
7.684379
7.695799
7.707129
7.718988
7.730757
7.741237
7.75226
7.763208
7.774347
7.785158
7.800585
7.816675
7.828264
7.840377
7.851755
7.863375
7.874571
7.886233
7.897791
7.909137
7.920652
7.931732
7.9433
7.954708
7.96603
7.977049
7.988102
7.999774
8.010988
8.021628
8.033188
8.044248
8.058197
8.069719
8.080456
8.091285
8.102693
8.113608
8.124413
8.136298
8.14707
8.157812
8.168989
8.179948
8.190888
8.202257
8.212951
8.223648
8.23506
8.245956
8.256996
8.268803
8.28023
8.290866
8.302709
8.314034
8.324679
8.336384
8.347327
8.357968
8.369379
8.380272
8.392178
8.40392
8.415432
8.426934
8.442615
8.454222
8.46611
8.477205
8.488438
8.499387
8.510516
8.521841
8.533741
8.544812
8.555423
8.56642
8.578115
8.589404
8.600616
8.61117
8.622225
8.633511
8.644521
8.655762
8.667105
8.678329
8.68934
8.7005
8.711611
8.722814
8.734629
8.745278
8.756351
8.767526
8.778676
8.790037
8.801096
8.812084
8.823466
8.834917
8.845723
8.857189
8.868706
8.879725
8.89076
8.901975
8.912995
8.924417
8.935937
8.94762
8.958941
8.977846
8.989292
9.00179
9.013569
9.024318
9.036559
9.048272
9.059589
9.071043
9.082467
9.093277
9.104292
9.115473
9.131194
9.142389
9.153993
9.164874
9.176115
9.187532
9.19884
9.20977
9.220731
9.231984
9.242486
9.253174
9.263778
9.27519
9.286209
9.296954
9.308719
9.319598
9.33058
9.341907
9.353265
9.364315
9.375588
9.386898
9.398714
9.410279
9.422273
9.433621
9.445141
9.456218
9.468275
9.478903
9.490291
9.501344
9.513612
9.524907
9.536963
9.548148
9.558772
9.569324
9.580199
9.590785
9.601617
9.61177
9.623109
9.638098
9.650524
9.661273
9.673103
9.684662
9.695045
9.70568
9.717688
9.728551
9.739499
9.75169
9.76213
9.772953
9.784219
9.800318
9.811477
9.82281
9.834032
9.845126
9.85678
9.867694
9.878842
9.890538
9.901634
9.912394
9.924448
9.935764
9.946838
9.95862
9.970176
9.981647
9.992709
10.00392
10.01588
10.02714
10.03911
10.05079
10.0635
10.07771
10.0892
10.10059
10.11167
10.12331
10.13456
10.14597
10.15745
10.16865
10.1801
10.19164
10.20264
10.21418
10.22493
10.23594
10.24799
10.25883
10.27028
10.28135
10.29275
10.30468
10.31653
10.32842
10.34017
10.35223
10.36389
10.37612
10.389
10.40142
10.41326
10.42536
10.43674
10.4487
10.46077
10.47255
10.4895
10.502
10.51332
10.5254
10.5381
10.55175
10.56382
10.57576
10.58845
10.60101
10.61319
10.62579
10.63767
10.64968
10.66151
10.67384
10.68577
10.69808
10.71022
10.7224
10.73465
10.7462
10.75829
10.77012
10.78192
10.79377
10.8055
10.81765
10.83024
10.84181
10.85372
10.8657
10.8779
10.89
10.90226
10.91393
10.92578
10.9378
10.95013
10.96304
10.97533
10.9872
11.00029
11.01188
11.02401
11.0368
11.04847
11.06017
11.07184
11.08481
11.0967
11.10897
11.12058
11.13238
11.14478
11.1567
11.16909
11.18532
11.19676
11.20894
11.22043
11.2342
11.24636
11.25867
11.27025
11.28133
11.29224
11.30335
11.31466
11.32532
11.33684
11.34783
11.35903
11.37023
11.38127
11.39228
11.40485
11.41615
11.42811
11.44018
11.45178
11.46263
11.47413
11.48564
11.4973
11.50921
11.52045
11.53208
11.54351
11.55537
11.56687
11.57801
11.58933
11.60087
11.61223
11.62352
11.63532
11.64693
11.65859
11.67033
11.68219
11.69396
11.70567
11.71771
11.72878
11.74136
11.75358
11.78438
11.79537
11.80678
11.81935
11.82967
11.84005
11.85112
11.86611
11.87829
11.89052
11.9012
11.91159
11.92258
11.9332
11.94379
11.95456
11.96982
11.98175
11.99294
12.00416
12.01575
12.02726
12.03941
TARGET DESTROYED 
12.05157
12.0771
12.09032
12.1014
12.11274
12.12444
12.13532
12.14673
12.15885
12.17233
12.18536
12.20488
12.21715
12.22886
12.24036
12.25259
12.26412
12.27526
12.287
12.29971
12.31096
12.32301
12.33508
12.34649
12.35874
12.37155
12.38328
12.39559
12.40776
12.42025
12.43256
12.44321
12.45438
12.46618
12.47711
12.48873
12.50078
12.51169
12.52327
12.5352
12.54615
12.55779
12.56915
12.58068
12.59179
12.6033
12.61425
12.62592
12.63684
12.64824
12.65931
12.67126
12.68255
12.69404
12.70518
12.71664
12.73209
12.74414
12.75649
12.76792
12.77877
12.79005
12.80076
12.81151
12.82273
12.83375
12.84455
12.85569
12.86686
12.87803
12.88993
12.9017
12.91249
12.92353
12.9347
12.94529
TARGET DESTROYED 
12.95615
12.97285
12.98947
13.00204
13.01316
13.02403
13.03584
13.04659
13.05698
13.06853
13.07961
13.09087
13.10249
13.11441
13.12628
13.13736
13.14836
13.15905
13.16992
13.18085
13.19199
13.20331
13.21411
13.22464
13.23544
13.2469
13.25755
13.26888
13.28055
13.29135
13.30281
13.31442
13.32472
13.33588
13.3478
13.3583
13.36997
13.38089
13.39548
13.40654
13.41874
13.42973
13.4407
13.45155
13.46228
13.4732
13.48355
13.4944
13.50518
13.51655
13.52779
13.53911
13.55052
13.56206
13.57782
13.58901
13.60041
13.61106
13.62146
13.6322
13.64343
13.65406
13.66502
13.6765
13.68785
13.69926
13.7099
13.72074
13.73056
13.74034
13.75127
13.76178
13.7729
13.78407
13.79527
13.80638
13.82062
13.83114
13.84212
13.85282
13.86328
13.87395
13.88497
13.89586
13.90733
13.91867
13.92933
13.94074
13.95209
13.96365
13.9841
13.99549
14.00614
TARGET DESTROYED 
14.01745
14.03344
14.04476
14.06161
14.07892
14.09038
14.1023
14.11287
14.12385
14.13397
14.14456
14.15537
14.16797
14.18024
14.19279
14.20477
14.21547
14.2259
14.23608
14.24573
14.25595
14.26633
14.2767
14.28742
14.29753
14.30787
14.31911
14.33155
14.34214
14.35232
14.36374
14.37518
14.38611
14.39724
14.40834
14.42
14.43072
14.4419
14.45297
14.46453
14.47536
14.48653
14.49793
14.50913
14.52125
14.53434
14.54604
14.5582
14.57021
14.58271
14.59435
14.60579
14.61839
14.6307
14.64299
14.65466
14.66667
14.67813
14.69033
14.70209
14.71398
14.73188
14.74361
14.7552
14.76771
14.77995
14.79296
14.80501
14.81826
14.82991
14.84003
14.85148
14.86209
14.87294
14.88455
14.89516
14.90602
14.9175
14.92825
14.9394
14.95071
14.96129
14.97227
14.9841
14.99532
15.00677
15.01799
15.02864
15.03939
15.05087
15.06374
15.07609
15.08884
15.10105
15.11318
15.13075
15.14862
15.16726
15.18521
15.2027
15.22009
15.2383
15.25614
15.27461
15.29191
15.30941
15.32696
15.34442
15.36202
15.37973
15.397
15.41455
15.43413
15.45162
15.46906
15.48648
15.50852
15.52587
15.54313
15.56038
15.57839
15.59638
15.61426
15.63233
15.64997
15.66741
15.68464
15.70312
15.72055
15.73748
15.75428
15.77099
15.7873
15.80456
15.82598
15.84374
15.86124
15.87971
15.89783
15.91586
15.93351
15.95102
15.96889
15.98679
16.00381
16.02177
16.03899
16.05633
16.07403
16.09182
16.10927
16.12709
16.14473
16.16193
16.17985
TARGET DESTROYED 
16.19804
16.22674
16.24452
16.26256
16.28167
16.30604
16.32331
16.34464
16.3619
16.37971
16.39676
16.41945
16.44143
16.46425
16.48597
16.50828
16.53108
16.55319
16.57537
16.59822
16.62014
16.64234
16.66487
16.68711
16.70945
16.73191
16.75421
16.77647
16.79919
16.82106
16.84335
16.866
16.88821
16.91065
16.93274
16.9551
16.9774
17.00036
17.02206
17.0445
17.06705
17.08908
17.11161
17.13384
17.14483
17.15603
17.16724
17.17838
17.1895
17.2009
17.21214
17.22355
17.23424
17.24971
17.26034
17.27079
17.28106
17.29178
17.30225
17.31268
17.32432
17.33582
17.34755
17.36016
17.37258
17.38508
17.39647
17.40739
17.4201
17.43705
17.44828
17.45986
17.47153
17.48324
17.49443
17.50599
17.51807
17.52892
17.541
17.55346
17.56493
17.57606
17.58826
17.60046
17.61179
17.62348
17.63601
17.64799
17.65946
17.67114
17.68241
17.69366
17.70477
17.71517
17.72705
17.73952
17.75069
17.7617
17.77435
17.78544
17.79646
17.80742
17.81858
17.82935
17.84413
17.85518
17.86676
17.87712
17.888
17.89924
17.90997
17.92098
17.93278
17.95393
17.96558
17.97749
17.98867
18.00063
18.01134
18.02237
18.0343
18.04533
18.05642
18.06849
18.07939
18.0904
18.10182
18.11291
18.12424
18.13735
18.1482
18.15979
18.17096
18.18205
18.19322
TARGET DESTROYED 
18.20494
18.22045
18.23273
18.24368
18.25507
18.27653
18.28817
18.29949
18.31176
18.32996
18.34128
18.35188
18.36275
18.37364
18.38482
18.396
18.40736
18.41886
18.42982
18.44117
18.45237
18.46364
18.47462
18.48557
18.49725
18.50898
18.51992
18.53091
18.54229
18.55338
18.5639
18.57702
18.58799
18.59883
18.61024
18.62202
18.63792
18.64928
18.6606
18.67234
18.68368
18.69473
18.70579
18.71739
18.72795
18.73926
18.75065
18.76145
18.77301
18.78419
18.79531
18.80682
18.81794
18.82826
18.83925
18.85131
18.86205
18.87367
18.88487
18.89503
18.9058
18.9164
18.92658
18.93748
18.94839
18.9583
18.96897
18.97973
18.99098
19.00237
19.01267
19.02282
19.03393
19.04549
19.05618
19.0667
19.07751
19.0892
19.10056
19.11087
19.12186
19.13324
19.14443
19.15728
19.16921
19.18086
19.19135
19.20151
19.21195
19.2225
19.23431
19.24508
19.25609
19.26721
19.28111
19.29211
19.30257
19.31794
19.32813
19.33855
19.34874
19.3595
19.36945
19.38051
19.39124
19.40218
19.41348
19.42477
19.43573
19.44698
19.45813
19.46926
19.48057
19.49173
19.50282
19.51405
19.52519
19.53638
19.54857
19.55872
19.56959
19.58129
19.59229
19.60325
19.61468
19.62574
19.63672
19.64819
19.65919
19.6706
19.68851
19.69965
19.70979
19.7206
19.73104
19.74087
19.75172
19.76311
19.77328
19.78429
19.79466
19.80466
19.81487
19.82559
19.83979
19.85115
19.86255
19.87338
19.88504
19.89603
19.90682
19.91743
19.92828
19.93906
19.95081
19.96114
19.97177
19.98833
20.00046
20.01109
20.02184
20.03352
20.04413
20.05468
20.06598
20.07634
20.08781
20.09901
20.11043
20.12159
20.13322
20.14414
20.1558
20.16839
20.17949
20.19025
20.20199
20.21441
20.22551
20.23647
20.2485
20.2606
20.27258
20.28387
20.29559
20.30658
20.31743
20.32871
20.33969
20.35074
20.36197
20.37311
20.38418
20.39533
20.4067
20.41814
20.42879
20.44004
20.45109
20.46233
20.47372
20.48502
20.49604
20.50725
20.51843
20.52951
20.54056
20.55176
20.56275
20.57402
20.58525
20.59671
20.60744
20.61864
20.63048
20.64157
20.65267
20.66404
20.68003
20.69116
20.70192
20.71259
20.7235
20.7347
20.74511
20.75648
20.76793
20.77883
20.79029
TARGET DESTROYED 
20.80163
20.81755
20.82864
20.84023
20.85126
20.86241
20.87347
20.88472
20.89542
20.90691
20.91806
20.92927
20.94255
20.95525
20.97219
20.98416
20.99721
21.00852
21.02112
21.03403
21.05082
21.06218
21.0738
21.0849
21.09576
21.10809
21.12039
21.13247
21.1438
21.15511
21.16671
21.17865
21.18998
21.20134
21.21276
21.22395
21.23503
21.24691
21.25838
21.26974
21.28128
21.29344
21.30509
21.31627
21.32703
21.34312
21.35423
21.36524
21.37602
21.38719
21.39836
21.40955
21.42159
21.43402
21.44593
21.45688
21.4684
21.47964
21.49116
21.50262
21.51411
21.5251
21.53664
21.54839
21.55926
21.57062
21.58187
21.59269
21.60377
21.61537
21.62689
21.63819
21.64933
21.66068
21.67308
21.68435
21.69524
21.70682
21.71796
21.7285
21.74237
21.75379
21.76433
21.77485
21.78564
21.79636
21.81035
