0.02
0.04
0.14
0.1856437
0.1984161
0.2103695
0.2338262
0.2444216
0.2555807
0.2664703
0.278332
0.2900948
0.2996342
0.3090552
0.3184232
0.3271301
0.337066
0.3485956
0.3595032
0.3706014
0.3818978
0.3930623
0.4071317
0.416776
0.4264254
0.4376592
0.4494699
0.460124
0.4710704
0.4825509
0.4933446
0.504649
0.5160016
0.5271119
0.5382822
0.5498035
0.5605718
0.5716677
0.5829349
0.593949
0.6074702
0.6166358
0.6274709
0.6387577
0.6498937
0.6610124
0.6724274
0.6838589
0.6947963
0.7063079
0.7170217
0.7282193
0.7394271
0.7510995
0.7617598
0.7728778
0.7838159
0.7951033
0.8062299
0.8173233
0.8286989
0.8399648
0.8509225
0.8624704
0.8733513
0.8843985
0.8956256
0.9118783
0.9231234
0.9403456
0.9499662
0.9628374
0.9737402
0.9851713
0.9962181
1.007231
1.018658
1.030083
1.040863
1.052033
1.063462
1.074384
1.085651
1.096977
1.107783
1.119
1.130622
1.141554
1.152542
1.163901
1.174783
1.186027
1.197672
1.208363
1.219692
1.230968
1.241871
1.253072
1.26456
1.275364
1.286525
1.297946
1.309432
1.32041
1.331956
1.343213
1.354586
1.366089
1.377615
1.388843
1.400345
1.411722
1.423122
1.434808
1.44622
1.457242
1.468849
1.480385
1.491315
1.503006
1.517841
1.527861
1.537592
1.546879
1.557461
1.56854
1.580349
1.591413
1.603015
1.613701
1.624534
1.635798
1.647287
1.658303
1.669272
1.681129
1.691526
1.702586
1.714002
1.72493
1.73614
1.747918
1.75856
1.769665
1.781495
1.791919
1.803119
1.81454
1.825495
1.836921
1.848089
1.859078
1.870256
1.881754
1.892943
1.904217
1.915866
1.926837
1.938129
1.949807
1.960901
1.97209
1.983479
1.994947
2.006022
2.017396
2.029555
2.040062
2.051036
2.062171
2.073386
2.084517
2.096176
2.107059
2.118052
2.129518
2.140687
2.15186
2.163053
2.173957
2.185289
2.19655
2.207548
2.218471
2.23003
2.241205
2.252083
2.2635
2.274396
2.286159
2.297137
2.308274
2.319213
2.330782
2.341871
2.35271
2.364476
2.375013
2.386552
2.397599
2.408528
2.419719
2.431175
2.441963
2.453162
2.464965
2.475641
2.486692
2.49823
2.509003
2.520372
2.531655
2.542619
2.553705
2.565187
2.576504
2.591691
2.602378
2.612641
2.623127
2.633214
2.643857
2.653934
2.663501
2.673193
2.683742
2.694967
2.706017
2.717217
2.728319
2.739675
2.751193
2.761819
2.773253
2.784224
2.795331
2.806575
2.817738
2.828928
2.84035
2.851132
2.862915
2.873792
2.884761
2.896057
2.907133
2.918259
2.92978
2.940673
2.952068
2.962989
2.974269
2.985573
2.997365
3.008442
3.019673
3.031374
3.042614
3.053707
3.065392
3.076611
3.08821
3.099403
3.110498
3.122221
3.133282
3.145049
3.156032
3.169116
3.179119
3.190264
3.201821
3.212875
3.223876
3.234981
3.24686
3.257477
3.268647
3.280023
3.291028
3.301981
3.313528
3.324315
3.33551
3.34709
3.358076
3.369156
3.380786
3.392373
3.402809
3.413933
3.424918
3.436029
3.447685
3.458467
3.469863
3.481507
3.491936
3.503207
3.514773
3.525561
3.536773
3.549275
3.559419
3.570181
3.581708
3.592452
3.604818
3.615266
3.625897
3.637085
3.648511
3.660003
3.676109
3.688022
3.699846
3.711559
3.722552
3.733138
3.744093
3.755404
3.766495
3.777683
3.789005
3.800183
3.811418
3.822205
3.833602
3.844525
3.856013
3.867229
3.878061
3.889395
3.900603
3.911582
3.922889
3.934238
3.94526
3.956363
3.96762
3.978838
3.989954
4.001
4.01221
4.023636
4.034674
4.045919
4.057047
4.068614
4.080262
4.091712
4.102688
4.114377
4.125555
4.136919
4.148731
4.159939
4.171545
4.182689
4.193992
4.205606
4.216667
4.228006
4.239409
4.250859
4.262937
4.273642
4.285158
4.296491
4.307671
4.32726
4.337962
4.348096
4.358186
4.36961
4.381013
4.392101
4.403106
4.414505
4.425371
4.436594
4.447794
4.458758
4.469983
4.481537
4.492548
4.503706
4.514819
4.525958
4.53695
4.548384
4.559666
4.570564
4.581989
4.592744
4.604412
4.615272
4.626273
4.637428
4.649286
4.65988
4.671405
4.682843
4.693983
4.705203
4.716452
4.727021
4.738092
4.749356
4.760526
4.776776
4.788014
4.798736
4.80939
4.820501
TARGET DESTROYED 
4.839908
4.851758
4.862006
4.872991
4.883761
4.894478
4.905562
4.917077
4.928308
4.940001
4.950793
4.961694
4.981107
4.992446
5.004148
5.014849
5.025248
5.036932
5.047667
5.063066
5.073457
5.084392
5.095466
5.106667
5.117934
5.129008
5.14029
5.151265
5.16258
5.173515
5.184847
5.19613
5.207119
5.218233
5.229798
5.240551
5.251883
5.263298
5.274599
5.285302
5.296775
5.307662
5.318902
5.330372
5.341214
5.352449
5.36357
5.374667
5.385825
5.397509
5.408336
5.419596
5.431118
5.441803
5.453102
5.464215
5.47525
5.486505
5.497905
5.508785
5.52001
5.53143
5.542257
5.553322
5.565038
5.576355
5.587749
5.59943
5.610873
5.622581
5.633871
5.645396
5.657035
5.668722
5.680383
5.691368
5.703251
5.714784
5.725853
5.73708
5.748704
5.759537
5.770714
5.781952
5.792892
5.803967
5.815751
5.830637
5.840772
5.851213
5.861174
5.871167
5.881251
5.890931
5.901701
5.912536
5.923719
5.934784
5.946146
5.957172
5.96841
5.979674
5.990605
6.002221
6.01349
6.024095
6.035452
6.046782
6.05794
6.068899
6.080553
6.09129
6.102425
6.113952
6.124645
6.135731
6.147284
6.158288
6.169289
6.180924
6.191754
6.202785
6.214849
6.22555
6.237431
6.24887
6.259708
6.270998
6.282712
6.293599
6.30512
6.316541
6.327885
6.339243
6.350642
6.362272
6.373493
6.384587
6.396131
6.407404
6.418665
6.429968
6.440962
6.452061
6.463541
6.474463
6.485456
6.496764
6.507765
6.518954
6.530607
6.541293
6.552679
6.563905
6.574903
6.585897
6.597524
6.608171
6.619482
6.630927
6.64172
6.653256
6.664518
6.675278
6.686853
6.697799
6.708848
6.720115
6.731867
6.742502
6.753582
6.76471
6.775897
6.787165
6.798497
6.809491
6.820608
6.831869
6.843255
6.854002
6.865499
6.876277
6.887696
6.898785
6.910028
6.925833
6.937516
6.949216
6.960012
6.971925
6.983105
6.994551
7.005511
7.016613
7.027869
7.039089
7.050532
7.061409
7.07252
7.083693
7.094973
7.105939
7.117154
7.128344
7.139763
7.150839
7.161818
7.172976
7.18423
7.195368
7.206622
7.218022
7.229004
7.240083
7.251178
7.262434
7.27362
7.28477
7.295972
7.307223
7.31826
7.329515
7.340808
7.351707
7.372885
7.383814
7.396895
7.407519
7.418889
7.430188
7.441311
7.452225
7.463985
7.47456
7.485919
7.497484
7.508544
7.519545
7.53073
7.54162
7.552906
7.564296
7.575225
7.586333
7.598084
7.611493
7.623451
7.634295
7.644143
7.654436
7.664536
7.675573
7.687305
7.698205
7.709291
7.72054
7.731864
7.742662
7.754143
7.765059
7.776415
7.787432
7.798829
7.809795
7.820864
7.832157
7.843205
7.854908
7.866199
7.8776
7.889297
7.900771
7.912226
7.924827
7.935178
7.946992
7.95785
7.969675
7.981364
7.991856
8.004301
8.01464
8.029881
8.040629
8.051386
8.06159
8.071931
8.082393
8.092609
8.102991
8.113627
8.124309
8.13573
8.146941
8.158072
8.169411
8.180605
8.191334
8.202721
8.214202
8.224874
8.23619
8.248215
8.258486
8.269857
8.281221
8.292062
8.303239
8.314659
8.325854
8.33686
8.348017
8.358986
8.37017
8.381625
8.392482
8.404268
8.415167
8.426352
8.438171
8.449405
8.460536
8.471828
8.483468
8.494323
8.50578
8.517086
8.528452
TARGET DESTROYED 
8.543487
8.554478
8.571494
8.583529
8.593541
8.603894
8.614527
8.62523
8.63644
8.647592
8.658545
8.670361
8.681338
8.692204
8.703323
8.714741
8.725635
8.737312
8.748312
8.759224
8.770359
8.781785
8.792576
8.804207
8.815157
8.826158
8.837413
8.849022
8.860052
8.871311
8.882154
8.89318
8.904387
8.915693
8.926789
8.937769
8.949231
8.960207
8.971238
8.982657
8.993691
9.004972
9.016339
9.027386
9.038383
9.049684
9.06102
9.07276
9.084198
9.100028
9.111092
9.122438
9.133624
9.144652
9.155803
9.167608
9.178544
9.190104
9.201578
9.21258
9.223664
9.235287
9.246226
9.257387
9.268385
9.279353
9.290122
9.301504
9.312782
9.323652
9.334924
9.345504
9.35645
9.367583
9.378432
9.389488
9.400813
9.411966
9.423091
9.434167
9.44493
9.456075
9.467386
9.478326
9.489712
9.501013
9.511844
9.522867
9.534385
9.545254
9.556254
9.567258
9.578331
9.589416
9.600515
9.611666
9.624997
9.638637
9.65212
9.664887
9.677584
9.691083
9.705039
9.718499
9.731658
9.744654
9.758088
9.770994
9.784627
9.797892
9.811629
9.830302
9.84453
9.857841
9.872339
9.886222
9.900735
9.918576
9.933035
9.949002
9.964393
9.977371
9.990806
10.00568
10.02018
10.03458
10.04871
10.05845
10.06881
10.07846
10.0902
10.10191
10.11371
10.12481
10.13478
10.14451
10.15549
10.1666
10.17782
10.18903
10.20005
10.21121
10.22242
10.2335
10.24474
10.25598
10.27159
10.28236
10.29228
10.30258
10.31233
10.32303
10.33414
10.34527
10.35643
10.36774
10.37892
10.39056
10.40125
10.41294
10.42337
10.43511
10.446
10.4569
10.46809
10.47945
10.49073
10.50196
10.51397
10.52514
10.53648
10.54823
10.55964
10.57097
10.58212
10.59342
10.60423
10.61562
10.62668
10.63799
10.64979
10.66076
10.67201
10.68348
10.69496
10.70619
10.71736
10.72864
10.74017
10.75234
10.76278
10.77412
10.78546
10.79699
10.80963
10.82014
10.83083
10.84185
10.8528
10.86436
10.87518
10.88634
10.89775
10.90902
10.92042
10.93143
10.94216
10.95367
10.96462
TARGET DESTROYED 
10.97849
10.9887
10.99998
11.0102
11.02052
11.03101
11.04194
11.05295
11.06485
11.08174
11.0924
11.10493
11.11593
11.12724
11.13834
11.14964
11.1606
11.17188
11.18302
11.19438
11.20539
11.21728
11.22762
11.23883
11.25006
11.26136
11.27239
11.2835
11.29524
11.30606
11.31706
11.32827
11.34359
11.35421
11.36479
11.37539
11.38574
11.39572
11.40696
11.41858
11.42875
11.43998
11.45114
11.46283
11.47394
11.48575
11.49754
11.509
11.52087
11.53327
11.54506
11.557
11.56897
11.58056
11.5924
11.60411
11.61621
11.62784
11.64035
11.65293
11.66513
11.67661
11.68823
11.70039
11.71229
11.72384
11.7358
11.74776
11.76005
11.7718
11.78388
11.79477
11.80599
11.81698
11.8283
11.83955
11.85057
11.86112
11.87189
11.88344
11.89448
11.90505
11.91604
11.92657
11.93736
11.94853
11.95996
11.97091
11.98217
11.99329
12.00487
12.01661
12.02714
12.03811
12.04927
12.06009
12.07115
12.08207
12.0927
12.10405
12.11471
12.12569
12.137
12.14804
12.15908
12.17034
12.1813
12.19193
12.20317
12.2145
12.22499
12.23601
12.24699
12.25819
12.26981
12.28076
12.29204
12.3031
12.31398
12.3248
12.33573
12.34712
12.35913
12.37082
12.38278
12.39454
12.40634
12.41924
12.43103
12.44823
12.46022
12.47217
12.48445
12.49605
12.5082
12.52036
12.53253
12.5444
12.55612
12.56814
12.57954
12.59154
12.60322
12.61568
12.62745
12.63943
12.65155
12.66586
12.67795
12.68969
12.70214
12.71362
12.72473
12.73658
12.74838
12.75961
12.77095
12.78277
12.79339
12.80492
12.81628
12.82722
TARGET DESTROYED 
12.84437
12.85584
12.86734
12.87906
12.8909
12.90317
12.91477
12.92641
12.94543
12.95872
12.97088
12.98229
12.99365
13.00554
13.01715
13.02899
13.04076
13.05267
13.06447
13.07658
13.0881
13.09984
13.11121
13.12313
13.1351
13.1469
13.15864
13.17133
13.18282
13.19423
13.20578
13.21751
13.22897
13.24046
13.25302
13.26485
13.27636
13.28829
13.3003
13.31171
13.32368
13.33529
13.34721
13.3592
13.37072
13.38261
13.39451
13.40599
13.41755
13.42877
13.44081
13.45243
13.46406
13.47782
13.48995
13.50176
13.51341
13.52521
13.53731
13.54956
13.56217
13.5736
13.58517
13.59619
13.61217
13.62442
13.63595
13.64715
13.65873
13.67156
13.68327
13.69473
13.70596
13.71859
13.73026
13.74197
13.75344
13.76488
13.77576
13.78732
13.79911
13.81089
13.82263
13.83416
13.84586
13.85734
13.86876
13.88033
13.89182
13.90374
13.91556
13.92674
13.93802
13.95001
13.96123
13.97312
13.98453
14.00226
14.01375
14.02503
14.03673
14.04841
14.05993
14.07126
14.08269
14.09368
14.10475
14.11587
14.12701
14.13818
14.14935
14.16071
14.17212
14.18397
14.195
14.20613
14.21809
14.22975
14.24092
14.2525
14.26824
14.28391
14.29981
14.31549
14.33159
14.34674
14.36202
14.37755
14.39302
14.40871
14.42404
14.4362
14.44765
14.45939
14.47127
14.4838
14.49521
14.50741
14.5196
14.5316
14.54338
14.55494
14.56704
14.57874
14.5901
14.6012
14.61821
14.63026
14.64204
14.65451
14.66666
14.67986
14.6924
14.70494
14.71726
14.73002
14.74217
14.75546
14.76862
14.78088
14.79306
14.80532
14.81807
14.83538
14.84729
14.85938
14.87228
14.88524
14.89717
14.90981
14.92187
14.93457
14.94647
14.95861
14.97105
14.98312
14.99514
15.00716
15.01937
15.03181
15.0436
15.05583
15.06818
15.07991
15.09276
15.10503
15.11668
15.12843
15.14022
15.15206
15.16382
15.17606
15.18742
15.19862
15.2104
15.22192
15.23381
15.2451
15.25649
15.26782
15.27869
15.28999
15.30163
15.31271
15.3303
15.34151
15.35262
15.36416
15.37532
15.3865
15.39777
15.40929
15.42094
15.4326
15.44363
15.45511
15.46633
15.47739
15.48879
15.50009
15.511
15.5224
15.53431
15.54518
15.55635
15.56779
15.57877
15.59023
15.60145
15.61308
15.62449
15.63579
15.64687
15.6579
15.66899
15.68018
15.69189
15.70274
15.71367
15.72468
15.73598
15.74689
15.75801
15.76895
15.77998
15.79163
15.80286
15.81444
15.82513
15.83621
15.84802
15.85995
15.87216
15.88412
15.89679
15.90847
15.92025
15.93209
15.94391
15.95592
15.96802
15.98032
15.99234
16.00987
16.02163
16.03384
16.04556
16.05744
16.0688
16.08016
16.09166
16.103
16.11446
16.12623
16.13781
16.14921
16.16041
16.17179
16.18318
16.19433
16.20553
16.21652
16.2273
16.23849
16.25119
16.26417
16.27635
16.28761
16.29892
16.30991
16.32098
16.33227
16.34375
16.35528
16.36624
16.37704
16.38808
16.39931
16.41041
16.42199
16.43304
16.44393
16.45506
16.46668
16.47736
16.48857
16.49992
16.51117
16.52215
16.5333
16.54443
16.55581
16.56694
16.57796
16.58929
16.6007
16.61151
16.623
16.6337
16.645
16.65634
16.66751
16.67848
16.68983
16.70115
16.71219
16.72338
16.73454
16.74614
16.75737
16.7689
16.78072
16.79197
16.80345
16.81527
16.82664
16.83785
16.84982
16.86067
16.87242
16.88386
16.89545
16.90678
16.91817
16.9293
16.94053
16.95176
16.96316
16.97428
16.98545
16.99687
17.00764
17.01957
17.03052
17.04099
17.05222
17.06362
17.07456
17.08572
17.09677
17.10777
17.11919
17.13061
17.14671
17.15735
17.16875
17.17919
17.19024
17.20117
17.21167
17.22239
17.23318
17.24385
17.25468
17.26585
17.2764
17.28688
17.29764
17.30824
17.31956
17.33027
17.34114
17.35191
17.36226
17.37402
17.38487
17.39532
17.40584
17.41673
17.42706
17.4382
17.44974
17.46055
17.47184
17.48298
17.49397
17.50509
17.51635
17.52742
17.53871
17.54992
17.56126
17.57211
17.58348
17.59468
17.60588
17.61823
17.62845
17.63974
17.65097
17.66234
17.67382
17.68556
17.69732
17.70876
17.71961
17.73145
17.74254
17.75414
17.76576
17.77667
17.78801
17.79935
17.81106
17.82233
17.83385
17.84493
17.85627
17.86769
17.8788
17.89023
17.90117
17.91202
17.92365
17.93469
17.94575
17.95683
17.96808
17.97937
17.99066
18.00245
18.01304
18.02384
18.03528
18.04641
18.05731
18.06889
18.08054
18.09137
18.10231
18.11361
18.12449
18.13585
18.14686
18.15795
18.16926
18.18072
18.19143
18.2025
18.21423
18.22507
18.23631
18.2475
18.25853
18.27427
18.2853
18.29551
18.30589
18.31636
18.3305
18.34304
18.35402
18.36549
18.37644
18.38781
18.3987
18.40997
18.42116
18.43219
18.44336
18.4545
18.46601
18.47681
18.48817
18.49969
18.51117
18.52302
18.53483
18.54666
18.55832
18.57025
18.58224
18.59388
18.60588
18.62197
18.63385
18.6454
18.65689
18.66822
18.68008
18.69169
18.70337
18.71615
18.72653
18.73729
18.74826
18.75905
18.76963
18.78016
18.79093
18.80161
18.81225
18.82308
18.8343
18.84566
18.85682
18.8679
18.87916
18.89015
18.90141
18.91281
18.92354
18.93516
18.94623
18.95731
18.96845
18.98023
18.9909
19.00206
19.01415
19.02483
19.03548
19.04667
19.05767
19.06879
19.08038
19.09111
19.10232
19.11386
19.12529
19.1366
19.14848
19.16014
19.17161
19.18298
19.19439
19.20596
19.21809
19.22865
19.24055
19.25197
19.2639
19.27476
19.28609
19.29772
19.30835
19.31962
19.3314
19.34241
19.35701
19.36801
19.37842
19.38884
19.3996
19.40966
19.42004
19.43503
19.4457
19.45613
19.46668
19.47646
19.487
19.49766
19.50783
19.51817
19.5292
19.54027
19.55095
19.5612
19.5717
19.58306
19.59386
19.60497
19.6163
19.62733
19.63893
19.65009
19.66102
19.67304
19.68438
19.69467
19.70595
19.71769
19.7286
19.73977
19.75126
19.76164
19.77258
19.78455
19.79526
19.8065
19.81816
19.82851
19.84004
19.85182
19.86314
19.87424
19.88582
19.89699
19.90826
19.91994
19.93136
19.94263
19.95423
19.96636
19.977
19.9884
20.00035
20.01087
20.02226
20.03424
20.0454
20.0565
20.06799
20.07919
20.09031
20.10164
20.11285
20.12375
20.13507
20.14619
20.1573
20.16846
20.17997
20.19067
20.20188
20.21325
20.22421
20.23537
20.24993
20.26088
20.27135
20.2823
20.29276
20.30371
20.31405
20.32405
20.33439
20.34556
20.35943
