0.02
0.04
0.14
0.1756321
0.1912744
0.2019318
0.2133116
0.2250635
0.2349009
0.2446308
0.255343
0.2675745
0.2781873
0.2884405
0.3001254
0.3125157
0.3219771
0.3335298
0.3442025
0.3557258
0.3666067
0.3776619
0.3892229
0.4000628
0.4113919
0.4253648
0.4339796
0.4449802
0.4563738
0.4674347
0.4781854
0.489639
0.5006188
0.5123922
0.5231554
0.5341519
0.5451996
0.5565467
0.5675713
0.578921
0.5900441
0.6015782
0.6125227
0.6236074
0.6351159
0.6460035
0.656916
0.6681357
0.6792207
0.6906464
0.7016601
0.712765
0.7240871
0.7351201
0.7463388
0.7575166
0.7689223
0.7797019
0.7910788
0.8028949
0.8133803
0.824609
0.8357607
0.8470635
0.8583016
0.8693872
0.8806044
0.8965739
0.9079142
0.919031
0.9299815
0.9411076
0.9523584
0.9633985
0.9747193
0.9858472
0.9968581
1.009001
1.020757
1.031227
1.041651
1.052863
1.064175
1.075568
1.086513
1.09761
1.109103
1.120044
1.131163
1.142294
1.153472
1.164773
1.175985
1.186924
1.197997
1.209207
1.220536
1.231896
1.242835
1.254883
1.265119
1.27629
1.28791
1.298667
1.309817
1.321148
1.332481
1.343409
1.354665
1.365532
1.376841
1.388462
1.399239
1.410331
1.422001
1.432539
1.443883
1.455213
1.466246
1.477299
1.494574
1.504424
1.514348
1.523791
1.533
1.543032
1.55796
1.567159
1.581123
1.591412
1.600864
1.610457
1.619536
1.629066
1.640217
1.651218
1.662847
1.673625
1.684532
1.702489
1.713807
1.723351
1.733653
1.742844
1.752753
1.762904
1.773986
1.785073
1.796313
1.807659
1.818519
1.829887
1.841033
1.851955
1.863517
1.874438
1.885978
1.898031
1.907802
1.925716
1.938965
1.949225
1.959456
1.969747
1.980782
1.990454
2.000338
2.010715
2.022286
2.033398
2.045051
2.056472
2.067204
2.077963
2.087677
2.099345
2.11035
2.120196
2.131766
2.143656
2.153748
2.165315
2.176887
2.187573
2.198243
2.209834
2.220965
2.233958
2.2441
2.254301
2.265599
2.280443
2.290254
2.299523
2.310202
2.321435
2.336051
2.346797
2.357245
2.367112
2.378052
2.389348
2.400541
2.41217
2.423828
2.435409
2.446491
2.457867
2.469235
2.48066
2.492095
2.502815
2.514235
2.525216
2.536516
2.547768
2.559169
2.569971
2.581341
2.592921
2.60341
2.614647
2.625856
2.637057
2.648642
2.659628
2.67135
2.682782
2.693457
2.705142
2.715793
2.727192
2.738939
2.749638
2.761319
2.772563
2.783778
2.795158
2.806863
2.818542
2.82961
2.840452
2.851331
2.86231
2.874017
2.88585
2.896982
2.907455
2.918488
2.933847
2.944445
2.954818
2.965582
2.976361
2.986246
2.996381
3.007343
3.017738
3.027897
3.038246
3.048239
3.05948
3.070726
3.081866
3.093324
3.104243
3.115347
3.126972
3.143925
3.154671
3.165596
3.175861
3.186625
3.196821
3.206923
3.217283
3.228263
3.238351
3.249395
3.260222
3.271892
3.282768
3.293751
3.305368
3.316184
3.327431
3.338959
3.349839
3.360826
3.372281
3.383266
3.394451
3.406097
3.4166
3.428171
3.439755
3.450202
3.461306
3.472847
3.483721
3.495254
3.50654
3.517638
3.529053
3.540779
3.552477
3.563136
3.574574
3.585912
3.597707
3.613224
3.623849
3.634731
3.644975
3.655751
3.66677
3.677044
3.687142
3.697961
3.708623
3.719701
3.730971
3.742096
3.753391
3.764849
3.775671
3.786663
3.798038
3.809012
3.820155
3.831437
3.84271
3.85668
3.866608
3.87742
3.887722
3.899031
3.910179
3.921489
3.932234
3.943092
3.954435
3.965437
3.976795
3.988164
3.999458
4.010678
4.022328
4.03383
4.045085
4.056347
4.067881
4.078799
4.090254
4.101356
4.112552
4.123846
4.134875
4.145994
4.157385
4.168354
4.179373
4.190923
4.201942
4.21358
4.22456
4.235466
4.246938
4.258112
4.269349
4.285291
4.296651
4.308224
4.318266
4.328454
4.339838
4.350744
4.361089
4.371098
4.382171
4.392472
4.402504
4.413276
4.423704
4.434192
4.445134
4.455274
4.465903
4.476959
4.48848
4.499365
4.510418
4.521909
4.532997
4.544769
4.55528
4.566284
4.577374
4.589125
4.599797
4.610935
4.622432
4.633481
4.644507
4.655967
4.666812
4.678167
4.689549
4.700472
4.711378
4.722903
4.733845
4.745253
4.756829
4.768098
4.779749
4.791068
4.802451
4.813749
4.825364
4.836621
4.848342
4.859622
4.871266
4.882335
4.893986
4.906401
4.918494
4.928812
4.940007
4.956224
4.966841
4.977907
4.988774
4.999649
5.010593
5.02104
5.031985
5.043549
5.054437
5.065112
5.076252
5.086737
5.097515
5.10839
5.118653
5.129214
5.139861
5.150867
5.161277
5.171467
5.183057
5.192837
5.203117
5.214144
5.225551
5.236993
5.247642
5.258957
5.270107
5.281217
5.292418
5.303744
5.314794
5.325927
5.337197
5.348362
5.359476
5.37063
5.381667
5.393039
5.404055
5.415428
5.426363
5.437669
5.451871
5.462811
5.473665
5.484518
5.495337
5.506292
5.517673
5.528875
5.540356
5.55176
5.563072
5.574763
5.585952
5.597281
5.608884
5.628276
5.640166
5.650672
5.661059
5.672552
5.683319
5.694636
5.706062
5.716862
5.728051
5.739345
5.750381
5.761486
5.77294
5.784161
5.795041
5.806483
5.817364
5.82858
5.840097
5.851036
5.861955
5.873618
5.884395
5.895724
5.906875
5.918707
5.92921
5.940769
5.951354
5.96256
5.973951
5.984964
5.996076
6.007224
6.018475
6.02964
6.041454
6.052281
6.063101
6.074617
6.085913
6.097566
6.108751
6.120406
6.131823
6.143282
6.155133
6.166248
6.177647
6.189332
6.200566
6.212069
6.223802
6.234908
6.246627
6.258183
6.269039
6.280352
6.29217
6.30822
6.319065
6.329895
6.3409
6.352189
6.363276
6.374812
6.398677
6.411104
6.422495
6.433624
6.444781
6.456302
6.467611
6.478757
6.489579
6.501248
6.512956
6.524325
6.535211
6.546969
6.558254
6.56985
6.580867
6.592161
6.603395
6.614427
6.625831
6.637021
6.64825
6.660421
6.672167
6.683024
6.694461
6.706014
6.717318
6.729094
6.741037
6.751676
6.762189
6.773494
6.783834
6.795029
6.805855
6.81627
6.826839
6.837438
6.847929
6.859233
6.869895
6.880932
6.892071
6.902653
6.912909
6.924412
6.936662
6.947366
6.958233
6.968771
6.979731
6.990106
7.005154
7.015271
7.026895
7.038295
7.049769
7.061275
7.073167
7.088588
7.101043
7.113049
7.124548
7.135948
7.147985
7.159839
7.170731
7.182021
7.194801
7.20628
7.217727
7.229877
7.241744
7.253335
7.264771
7.276721
7.288466
7.300153
7.312378
7.323641
7.337127
7.348313
7.360765
7.371861
7.383154
7.395115
7.406362
7.417542
7.429509
7.440512
7.451361
7.462229
7.473184
7.484281
7.495653
7.507049
7.517819
7.528461
7.539053
7.549814
7.560113
7.57124
7.582823
7.593321
7.604699
7.615753
7.627041
7.640868
7.650333
7.660793
7.671887
7.682662
7.693869
7.705291
7.720465
7.730523
7.744696
7.755201
7.765793
7.77654
7.786737
7.797184
7.808155
7.818142
7.828624
7.839482
7.850957
7.862229
7.873631
7.884595
7.895837
7.907103
7.918148
7.929961
7.942176
7.952421
7.963325
7.974836
7.985261
7.996372
8.007934
8.018703
8.030056
8.041066
8.053106
8.063821
8.075082
8.085855
8.097301
8.108817
8.119617
8.131126
8.142748
8.153701
8.165342
8.177068
8.188364
8.199568
8.210828
8.222032
8.233578
8.244916
8.257013
8.268785
8.280052
8.292133
8.303729
8.315276
8.326769
8.339346
8.350307
8.366622
8.37838
8.38946
8.400837
8.411753
8.423176
8.434594
8.446574
8.458082
8.469517
8.480593
8.49249
8.504746
8.516261
8.52765
8.539099
8.550998
8.561948
8.573722
8.584915
8.59582
8.608019
8.619208
8.630443
8.642193
8.654912
8.66634
8.678818
8.689939
8.700628
8.711969
8.722713
8.733153
8.744354
8.755134
8.766363
8.777365
8.792388
8.803585
8.81467
8.826384
8.837436
8.848693
8.860349
8.871608
8.883229
8.894571
8.906037
8.917706
8.92908
8.941361
8.952975
8.964491
8.976838
8.988329
8.999427
9.01143
9.023432
9.034695
9.046372
9.061867
9.074699
9.085857
9.098269
9.109846
9.121186
9.132774
9.144018
9.155051
9.16681
9.178081
9.189166
9.200438
9.211662
9.222721
9.234413
9.246526
9.257831
9.268777
9.280121
9.291461
9.302223
9.313672
9.325538
9.337081
9.348483
9.3589
9.370121
9.38159
9.392799
9.40387
9.415067
9.426085
9.437009
9.447955
9.458916
9.469815
9.481052
9.492238
9.503319
9.514576
9.526206
9.536876
9.54841
9.559353
9.57043
9.581532
9.592767
9.603852
9.615393
9.630057
9.641449
9.652966
9.663928
9.674866
9.685744
9.696533
9.707908
9.718493
9.729302
9.745159
9.756709
9.767071
9.778064
9.788607
9.799191
9.810575
9.820853
9.831894
9.842911
9.853048
9.86386
9.874645
9.885505
9.89702
9.907954
9.919098
9.930494
9.940847
9.952769
9.963891
9.974663
9.98557
9.996058
10.0071
10.0185
10.02899
10.04039
10.05172
10.06249
10.07375
10.0852
10.09619
10.10758
10.11866
10.13079
10.14151
10.15281
10.16396
10.17578
10.18669
10.19814
10.20956
10.22103
10.23222
10.24385
10.25561
10.26651
10.27775
10.28978
10.3003
10.31224
10.32331
10.33513
10.34602
10.3576
10.36871
10.37992
10.39101
10.40194
10.41363
10.42447
10.4355
10.44666
10.45791
10.46891
10.48361
10.49411
10.50448
10.51467
10.52503
10.53451
10.54563
10.55717
10.56785
10.57917
10.59072
10.60191
10.61264
10.62441
10.64369
10.66547
10.67694
10.68808
10.69884
10.71017
10.72104
10.7322
10.74649
10.75968
10.77159
10.78151
10.7927
10.80291
10.81346
10.82496
10.83558
10.84606
10.85706
10.868
10.87852
10.88921
10.89981
10.91097
10.92254
10.93331
10.94449
10.95598
10.96835
10.97973
10.99056
11.00142
11.01311
11.02452
11.03712
11.04919
11.06153
11.07275
11.0838
11.09535
11.10626
11.11719
11.12819
11.13904
11.14956
11.16109
TARGET DESTROYED 
11.1723
11.19184
11.20386
11.21968
11.23247
11.24582
11.25731
11.26847
11.27935
11.291
11.30883
11.31957
11.33041
11.34186
11.35209
11.3628
11.37354
11.38396
11.39505
11.40529
11.41623
11.42723
11.43678
11.44784
11.45807
11.46953
11.48031
11.49194
11.5028
11.51397
11.52549
11.53653
11.54746
11.55873
11.56984
11.58125
11.59231
11.60357
11.61732
11.62804
11.64867
11.65972
11.67026
11.68159
11.69286
11.70399
11.71509
11.72622
11.73746
11.74848
11.7602
11.77103
11.78252
11.79334
11.80492
11.81573
11.82683
11.83849
11.84937
11.8604
11.87268
11.88915
11.90079
11.91175
11.92246
11.93349
11.94448
11.95516
11.96618
11.97745
11.98882
11.99922
12.01003
12.02038
12.03216
12.04444
12.0551
12.06591
12.0775
12.08784
12.09955
12.11187
12.12299
12.13347
12.14462
12.15512
12.16653
12.17788
12.18876
12.19964
TARGET DESTROYED 
12.21139
12.2267
12.24312
12.25413
12.26466
12.2758
12.28593
12.29674
12.30852
12.32089
12.33225
12.34355
12.35386
12.36456
12.37518
12.38602
12.397
12.40804
12.41873
12.42994
12.44119
12.45234
12.46336
12.47461
12.48582
12.497
12.50825
12.51947
12.53046
12.54221
12.55361
12.56934
12.58002
12.59065
12.6011
12.61195
12.62231
12.63321
12.64412
12.65444
12.66443
12.67568
12.68712
12.69831
12.70922
12.72145
12.73219
12.74298
12.75375
12.76517
12.77639
12.78859
12.79956
12.81103
12.82275
12.83377
12.84518
12.85672
12.86702
12.87825
12.88962
12.90049
12.91171
12.92316
12.93449
12.94563
12.95717
12.96833
12.97983
12.99128
13.00245
13.01401
13.02552
13.03662
13.048
13.05912
13.07076
13.08197
13.09369
13.10493
13.11603
13.12729
13.13906
13.15057
13.16165
13.17285
13.18322
13.19456
13.20597
13.21689
13.22793
13.23932
13.25534
13.26629
13.27696
13.28779
13.29905
13.31011
13.32023
13.33133
13.34252
13.35365
13.36465
TARGET DESTROYED 
13.37549
13.39009
13.40215
13.41398
13.42556
13.43596
13.4464
13.45766
13.4688
13.48014
13.49248
13.50929
13.52003
13.53044
13.54155
13.55231
13.56262
13.57227
13.58239
13.59302
13.60308
13.61404
13.62529
13.63634
13.65065
13.66063
13.67062
13.68098
13.69217
13.70338
13.71458
13.72572
13.7367
13.75063
13.76109
13.77281
13.78266
13.79273
13.80416
13.81497
13.82606
13.83745
13.84843
13.86
13.8709
13.88248
13.89408
13.90967
13.91963
13.92974
13.94028
13.95136
13.96243
13.97373
13.98536
13.99624
14.00731
14.01842
14.02942
14.04077
14.0524
14.06308
14.07426
14.08563
14.09672
14.10778
14.11915
14.13045
14.14155
14.15248
14.16365
14.17523
14.18634
14.19713
14.20828
14.21944
14.2311
14.24228
14.25332
14.26455
14.27586
14.28731
14.29835
14.30966
14.32101
14.33331
14.34544
14.3577
14.37003
14.38296
14.39666
14.41
14.42329
14.43604
14.44941
14.46246
14.4759
14.48853
14.50157
14.51477
14.52827
14.54163
14.55469
14.56799
14.58123
14.59472
14.60787
14.62589
14.63946
14.65275
14.67473
14.68749
14.70086
14.7137
14.7271
14.74143
14.75359
14.76671
14.77931
14.79227
14.80593
14.81973
14.83269
14.84638
14.85936
14.87279
14.88593
14.89872
14.91244
TARGET DESTROYED 
14.9256
14.94531
14.96029
14.97512
14.98805
15.00189
15.01317
15.02446
15.0353
15.04702
15.05803
15.06944
15.08591
15.09779
15.10984
15.12227
15.13347
15.1449
15.15557
15.16669
15.17879
15.18976
15.201
15.213
15.22443
15.23526
15.24633
15.25805
15.26931
15.2804
15.29169
15.30224
15.31342
15.32498
15.34108
15.35235
15.36358
15.37531
15.38683
15.39708
15.40761
15.41789
15.42809
15.43794
15.4486
15.45931
15.46949
15.47965
15.49058
15.50172
15.51303
15.52425
15.53567
15.5465
15.55753
15.56856
15.58004
15.59116
15.60208
15.61407
15.62945
15.64069
15.65209
15.66397
15.67539
15.68536
15.69602
15.70691
15.71763
15.72804
15.73922
15.74961
15.75998
15.77037
15.78092
15.79269
15.80359
15.81529
15.82629
15.83769
15.84875
15.85985
15.87913
15.89126
15.90186
15.91238
15.92321
15.93353
15.94375
15.95447
15.96498
15.97552
15.98562
15.99685
16.00864
16.01879
16.03516
16.04613
16.05773
16.06787
16.07829
16.08924
16.09966
16.11023
16.12029
16.13113
16.14141
16.1513
16.16197
16.17232
16.1831
16.19466
16.20561
16.21664
16.22776
16.23948
16.25
16.2614
16.27256
16.28369
16.29484
16.30624
16.31717
TARGET DESTROYED 
16.32836
16.34293
16.35336
16.36519
16.37617
16.38606
16.39622
16.40645
16.41774
16.42878
16.4401
16.45122
16.46228
16.47412
16.49065
16.50149
16.51195
16.52226
16.533
16.54384
16.55545
16.56595
16.57673
16.58735
16.59806
16.60882
16.61849
16.63024
16.64136
16.65253
16.66348
16.67465
16.68611
16.70142
16.71309
16.72344
16.73372
16.74393
16.75395
16.76487
16.77579
16.78634
16.79761
16.80857
16.81977
16.83098
16.84208
16.85324
16.86467
16.87598
16.88729
16.8988
16.91006
16.92199
16.9331
16.9447
16.95594
16.96679
16.97814
16.98976
17.0005
17.01181
17.02308
17.03488
17.04709
17.05809
17.06826
17.07924
17.09027
17.10165
17.11273
17.12438
17.13545
17.14678
17.15881
17.16952
17.18096
17.19256
17.20352
17.21505
17.22667
17.23762
17.24913
17.26057
17.27171
17.28254
17.29513
17.30594
17.31611
17.32796
17.34078
17.35224
17.36457
17.37718
17.39423
17.40646
17.41877
17.43177
17.44408
17.45638
17.46806
17.48031
17.4917
17.50344
17.51609
17.52802
17.53982
17.5519
17.56314
17.57482
17.58621
17.59729
17.60907
17.62368
17.63518
17.64856
17.65993
17.67115
17.68234
17.69378
17.70665
17.71742
17.72938
17.741
17.75204
17.76382
17.77551
17.78649
17.79801
17.80965
17.82076
17.8331
17.84484
17.85618
17.86777
17.87963
17.8912
17.90323
17.91503
17.92658
17.93799
17.94902
17.96033
17.97218
17.98337
17.99483
18.0068
18.01884
18.03007
18.0411
18.05192
18.06293
18.07385
18.08498
18.10095
18.11221
18.12297
18.13344
18.14494
18.15496
18.16634
18.17752
18.18774
18.19848
18.20939
18.22002
18.23159
18.24276
18.25311
18.26439
18.27583
18.2865
18.29761
18.30818
18.31874
18.32976
18.34149
18.35213
18.36294
18.3742
18.38454
18.39845
18.40991
18.42096
18.43216
18.44342
18.45375
18.46397
18.47385
18.48397
18.49569
18.50673
18.51794
18.52936
18.54111
18.55263
18.56353
18.57515
TARGET DESTROYED 
18.58652
18.60007
18.61042
18.62078
18.6321
18.64326
18.65474
18.6702
18.68104
18.69115
18.70063
18.71241
18.7235
18.73281
18.74346
18.75473
18.76581
18.78119
18.79145
18.80072
18.81077
18.82295
18.83276
18.84379
18.85523
18.86622
18.87818
18.88866
18.90053
18.91076
18.92239
18.93418
18.9444
18.95584
18.96693
18.97801
18.98954
19.00066
19.01144
19.02322
19.03383
19.04561
19.05657
19.06763
19.07911
19.08993
19.10118
19.11215
19.12406
19.13447
19.14597
19.15729
19.16865
19.17978
19.19134
19.20258
19.21394
19.22525
19.23651
19.24796
19.25904
19.27061
19.28199
19.29295
19.30451
19.31557
19.32665
19.33796
19.34925
19.36006
19.37168
19.38236
19.39359
19.40528
19.41602
19.4278
19.43913
19.44945
19.46078
19.47227
19.48306
19.49425
19.50958
19.5198
19.52991
19.53913
19.54915
19.55899
19.56994
19.58121
19.59247
19.60345
19.61505
19.62591
19.63967
19.64895
19.6593
19.67064
19.68165
19.69291
19.70404
19.71534
19.72648
19.73992
19.75037
19.76008
19.77129
19.78234
19.79332
19.80462
19.81577
19.82701
19.83819
19.84918
19.86039
19.87172
19.88277
19.8941
19.90578
19.91669
19.92813
19.93963
19.95081
19.96205
19.97357
19.98492
19.99616
20.00745
20.0188
20.03037
20.04173
20.05297
20.06415
20.07531
20.08632
20.0975
20.10861
20.11983
TARGET DESTROYED 
20.13095
20.15432
20.16613
20.17626
20.18593
20.20041
20.2108
20.22079
20.23856
20.24891
20.26006
20.27136
20.2822
20.29371
20.30508
20.31599
20.32703
20.33836
20.3493
20.36068
20.37219
20.38296
20.39407
20.40569
20.41634
20.4276
20.43901
20.44997
20.46163
20.47357
20.48345
20.49489
20.50641
20.51735
20.52839
20.53978
20.55057
20.56189
20.57353
20.58414
20.59594
20.60668
20.6177
20.629
20.64014
20.65095
20.66248
20.67367
20.68493
20.69597
20.70742
20.71819
20.72948
20.74106
20.75217
20.76454
20.77578
20.7871
20.7986
20.81005
20.8217
20.83371
20.84486
20.85639
20.8678
20.87972
20.8966
20.90683
20.9165
20.92661
20.93639
20.94538
20.95544
20.96536
20.97531
20.9863
20.99773
21.00868
21.01973
21.03091
21.04274
21.05328
21.06468
21.07575
21.08682
21.09793
21.10916
21.1203
21.13189
21.14307
21.15431
21.16518
21.17636
21.18744
21.19867
21.20982
21.22139
21.23211
21.24332
21.25522
21.26558
21.27699
21.28871
21.29969
21.31126
21.32285
21.33426
21.34529
21.35979
21.37047
21.37989
21.39105
21.40241
21.41358
21.42523
21.43957
