0.02
0.04
0.14
0.1780218
0.189997
0.2029092
0.2139057
0.2266062
0.2361851
0.2472928
0.2583797
0.2694583
0.2805455
0.2920796
0.3045585
0.3138957
0.3251783
0.3366569
0.347528
0.3587252
0.3698243
0.3810213
0.3922638
0.4059745
0.4150221
0.4257285
0.4371677
0.4482671
0.4592289
0.470524
0.4819022
0.4926741
0.5043144
0.5151671
0.5261568
0.5374073
0.5484952
0.5598279
0.5710274
0.5820742
0.5933604
0.6046834
0.6157456
0.6267908
0.6379598
0.6489794
0.6602299
0.6714689
0.6828079
0.6939381
0.7053048
0.7163243
0.7273387
0.7393152
0.7497057
0.7609231
0.7720591
0.7836612
0.7943702
0.8056031
0.8167526
0.8277676
0.8392039
0.8506283
0.8613123
0.8731214
0.8838464
0.9002801
0.9114133
0.922205
0.9335056
0.9445848
0.9563383
0.9673617
0.9779495
0.9891185
1.000868
1.011711
1.022924
1.034181
1.044948
1.056161
1.068404
1.078362
1.089766
1.101457
1.112188
1.123598
1.134452
1.145606
1.156977
1.168131
1.179076
1.190199
1.201684
1.212619
1.223871
1.234922
1.246045
1.257259
1.268618
1.279483
1.290809
1.301986
1.313351
1.324164
1.335926
1.346593
1.358062
1.376353
1.385913
1.397706
1.408748
1.419964
1.431155
1.442211
1.453566
1.46459
1.475865
1.486978
1.500793
1.510592
1.525373
1.535802
1.550159
1.562234
1.572398
1.581569
1.590957
1.600221
1.60975
1.621074
1.638579
1.650265
1.662231
1.673004
1.683535
1.694545
1.705967
1.717659
1.727557
1.738078
1.749072
1.758762
1.768197
1.77918
1.788618
1.799761
1.811328
1.822009
1.833356
1.846722
1.857063
1.866659
1.877839
1.888996
1.900648
1.911508
1.922569
1.93423
1.944842
1.955992
1.967562
1.978282
1.989457
2.001312
2.011904
2.023005
2.034355
2.045391
2.05656
2.067994
2.078906
2.090053
2.101866
2.113048
2.124274
2.135992
2.147147
2.158917
2.170039
2.181471
2.192912
2.20817
2.218951
2.228726
2.238748
2.249733
2.260593
2.272142
2.283437
2.294529
2.305434
2.317254
2.327639
2.339068
2.35027
2.361439
2.372818
2.383846
2.394873
2.406061
2.41732
2.428362
2.439525
2.450958
2.462132
2.473222
2.484283
2.495484
2.506513
2.517948
2.528871
2.540168
2.551373
2.562794
2.573714
2.585353
2.596255
2.608198
2.618845
2.630428
2.641561
2.653057
2.664111
2.675866
2.686687
2.698056
2.709607
2.721194
2.732492
2.743298
2.754026
2.765246
2.776307
2.787862
2.798603
2.809871
2.821139
2.832767
2.843862
2.854529
2.869488
2.880191
2.89074
2.901136
2.91203
2.922506
2.932902
2.944163
2.954643
2.964798
2.974918
2.98595
2.997014
3.008297
3.019569
3.030553
3.041888
3.053114
3.063983
3.075428
3.08664
3.097789
3.108982
3.120253
3.131162
3.142314
3.153525
3.16459
3.175843
3.187418
3.198522
3.209469
3.220843
3.232077
3.243131
3.254678
3.265418
3.276882
3.288321
3.299549
3.31095
3.322406
3.333776
3.345117
3.35611
3.367711
3.378638
3.390234
3.401712
3.41303
3.42411
3.435744
3.446445
3.457633
3.468943
3.48704
3.498144
3.508819
3.519795
3.53502
3.544864
3.55519
3.565591
3.575761
3.5868
3.59818
3.609248
3.620347
3.634955
3.64588
3.65703
3.66816
3.678857
3.690027
3.700771
3.711451
3.722766
3.734848
3.745295
3.756377
3.767406
3.777925
3.789235
3.800222
3.811239
3.82208
3.832848
3.843707
3.854997
3.866381
3.877765
3.888985
3.900526
3.911965
3.92357
3.934986
3.945969
3.957664
3.969008
3.980279
3.991799
4.003242
4.014479
4.026318
4.03751
4.048817
4.060121
4.071287
4.082542
4.094189
4.105048
4.116236
4.128364
4.138826
4.150455
4.161853
4.172585
4.18403
4.200192
4.211325
4.222441
4.23454
4.245841
4.257438
4.268626
4.279359
4.291223
4.302991
4.313955
4.326174
4.337204
4.347955
4.359707
4.371595
4.382169
4.39365
4.405128
4.415713
4.427176
4.438915
4.449651
4.461277
4.473126
4.485403
4.496284
4.507868
4.519809
4.530784
4.54178
4.553763
4.566007
4.576968
4.588593
4.599541
4.610088
4.62177
4.633244
4.644623
4.656596
4.668148
4.678963
4.690114
4.701498
4.712331
4.723359
4.735888
4.747059
4.758384
4.770919
4.782499
4.793357
4.804451
4.815522
4.826636
4.838616
4.849481
4.865402
4.876948
4.887835
4.898575
4.910534
4.921483
4.932467
4.943309
4.95463
4.96518
4.977082
4.987917
4.998877
5.009349
5.019765
5.029477
5.039796
5.050609
5.064669
5.079483
5.090631
5.102114
5.112611
5.123906
5.135555
5.145981
5.157434
5.168793
5.179154
5.190267
5.201896
5.212478
5.223407
5.234498
5.245408
5.257073
5.268795
5.279344
5.289775
5.300972
5.312623
5.324073
5.335656
5.346303
5.3571
5.368752
5.379482
5.390236
5.401602
5.412864
5.4237
5.434459
5.445459
5.456808
5.468158
5.478637
5.489372
5.500645
5.511821
5.527396
5.537838
5.547945
5.558411
5.569333
5.58012
5.590226
5.600665
5.615003
5.626121
5.637371
5.647944
5.659244
5.671
5.681583
5.693036
5.704337
5.715121
5.726041
5.737377
5.748711
5.759474
5.771256
5.782592
5.793433
5.805378
5.816413
5.827199
5.838408
5.848949
5.860773
5.871666
5.882365
5.893319
5.905454
5.916278
5.927214
5.938859
5.949437
5.960463
5.971812
5.982313
5.993663
6.005079
6.015566
6.026656
6.038166
6.048565
6.059347
6.071225
6.08221
6.093612
6.104763
6.11543
6.126994
6.138448
6.148855
6.159644
6.171144
6.181432
6.192543
6.20811
6.219089
6.230155
6.241159
6.25276
6.263682
6.274975
6.285842
6.296437
6.307518
6.319112
6.330379
6.341333
6.352221
6.363402
6.374515
6.385222
6.395931
6.407728
6.418453
6.429083
6.441424
6.452458
6.46313
6.474226
6.486105
6.496659
6.507629
6.51902
6.529864
6.541193
6.552549
6.564964
6.576406
6.587281
6.598068
6.608404
6.618669
6.62889
6.639616
6.650177
6.660346
6.671071
6.681848
6.693347
6.708306
6.720068
6.730845
6.74219
6.754472
6.76546
6.776917
6.788412
6.79931
6.811019
6.822585
6.834375
6.845055
6.856443
6.867853
6.883263
6.894684
6.905497
6.916382
6.926661
6.937728
6.949034
6.960191
6.971404
6.983218
6.993715
7.004788
7.016069
7.027077
7.03856
7.049894
7.061355
7.072245
7.084004
7.095138
7.106274
7.117126
7.128362
7.139354
7.15042
7.161146
7.172508
7.183832
7.19476
7.205822
7.217525
7.228143
7.239317
7.250705
7.261842
7.272791
7.284198
7.295452
7.30649
7.317923
7.329112
7.340311
7.351561
7.362461
7.376155
7.387743
7.398204
7.409483
7.420196
7.431208
7.442311
7.454069
7.465592
7.477919
7.488692
7.500412
7.511529
7.522491
7.538918
7.549309
7.560572
7.571415
7.581432
7.592104
7.602958
7.613129
7.623802
7.638942
7.650306
7.660959
7.672007
7.683652
7.695056
7.706534
7.717937
7.728947
7.740251
7.751642
7.763575
7.775769
7.787808
7.798927
7.810258
7.821554
7.832767
7.843303
7.854146
7.86498
7.87604
7.887408
7.898374
7.910004
7.920678
7.931931
7.943322
7.954283
7.965413
7.976619
7.988224
7.99973
8.010159
8.021366
8.032541
8.043866
8.055067
8.065989
8.077291
8.088779
8.099788
8.110703
8.122512
8.133769
8.144547
8.156092
8.166976
8.177926
8.189041
8.200742
8.215255
8.226298
8.237271
8.247663
8.257855
8.268263
8.279734
8.29134
8.306768
8.318634
8.32978
8.340811
8.352256
8.36379
8.377141
8.389206
8.401262
8.412117
8.4234
8.435252
8.445904
8.457067
8.468158
8.47927
8.49028
8.502182
8.513373
8.524422
8.535768
8.546355
8.557547
8.569642
8.58058
8.59188
8.603473
8.614489
8.626005
8.637202
8.648
8.659457
8.67082
8.681526
8.693032
8.705638
8.71936
8.733587
8.746325
8.759295
8.773552
8.788157
8.799513
8.811592
8.82263
8.83374
8.844516
8.855381
8.871207
8.88197
8.892952
8.903895
8.914934
8.926322
8.938094
8.948492
8.959537
8.970803
8.982
8.993067
9.004161
9.015942
9.026864
9.037967
9.048922
9.060299
9.071632
9.082819
9.093594
9.104855
9.115939
9.127686
9.138882
9.149781
9.160967
9.172879
9.18367
9.194611
9.20545
9.216746
9.228109
9.239188
9.250722
9.262501
9.273636
9.284965
9.296536
9.308152
9.31998
9.33147
9.343267
9.354449
9.36529
9.376894
9.388511
9.39979
9.411771
9.422887
9.434795
9.446503
9.457834
9.470234
9.481017
9.492246
9.504582
9.515631
9.526577
9.538107
9.554574
9.565942
9.57725
9.588403
9.599298
9.614641
9.625942
9.638275
9.649149
9.66118
9.672213
9.683194
9.694194
9.706027
9.717083
9.728501
9.739972
9.752034
9.763831
9.774981
9.78654
9.797814
9.809913
9.821409
9.833087
9.844609
9.855562
9.866567
9.877824
9.889343
9.900754
9.912006
9.923003
9.934383
9.944931
9.956167
9.967216
9.977684
9.988122
9.998693
10.00955
10.02083
10.03206
10.04318
10.05415
10.06537
10.07653
10.08769
10.09887
10.1102
10.12119
10.13268
10.14369
10.15481
10.19977
10.21136
10.22198
10.23508
10.24636
10.25726
10.26825
10.28525
10.296
10.30652
10.31749
10.32964
10.34015
10.35165
10.37202
10.38552
10.39639
10.40728
10.41855
10.4289
10.44019
10.45132
10.4618
10.4725
10.48417
10.49511
10.50639
10.51805
10.52858
10.53939
10.55069
10.56207
10.57345
10.58472
10.59536
10.60652
10.61748
10.62875
10.63958
10.65067
10.66174
10.6725
10.68288
10.69379
10.70522
10.7162
TARGET DESTROYED 
10.72706
10.74621
10.75837
10.76961
10.78039
10.79309
10.80474
10.81565
10.83602
10.84842
10.86036
10.87142
10.88201
10.89314
10.90427
10.91464
10.92543
10.93716
10.94786
10.95926
10.97078
10.9815
10.99297
11.0089
11.02011
11.03077
11.0413
11.0527
11.0633
11.07415
11.08477
11.09524
11.10635
11.1172
11.12806
11.13938
11.14983
11.16055
11.17124
11.18255
11.19368
11.2046
11.21582
11.22718
11.23818
11.24949
11.26089
11.27154
11.2835
11.29492
11.30616
11.31671
11.329
11.34007
11.35112
11.36259
11.37409
11.3853
11.39649
11.40767
11.4194
11.43063
11.44221
11.4532
11.46478
11.47595
11.4876
11.49921
11.51048
11.52139
11.53294
11.54407
11.55542
11.56712
11.57839
11.58931
11.60136
11.61564
11.62601
11.63662
11.64686
11.65756
11.66817
11.67816
11.68877
11.69862
11.71983
11.73062
11.74124
11.75258
11.76328
11.77474
11.78575
11.79699
11.80806
11.81914
TARGET DESTROYED 
11.83027
11.84607
11.85709
11.86836
11.87917
11.8896
11.90064
11.9118
11.92947
11.94197
11.95307
11.9641
11.97533
11.98661
11.99813
12.00951
12.02007
12.03112
12.04259
12.05377
12.06503
12.07586
12.08715
12.09815
12.10947
12.12082
12.13249
12.14363
12.15494
12.16552
12.17642
12.18753
12.19872
12.21042
12.2218
12.23325
12.24426
12.25463
12.26589
12.27705
12.28822
12.29949
12.31045
12.32194
12.33343
12.34397
12.36085
12.37217
12.38328
12.39378
12.40465
12.41559
12.42661
12.44009
12.45143
12.46177
12.47246
12.48302
12.49394
12.5048
12.51548
12.52627
12.53757
12.5478
12.5586
12.56996
12.58043
12.59149
12.60233
12.61337
12.6252
12.63617
12.64677
12.65774
12.67057
12.68142
12.69248
12.70312
12.71386
12.72508
12.7362
12.74714
12.7585
12.76961
12.78079
12.7919
12.80343
12.81478
12.82606
12.83765
12.84874
12.86005
12.87181
12.88379
TARGET DESTROYED 
12.89443
12.90969
12.92141
12.93189
12.94238
12.95351
12.96389
12.97427
12.98458
12.99584
13.0134
13.03063
13.04172
13.05261
13.06301
13.07355
13.08476
13.09549
13.10674
13.11771
13.12819
13.13874
13.14934
13.16055
13.17085
13.18184
13.19286
13.20409
13.21518
13.22627
13.23744
13.24887
13.25993
13.27111
13.28244
13.29347
13.30487
13.31592
13.32765
13.33851
13.34928
13.36045
13.37164
13.38312
13.39392
13.4051
13.41649
13.42745
13.4389
13.44981
13.46119
13.47216
13.48344
13.49452
13.50578
13.51711
13.52804
13.53908
13.55068
13.56177
13.57316
13.585
13.59641
13.61079
13.62291
13.63383
13.64448
13.65646
13.67455
13.68624
13.69683
13.71307
13.72399
13.73526
13.74544
13.75631
13.76706
13.77766
13.78823
13.79913
13.81076
13.82244
13.83353
13.84521
13.85667
13.86726
13.87781
13.88899
13.89934
13.91
13.92057
13.93133
13.94213
13.95299
13.96362
13.97467
13.98608
13.99716
14.00852
14.0196
14.03104
14.04193
14.05295
14.06439
14.07539
14.08698
14.09779
14.10896
14.12031
14.13142
14.1435
14.15499
14.16617
14.17743
14.18892
TARGET DESTROYED 
14.20047
14.21555
14.22637
14.2374
14.25562
14.26855
14.2794
14.29033
14.30149
14.3126
14.32356
14.33453
14.3454
14.35623
14.37253
14.38373
14.39504
14.4066
14.41758
14.42852
14.43981
14.45107
14.46188
14.47339
14.48424
14.49486
14.50627
14.51697
14.52786
14.53893
14.54946
14.56054
14.57224
14.58344
14.59385
14.6051
14.61585
14.62664
14.637
14.64726
14.65852
14.66966
14.68014
14.69109
14.70213
14.71239
14.7235
14.73464
14.74548
14.75658
14.76809
14.77931
14.79012
14.80155
14.81261
14.82504
14.83723
14.84761
14.85789
14.8699
14.88048
14.89196
14.90326
14.91459
14.92717
14.93972
14.95273
14.96459
14.97764
14.9903
15.00266
15.01444
15.02544
15.03699
15.0484
15.05824
15.07278
15.08418
15.09394
15.10393
15.11414
15.12533
15.13655
15.14794
15.15881
15.17042
15.18116
15.19221
15.20373
15.21481
15.22583
15.237
15.24831
15.25941
15.27059
15.28227
15.2936
15.30395
15.31538
15.3265
TARGET DESTROYED 
15.33747
15.35231
15.36272
15.3728
15.38314
15.39379
15.40556
15.4163
15.42766
15.43911
15.45122
15.46202
15.47334
15.48563
15.50361
15.51505
15.52758
15.5386
15.54996
15.56118
15.5721
15.58343
15.59459
15.60576
15.61688
15.63073
15.64177
15.65234
15.66283
15.67313
15.68395
15.69499
15.70633
15.71787
15.72939
15.73949
15.75556
15.76618
15.77705
15.78817
15.79846
15.80921
15.8201
15.83148
15.84216
15.85243
15.86255
15.8738
15.88515
15.89595
15.90716
15.91893
15.93002
15.94129
15.9533
15.96438
15.97579
15.98719
15.99864
16.00979
16.02106
16.03221
16.04363
16.05622
16.06623
16.07747
16.08812
16.09965
16.11143
16.12217
16.13314
16.14445
16.15696
16.16745
16.17837
16.18975
16.2014
16.21248
16.22395
16.23533
16.24638
16.25787
16.26956
16.28089
16.29192
16.3032
16.31429
16.32538
16.33676
16.3479
16.35896
16.37014
16.38146
16.39252
16.40443
16.41466
16.42611
16.43716
16.45174
16.46201
16.47186
16.48217
16.492
16.50268
16.51374
16.52505
16.53601
16.5471
16.55846
16.56967
16.58094
16.59189
16.60318
16.61419
16.6256
16.63655
16.6479
16.65884
16.67063
16.68146
16.6925
16.70342
16.71469
16.72612
16.7373
16.74821
16.75938
16.77059
16.78181
16.79319
16.80424
16.81535
16.8271
16.8387
16.84934
16.86084
16.87187
16.88354
16.89474
16.90569
16.91767
16.92857
16.93974
16.95173
16.96208
16.97335
16.98473
16.99558
17.00676
17.01807
17.02915
17.04019
17.05199
17.06259
17.0739
17.08505
17.09656
17.10713
17.1188
17.13376
17.14443
17.15539
17.166
17.17609
17.18628
17.19609
17.20693
17.2172
17.22721
17.2378
17.24882
17.26035
17.27122
17.2823
17.2937
17.30461
17.31573
17.32747
17.33898
17.34947
17.36073
17.37199
17.3832
17.39395
17.4052
17.41641
17.42796
TARGET DESTROYED 
17.43925
17.45446
17.46513
17.47606
17.48654
17.49697
17.50768
17.51848
17.5348
17.54694
17.55693
17.56736
17.57708
17.58704
17.5968
17.61085
17.62192
17.63212
17.64288
17.65359
17.66396
17.6753
17.68629
17.69641
17.70674
17.71731
17.72826
17.73931
17.75093
17.76125
17.77264
17.78431
17.79484
17.81061
17.82178
17.83217
17.84398
17.85499
17.86587
17.87667
17.88766
17.89821
17.90956
17.92071
17.93136
17.94202
17.95302
17.96343
17.97448
17.98619
17.99726
18.00867
18.02019
18.03159
18.04298
18.05469
18.06556
18.07684
18.08766
18.09879
18.11067
18.12128
18.1326
18.1439
18.15541
18.16619
18.17722
18.18859
18.1998
18.21106
18.2221
18.23401
18.24487
18.25609
18.26757
18.27872
18.29008
18.30173
18.3127
18.3238
18.33559
18.34676
18.35839
18.36958
18.3809
18.39197
18.40336
18.41403
18.42562
18.43709
18.44773
18.45907
18.47003
18.48103
18.49257
18.50355
18.51472
18.52586
18.53707
18.55355
18.56574
18.57669
18.58801
18.59915
18.61041
18.62145
18.63286
18.64387
18.65557
18.67032
18.68092
18.69244
18.70311
18.71354
18.725
18.73671
18.74745
18.75835
18.76996
18.78094
18.79191
18.80243
18.81272
18.82344
18.83417
18.84476
18.85731
18.86769
18.87843
18.88946
18.90087
18.91192
18.92323
18.93432
18.94546
18.95649
18.96784
18.97872
18.99009
19.00139
19.0128
19.02439
19.03506
19.04783
19.06028
19.07675
19.09098
19.10359
TARGET DESTROYED 
19.1155
19.14252
19.15638
19.17032
19.18282
19.19528
19.20764
19.22472
19.23669
19.25748
19.27137
19.2831
19.29459
19.30583
19.31646
19.32772
19.33937
19.34994
19.36164
19.37327
19.38483
19.39823
19.41101
19.42381
19.43711
19.44968
19.46093
19.47224
19.48248
19.49386
19.50558
19.51657
19.52662
19.53776
19.54904
19.56012
19.57105
19.58228
19.59343
19.60479
19.61925
19.63048
19.64229
19.65356
19.6662
19.67821
19.69048
19.70265
19.71505
19.72653
19.73896
19.75072
19.76258
19.77422
19.78607
19.7984
19.81082
19.82312
19.83582
19.84873
19.86178
19.8741
19.88561
19.89691
19.90927
19.92685
19.93878
19.95093
19.96244
19.97535
19.98743
20.00178
20.01423
20.02628
20.03832
20.05116
20.06224
20.0737
20.08493
20.09627
20.10853
20.1197
20.13073
20.14209
20.15383
20.16553
20.17703
20.18828
20.19987
20.21185
20.2233
20.23509
20.24645
20.25738
20.26931
20.2806
20.29203
20.30373
20.31509
20.32669
20.33826
20.35008
20.36152
20.37305
20.38493
20.39614
20.40871
20.42056
20.43164
20.44332
20.45463
20.46606
20.47746
20.4916
20.50385
20.51582
20.52726
20.53852
20.55067
20.58033
