0.02
0.04
0.14
0.1783451
0.1938999
0.2071403
0.219735
0.2336504
0.2447733
0.2660495
0.2765224
0.2873934
0.3012405
0.3126283
0.3237252
0.3355615
0.3459227
0.3567831
0.367812
0.3784786
0.3896454
0.400836
0.411153
0.4219159
0.4324917
0.4431863
0.4545841
0.4646649
0.4754269
0.4857965
0.4962306
0.507501
0.5187153
0.5293759
0.5399184
0.5507197
0.5614862
0.5726058
0.583823
0.5948051
0.6063196
0.6175275
0.6282195
0.6431477
0.6542847
0.6651108
0.6754457
0.6858455
0.6962116
0.7070373
0.7177328
0.7292355
0.7402913
0.7516165
0.7628642
0.7739382
0.7852715
0.7957268
0.8070283
0.8186044
0.8295531
0.8413271
0.85186
0.863434
0.8739633
0.8854631
0.8963004
0.911005
0.9221365
0.933446
0.944599
0.9557722
0.9669166
0.9778873
0.9890869
1.00033
1.011363
1.023226
1.039984
1.052974
TARGET DESTROYED 
1.071851
1.083592
1.102844
1.115089
1.125784
1.137168
1.14793
1.158988
1.170324
1.180756
1.191285
1.201995
1.212586
1.223606
1.236415
1.247141
1.258068
1.269098
1.279313
1.290047
1.300763
1.311255
1.32211
1.342792
1.354669
1.365621
1.376726
1.388164
1.399446
1.410289
1.421244
1.432809
1.447997
1.459276
1.470194
1.480317
1.490894
1.503859
1.514092
1.524626
1.535253
1.545755
1.556546
1.567804
1.578767
1.590287
1.600521
1.611398
1.622414
1.634039
1.644799
1.65649
1.667112
1.678861
1.690349
1.70115
1.711879
1.723548
1.734432
1.745811
1.756771
1.768535
1.779522
1.790636
1.801512
1.812299
1.823738
TARGET DESTROYED 
1.843196
1.854788
1.873084
1.885463
1.895868
1.906615
1.917341
1.927883
1.938421
1.948851
1.959269
1.970227
1.981313
1.99315
2.004158
2.015251
2.025752
2.036466
2.048059
2.059159
2.069944
2.080274
2.091736
2.103777
2.115427
2.125946
2.136817
2.147516
2.159596
2.170532
2.182182
2.192713
2.20353
2.214355
2.225569
2.243044
2.25452
2.265306
2.276281
2.287159
2.297604
2.30819
2.319397
2.330436
2.340972
2.352402
2.362828
2.374268
2.385587
2.395907
2.406958
2.417646
2.428465
2.440289
2.45114
2.461994
2.472658
2.483894
2.494483
2.505934
2.517556
2.527759
2.538553
2.550151
2.561274
2.57257
2.583584
2.594511
2.605602
2.617476
2.633327
2.64449
2.655143
2.665451
2.676326
2.687194
2.698087
2.709002
TARGET DESTROYED 
2.724558
2.735839
2.746695
2.757933
2.769936
2.780953
2.792247
2.804225
2.821622
2.834832
2.846083
2.85711
2.869153
2.879971
2.891289
2.902449
2.913257
2.924623
2.936145
2.946945
2.958366
2.969651
2.980688
2.992225
3.004182
3.015415
3.026429
3.042732
3.054309
3.065106
3.07629
3.087682
3.09934
3.110283
3.121903
3.133083
3.144039
3.155315
3.166576
3.177788
3.188635
3.199867
3.211637
3.22298
3.234627
3.245981
3.258999
3.270957
3.28159
3.292225
3.307561
3.31877
3.329736
3.340392
3.351393
3.361656
3.372763
3.383933
3.395194
3.405833
3.417357
3.428176
3.443464
3.455118
3.466354
3.476686
3.487769
3.499063
3.510102
3.52141
3.532828
3.543538
3.554862
TARGET DESTROYED 
3.570103
3.581336
3.599403
3.612457
3.62402
3.634618
3.645043
3.655645
3.666995
3.677891
3.688946
3.700288
3.711149
3.722492
3.734101
3.744813
3.755672
3.767424
3.778149
3.789486
3.800834
3.811714
3.823462
3.834755
3.849661
3.860815
3.87144
3.882134
3.892965
3.904093
3.914495
3.925451
3.936689
3.946906
3.95732
3.968242
3.979306
3.990984
4.001568
4.01306
4.023888
4.035237
4.046333
4.057443
4.068869
4.079796
4.091504
4.102716
4.114304
4.125775
4.137311
4.149215
4.16043
4.171671
4.183208
4.194066
4.20558
4.216755
4.227695
4.244824
4.257415
4.269193
4.280938
4.292584
4.304234
4.31509
4.326586
4.338356
4.349144
4.360006
4.371636
4.382305
4.392892
4.404008
4.414944
4.426702
4.437421
4.44891
4.459562
4.470735
4.4825
4.49374
4.505459
4.516648
4.527005
4.537793
4.549159
4.560309
4.571399
4.582893
4.593583
4.605175
4.616185
4.627159
4.638342
TARGET DESTROYED 
4.657367
4.669374
4.68636
4.698906
4.709955
4.721042
4.73146
4.742644
4.753411
4.764957
4.776042
4.786836
4.797845
4.808339
4.819197
4.8297
4.840332
4.851214
4.861904
4.872908
4.884326
4.895059
4.906888
4.917569
4.928881
4.93977
4.951367
4.962368
4.973273
4.985032
4.995653
5.006882
5.018369
5.029175
5.040696
5.062357
5.074014
5.085257
5.096284
5.107655
5.118746
5.129748
5.14115
5.152235
5.16313
5.174591
5.185681
5.196804
5.208016
5.219101
5.230458
5.241648
5.252944
5.263906
5.274932
5.286123
5.297634
5.308558
5.319675
5.330802
5.341933
5.353152
5.364612
5.375544
5.386691
5.397898
5.409051
5.420304
5.431272
5.442423
5.453842
5.468808
5.47937
5.490246
5.501749
5.512037
5.523002
5.533434
5.543924
5.554877
5.566439
5.57748
5.589231
5.600969
5.612372
5.623709
5.635256
5.64683
5.657842
5.669342
5.679996
5.691453
5.702438
5.713581
5.724725
5.735997
5.747094
5.758465
5.76974
5.780491
5.791842
5.802964
5.814136
5.825419
5.836549
5.848124
5.863707
5.874552
5.885267
5.895464
5.906857
5.917942
5.928694
5.93985
5.950746
5.961518
5.9721
5.982536
5.993581
6.004064
6.014497
6.025556
6.036917
6.048036
6.059108
6.070639
6.081836
6.09276
6.103917
6.115353
6.125957
6.137238
6.148693
6.159898
6.171131
TARGET DESTROYED 
6.185749
6.196327
6.20723
6.218227
6.228432
6.240561
6.263079
6.274703
6.285205
6.295776
6.306947
6.317616
6.327734
6.338311
6.348848
6.359171
6.369974
6.380716
6.39233
6.403051
6.414394
6.425562
6.437368
6.447781
6.459026
6.470312
6.481523
6.492619
6.503988
6.514941
6.526027
6.537119
6.548836
6.559395
6.570756
6.582135
6.592955
6.604
6.615498
6.626346
6.637822
6.649047
6.660201
6.675515
6.686655
6.696805
6.707266
6.718833
6.728971
6.739632
6.750013
6.760625
6.771661
6.785188
6.798238
6.812131
6.826205
6.839787
6.853835
6.867898
6.881341
6.89591
6.910321
6.924724
6.938273
6.952663
6.966506
6.980075
6.993804
7.007156
7.021443
7.034196
7.046715
7.059277
7.071143
7.083114
7.095155
7.106879
7.118535
7.129416
7.145217
7.157112
7.168638
7.180184
7.191794
7.203429
7.215562
7.226737
7.238295
7.250018
7.26194
7.274447
7.286049
7.297401
7.309651
7.321265
7.333299
7.34476
7.356286
7.36801
7.379646
TARGET DESTROYED 
7.405513
7.417475
7.429156
7.44074
7.452734
7.464454
7.475649
7.487822
7.507868
7.520219
7.531254
7.542693
7.554143
7.569283
7.579822
7.590177
7.600735
7.611148
7.622021
7.632359
7.643278
7.654159
7.665417
7.676357
7.687572
7.698941
7.710119
7.721223
7.732687
7.743455
7.754629
7.765986
7.776971
7.788116
7.800199
7.810961
7.822004
7.833778
7.844395
7.855343
7.866729
7.877671
7.889009
7.900545
7.911688
7.92255
7.934499
7.945298
7.956375
7.971882
7.983805
7.995678
8.006259
8.01769
8.02823
8.03882
8.049873
8.060901
8.071784
8.083089
8.093939
8.105264
8.117132
8.127499
8.13877
8.149758
8.16075
8.171646
8.182411
8.193263
8.204134
8.214425
8.225907
8.236831
8.247868
8.259458
8.270452
8.281784
8.292045
8.303671
8.314443
8.325312
8.336493
8.34743
8.358861
8.370229
8.385604
8.395994
8.406996
8.417464
8.428159
8.438553
8.450208
8.461262
8.472441
8.483948
8.494952
8.506076
8.517597
8.528332
8.539515
8.551064
8.561919
8.573707
8.584592
8.595346
8.60647
8.618041
8.629034
8.640057
8.651512
8.662823
8.673619
8.684869
8.69598
8.707026
8.718506
8.729515
8.741024
8.751953
8.763279
8.774531
8.785901
8.801565
8.81218
8.825625
8.836864
8.847315
8.85832
8.868937
8.879251
8.889977
8.900869
8.91133
8.921808
8.932649
8.946266
