0.02
0.04
0.14
0.1806363
0.191123
0.2014512
0.2109472
0.2221817
0.2343013
0.2446423
0.2555326
0.2668813
0.2781514
0.2891347
0.3007253
0.311525
0.3223964
0.3336501
0.3449741
0.3559561
0.3671598
0.3793429
0.3900891
0.4006778
0.4121423
0.425872
0.4348063
0.4456885
0.456555
0.4676583
0.4797958
0.4900265
0.5015376
0.5124621
0.5237017
0.5347296
0.5462804
0.557007
0.5683063
0.5794628
0.590688
0.6022429
0.6129959
0.6241034
0.6356269
0.6464533
0.6576127
0.6688809
0.6800519
0.6911584
0.7023928
0.7136889
0.7247309
0.7358188
0.746949
0.7584264
0.7693362
0.7806641
0.7919496
0.8028222
0.8141782
0.825148
0.8364698
0.847583
0.8588691
0.8699047
0.8810763
0.8973393
0.9087496
0.9196739
0.9312783
0.9422305
0.9530925
0.9644585
0.975695
0.9867716
0.9981648
1.009563
1.020422
1.031284
1.042986
1.05359
1.064895
1.076082
1.087072
1.098397
1.109656
1.120715
1.131914
1.143235
1.15436
1.165352
1.176713
1.187639
1.199225
1.210854
1.221648
1.232198
1.244061
1.254625
1.266454
1.27732
1.288246
1.299486
1.310981
1.32154
1.332722
1.344371
1.355451
1.366282
1.377929
1.388532
1.399764
1.411147
1.42236
1.433219
1.444721
1.455627
1.466809
1.478648
1.489408
1.500423
1.511707
1.52272
1.538014
1.547282
1.556892
1.571485
1.581128
1.590298
1.599894
1.609161
1.61878
1.630254
1.641099
1.652288
1.663595
1.674662
1.691735
1.702379
1.712177
1.721909
1.731997
1.741702
1.752998
1.764022
1.775138
1.786366
1.797598
1.808903
1.820011
1.831003
1.842511
1.853401
1.8645
1.875851
1.886933
1.89803
1.909404
1.920295
1.93195
1.943431
1.954634
1.96568
1.977292
1.987969
1.999624
2.010941
2.021655
2.033077
2.044837
2.055263
2.066663
2.078249
2.089566
2.100815
2.112337
2.123429
2.135304
2.146175
2.158682
2.169038
2.180336
2.191719
2.203115
2.214592
2.226027
2.241947
2.252912
2.262759
2.272712
2.289183
2.302043
2.312345
2.321977
2.333072
2.34452
2.355589
2.366559
2.378058
2.388944
2.400251
2.411652
2.424036
2.435009
2.445951
2.456138
2.467624
2.479168
2.49955
2.512033
2.523349
2.534312
2.545774
2.556525
2.567613
2.57901
2.590111
2.603906
2.614263
2.624089
2.634803
2.645957
2.657438
2.668706
2.679541
2.690611
2.704826
2.71567
2.725965
2.736441
2.747569
2.757987
2.768976
2.780669
2.791581
2.802851
2.813457
2.824542
2.83582
2.84698
2.858309
2.869275
2.880538
2.89647
2.906937
2.917463
2.928334
2.938687
2.950115
2.960701
2.970634
2.981427
2.993222
3.004441
3.015849
3.02796
3.039006
3.050094
3.061573
3.072501
3.083593
3.095246
3.106063
3.117098
3.129025
3.139406
3.150986
3.161983
3.173072
3.184386
3.195417
3.206554
3.217769
3.228964
3.240023
3.251776
3.263278
3.273832
3.285166
3.296632
3.307914
3.319447
3.330616
3.341845
3.353448
3.364584
3.376002
3.387253
3.398666
3.410414
3.421559
3.432585
3.444299
3.454971
3.466215
3.478565
3.488977
3.499781
3.511262
3.522033
3.533759
3.544654
3.555842
3.567106
3.578644
3.589101
3.604462
3.619471
3.630387
3.640778
3.651633
3.662488
3.673756
3.684695
3.695991
3.707021
3.718704
3.729875
3.741445
3.752605
3.765117
3.775724
3.786462
3.797413
3.807992
3.818771
3.830145
3.841042
3.852997
3.864346
3.874892
3.885883
3.897021
3.908183
3.91938
3.930594
3.941833
3.952985
3.963971
3.975073
3.986427
3.997546
4.008895
4.019941
4.03119
4.042615
4.053903
4.065249
4.077157
4.088437
4.103001
4.113759
4.124977
4.134959
4.145673
4.157448
4.168433
4.179913
4.191275
4.202658
4.213785
4.22849
4.24514
4.256265
4.268488
4.279805
4.290061
4.30075
4.311954
4.322086
4.332706
4.344232
4.354889
4.366226
4.378005
4.388956
4.399601
4.411131
4.422853
4.433647
4.444841
4.45544
4.466874
4.478592
4.489038
4.50049
4.511368
4.52231
4.534341
4.546011
4.556783
4.568604
4.580022
4.591131
4.602443
4.613549
4.624897
4.636703
4.647595
4.658489
4.669909
4.680621
4.691323
4.702642
4.713791
4.724683
4.736427
4.747674
4.758394
4.76979
4.781204
4.793077
4.804519
4.815908
4.827583
4.838768
4.850418
4.861603
4.873287
4.884428
4.896229
4.912327
4.924291
4.935941
4.947351
4.95868
4.970347
4.982151
4.993421
5.004683
5.01602
5.026933
5.038544
5.050031
5.061304
5.072348
5.084095
5.09551
5.106348
5.117663
5.129498
5.140133
5.151555
5.16312
5.173668
5.184936
5.195959
5.208057
5.21927
5.230735
5.241395
5.252898
5.264248
5.277717
5.289319
5.301004
5.313052
5.324416
5.335978
5.347464
5.358699
5.370408
5.382609
5.393872
5.407541
5.419003
5.430037
5.440778
5.452329
5.463501
5.47424
5.485641
5.497047
5.507422
5.518714
5.530213
5.541006
5.553296
5.56426
5.576777
5.593467
5.604585
5.615814
5.626976
5.637987
5.649458
5.661775
5.672942
5.684258
5.695424
5.706465
5.71761
5.729175
5.740095
5.751641
5.762406
5.773561
5.785255
5.796319
5.807571
5.819152
5.830209
5.840715
5.853342
5.864489
5.875172
5.886082
5.897191
5.90771
5.918704
5.929975
5.941054
5.952086
5.963257
5.974669
5.989674
6.001195
6.012687
6.023628
6.035083
6.046759
6.058059
6.068999
6.08056
6.091518
6.102723
6.114468
6.125348
6.136659
6.1481
6.159676
6.17037
6.182066
6.194177
6.204958
6.216932
6.228552
6.239451
6.250495
6.267064
6.279586
6.291178
6.302221
6.314366
6.325199
6.336555
6.348361
6.359558
6.371607
6.383075
6.394621
6.405833
6.417367
6.429643
6.440353
6.451867
6.46361
6.483153
6.495718
6.506879
6.518075
6.530216
6.541613
6.552609
6.564757
6.575602
6.586731
6.598788
6.609528
6.620449
6.632499
6.645097
6.655904
6.667105
6.678449
6.689626
6.701132
6.712111
6.723263
6.734328
6.745538
6.756352
6.76768
6.779113
6.790346
6.801492
6.812618
6.823817
6.83494
6.846317
6.857203
6.868663
6.879553
6.890806
6.902651
6.913645
6.924643
6.936091
6.95261
6.963836
6.974936
6.986336
6.998115
7.008785
7.019764
7.031861
7.043388
7.0544
7.065624
7.076652
7.087373
7.098717
7.109332
7.120844
7.132091
7.142928
7.154502
7.165662
7.176317
7.18711
7.198813
7.210254
7.221124
7.232544
7.244145
7.254167
7.265656
7.276551
7.288306
7.300219
7.31205
7.32276
7.333997
7.345885
7.356275
7.36831
7.37966
7.390949
7.402449
7.414503
7.426659
7.438432
7.449664
7.460779
7.472305
7.483741
7.495091
7.50673
7.518486
7.530774
7.543159
7.554644
7.565832
7.57725
7.588224
7.599791
7.61101
7.621837
7.633207
7.645307
7.66547
7.677319
7.68849
7.700332
7.711821
7.722869
7.733842
7.745591
7.757309
7.769208
7.781704
7.79356
7.805836
7.818274
7.829839
7.841373
7.853516
7.865647
7.877696
7.889939
7.901708
7.913614
7.924781
7.936624
7.950147
7.961871
7.974018
7.986194
7.998002
8.009476
8.030807
8.042936
8.054836
8.066227
8.079002
8.090708
8.102478
8.114643
8.12619
8.138407
8.150187
8.161861
8.174085
8.18639
8.198953
8.211432
8.223143
8.234694
8.247375
8.259024
8.271143
8.283202
8.295682
8.307976
8.324481
8.33613
8.348365
8.360033
8.372059
8.384027
8.39588
8.407703
8.420418
8.432309
8.444329
8.455429
8.466877
8.478919
8.490469
8.502214
8.514758
8.526842
8.538917
8.55085
8.562739
8.57509
8.587407
8.599671
8.61239
8.624056
8.635927
8.64831
8.661678
8.673242
8.685277
8.696956
8.70855
8.720967
8.733057
8.745294
8.756687
8.768242
8.780575
8.792162
8.804025
8.816288
8.829396
8.840714
8.852685
8.86437
8.87603
8.889568
8.9011
8.912836
8.924354
8.936717
8.949665
8.962484
8.974019
8.985765
8.998143
9.009809
9.026789
9.039265
9.050997
9.063499
9.075474
9.087445
9.099519
9.111224
9.123055
9.140496
9.152678
9.165058
9.176794
9.188513
9.200708
9.21247
9.224201
9.236364
9.247652
9.259338
9.27116
9.282842
9.294634
9.307252
9.318545
9.330358
9.34108
9.352665
9.364677
9.375909
9.387424
9.402926
9.414994
9.426703
9.43805
9.449301
9.461507
9.472906
9.484442
9.496822
9.508153
9.520899
9.534332
9.546371
9.557422
9.56864
9.580422
9.591121
9.602141
9.613276
9.624331
9.63957
9.650438
9.661616
9.672935
9.683784
9.694777
9.706137
9.716913
9.727674
9.748549
9.76055
9.772261
9.78376
9.795558
9.807023
9.818745
9.831555
9.844018
9.855953
9.867562
9.879775
9.891447
9.904107
9.916085
9.927867
9.940363
9.952287
9.964208
9.976266
9.98767
10.00013
10.01278
10.02426
10.03696
10.04891
10.06031
10.07332
10.08566
10.09782
10.10997
10.12086
10.13352
10.14675
10.15831
10.17079
10.18243
10.19436
10.20663
10.21826
10.23062
10.24234
10.25384
10.26571
10.27799
10.28952
10.30227
10.31546
10.32786
10.34011
10.35195
10.36469
10.37749
10.39007
10.40215
10.42001
10.43255
10.44446
10.45616
10.4681
10.48057
10.49226
10.50469
10.51716
10.5301
10.54315
10.5554
10.56746
10.58037
10.59208
10.60443
10.61714
10.62981
10.6428
10.65508
10.66696
10.67948
10.69126
10.70383
10.7162
10.7286
10.74091
10.75338
10.76577
10.77849
10.7903
10.80185
10.81437
10.82701
10.83946
10.85217
10.8646
10.87724
10.88947
10.90103
10.91346
10.92556
10.93816
10.95113
10.96349
10.97578
10.98856
11.00075
11.01291
11.02453
11.03745
11.04999
11.06335
11.07475
11.08637
11.10047
11.11275
11.12392
11.14125
11.15337
11.16566
11.17822
11.18991
11.20233
11.2144
11.22575
11.23741
11.24896
11.26151
11.27335
11.28513
11.29766
11.30927
11.3216
11.3335
11.34512
11.3566
11.36837
11.38087
11.39255
11.40399
11.41567
11.42729
11.43894
11.45141
11.46338
11.49617
11.50823
11.52014
11.53623
11.54868
11.5601
11.57246
11.58559
11.5991
11.61112
11.62247
11.63416
11.64992
11.66312
11.67544
11.68789
11.70123
11.71457
11.72743
11.73962
11.7516
11.76505
11.77741
11.79006
11.80216
11.8149
11.82746
11.8398
11.85168
11.86445
11.87668
11.88919
11.90158
11.91403
11.92619
11.93928
11.95144
11.96362
11.9756
11.99333
12.00615
12.01789
12.0299
12.04347
TARGET DESTROYED 
12.05581
12.07892
12.09191
12.10437
12.11699
12.12945
12.14155
12.15355
12.16498
12.17695
12.18876
12.2006
12.22043
12.23397
12.24562
12.25629
12.26763
12.27947
12.29187
12.30448
12.31676
12.3294
12.34175
12.35412
12.3663
12.37877
12.39101
12.40335
12.41665
12.4289
12.44127
12.45372
12.46639
12.47869
12.49093
12.50347
12.51653
12.52913
12.54195
12.55433
12.56649
12.57954
12.59169
12.60417
12.61689
12.62945
12.64195
12.65408
12.66696
12.68462
12.69766
12.70987
12.72199
12.734
12.74662
12.75845
12.7707
12.78328
12.7965
12.80863
12.82153
12.83451
12.84746
12.8585
12.86925
12.88064
12.89197
12.90272
12.91354
12.92446
12.93523
12.94694
12.95805
12.96823
12.98005
12.99075
13.00159
13.01262
13.02347
13.03456
13.04647
13.05686
13.06726
13.07881
13.08981
13.101
13.1124
13.12317
13.13479
13.14582
13.15694
13.16826
13.17918
13.19032
TARGET DESTROYED 
13.20187
13.22008
13.23371
13.24686
13.25936
13.2718
13.28517
13.30461
13.31856
13.33164
13.34472
13.36219
13.37459
13.38756
13.40084
13.41346
13.42585
13.43875
13.45131
13.4645
13.47676
13.48924
13.50181
13.51425
13.52672
13.53986
13.55156
13.56416
13.57648
13.5889
13.60063
13.61275
13.62428
13.64039
13.6532
13.66622
13.6788
13.69135
13.70423
13.71635
13.72872
13.74127
13.75355
13.76668
13.77951
13.7925
13.8051
13.81691
13.82907
13.84175
13.85436
13.8673
13.88032
13.89289
13.90541
13.9178
13.93077
13.9431
13.95569
13.96904
13.98232
13.99492
14.0074
14.02009
14.03458
14.04848
14.0618
14.07936
14.09204
14.10509
14.11744
14.12956
14.14217
14.15514
14.16945
14.1835
14.19617
14.20941
14.22217
14.23506
14.24767
14.26024
14.27308
14.28542
14.29813
14.31137
14.32384
14.33604
TARGET DESTROYED 
14.3505
14.36971
14.3905
14.40448
14.41707
14.42979
14.44213
14.45489
14.46739
14.48109
14.49391
14.50534
14.51712
14.52994
14.5423
14.55543
14.57274
14.58454
14.59623
14.60821
14.62011
14.63239
14.64414
14.65604
14.66764
14.68036
14.69186
14.7039
14.71568
14.72737
14.73977
14.75188
14.76411
14.78122
14.79729
14.81284
14.82475
14.83619
14.84783
14.85929
14.87017
14.88126
14.89214
14.90388
14.91561
14.92628
14.93799
14.9505
14.96151
14.97276
14.98437
14.99553
15.00669
15.01745
15.02845
15.04017
15.05188
15.06281
15.07357
15.08504
15.09591
15.10666
15.11753
15.1286
15.14
15.15209
15.16299
15.17393
15.1848
15.19595
15.20706
15.21906
15.23087
15.24165
15.25315
15.26511
15.27643
15.2876
15.29894
15.31075
15.32216
15.33302
15.34401
15.3556
15.36649
15.3778
15.38855
15.39972
15.41099
15.42169
15.43217
15.44321
15.45885
15.47026
15.48095
15.49131
15.50242
15.51367
15.52484
15.53593
15.54724
15.55833
15.56949
15.58053
15.59196
15.60299
15.61406
15.62587
15.63976
15.65017
15.66052
15.67024
15.68112
15.69234
15.70348
15.71463
15.72584
15.74003
15.75119
15.76188
15.77222
15.78354
15.7944
15.80458
15.81555
15.82653
15.83778
15.84869
15.86005
15.87102
15.88215
15.89372
15.90454
15.91561
15.92713
15.93808
15.95012
15.96093
15.97189
15.98326
15.99544
16.00635
16.01817
16.02996
16.04106
16.05274
16.06426
16.07583
16.08721
16.09907
16.10938
16.12074
16.13767
16.14947
TARGET DESTROYED 
16.16084
16.17637
16.1882
16.19894
16.21
16.22135
16.23233
16.2428
16.25439
16.27213
16.28454
16.29616
16.30687
16.31805
16.32937
16.33997
16.35132
16.36318
16.37504
16.38641
16.39835
16.40977
16.42128
16.43198
16.443
16.45407
16.46537
16.47643
16.4877
16.49896
16.51023
16.5218
16.53368
16.5444
16.55572
16.56692
16.57805
16.58926
16.6001
16.61117
16.62214
16.63314
16.64388
16.65568
16.66654
16.67725
16.68847
16.69984
16.71033
16.72168
16.73268
16.74389
16.75466
16.76555
16.77684
16.78826
16.80117
16.81158
16.82301
16.83435
16.84618
16.85807
16.86854
16.87996
16.89093
16.90215
16.91341
16.92449
16.93559
16.94724
16.95815
16.96947
16.98071
16.992
17.00325
17.01448
17.02597
17.03812
17.04844
17.0599
17.07076
17.08225
17.09364
17.10459
17.11577
17.12711
17.13811
17.1493
17.16082
17.17169
17.18275
17.19485
17.20524
17.21652
17.22767
17.23875
17.25009
17.2612
17.27259
17.28331
17.29471
17.30568
17.31688
17.3285
17.33956
TARGET DESTROYED 
17.35067
17.3649
17.37688
17.38767
17.39836
17.40909
17.4186
17.42887
17.43854
17.44858
17.45818
17.47357
17.48373
17.49441
17.50456
17.52085
17.53462
17.54541
17.55785
17.56915
17.5801
17.59134
17.60248
17.61349
17.6248
17.63592
17.65095
17.66297
17.67439
17.68591
17.69779
17.70957
17.72102
17.73313
17.74521
17.75614
17.76764
17.77963
17.7907
17.80241
17.81477
17.82618
17.83788
17.84971
17.86138
17.87292
17.88474
17.89651
17.90823
17.91966
17.9314
17.94383
17.95569
17.9675
17.97931
17.99035
18.00257
18.01428
18.02712
18.03961
18.0513
18.06269
18.07379
18.08578
18.09708
18.10835
18.12016
18.13259
18.14965
18.16151
18.17254
18.18444
18.19616
18.20816
18.2199
18.23141
18.24396
18.26634
18.27851
18.28938
18.30067
18.31216
18.32313
18.3344
18.34583
18.35655
18.3677
18.37996
18.39104
18.40288
18.41429
18.4254
18.43713
18.44875
18.46002
18.47124
18.48288
18.49414
18.50496
18.51638
18.52747
18.53911
18.55058
18.56337
18.57449
18.58565
18.59712
18.60835
18.61927
18.63017
18.64104
18.65217
18.66361
18.67472
18.686
18.69738
18.70832
18.71931
18.73063
18.7418
18.75289
18.76402
18.77508
18.78751
18.79897
18.81021
18.82128
18.83252
18.84932
18.86111
18.87212
18.88414
18.89514
18.90624
18.91824
18.92971
18.94111
18.95251
18.96358
18.97482
18.98615
18.99861
19.01039
19.02137
19.03334
19.04536
19.05654
19.0672
19.07836
19.08926
19.10043
19.11167
19.12217
19.13343
19.14457
19.15541
19.16655
19.1786
19.18994
19.20128
19.21304
19.22412
19.23506
19.24638
19.2574
19.26797
19.27958
19.29112
19.30267
19.31384
19.32581
19.33747
19.3493
19.36055
19.37269
19.3844
19.39671
19.40842
19.4201
19.43195
19.44333
19.45449
19.46564
19.47783
19.48997
19.50131
19.51331
19.52491
19.54189
19.55285
19.56385
19.57431
19.58526
19.59628
19.60711
19.61772
19.63274
19.64476
19.65637
19.66898
19.68019
19.69158
19.70249
19.71358
19.72492
19.73593
19.7473
19.75859
19.76951
19.78227
19.79514
19.80734
19.81999
19.83267
19.84529
19.85833
19.87022
19.8822
19.89533
19.90671
19.91878
19.9306
19.94158
19.95352
19.96592
19.97718
19.98854
20.00072
20.0117
20.0232
20.03648
20.04881
20.06026
20.07104
20.08252
20.09388
20.10502
20.11691
20.12859
20.14045
20.15261
20.16453
20.17567
20.18742
20.19993
20.21166
20.22276
20.23934
20.25139
20.26284
20.2735
20.28494
20.29639
20.30755
20.3192
20.33053
20.34218
20.35397
20.36601
20.37779
20.38993
20.40199
20.41345
20.42456
20.4357
20.44767
20.45878
20.47079
20.48183
20.49299
20.50376
20.5283
20.54017
20.5514
20.5626
20.57372
20.58496
20.59703
20.60768
20.61893
20.63052
20.64132
20.65303
20.66402
20.67464
20.68579
20.69694
20.70785
20.71959
20.73058
20.74142
20.75241
20.76396
20.78097
20.79261
20.80366
20.8153
20.82708
20.84209
20.85331
20.86484
20.8751
20.8863
20.89767
20.90863
20.91995
20.93584
20.94728
20.95891
20.96941
20.98013
20.99093
21.00226
21.01465
21.02789
21.04151
21.05416
21.06676
21.08
21.09207
21.10551
21.11792
21.13148
21.14436
21.15698
21.16982
21.18277
21.19567
21.20868
21.22125
21.23475
21.24794
21.26159
21.27468
21.28723
21.30016
21.31248
21.32461
21.33761
21.35089
21.36394
21.37664
21.38934
21.40226
21.4159
21.42891
21.44149
21.45453
21.46709
21.47979
21.49219
21.50524
21.51763
21.53166
21.54487
21.5564
21.56793
21.58004
21.59172
21.60393
21.61588
21.62773
21.63968
21.66125
21.67398
21.6866
21.70353
21.71665
21.72926
21.74233
21.75474
21.76728
21.78275
