0.02
0.04
0.14
0.175276
0.1898568
0.2006457
0.211542
0.2221532
0.2315873
0.2413548
0.2525761
0.2635401
0.2747345
0.2859174
0.2973488
0.3103131
0.3194967
0.330513
0.342058
0.3531629
0.3639592
0.3752235
0.3865417
0.397671
0.4127595
0.4220458
0.4310071
0.4423657
0.4537683
0.4645447
0.475825
0.4869328
0.4984601
0.5092301
0.5204501
0.5316114
0.5428828
0.5541413
0.565106
0.578307
0.5890375
0.5986902
0.6102355
0.6215066
0.6320818
0.643503
0.6544809
0.6672568
0.6779238
0.6879274
0.6993473
0.710686
0.7214293
0.732635
0.7438335
0.7551084
0.7667089
0.7772944
0.7884718
0.7999581
0.811205
0.8224902
0.8331569
0.8444222
0.8555229
0.8669297
0.877741
0.8948365
0.9047098
0.9161451
0.9277232
0.9385962
0.9503394
0.9613519
0.9721623
0.9835049
0.994597
1.00576
1.017427
1.028136
1.039117
1.05075
1.061761
1.072819
1.084757
1.095211
1.106282
1.117692
1.12871
1.139646
1.151044
1.162151
1.173231
1.184836
1.195592
1.20681
1.218125
1.22904
1.240499
1.251801
1.262886
1.273758
1.285123
1.29621
1.312526
1.3244
1.33444
1.344121
1.353766
1.36331
1.372877
1.382422
1.391918
1.403037
1.413988
1.426654
1.436812
1.447448
1.458699
1.470112
1.481145
1.492303
1.50833
1.517642
1.527249
1.537823
1.548213
1.559127
1.572964
1.582069
1.592705
1.60419
1.614946
1.626323
1.637621
1.648574
1.659832
1.671561
1.68691
1.6966
1.707851
1.717547
1.727161
1.73842
1.749756
1.761491
1.772562
1.784358
1.795487
1.807182
1.818324
1.829751
1.844298
1.85387
1.863224
1.874223
1.885639
1.896714
1.908242
1.918981
1.93011
1.941224
1.952526
1.963677
1.974963
1.986208
1.997399
2.008306
2.019999
2.030747
2.041694
2.053188
2.064537
2.075854
2.087283
2.098513
2.109845
2.121145
2.132468
2.143346
2.15446
2.165767
2.177192
2.188157
2.199232
2.210573
2.221874
2.233559
2.244484
2.256018
2.269321
2.280153
2.2896
2.301396
2.312243
2.324556
2.335484
2.346009
2.357202
2.368637
2.380235
2.390734
2.402272
2.413064
2.42439
2.435708
2.446676
2.45786
2.469091
2.480205
2.491878
2.502512
2.513616
2.529133
2.538798
2.549287
2.559519
2.569682
2.579406
2.589105
2.600557
2.611526
2.622623
2.633892
2.645122
2.656007
2.667674
2.678364
2.689575
2.70127
2.713076
2.723212
2.734679
2.745815
2.756576
2.767991
2.778946
2.793588
2.804121
2.814228
2.824433
2.834978
2.845952
2.857051
2.868499
2.879658
2.890737
2.901951
2.913129
2.924413
2.936066
2.947167
2.958755
2.971919
2.984342
2.996392
3.00768
3.018971
3.030578
3.042143
3.054024
3.06584
3.078696
3.091488
3.10435
3.115911
3.129449
3.142669
3.15481
3.167177
3.179478
3.190908
3.202652
3.213754
3.225031
3.236422
3.248323
3.260185
3.271923
3.283211
3.293162
3.302771
3.312841
3.324042
3.335459
3.346427
3.357472
3.369106
3.379952
3.391375
3.402451
3.413674
3.425125
3.436152
3.446799
3.458338
3.469578
3.480635
3.491533
3.502924
3.513981
3.52528
3.536318
3.547339
3.55861
3.573869
3.584131
3.594571
3.604995
3.615104
3.625608
3.63691
3.648086
3.659811
3.671227
3.682792
3.69422
3.705783
3.717765
3.728627
3.740458
3.751521
3.762575
3.773787
3.785057
3.796108
3.80721
3.819831
3.831196
3.843661
3.855407
3.867055
3.879032
3.891609
3.903381
3.914935
3.927479
3.939164
3.951179
3.96263
3.974263
3.986056
3.998396
4.010364
4.022046
4.03371
4.046273
4.058137
4.070177
4.082025
4.094022
4.105997
4.117627
4.12903
4.140715
4.152537
4.164115
4.175992
4.187554
4.197951
4.208232
4.21875
4.229146
4.239975
4.251275
4.262321
4.273392
4.284832
4.296069
4.306959
4.318376
4.329497
4.340506
4.352306
4.362833
4.373991
4.385337
4.396469
4.40747
4.419083
4.429796
4.441046
4.452392
4.463327
4.474448
4.485843
4.497077
4.508285
4.519312
4.53057
4.541654
4.552758
4.564115
4.57564
4.586946
4.598462
4.610228
4.625924
4.635779
4.64538
4.655819
4.667469
4.678092
4.689258
4.701206
4.711741
4.723003
4.734461
4.745032
4.756206
4.767703
4.778698
4.789933
4.801385
4.812463
4.823453
4.834703
4.845613
4.856797
4.868149
4.879139
4.890566
4.901757
4.912601
4.923816
4.935382
4.946146
4.957405
4.968649
4.979956
4.991116
5.00245
5.013844
5.025094
5.036462
5.047743
5.058999
5.070522
5.08173
5.0934
5.104742
5.115432
5.127234
5.138631
5.149718
5.160911
5.172017
5.183242
5.194325
5.205534
5.216692
5.228029
5.239065
5.250972
5.261404
5.272641
5.284001
5.295025
5.306143
5.317383
5.32856
5.33985
5.351168
5.36197
5.373024
5.384564
5.395823
5.406621
5.41796
5.429017
5.440099
5.452323
5.462506
5.473552
5.485272
5.496399
5.507222
5.518596
5.529689
5.540955
5.552186
5.562943
5.574267
5.585522
5.596427
5.60794
5.618984
5.635279
5.645575
5.655724
5.665792
5.675594
5.685914
5.695451
5.706135
5.715854
5.725535
5.737202
5.748045
5.759407
5.770312
5.781606
5.792616
5.803911
5.815016
5.826303
5.837415
5.848485
5.859891
5.871053
5.882013
5.893363
5.904508
5.916001
5.926901
5.937953
5.949294
5.960317
5.971479
5.982539
5.99384
6.004965
6.016498
6.02808
6.039191
6.0509
6.061975
6.073619
6.084876
6.096203
6.107501
6.119369
6.130397
6.141693
6.153215
6.164699
6.176024
6.187494
6.198868
6.210132
6.221772
6.233307
6.244353
6.255446
6.266838
6.278156
6.289018
6.300737
6.311693
6.322433
6.334076
6.344889
6.356093
6.36753
6.378431
6.39011
6.401128
6.411882
6.42293
6.434904
6.445506
6.456569
6.468089
6.478874
6.489978
6.501809
6.512308
6.523561
6.535352
6.546365
6.557751
6.568599
6.579406
6.59049
6.602124
6.612882
6.623992
6.635562
6.651168
6.662307
6.673403
6.683707
6.694261
6.705087
6.715277
6.725547
6.736169
6.747032
6.757552
6.767952
6.77925
6.797123
6.809172
6.82137
6.832437
6.842801
6.853954
6.865135
6.876011
6.887584
6.898426
6.909979
6.920813
6.931911
6.94296
6.954376
6.965733
6.97664
6.987827
6.99913
7.010384
7.021753
7.03257
7.044003
7.0547
7.066099
7.077398
7.088368
7.099554
7.1114
7.122321
7.133047
7.144126
7.155278
7.166656
7.177912
7.188889
7.200438
7.211847
7.222626
7.233595
7.24475
7.25604
7.267261
7.278567
7.2901
7.301681
7.313055
7.32452
7.336487
7.347576
7.359066
7.37074
7.382143
7.393598
7.405055
7.41701
7.428041
7.439354
7.451405
7.462249
7.473051
7.48461
7.495604
7.506408
7.518262
7.528903
7.540167
7.551463
7.562373
7.574347
7.58529
7.595984
7.607086
7.618483
7.629547
7.640601
7.6522
7.663203
7.674286
7.685446
7.701466
7.711682
7.721957
7.731651
7.742163
7.753968
7.764356
7.77413
7.783801
7.793781
7.803766
7.815229
7.826042
7.837527
7.84846
7.85959
7.870777
7.882147
7.893123
7.904211
7.915338
7.926688
7.937843
7.94888
7.960532
7.971199
7.982364
7.993622
8.004694
8.016024
8.027088
8.038397
8.049441
8.060697
8.071807
8.088989
8.099411
8.110514
8.120686
8.131004
8.141164
8.151472
8.161635
8.172974
8.18414
8.195308
8.206272
8.217977
8.228747
8.24008
8.251292
8.262571
8.273313
8.284783
8.295675
8.30721
8.318178
8.329319
8.340593
8.351693
8.362633
8.373945
8.385324
8.396281
8.407528
8.419391
8.429681
8.441081
8.452343
8.463657
8.474959
8.486413
8.497889
8.509155
8.520527
8.532265
8.544228
8.555204
8.566133
8.578026
8.589521
8.600368
8.611622
8.62273
8.634188
8.645521
8.65686
8.668748
8.679707
8.690777
8.701939
8.713288
8.729749
8.74122
8.752417
8.765481
8.776668
8.78824
8.798902
8.811245
8.822861
8.834063
8.845413
8.856618
8.867764
8.878837
8.890362
8.900921
8.911263
8.921781
8.931788
8.942627
8.953835
8.964873
8.976005
8.987554
8.998261
9.009719
9.021034
9.032078
9.0439
9.055282
9.066419
9.077459
9.088733
9.099545
9.110771
9.12256
9.133746
9.145138
9.156571
9.167932
9.178977
9.190162
9.202137
9.213666
9.224837
9.236274
9.247212
9.258615
9.270064
9.282413
9.29343
9.304602
9.316229
9.327972
9.339536
9.351219
9.363254
9.375134
9.387115
9.39898
9.410229
9.422128
9.434627
9.445954
9.457341
9.469111
9.479992
9.491006
9.51438
9.525971
9.537951
9.550087
9.562036
9.573375
9.584869
9.596046
9.607345
9.619039
9.631049
9.643161
9.655025
9.66611
9.677753
9.68949
9.700918
9.712058
9.724534
9.735796
9.746897
9.758523
9.771119
9.782616
9.803057
9.814919
9.826545
9.838019
9.848943
9.860518
9.871793
9.883177
9.904579
9.915732
9.927214
9.938726
9.950181
9.96163
9.972956
9.984915
9.996094
10.00742
10.01799
10.02816
10.03922
10.04969
10.06016
10.0707
10.08183
10.09313
10.10416
10.11569
10.12642
10.13794
10.14882
10.1601
10.17114
10.18237
10.19351
10.20468
10.21583
10.22717
10.23819
10.24959
10.26065
10.27179
10.28309
10.29422
10.30532
10.31642
10.32773
10.3388
10.35023
10.36112
10.37224
10.38357
10.3946
10.40564
10.41735
10.42859
10.44025
10.45218
10.46331
10.47479
10.48642
10.49791
10.50964
10.5212
10.53243
10.54414
10.55603
10.5675
10.57845
10.58939
10.60104
10.612
10.62288
10.63947
10.65002
10.66031
10.67074
10.6811
10.69131
10.70162
10.71199
10.72246
10.73289
10.74332
10.75387
10.76441
10.77438
10.78579
10.79678
10.80786
10.81931
10.83017
10.84157
10.85736
10.86791
10.8781
10.88966
10.90063
10.91163
10.92344
10.93438
10.94532
10.95701
10.96847
10.97986
10.99098
11.00207
11.01281
11.02477
11.03727
11.04811
11.05934
11.07067
11.0821
11.09334
11.10415
11.11548
11.12687
11.13887
11.15021
11.16136
11.17222
11.18314
11.19443
11.20552
11.21644
11.22771
11.23902
11.25086
11.26202
11.27317
11.28485
11.29612
11.30729
11.31836
11.32915
11.3406
11.35212
11.36353
11.37467
11.38563
11.39743
11.4084
11.4197
11.43115
11.44212
11.45325
11.46394
11.47472
11.48574
11.49741
11.50957
11.5215
11.53314
11.54484
11.55699
11.56836
11.57936
11.59117
11.60253
11.61357
11.62481
11.63625
11.64742
11.66532
11.67729
11.68904
11.70091
11.71302
11.72576
11.73832
11.74896
11.76002
11.77163
11.7827
11.79611
11.80792
11.81982
11.8306
11.84171
11.85341
11.86427
11.87523
11.88672
11.89761
11.90904
11.9251
TARGET DESTROYED 
11.93706
11.96234
11.97404
11.98538
11.99613
12.00747
12.0194
12.04019
12.05307
12.06371
12.07457
12.09427
12.10514
12.11594
12.12693
12.13759
12.14859
12.15945
12.17097
12.18189
12.19307
12.20409
12.2152
12.22641
12.23759
12.25149
12.26249
12.27341
12.28406
12.29504
12.30611
12.31683
12.32796
12.33891
12.34964
12.36065
12.37155
12.38278
12.39385
12.4052
12.41637
12.42812
12.43882
12.45022
12.46135
12.47267
12.48404
12.49527
12.50655
12.5175
12.52889
12.54115
12.55243
12.56315
12.57535
12.58892
12.60014
12.61768
12.63033
12.64301
12.65495
12.66634
12.67798
12.6901
12.70208
12.7125
12.72292
12.73328
12.74369
12.75429
12.7645
12.77493
12.785
12.79812
12.80849
12.81904
12.8295
12.84647
12.8572
12.86776
12.8783
12.8891
12.89916
12.90966
12.92041
12.93059
12.94131
12.95293
12.96357
12.97483
12.98601
12.99704
13.00846
13.01963
13.03083
13.04189
13.05301
TARGET DESTROYED 
13.06409
13.07988
13.09073
13.10124
13.11239
13.13071
13.14255
13.15358
13.16474
13.17598
13.18719
13.19822
13.20951
13.22057
13.23173
13.24377
13.25452
13.26529
13.27658
13.28772
13.2989
13.30974
13.32116
13.33227
13.34356
13.35473
13.36583
13.37693
13.38811
13.39934
13.41079
13.42203
13.43292
13.44419
13.45521
13.46648
13.47749
13.48858
13.50011
13.51107
13.52224
13.5338
13.54452
13.55602
13.56689
13.57833
13.58913
13.60061
13.61183
13.62325
13.63505
13.64627
13.65779
13.66942
13.68116
13.69249
13.70395
13.7155
13.72697
13.73822
13.75058
13.76133
13.77297
13.78421
13.79844
13.81085
13.82409
13.83758
13.84944
13.86142
13.87369
13.88592
13.8978
13.90949
13.92172
13.93182
13.94199
13.95388
13.96576
13.97694
13.98821
14.00069
14.01093
14.02085
14.03309
14.04338
14.05388
14.06381
14.07391
14.08501
14.09738
14.10862
14.11973
14.12983
14.14032
14.15123
14.16183
14.17277
14.18333
14.19407
14.20673
14.21805
14.22916
14.24035
TARGET DESTROYED 
14.25178
14.26866
14.28046
14.29164
14.30421
14.31519
14.32685
14.3377
14.34882
14.36045
14.38082
14.39346
14.40539
14.41693
14.42786
14.43932
14.45144
14.4636
14.47507
14.48942
14.5015
14.51427
14.52693
14.54028
14.55326
14.56604
14.57928
14.59171
14.60448
14.61705
14.62936
14.64141
14.65404
14.66691
14.67965
14.69253
14.70546
14.71794
14.73032
14.74254
14.75551
14.77343
14.78525
14.7967
14.80925
14.8224
14.83313
14.84353
14.85412
14.86447
14.87524
14.88599
14.89638
14.90718
14.91872
14.92949
14.94067
14.95224
14.96308
14.97434
14.98571
14.99652
15.00774
15.0191
15.03006
15.04133
15.05282
15.06348
15.07482
15.09363
15.10401
15.1138
15.13031
15.14653
15.16302
15.18008
15.19753
15.21461
15.23171
15.24881
15.26614
15.28384
15.30095
15.31753
15.33375
15.35034
15.36656
15.383
15.3995
15.41631
15.42855
15.44091
15.45308
15.46564
15.47828
15.49107
15.50423
15.5171
15.52692
15.53743
15.54747
15.55742
15.56742
15.57809
15.58866
15.60002
15.61106
15.62235
15.6334
15.64472
TARGET DESTROYED 
15.65565
15.67039
15.68012
15.69098
15.70049
15.71166
15.72255
15.73448
15.74509
15.75654
15.77363
15.78509
15.79519
15.80609
15.81712
15.83423
15.84568
15.85657
15.86826
15.87894
15.89023
15.90157
15.91267
15.92352
15.93529
15.94603
15.95713
15.96864
15.97934
15.99072
16.00208
16.01321
16.0243
16.03577
16.04648
16.05771
16.06931
16.08005
16.09131
16.10243
16.11352
16.1246
16.13622
16.14698
16.15805
16.1697
16.1806
16.19185
16.20284
16.21401
16.22541
16.23661
16.24798
16.25909
16.27035
16.28109
16.29248
16.30363
16.31449
16.32623
16.33799
16.34905
16.361
16.3725
16.38428
16.39523
16.40664
16.41841
16.42982
16.44142
16.45294
16.46433
16.4759
16.48705
16.49909
16.51038
16.52228
16.53248
16.54416
16.55521
16.56566
16.5768
16.58793
16.59872
16.61016
16.62478
16.63481
16.64491
16.65545
16.66532
16.67563
16.68698
16.69808
16.70905
16.72048
16.73153
16.74272
16.75395
16.76488
16.77615
16.7873
16.80322
16.81407
16.82466
16.83554
16.84534
16.85545
16.86514
16.87504
16.88664
16.89746
16.90889
16.92001
16.93113
16.9422
16.95328
16.96452
16.97556
16.98705
16.99792
17.00985
17.02039
17.03149
17.04257
17.05392
17.0649
17.0761
17.08735
17.09867
17.10985
17.1211
17.13205
17.1431
17.1545
17.16572
17.17695
TARGET DESTROYED 
17.18794
17.20195
17.2114
17.22188
17.23363
17.24473
17.25611
17.26774
17.27877
17.29028
17.30177
17.31275
17.32457
17.34151
17.35255
17.36197
17.3717
17.38096
17.39057
17.40013
17.40972
17.42049
17.43174
17.44282
17.45399
17.46506
17.47663
17.48737
17.49907
17.50996
17.521
17.53231
17.54344
17.55453
17.56576
17.57687
17.58802
17.59908
17.6337
17.644
17.65504
17.66611
17.67745
17.68849
17.6996
17.71097
17.72199
17.73312
17.74442
17.75583
17.76681
17.77816
17.78919
17.80052
17.81191
17.82767
17.84017
17.84997
17.85943
17.86923
17.87897
17.88951
17.90132
17.91195
17.92315
17.93497
17.94552
17.95656
17.96812
17.97974
17.99015
18.00164
18.01235
18.02361
18.03541
18.04581
18.057
18.06858
18.07974
18.09081
18.10224
18.11295
18.12441
18.13588
18.14712
18.1579
18.16902
18.17988
18.19136
18.2034
18.21459
18.22607
18.2383
18.24954
18.26211
18.27333
18.28392
18.2945
18.30578
18.31748
18.32843
18.34043
18.35238
18.36419
18.37622
18.38788
18.39986
18.41226
18.42413
18.43612
18.44761
18.45926
18.47054
18.48165
18.49288
18.50393
18.51509
18.52659
18.53841
18.54927
18.56067
18.57299
18.58487
18.59653
18.60816
18.6203
18.63296
18.64518
18.66168
18.67338
18.68476
18.69565
18.70686
18.71801
18.72927
18.7401
18.75166
18.76283
18.77401
18.78513
18.79629
18.80711
18.81799
18.8291
18.84008
18.85216
18.86329
18.87447
18.88585
18.89649
18.90725
18.91856
18.92913
18.94328
18.95448
18.96521
18.97647
18.98764
18.99827
19.00934
19.02051
19.03143
19.04334
19.0543
19.06511
19.07668
TARGET DESTROYED 
19.0876
19.10431
19.11516
19.1266
19.13807
19.14956
19.16068
19.17205
19.18292
19.19421
19.21233
19.2246
19.23608
19.24674
19.25764
19.26895
19.27983
19.29108
19.30242
19.31325
19.3241
19.33492
19.34616
19.35741
19.36849
19.37977
19.3911
19.40239
19.41355
19.42446
19.43533
19.44626
19.45749
19.46854
19.4794
19.49016
19.50147
19.51259
19.52333
19.53465
19.54609
19.55743
19.56743
19.57815
19.58836
19.5987
19.61023
19.62115
19.63209
19.64351
19.65479
19.66551
19.67697
19.6881
19.69957
19.7104
19.72174
19.73274
19.74437
19.76068
19.77082
19.78006
19.79767
19.80768
19.81829
19.82878
19.83894
19.84872
19.86022
19.87027
19.88044
19.89065
19.9007
19.91161
19.92278
19.9342
19.94524
19.95606
19.96822
19.97863
19.98969
20.00114
20.01199
20.02322
20.03489
20.04565
20.05698
20.06812
20.07909
20.09095
20.1016
20.11262
20.12388
20.1353
20.14653
20.15718
20.1688
20.17936
20.19116
20.20244
20.2138
20.22522
20.23656
20.24815
20.25941
20.27069
20.28249
20.29372
20.30511
20.31656
20.32845
20.33964
20.35112
20.36193
20.37361
20.38528
20.39617
20.40749
20.41955
20.42996
20.44164
20.4527
20.46358
20.47471
20.48604
20.49812
20.51167
20.52271
20.53474
20.54692
20.55792
20.56818
20.57845
20.58858
20.59856
TARGET DESTROYED 
20.60895
20.6335
20.64422
20.6541
20.66407
20.67395
20.68407
20.69375
20.70937
20.71959
20.72923
20.73986
20.74968
20.76911
20.78022
20.79009
20.79993
20.81067
20.82341
20.83339
20.8435
20.85363
20.86414
20.87393
20.88404
20.89424
20.90551
20.91663
20.92778
20.9389
20.95045
20.96124
20.97238
20.98368
20.9947
21.00604
21.01729
21.02839
21.03942
21.05084
21.06215
21.07288
21.08441
21.09535
21.10648
21.11787
21.12888
21.13992
21.15134
21.16232
21.17366
21.18493
21.19574
21.20683
21.21888
21.23009
21.24137
21.25325
21.26445
21.27582
21.28736
21.29871
21.31028
21.32154
21.33303
21.34441
21.35588
21.36757
21.37889
21.39005
21.40184
21.41279
21.42419
21.43564
21.44636
21.45771
21.46911
21.48006
21.49118
21.50257
21.51351
21.52471
21.53686
21.54727
21.55859
21.56979
21.58045
21.59165
21.60315
21.61412
21.62522
21.63674
21.64754
21.65865
21.67013
21.68109
21.69248
21.70602
21.717
21.72673
21.73691
21.75099
21.76131
21.77753
21.79044
