0.02
0.04
0.14
0.1728453
0.1840573
0.1942858
0.2035354
0.2129824
0.2239349
0.2346619
0.2461899
0.2572021
0.2684632
0.2797666
0.2914018
0.3017614
0.3135028
0.3240334
0.3355431
0.3469184
0.3577417
0.3691997
0.3832932
0.3923947
0.4022022
0.4136545
0.4245496
0.435795
0.4475569
0.4581854
0.469178
0.4805696
0.4919687
0.5027357
0.5140809
0.5251447
0.5363879
0.5477176
0.5586701
0.569759
0.5809248
0.5920954
0.6035571
0.614576
0.6256976
0.6369407
0.6480401
0.6592121
0.6702242
0.6815283
0.6927082
0.703788
0.7156073
0.7261383
0.7372971
0.7484773
0.7601218
0.7709386
0.7825504
0.7933043
0.8043848
0.8156013
0.8267072
0.8378191
0.849051
0.860274
0.8712813
0.8877487
0.8986464
0.9097638
0.9211923
0.9328336
0.9432343
0.9545362
0.965625
0.9769657
0.9880061
0.9993795
1.011874
TARGET DESTROYED 
1.030516
1.040505
1.050112
1.061703
1.072704
1.09032
1.101317
1.111135
1.12078
1.130238
1.13941
1.150867
1.161934
1.173376
1.184197
1.195464
1.206471
1.217738
1.229265
1.240144
1.252055
1.262596
1.27349
1.284677
1.295863
1.307464
1.318135
1.329434
1.340505
1.351604
1.363421
1.37385
1.385319
1.396743
1.407625
1.41869
1.430123
1.444277
1.453774
1.463909
1.474905
1.486375
1.498188
1.509289
1.520723
1.531998
1.544908
1.554729
1.56628
1.577765
1.589055
1.600368
1.612218
1.623051
1.63465
1.646042
1.657015
1.668308
1.679562
1.690444
1.701755
1.712914
1.723891
1.7352
1.746619
1.757353
1.768634
1.779901
1.791046
1.802339
1.813475
1.824699
1.836087
1.847505
1.858798
1.869813
1.881866
1.892292
1.903683
1.915277
1.926322
1.93747
1.94892
1.959704
1.970868
1.982191
1.99324
2.004377
2.015833
2.026988
2.037985
2.049098
2.060412
2.071359
2.082686
2.093952
2.104934
2.116484
2.127478
2.138551
2.149844
2.161012
2.172227
2.183607
2.194628
2.205468
2.216688
2.228599
TARGET DESTROYED 
2.242889
2.253431
2.263178
2.272822
2.283307
2.292663
2.303953
2.315397
2.326808
2.343351
2.354621
2.364563
2.374266
2.384045
2.393082
2.402675
2.412894
2.423923
2.43509
2.446551
2.469469
2.480462
2.490958
2.507143
2.525509
2.535706
2.547079
2.5579
2.569203
2.580499
2.591401
2.602679
2.614172
2.624918
2.636429
2.647302
2.658449
2.669894
2.680968
2.69198
2.703106
2.71428
2.725458
2.736645
2.747781
2.759146
2.770143
2.781395
2.792836
2.803895
2.814859
2.826038
2.837305
2.848388
2.859615
2.870809
2.882033
2.892885
2.904122
2.915734
2.926706
2.937894
2.949242
2.960178
2.971257
2.982525
2.993643
3.00474
3.016224
3.027376
3.038661
3.050492
3.062047
3.073345
3.084912
3.096755
3.108184
3.120028
3.130886
3.142993
3.153998
3.16588
3.177762
3.18854
3.199852
3.210909
3.222093
3.233105
3.244581
3.255418
3.266893
3.278135
3.288985
3.300108
3.311586
3.322453
3.333822
3.344965
3.356013
3.367399
3.378763
3.389568
3.400904
3.412184
3.423321
3.435077
3.44577
3.456661
3.468221
3.47954
3.490088
3.501326
3.512674
3.523853
3.534798
3.546165
3.557231
3.568356
3.579995
3.590499
3.605693
3.616168
3.626045
3.636312
3.646958
3.657177
3.667458
3.678187
3.688921
3.699686
3.711059
3.721881
3.733249
3.744662
3.756697
3.766925
3.778122
3.788956
3.800197
TARGET DESTROYED 
3.815577
3.825706
3.836135
3.846651
3.857357
3.873846
3.884712
3.901526
3.912924
3.923136
3.93362
3.943509
3.954192
3.965367
3.976683
3.987595
3.99888
4.010237
4.021335
4.03264
4.043772
4.054708
4.065906
4.077225
4.088401
4.099527
4.110897
4.122032
4.132901
4.144086
4.155124
4.166585
4.177833
4.188709
4.200216
4.211386
4.222197
4.233408
4.245301
4.256175
4.26697
4.278347
4.28926
4.301388
4.311851
4.322949
4.333872
4.34536
4.35652
4.36764
4.378818
4.389841
4.400872
4.412668
4.423331
4.434835
4.44618
4.457837
4.469315
4.48108
4.492509
4.50416
4.516606
4.527164
4.538797
4.550421
4.562358
4.573548
4.584722
4.596104
4.607395
4.618189
4.629844
4.640597
4.652008
4.663567
4.679662
4.690994
4.703331
4.714574
4.725712
4.736854
4.74808
4.759241
4.770249
4.78171
4.792655
4.803774
4.8149
4.826283
4.837765
4.848495
4.859704
4.870883
4.882055
4.893151
4.904379
4.915782
4.926795
4.937839
4.949035
4.960243
4.971395
4.982616
4.994221
5.004811
5.016359
5.027362
5.0384
5.049498
5.06124
5.072297
5.083657
5.095615
5.106497
5.117934
5.129452
5.140663
5.152218
5.16341
5.174739
5.186362
5.197842
5.208856
5.220263
5.231588
5.243273
5.254462
5.266085
5.277534
5.288431
5.299608
5.311396
5.322005
5.333217
5.34445
5.355594
5.36675
5.377938
5.388908
5.400281
5.411479
5.422407
5.433691
5.445141
5.455856
5.467268
5.47887
5.489336
5.500615
5.512242
5.523039
5.534181
5.545586
5.556598
5.567544
5.579067
5.590337
5.60116
5.61266
5.623659
5.634666
TARGET DESTROYED 
5.648146
5.657864
5.66833
5.67906
5.690386
5.70138
5.712668
5.723821
5.734866
5.746229
5.757742
5.772371
5.782843
5.798373
5.809114
5.819589
5.830689
5.841911
5.853051
5.864337
5.875348
5.886676
5.897974
5.908866
5.920185
5.9315
5.942652
5.953656
5.964815
5.975828
5.987019
5.998215
6.009506
6.020599
6.032106
6.042846
6.054038
6.065286
6.076443
6.087656
6.098969
6.110002
6.121339
6.13222
6.143396
6.154659
6.165962
6.177036
6.188131
6.199242
6.210546
6.221786
6.232822
6.244842
6.255945
6.266398
6.277996
6.289481
6.300931
6.312644
6.324128
6.335474
6.346949
6.358468
6.37005
6.381701
6.392617
6.404324
6.416057
6.427497
6.438905
6.450186
6.461439
6.472435
6.483537
6.495504
6.506343
6.517151
6.528457
6.539402
6.550657
6.561886
6.573148
6.583963
6.595428
6.606905
6.617965
6.629019
6.639877
6.652023
6.662673
6.673506
6.687116
6.698676
6.709019
6.718706
6.728985
6.739343
6.750312
6.761657
6.772466
6.783672
6.795183
6.806201
6.817163
6.828568
6.839758
6.850651
6.862244
6.876359
6.886314
6.895651
6.906667
6.917634
6.929327
6.940072
6.951114
6.962635
6.973547
6.984912
6.996279
7.007212
7.018222
7.029701
7.040764
7.051608
7.063246
7.073952
7.085127
7.096691
7.107456
7.118866
7.130587
7.141092
7.152141
7.163478
7.174647
7.18585
7.197445
7.208411
7.219725
7.231427
7.242242
7.253692
7.265227
7.275682
7.287044
7.298542
7.309855
7.320744
7.332374
7.343525
7.354788
7.376745
7.388156
7.399527
7.410602
7.421356
7.432463
7.44289
7.453681
7.46456
7.474909
7.485506
7.498305
7.509573
7.520318
7.531194
7.541791
7.552477
7.56302
7.573353
7.58451
7.595933
7.606677
7.617859
7.63412
7.645298
7.657823
7.669627
7.681474
7.692474
7.703293
7.71623
7.727325
7.738535
7.750233
7.761723
7.772893
7.784264
7.797254
7.808245
7.818913
7.830479
7.84157
7.852708
7.863931
7.874896
7.8861
7.897541
7.908249
7.919429
7.930646
7.941774
7.953012
7.964131
7.975546
7.987033
8.002851
8.013981
8.024931
8.035668
8.047177
8.057941
8.068558
8.0804
8.091688
8.102655
8.113881
8.125041
8.137221
8.148435
8.164955
8.176401
8.190148
8.201627
8.212277
8.222754
8.233776
8.245282
8.25647
8.270175
