0.02
0.04
0.14
0.1767825
0.1888273
0.1998806
0.2113784
0.2222764
0.2333296
0.244576
0.2552933
0.2668278
0.2778823
0.2911718
0.3009255
0.3114314
0.3227051
0.337615
0.3478007
0.3574488
0.3675201
0.3785785
0.3896615
0.4007773
0.4123088
0.4229842
0.4344339
0.4465695
0.4572185
0.4676972
0.4791678
0.4901565
0.5013785
0.5131551
0.5236322
0.5349475
0.5460309
0.5570077
0.568426
0.5797305
0.590564
0.6023682
0.6132565
0.6240075
0.635328
0.6465701
0.6576516
0.6687979
0.6800259
0.6910814
0.7022119
0.7135907
0.7251335
0.7361245
0.7474982
0.7583323
0.769374
0.7807481
0.7921709
0.8028712
0.8140406
0.8252443
0.8364294
0.8475978
0.8587498
0.8698544
0.8812852
0.8974138
0.9086098
0.9193496
0.9308561
0.9416514
0.9531056
0.9642294
0.9754726
0.9864671
0.9976576
1.009122
1.020397
1.031128
1.042637
1.053604
1.066009
1.076096
1.087902
1.098517
1.109351
1.120383
1.13488
1.144501
1.15411
1.165395
1.174921
1.186323
1.197583
1.208619
1.220093
1.231123
1.242153
1.253165
1.264776
1.275609
1.28653
1.298028
1.309214
1.32033
1.331866
1.342709
1.353756
1.364979
1.376296
1.387198
1.398434
TARGET DESTROYED 
1.409666
1.427783
1.437742
1.447565
1.457435
1.467255
1.477774
1.487588
1.497798
1.508167
1.518953
1.530583
1.549718
1.560881
1.570571
1.581094
1.590392
1.600396
1.609889
1.619664
1.629495
1.640504
1.651788
1.663241
1.674059
1.685702
1.696976
1.707805
1.718931
1.73028
1.741135
1.752246
1.76357
1.774664
1.786086
1.797403
1.808056
1.81935
1.831275
1.842038
1.853295
1.868217
1.878961
1.888592
1.898079
1.908729
1.919941
1.93096
1.942267
1.953205
1.964497
1.97577
1.987219
1.99905
2.010228
2.021969
2.033269
2.044449
2.056215
2.067371
2.078935
2.089941
2.101361
2.112855
2.12357
2.134783
2.1461
2.157329
2.168189
2.179768
2.190572
2.202107
2.212975
2.224205
2.235416
2.24701
2.258024
2.269349
2.281143
2.292224
2.303276
2.315346
2.325796
2.337537
2.34882
2.359948
2.371089
2.382853
2.393934
2.406318
2.41683
TARGET DESTROYED 
2.427588
2.441686
2.451594
2.461069
2.471389
2.488376
2.499465
2.509254
2.519395
2.528666
2.538787
2.54857
2.559188
2.568958
2.578888
2.589946
2.601238
2.616825
2.626439
2.636133
2.646348
2.657141
2.668224
2.679773
2.69043
2.701602
2.713111
2.724159
2.735175
2.746541
2.757629
2.769215
2.780391
2.791834
2.802283
2.813585
2.824613
2.83571
2.847101
2.858138
2.869336
2.880563
2.891509
2.902934
2.914491
2.925605
2.937451
2.948554
2.959962
2.971545
2.982894
2.994402
3.005851
3.01715
3.028962
3.040164
3.052016
3.063187
3.074337
3.085493
3.097172
3.108265
3.119623
3.131115
3.142207
3.153402
3.164848
3.175765
3.187003
3.19833
3.20928
3.220468
3.231853
3.242856
3.254187
3.265115
3.276136
3.287423
3.299333
3.309965
3.32117
3.332402
3.343521
3.354419
3.365944
3.376821
3.387866
3.403549
3.414671
3.424763
3.434922
3.444431
3.454537
3.464469
3.473959
3.484781
3.496211
3.50898
3.518791
3.52969
3.540426
3.552271
3.564263
3.574436
3.585317
TARGET DESTROYED 
3.596525
3.609993
3.620513
3.630641
3.641144
3.652372
3.663605
3.674543
3.685736
3.696995
3.708355
3.719222
3.730886
3.747699
3.759472
3.769031
3.780063
3.790535
3.801277
3.811453
3.822106
3.83351
3.843354
3.853736
3.864363
3.874834
3.886289
3.897516
3.908385
3.919458
3.931156
3.94192
3.953196
3.964216
3.975418
3.987434
3.99801
4.008902
4.021663
4.032564
4.043045
4.054268
4.064964
4.075906
4.087131
4.098272
4.109591
4.120816
4.132429
4.14356
4.158681
4.169118
4.179535
4.195972
4.206317
4.217154
4.227878
4.238839
4.249133
4.259553
4.269899
4.280241
4.290543
4.300734
4.310725
4.321183
4.333009
4.343584
4.355077
4.366101
4.377517
4.388313
4.399502
4.410805
4.421937
4.433232
4.444261
4.455244
4.46661
4.477635
4.488914
4.500109
4.512036
4.522989
4.533559
4.544935
4.55585
4.56715
4.578441
4.589507
4.601101
4.612679
4.623797
4.635179
4.646803
4.658033
4.669749
4.680862
4.692316
4.703502
4.715117
4.726404
4.737751
4.749348
4.760677
4.772315
4.78474
4.794882
4.806655
4.817424
4.8295
4.84019
4.851433
4.862787
4.873734
4.884751
4.896295
4.907721
4.918262
4.934334
4.945128
4.955357
4.96576
4.975747
4.986135
4.99622
5.006578
5.016916
5.027362
5.038058
5.048986
TARGET DESTROYED 
5.060228
5.075561
5.087116
5.098048
5.108109
5.11866
5.129065
5.139739
5.156131
5.168005
5.178354
5.188769
5.19929
5.210536
5.220899
5.231523
5.241972
5.252326
5.262825
5.272859
5.283957
5.29661
5.306508
5.317048
5.32686
5.338285
5.349055
5.360067
5.371279
5.382743
5.393737
5.40471
5.416061
5.42711
5.438253
5.449774
5.460662
5.47182
5.482981
5.494097
5.505208
5.516722
5.527817
5.538744
5.550132
5.561234
5.572303
5.583491
5.594874
5.606376
5.617918
5.629351
5.640583
5.652097
5.66375
5.675113
5.686592
5.702363
5.712202
5.722283
5.731907
5.742435
5.753684
5.765097
5.775946
5.786994
5.798469
5.809478
5.820597
5.83205
5.843151
5.854121
5.865352
5.876439
5.88769
5.898961
5.909985
5.921429
5.932437
5.94341
5.954692
5.966295
5.977325
5.98818
5.999362
6.01056
6.023139
6.033587
6.044101
6.055134
6.066672
6.078
6.089119
6.100599
6.112418
6.123249
6.134773
6.146454
6.157233
6.168481
6.18007
6.191249
6.202683
6.214032
6.225396
6.236403
6.247598
6.258861
6.269887
6.281084
6.292405
6.303729
6.314595
6.325651
6.336775
6.34842
6.359177
6.370291
6.381562
6.392988
6.403858
6.415141
6.426125
6.437317
6.448638
6.459697
6.470974
6.482244
6.497346
6.506917
6.516869
TARGET DESTROYED 
6.526616
6.540221
6.551224
6.567376
6.578111
6.588751
6.600053
6.611197
6.622385
6.633401
6.645224
6.655729
6.666926
6.678277
6.689276
6.700687
6.712124
6.722867
6.736213
6.74578
6.756318
6.768209
6.778855
6.789816
6.801356
6.812171
6.823459
6.834901
6.845993
6.856767
6.868444
6.879573
6.890219
6.901681
6.91292
6.924043
6.934997
6.946644
6.957439
6.968533
6.979938
6.991051
7.002079
7.013615
7.024557
7.036307
7.047485
7.058848
7.070368
7.082243
7.093413
7.104778
7.116603
7.12792
7.139353
7.150854
7.162715
7.173646
7.185396
7.196821
7.207979
7.219353
7.230824
7.241827
7.252923
7.264126
7.279268
7.289176
7.300056
7.312243
7.327235
7.346506
7.361086
7.377677
7.388654
7.398668
7.408505
7.418446
7.427976
7.438453
7.448937
7.459959
7.471132
7.482422
7.493785
7.505135
7.515929
7.527026
7.538315
7.54959
7.560411
7.571719
7.583091
7.594087
7.605148
7.616404
7.627486
7.638666
7.649934
7.661422
7.672414
TARGET DESTROYED 
7.683321
7.697144
7.70753
7.717397
7.728281
7.739244
7.750548
7.762105
7.772941
7.783992
7.795259
7.806544
7.817864
7.834478
7.846026
7.855685
7.865888
7.87511
7.88504
7.895868
7.906765
7.91808
7.929548
7.94057
7.951595
7.962921
7.974071
7.985033
7.996276
8.007394
8.018469
8.030248
8.040942
8.052166
8.063698
8.074465
8.085589
8.100616
8.110464
8.120434
8.131369
8.14166
8.152758
8.163898
8.175157
8.186053
8.197594
8.208503
8.219704
8.231118
8.242801
8.254006
8.265621
8.276793
8.288452
8.299865
8.311151
8.322413
8.33429
8.345753
8.356702
8.367905
8.379468
8.390139
8.401259
8.412831
8.424376
8.434931
8.446704
8.457075
8.468534
8.479789
8.491165
8.502631
8.514027
8.525343
8.536251
8.547834
8.558919
8.570319
8.581992
8.59294
8.604511
8.615502
8.626748
8.637691
8.649122
8.660265
8.671335
8.682446
8.693837
8.704759
8.716138
8.727267
8.738273
8.749543
8.760965
8.771895
8.783231
8.794283
8.805437
8.816929
8.827829
8.838886
8.850151
8.861211
8.872488
8.883699
8.89524
8.905922
8.917543
8.928321
8.942744
8.953626
8.963592
8.973237
8.982886
8.993752
9.005176
9.016181
9.027338
9.038588
9.050608
9.060717
9.07221
9.083835
9.094359
TARGET DESTROYED 
9.105399
9.129272
9.140238
9.150301
9.159721
9.169843
9.180466
9.191617
9.2027
9.213879
9.225719
9.243798
9.254844
9.264704
9.27493
9.284728
9.294382
9.304123
9.314388
9.32542
9.33655
9.348001
9.358955
9.370173
9.38172
9.39255
9.403657
9.415009
9.425942
9.437329
9.448243
9.459581
9.470506
9.482073
9.493086
9.504265
9.515323
9.526428
9.538236
9.550006
9.559997
9.571251
9.582417
9.593594
9.604571
9.61584
9.62703
9.638111
9.649644
9.661238
9.67263
9.684008
9.695829
9.710621
9.720304
9.729875
9.741143
9.752725
9.764209
9.775579
9.786868
9.797985
9.809024
9.820257
9.831516
9.842639
9.853939
9.864942
9.876045
9.887268
9.898399
9.909581
9.920773
9.932111
9.945046
9.954788
9.965603
9.976521
9.987937
9.998899
10.01027
10.02122
10.03275
10.04384
10.05476
10.066
10.07739
10.08859
10.09984
10.1111
10.1225
10.13393
10.14545
10.15712
10.16853
10.17986
10.19885
10.21084
10.22203
10.23394
10.24555
10.25646
10.26799
10.28252
