0.02
0.04
0.14
0.1759285
0.187505
0.1975416
0.2077723
0.2189923
0.2301674
0.2412739
0.2529001
0.2635828
0.2746646
0.2858821
0.2971643
0.3108135
0.3197728
0.3304341
0.3417587
0.35716
0.3661598
0.3752844
0.3862827
0.3975897
0.4086372
0.4197561
0.4312412
0.4422059
0.4535266
0.4646851
0.4781539
0.4884809
0.4978942
0.5090388
0.5203047
0.5314876
0.5426633
0.5538163
0.5650258
0.577581
0.5874884
0.598411
0.6102018
0.6207119
0.6321763
0.6434413
0.6543742
0.665475
0.6769645
0.6879753
0.6989779
0.7107795
0.7212309
0.7326277
0.7438388
0.7548115
0.7665002
0.7772393
0.7883003
0.7995762
0.8112479
0.8220304
0.8331757
0.844651
0.8557004
0.8664271
0.8786849
0.8940561
0.9049675
0.9162241
0.9277746
0.9386646
0.9502028
0.9612201
0.971864
0.983173
0.9946827
1.005664
1.017117
1.028456
1.038921
1.050328
1.061741
1.072628
1.084229
1.095171
1.105883
1.117507
1.12851
1.13955
1.15071
1.16221
1.173242
1.184359
1.195602
1.206385
1.218326
1.22908
1.24092
1.252499
1.262496
1.273575
1.284923
1.296046
1.307167
1.318326
1.329545
1.340709
1.352226
1.363023
1.374136
1.385386
1.396939
1.407543
1.418871
1.430307
1.441351
1.452595
1.463581
1.478091
1.487132
1.496515
1.506943
1.518119
1.529434
1.540393
1.551919
1.562925
1.57392
1.58744
1.59651
1.607554
1.618844
1.630013
1.640991
1.652174
1.664551
1.674387
1.686003
1.700605
1.710155
1.719195
1.729727
1.741071
1.752837
1.763259
1.774757
1.785766
1.796721
1.808244
1.819094
1.830142
1.841366
1.852884
1.863839
1.874816
1.885989
1.89717
1.908713
1.919685
1.930578
1.942064
1.953001
1.964301
1.975505
1.986575
1.997654
2.009254
2.02045
2.031172
2.042301
2.053539
2.064887
2.076248
2.087906
2.098617
2.110453
2.121424
2.132816
2.149943
2.161967
2.171497
2.181488
2.190398
2.199509
2.208572
2.218256
2.229653
2.240405
2.253266
2.264242
2.27403
2.285624
2.296405
2.307778
2.31875
2.33027
2.340901
2.352476
2.36341
2.374685
2.386117
2.397102
2.408141
2.419269
2.43071
2.441446
2.452951
2.463859
2.47497
2.49027
2.500948
2.510804
2.520561
2.530959
2.542012
2.553935
2.565083
2.575557
2.587123
2.598589
2.609868
2.621336
2.633349
2.644782
2.655823
2.667014
2.678567
2.690066
2.701428
2.712757
2.723965
2.735088
2.746087
2.757337
2.768462
2.77991
2.791072
2.80213
2.813114
2.824455
2.835724
2.846593
2.8581
2.869447
2.880604
2.891923
2.903229
2.914507
2.925741
2.937248
2.948243
2.960416
2.971099
2.982625
2.994136
3.004953
3.016038
3.027711
3.038559
3.049711
3.061475
3.072746
3.083261
3.09485
3.105438
3.116838
3.128042
3.139203
3.150148
3.161658
3.172283
3.183738
3.195284
3.20609
3.217056
3.228656
3.239442
3.250647
3.261968
3.273407
3.284288
3.295492
3.306369
3.317815
3.328833
3.340037
3.351241
3.362578
3.373627
3.385041
3.395984
3.407111
3.418499
3.429985
3.44046
3.45193
3.463197
3.474077
3.485406
3.496491
3.507468
3.518947
3.53438
3.546273
3.557284
3.567297
3.577149
3.587182
3.597461
3.608091
3.618178
3.627813
3.637926
3.648286
3.659025
3.670247
3.681369
3.692508
3.703788
3.714936
3.725929
3.737344
3.748495
3.75966
3.770756
3.781924
3.793737
3.804589
3.815335
3.826635
3.837685
3.848962
3.860306
3.871309
3.882519
3.894088
3.904771
3.916034
3.927242
3.938144
3.949513
3.961238
3.972344
3.984115
3.995124
4.006415
4.017904
4.0295
4.040788
4.052626
4.063804
4.075113
4.086705
4.097794
4.109519
4.120718
4.132712
4.143641
4.154777
4.166232
4.177952
4.188859
4.200158
4.212248
4.22233
4.233817
4.245087
4.255997
4.268264
4.278489
4.289495
4.30091
4.311869
4.323085
4.33427
4.345675
4.356417
4.368749
4.378907
4.390032
4.401206
4.412534
4.42346
4.43546
4.44596
4.456896
4.46836
4.479551
4.490401
4.501659
4.513216
4.524909
4.535246
4.547446
4.558012
4.573927
4.584765
4.595361
4.606397
4.617393
4.628142
4.638881
4.649442
4.659574
4.670139
4.681231
4.691557
4.702697
4.71305
4.723132
4.733423
4.743872
4.754026
4.765092
4.776007
4.787902
4.799043
4.809598
4.820944
4.832333
4.843066
4.854177
4.865256
4.876847
4.887631
4.901917
4.913003
4.923753
4.934642
4.946005
4.956023
4.966361
4.977471
4.988521
4.999475
5.01083
5.021596
5.033015
5.045165
5.055557
5.067059
5.078681
5.090031
5.102055
5.113036
5.124483
5.13577
5.147731
5.158653
5.170235
5.181559
5.193288
5.204278
5.215764
5.226744
5.23797
5.248962
5.260188
5.271322
5.282538
5.294006
5.305443
5.31644
5.328102
5.339002
5.350459
5.362017
5.372929
5.384014
5.395537
5.406457
5.417691
5.429068
5.439963
5.451118
5.463053
5.473457
5.485028
5.495977
5.507039
5.518228
5.529428
5.540406
5.551743
5.563552
5.574067
5.589111
5.599186
5.608971
5.619801
5.629851
5.639027
5.651551
5.661471
5.672258
5.68342
5.695027
5.705689
5.717019
5.728425
5.739248
5.750513
5.761994
5.773054
5.784164
5.79541
5.806631
5.817781
5.829047
5.839903
5.85124
5.862588
5.87352
5.884904
5.896154
5.906885
5.918256
5.92983
5.940468
5.951832
5.963242
5.974412
5.985761
5.997194
6.008755
6.019718
6.031148
6.042316
6.053743
6.064825
6.076094
6.087796
6.099142
6.11022
6.121261
6.132536
6.144126
6.155013
6.166224
6.177496
6.188282
6.199452
6.210958
6.221805
6.233135
6.244955
6.255333
6.266494
6.278067
6.288815
6.300165
6.311342
6.322441
6.333746
6.344934
6.355873
6.36706
6.378709
6.389385
6.400769
6.411997
6.422916
6.434186
6.445522
6.456439
6.467576
6.478808
6.489909
6.50115
6.512452
6.523407
6.534666
6.546471
6.557107
6.568162
6.579418
6.590452
6.606637
6.61673
6.626354
6.636216
6.646333
6.655914
6.666081
6.676107
6.687329
6.698516
6.71029
6.720777
6.731968
6.743636
6.754316
6.76583
6.777002
6.787771
6.799102
6.810575
6.821752
6.833157
6.844086
6.85523
6.866496
6.87752
6.888485
6.903405
6.91428
6.925221
6.936149
6.946739
6.957269
6.967801
6.978421
6.989194
7.000542
7.012152
7.023307
7.034719
7.046253
7.057363
7.068794
7.080276
7.091141
7.102667
7.113554
7.124681
7.136065
7.147158
7.158224
7.169609
7.181133
7.191854
7.203203
7.214194
7.225205
7.236601
7.247696
7.258806
7.270031
7.281428
7.292962
7.304073
7.315288
7.326945
7.338181
7.349706
7.360697
7.371816
7.383352
7.395019
7.406268
7.417048
7.428586
7.439286
7.450662
7.46203
7.472997
7.484122
7.495551
7.506469
7.517601
7.528882
7.53999
7.551335
7.562342
7.573449
7.584669
7.596127
7.607069
7.619114
7.629219
7.64439
7.655077
7.665621
7.67576
7.685597
7.695587
7.705509
7.715676
7.72692
7.737913
7.749057
7.760646
7.771265
7.782567
7.793942
7.805251
7.816064
7.827572
7.838492
7.849631
7.861002
7.871893
7.883082
7.894687
7.90538
7.916631
7.928159
7.939122
7.949997
7.961729
7.972363
7.983617
7.995363
8.006163
8.017941
8.028834
8.039853
8.051434
8.062943
8.073884
8.085632
8.096662
8.108027
8.11958
8.130888
8.142055
8.153445
8.164595
8.176843
8.187651
8.198668
8.210503
8.22119
8.232355
8.24389
8.25469
8.265883
8.277738
8.288222
8.299539
8.310719
8.321777
8.33299
8.345881
8.357086
8.368106
8.379119
8.389854
8.400604
8.411613
8.422235
8.433702
8.445122
8.456612
8.467524
8.478286
8.489421
8.500584
8.512196
8.522833
8.534011
8.545608
8.556736
8.568003
8.578959
8.589886
8.600924
8.612493
8.623423
8.634526
8.645905
8.656793
8.668069
8.684188
8.695737
8.706366
8.71705
8.728268
8.739192
8.750385
8.761304
8.772285
8.78319
8.794004
8.805154
8.816131
8.827104
8.838884
8.849671
8.860238
8.871402
8.882513
8.893571
8.904933
8.915533
8.926354
8.936993
8.947959
8.95841
8.969142
8.980205
8.990955
9.001809
9.013472
9.024403
9.035094
9.046419
9.057317
9.067844
9.078254
9.089639
9.100628
9.111039
9.121603
9.132214
9.143623
9.15451
9.165753
9.177008
9.18812
9.199265
9.210709
9.221634
9.23279
9.244224
9.255056
9.266418
9.278082
9.289421
9.300931
9.312252
9.323436
9.335171
9.346479
9.357645
9.36935
9.380755
9.391888
9.403247
9.41493
9.426229
9.437518
9.448928
9.460405
9.47124
9.482981
9.494558
9.505423
9.516667
9.528758
9.539319
9.550674
9.562152
9.572919
9.583893
9.595499
9.606513
9.617552
9.628911
9.639914
9.651041
9.662502
9.67423
9.685165
9.69576
9.70691
9.722437
9.734075
9.744911
9.755653
9.766232
9.777278
9.787806
9.798619
9.809344
9.820249
9.830732
9.841975
9.852593
9.863708
9.874195
9.884901
9.895421
9.906114
9.916964
9.927689
9.938042
9.948912
9.959353
9.970497
9.981127
9.997445
10.0078
10.01925
10.03064
10.04105
10.05214
10.06282
10.07345
10.08397
10.0947
10.10498
10.11543
10.12661
10.13756
10.14884
10.1601
10.17123
10.18549
10.20004
10.21501
10.22939
10.24364
10.25848
10.26888
10.27923
10.28952
10.30017
10.31018
10.3205
10.33113
10.34148
10.35165
10.36205
10.37266
10.38346
10.39474
10.40567
10.41675
10.42804
10.43913
10.45049
10.4617
10.48147
10.49174
10.50231
10.51321
10.52382
10.53516
10.5462
10.55695
10.56733
10.578
10.58812
10.59855
10.60945
10.62
10.63025
10.64048
10.65151
10.6629
10.67358
10.68493
10.69623
10.70717
10.71847
10.72963
10.74067
10.75181
10.76774
10.77814
10.78868
10.79909
10.80903
10.81966
10.83006
10.84114
10.85283
10.86363
10.87468
10.88588
10.89722
10.90822
10.92
10.93126
10.94274
10.95416
10.96567
10.97745
10.99884
11.00909
11.02018
11.03109
11.04234
11.05367
11.06471
11.07615
11.08813
11.09931
11.10933
11.1204
11.13166
11.14278
11.1541
11.16519
11.17638
11.18742
11.19875
11.21019
11.22106
11.23229
TARGET DESTROYED 
11.24357
11.25835
11.2687
11.29247
11.30213
11.31165
11.32148
11.333
11.34424
11.35509
11.36617
11.37762
11.38902
11.40063
11.41115
11.42195
11.43333
11.44497
11.45554
11.46667
11.47821
11.48932
11.50029
11.51183
11.52268
11.53396
11.54586
11.5561
11.56748
11.57881
11.58956
11.6006
11.61224
11.62309
11.63433
11.64568
11.65664
11.6677
11.6791
11.69003
11.70167
11.71271
11.72369
11.73491
11.74607
11.75699
11.76852
11.7796
11.79512
11.80549
11.81561
11.82547
11.83605
11.84691
11.85892
11.87022
11.88193
11.89374
11.90494
11.91609
11.92768
11.93861
11.94956
11.9612
11.97194
11.98309
11.9947
12.00537
12.01672
12.02812
12.03896
12.05028
12.0619
12.07257
12.08372
12.09515
12.1059
12.11712
12.12853
12.13947
12.1513
12.16204
TARGET DESTROYED 
12.1736
12.18783
12.19774
12.2072
12.21865
12.23003
12.24122
12.25247
12.26362
12.2749
12.28603
12.29713
12.30904
12.31944
12.33105
12.34205
12.35367
12.36422
12.37475
12.38585
12.39718
12.40813
12.4195
12.43056
12.4425
12.45298
12.46418
12.47529
12.48685
12.49757
12.50909
12.51992
12.53132
12.5424
12.55346
12.56452
12.57577
12.58697
12.59811
12.60948
12.62116
12.63168
12.64326
12.65407
12.66514
12.67629
12.68755
12.69856
12.7103
12.72117
12.73254
12.74418
12.7556
12.77103
12.78075
12.79016
12.79991
12.80928
12.82056
12.84325
12.85366
12.86432
12.874
12.88556
12.89641
12.90763
12.91882
12.93014
12.94109
12.95264
12.96366
12.97469
12.98597
12.99707
13.00813
13.01949
13.03063
13.04194
13.05277
13.06406
13.07509
13.08657
13.09748
13.10881
13.11988
13.13109
13.14219
13.15341
TARGET DESTROYED 
13.16447
13.17863
13.18824
13.19802
13.20927
13.22045
13.2317
13.24414
13.25405
13.26541
13.27623
13.28746
13.2989
13.30983
13.32097
13.33197
13.34395
13.35497
13.36654
13.37855
13.38984
13.40133
13.41311
13.42449
13.43622
13.44734
13.45901
13.47043
13.48154
13.49264
13.50398
13.51506
13.52609
13.53735
13.54883
13.56033
13.57114
13.5874
13.59787
13.60857
13.61835
13.62853
13.63802
13.64806
13.65778
13.6682
13.679
13.68993
13.70131
13.71257
13.72428
13.7362
13.7466
13.75703
13.77228
13.78303
13.79412
13.80438
13.81465
13.82498
13.8353
13.84647
13.85746
13.869
13.88015
13.89148
13.90273
13.91392
13.9245
13.93581
13.94758
13.958
13.96955
13.98116
13.99218
14.00369
14.01505
14.0266
14.03779
14.0496
14.06122
14.07209
14.08348
14.09497
14.10588
14.11748
14.12842
14.13945
14.15128
14.16224
14.17345
14.18495
14.19619
14.20728
14.21888
14.23012
14.24118
14.25265
14.26389
14.27521
14.28655
14.29799
14.30876
14.32003
14.33149
14.34228
14.35352
14.36491
14.37595
14.38702
14.39852
14.40943
14.42047
14.43192
14.44292
14.45406
14.46525
14.47647
14.48747
14.49875
14.51012
14.52098
14.5325
14.54381
14.5548
14.56568
14.57703
14.58856
14.59929
14.62119
14.63266
14.64249
14.65232
14.66142
14.67269
14.68392
14.69511
14.71
14.71957
14.7291
14.73954
14.75074
14.76222
14.77324
14.78426
14.79575
14.80661
14.81782
14.82929
14.84044
14.85117
14.86256
14.87344
14.88513
14.89612
14.90705
14.91817
14.92951
14.94057
14.9518
14.96304
14.97409
14.98547
14.99701
15.00793
15.01881
15.03006
15.04127
15.05235
15.06347
15.07465
15.08581
15.09701
15.10854
15.11993
15.13157
15.14323
15.15487
15.1663
15.17773
15.18912
15.20086
15.2124
15.22384
15.23522
15.24643
15.25836
15.26956
15.28055
15.29231
15.30307
15.31452
15.32512
15.33646
15.34764
15.35892
15.37032
15.38127
15.39226
15.40448
15.41533
15.42573
15.43692
15.44822
15.45937
15.47145
15.48304
15.49529
15.50774
15.52022
15.53274
15.54537
15.55756
15.56929
15.58132
15.59374
15.60635
15.62152
15.63372
15.64574
15.65779
15.66964
15.6817
15.69391
15.71063
15.72315
15.73498
15.74687
15.75839
15.77177
15.78248
15.79298
15.80391
15.81451
15.82503
15.83573
TARGET DESTROYED 
15.84665
15.86314
15.87419
15.88544
15.89846
15.90905
15.91984
15.93136
15.94388
15.95563
15.96732
15.97952
15.99102
16.00239
16.01427
16.02608
16.03836
16.05005
16.06065
16.07119
16.08193
16.09213
16.10293
16.11363
16.12454
16.13569
16.14686
16.15798
16.16919
16.18088
16.19143
16.20293
16.21422
16.22524
16.23643
16.24739
16.25865
16.26999
16.28086
16.29201
16.30325
16.31458
16.32555
16.3369
16.34819
16.35914
16.37024
16.38153
16.39271
16.40373
16.41508
16.42601
16.43731
16.44895
16.46076
16.4719
16.48333
16.495
16.50628
16.51801
16.5294
16.54087
16.55277
16.56415
16.57537
16.58708
16.59812
16.6099
16.62092
16.63207
16.64333
16.65446
16.6655
16.68106
16.69229
16.70326
16.71393
16.72435
16.73491
16.74635
16.75611
16.76637
16.77633
16.78668
16.79687
16.80648
16.81714
16.82912
16.83945
16.85063
16.86237
16.87306
16.88421
16.89574
16.91793
TARGET DESTROYED 
16.92919
16.94491
16.95573
16.96631
16.97666
16.98715
16.99748
17.00729
17.01852
17.0305
17.04219
17.05319
17.06388
17.074
17.08524
17.09638
17.10758
17.11884
17.12982
17.14098
17.15215
17.16342
17.17471
17.18574
17.19685
17.20797
17.21921
17.23041
17.24146
17.25312
17.26407
17.27492
17.28624
17.29736
17.30849
17.32032
17.33179
17.34308
17.35444
17.36512
17.37577
17.3868
17.39786
17.409
17.42051
17.4321
17.44375
17.45522
17.46726
17.47887
17.49157
17.50396
17.51649
17.52807
17.53936
17.55158
17.56291
17.57398
17.58507
17.59619
17.60877
17.62031
17.63664
17.64824
17.65902
17.67026
17.68145
17.69265
17.70379
17.71492
17.72583
17.73788
17.74886
17.7599
17.77174
17.78294
17.79469
17.80642
17.81758
17.82892
17.8433
17.85596
17.86723
17.87872
17.88984
17.90148
17.91287
17.92402
17.93579
17.94723
17.95876
17.97112
17.98215
17.99398
18.0058
18.01731
18.02978
18.04117
18.05356
18.06569
18.07739
18.08937
18.1018
18.11334
18.12483
18.13649
18.14774
18.15874
18.17032
18.18159
18.19317
18.20539
18.21678
18.22861
18.23958
18.25061
18.26193
18.27311
18.28384
18.29537
18.30677
18.31827
18.32828
18.33837
18.3486
18.35855
18.3697
18.38095
18.39198
18.40726
18.41696
18.42702
18.43682
18.44787
18.45905
18.47025
18.48141
18.49279
18.50644
18.51613
18.52602
18.53728
18.54939
18.5598
18.57126
18.58293
18.59477
18.60598
18.6177
18.62899
18.64031
18.65177
18.66304
18.67439
18.68538
18.6966
18.70855
18.7189
18.72993
18.74137
18.75237
18.7636
18.77481
18.78619
18.79748
18.80904
18.81999
18.83218
18.84261
18.8541
18.8656
18.87705
18.88787
18.89965
18.91112
18.92191
18.93327
18.94513
18.95546
18.96664
18.97801
18.98894
19.00022
19.01246
19.02425
19.03606
19.04878
19.06064
19.07216
19.08385
19.09607
19.10727
19.11835
19.12947
TARGET DESTROYED 
19.14043
19.15774
19.17007
19.19016
19.20154
19.212
19.22303
19.23481
19.24418
19.25394
19.26384
19.27443
19.28559
19.29706
19.30812
19.31916
19.33077
19.34144
19.3527
19.36449
19.37507
19.38632
19.39756
19.4085
19.41966
19.43482
19.44428
19.45432
19.46459
19.47543
19.48676
19.49784
19.50967
19.5205
19.53147
19.54276
19.55395
19.56501
19.57624
19.58718
19.59897
19.60994
19.62074
19.63184
19.64307
19.65419
19.66558
19.67688
19.68774
19.69923
19.7101
19.72132
19.73244
19.74403
19.75522
19.7669
19.77892
19.79039
19.80215
19.81384
19.8252
19.83677
19.84814
19.85921
19.87116
19.8822
19.89396
19.91717
19.93113
19.94244
19.95427
19.96596
19.97837
19.98952
20.00072
20.01229
20.02321
20.03402
20.04567
20.05756
20.06878
20.08029
20.09142
20.1029
20.11435
20.12517
20.13656
20.14821
20.1593
20.17089
20.18231
20.1939
20.20574
20.21684
20.22827
20.23951
20.25102
20.26267
20.27412
20.28556
20.29693
20.30841
20.31975
20.33105
20.34258
20.355
20.36734
20.37932
20.39135
20.40264
20.41445
20.42558
20.43682
20.44806
20.4586
20.46961
20.48446
20.49431
20.50377
20.51417
20.52548
20.53667
20.54824
20.55885
20.57023
20.58132
20.59247
20.60402
20.61497
20.62592
20.6373
20.64841
20.65951
20.67185
20.68376
20.69598
20.70755
20.71898
20.73093
20.74809
20.76512
20.78208
20.79853
20.81534
20.83146
20.84825
20.86424
20.88022
TARGET DESTROYED 
20.89501
20.9185
20.93602
20.95199
20.96623
20.98115
20.99586
21.01066
21.02514
21.03926
21.05429
21.06489
21.07538
21.08554
21.09642
21.11665
21.12894
21.13974
21.15131
21.16229
21.17344
21.1846
21.19589
21.20702
21.21824
21.22951
21.24024
21.25152
21.26261
21.27412
21.28518
21.29619
21.30734
21.31871
21.32967
21.34082
21.35246
21.36328
21.37436
21.3858
21.3967
21.40786
21.41894
21.43024
21.44123
21.45258
21.46376
21.47502
21.48677
21.49818
21.50875
21.51966
21.53067
21.54202
21.55328
21.56882
21.57945
21.59013
21.60051
21.61176
21.62212
21.63286
21.64458
21.65573
21.66719
21.67869
21.6898
21.70096
21.71228
21.72326
21.73454
21.74574
21.75657
21.76782
21.77921
21.79035
21.80134
21.81256
21.82358
21.83506
21.8462
21.8576
21.86845
21.87973
21.89077
21.90188
21.91311
21.92444
21.93649
21.94769
21.95838
21.9697
21.98095
21.99218
22.00348
22.01497
22.0263
22.03742
22.04888
22.06039
22.07126
22.08303
22.09456
22.10549
22.11666
22.12844
22.13925
22.14994
22.16167
22.17259
22.1835
22.1958
22.20634
22.21778
22.22892
22.23931
22.25058
22.26194
22.27289
22.28433
22.29559
22.30643
22.31752
22.32977
22.34012
22.35142
22.36302
22.37377
22.38509
22.39629
22.4078
22.41873
22.43015
22.44093
22.45175
22.46362
22.47431
22.48559
22.49651
22.50764
22.51874
22.53021
22.54089
22.55693
22.56719
22.57663
22.58678
22.5969
22.60675
22.61671
22.62837
22.63925
22.65013
22.66171
22.67243
22.68378
22.69511
22.70613
22.71724
22.72861
22.73961
22.75069
22.76197
22.77311
22.7842
22.79569
22.80642
22.8179
22.82899
22.84
22.85121
22.86254
22.87346
22.88479
22.89617
22.90701
22.91844
22.9299
22.94091
22.95244
22.96374
22.97494
22.98603
22.99736
23.00907
23.01999
23.03138
23.04278
23.05409
23.06538
23.07678
23.08787
23.1018
23.11396
23.12436
23.13535
23.14598
23.15624
23.16742
23.18098
