0.02
0.04
0.14
0.1751323
0.1889521
0.200909
0.2139477
0.2265758
0.2384204
0.2554271
0.2662808
0.2769952
0.2872872
0.2980193
0.3113037
0.3214808
0.3326675
0.3428613
0.3534741
0.3651275
0.3762151
0.3875234
0.3982824
0.4098807
0.421102
0.4323769
0.4432973
0.4545199
0.4655266
0.4767095
0.4877149
0.4988836
0.5103834
0.5209467
0.5321941
0.5436249
0.5546281
0.5656819
0.577491
0.5880537
0.5992725
0.6110283
0.6215217
0.6378823
0.6487334
0.6593215
0.6694376
0.6797873
0.6902015
0.7005689
0.7111422
0.7221271
0.7331886
0.7446461
0.7559617
0.7672184
0.7779328
0.78938
0.8004705
0.8120129
0.8226122
0.8339
0.8450164
0.8563744
0.8674254
0.8788033
0.889664
0.9030562
0.9139272
0.9258103
0.9366682
0.9484346
0.9592296
0.9701022
0.9812042
0.9923664
1.003665
1.015229
1.026517
1.043378
1.054601
1.065269
1.076529
1.087022
1.097525
1.108644
1.119384
1.130718
1.142012
1.152867
1.163921
1.174776
1.18498
1.195881
1.206383
1.217434
1.22877
1.238801
1.249358
1.260242
1.270297
1.281387
1.292233
1.302958
1.314416
1.325869
1.33646
1.34764
1.359108
1.370095
1.381742
1.392677
1.403533
1.414742
1.431169
1.442528
1.453562
1.484103
1.49522
1.506305
1.516689
1.527097
1.537738
1.548647
1.560004
1.571092
1.582856
1.594168
1.604643
1.615739
1.626874
1.638022
1.649288
1.660648
1.671534
1.682741
1.694218
1.705377
1.716225
1.727469
1.738506
1.749897
1.760972
1.772094
1.783181
1.794513
1.805812
1.816813
1.827882
1.839112
1.855188
1.866085
1.876878
1.88765
1.898447
1.909088
1.919446
1.929936
1.940304
1.951069
1.962193
1.973234
1.984362
1.99567
2.007241
2.017845
2.028991
2.040134
2.051252
2.062534
2.07772
2.08832
2.09905
2.109886
2.120142
2.132171
2.144352
2.15462
2.165907
2.176929
2.187855
2.199752
2.210314
2.221364
2.232593
2.249557
2.26256
TARGET DESTROYED 
2.283575
2.295675
2.307246
2.319775
2.340122
2.352371
2.364499
2.375836
2.387062
2.397662
2.409132
2.420462
2.43203
2.442527
2.453516
2.464672
2.476165
2.486901
2.498414
2.509547
2.520494
2.532199
2.543028
2.554011
2.565219
2.576946
2.587893
2.598729
2.610842
2.621511
2.632956
2.643635
2.659654
2.670118
2.680758
2.691946
2.702366
2.713058
2.723894
2.734633
2.74586
2.756176
2.767977
2.779088
2.790617
2.80153
2.812275
2.822641
2.833256
2.844616
2.856971
2.867834
2.879443
2.899532
2.910542
2.922685
2.933841
2.945287
2.956027
2.967335
2.978607
2.989571
3.001121
3.013431
3.025191
TARGET DESTROYED 
3.039753
3.051096
3.066841
3.079199
3.090307
3.101669
3.118975
3.131244
3.142165
3.153951
3.164843
3.17701
3.187684
3.198645
3.210004
3.220777
3.231632
3.242599
3.253326
3.264284
3.275126
3.286281
3.297607
3.309066
3.32048
3.331807
3.342974
3.353994
3.365443
3.37672
3.387835
3.399281
3.410824
3.421389
3.432595
3.444661
3.460541
3.471216
3.481961
3.492924
3.5037
3.514632
3.52654
3.537173
3.54817
3.559455
3.570764
3.582199
3.593162
3.603958
3.616532
3.629537
3.641342
3.653052
3.664673
3.67732
3.690289
3.701919
3.713582
3.724782
3.735935
3.748014
3.760504
3.77155
3.783656
3.794936
3.806104
3.818036
3.829293
3.839941
3.851078
3.862673
3.880426
3.892153
3.904723
3.916848
3.928814
TARGET DESTROYED 
3.946078
3.958999
3.970626
3.981907
3.993362
4.004587
4.015791
4.027728
4.040156
4.057401
4.069508
4.080916
4.092407
4.103139
4.114562
4.126324
4.137309
4.148363
4.160294
4.171412
4.182983
4.195138
4.207172
4.218459
4.230255
4.241219
4.251975
4.262886
4.274201
4.290287
4.301764
4.312921
4.324736
4.33647
4.347988
4.359578
4.37077
4.387848
4.399195
4.41094
4.422675
4.434161
4.445829
4.457631
4.468956
4.480655
4.492153
4.503746
4.515459
4.526956
4.538057
4.549428
4.560937
4.571937
4.583667
4.595307
4.60653
4.617979
4.629501
4.641665
4.652875
4.665391
TARGET DESTROYED 
4.681331
4.692747
4.703964
4.720658
4.732266
4.743819
4.754861
4.766208
4.777809
4.788869
4.800309
4.81202
4.824617
4.842523
4.855522
4.86659
4.877849
4.889102
4.900861
4.91224
4.923683
4.935498
4.946859
4.95829
4.969684
4.981805
4.993367
5.004621
5.015951
5.02751
5.039139
5.05057
5.062399
5.07729
5.089616
5.10074
5.112388
5.123604
5.140177
5.151386
5.163828
5.175306
5.186656
5.197972
5.209304
5.220555
5.2323
5.243533
5.254473
5.266126
5.277447
5.289004
5.300767
5.312652
5.324647
5.336218
5.347449
5.358819
5.370026
5.381168
5.392876
5.404056
5.415068
5.426543
5.43749
5.449119
5.460793
5.471982
5.483266
5.494745
5.505812
5.517213
5.52913
5.545704
5.556971
5.568862
5.580963
5.592416
5.603805
5.615296
5.627003
5.638103
5.64953
5.661165
5.672625
5.684213
5.695502
5.706985
5.718254
5.729852
5.741187
5.752769
5.764115
5.776027
5.788554
5.799638
5.811267
5.822022
5.833502
5.845157
5.856687
5.868258
5.880724
5.892041
5.903215
5.914933
5.926514
5.938467
5.94962
5.966235
5.977723
5.988753
6.000442
6.011955
6.023149
6.034636
6.046346
6.057407
6.069024
6.081158
6.093011
6.104141
6.115439
6.127318
TARGET DESTROYED 
6.144037
6.155278
6.166879
6.179137
6.19058
6.20198
6.21381
6.225317
6.236795
6.254288
6.266894
6.277887
6.289556
6.300763
6.312205
6.32372
6.336594
6.348395
6.359785
6.370954
6.388482
6.400478
6.411559
6.422792
6.434303
6.445936
6.457328
6.468579
6.480622
6.492428
6.503674
6.515163
6.526865
6.537919
6.550247
6.561864
6.573023
6.586273
6.597442
6.609122
6.620452
6.631509
6.643127
6.654621
6.666002
6.677825
6.689021
6.701123
6.712566
6.723936
6.73556
6.747133
6.758869
6.770547
6.781923
6.794005
6.810763
6.822218
6.833588
6.845573
6.856866
6.868241
6.880683
6.892526
6.904485
6.916911
6.928693
6.940031
6.951682
6.963634
6.975627
6.987675
6.999517
7.011439
7.022845
7.034748
7.046624
7.058583
7.071086
7.083259
7.095452
7.107495
7.119101
7.130877
7.143147
7.154989
7.167545
7.180252
7.192281
7.208086
7.220129
7.23223
7.248913
7.26117
7.272803
7.284571
7.296438
7.308928
7.321383
7.334615
7.346329
7.357988
TARGET DESTROYED 
7.374591
7.38645
7.398194
7.410581
7.421876
7.433657
7.445592
7.457783
7.469219
7.481211
7.499611
7.51339
7.525152
7.536388
7.547953
7.559755
7.570894
7.5835
7.595748
7.607476
7.619048
7.630615
7.642602
7.654531
7.666059
7.682575
7.694787
7.706563
7.718522
7.73026
7.74202
7.753634
7.765515
7.777228
7.788712
7.800527
7.812221
7.823966
7.835569
7.847266
7.858878
7.870913
7.882553
7.894431
7.905683
7.917715
7.930043
7.941648
7.953714
7.965605
7.977636
7.989017
8.000306
8.012541
8.024112
8.035741
8.047267
8.059014
8.070862
8.083114
8.095217
8.106853
8.12323
8.135842
8.147676
8.159268
8.170742
8.182484
8.194972
8.206227
8.21741
8.228801
8.240106
8.251376
8.263535
8.275274
8.287232
8.29887
8.310754
8.322682
8.334505
8.347291
8.359161
8.370511
8.382254
8.394696
8.406201
8.418448
8.430209
8.441758
8.453447
8.465837
8.477429
8.488877
8.500883
8.512846
8.52434
8.536402
8.548605
8.565145
8.578258
TARGET DESTROYED 
8.612114
8.62402
8.636013
8.648602
8.660833
8.672391
8.684566
8.696502
8.708792
8.720488
8.732669
8.752851
8.766331
8.779678
8.791526
8.803379
8.815281
8.827381
8.839279
8.850781
8.86271
8.87459
8.886501
8.898038
8.909862
8.921056
8.932583
8.94475
8.956182
8.96843
8.980329
8.997652
9.009941
9.021253
9.03278
9.044555
9.055955
9.067789
9.079606
9.090936
9.102529
9.114447
9.126701
9.138595
9.150714
9.162819
9.175834
9.187738
9.202569
9.214899
9.2275
9.239326
9.251118
9.2633
9.27531
9.287011
9.299248
9.311886
9.323937
9.33622
9.349036
9.361234
9.373219
9.386229
9.397066
9.408034
9.418493
9.429684
9.445132
9.457564
9.469155
9.479845
9.490623
9.501912
9.513371
9.524257
9.535746
9.54653
9.557792
9.569072
9.581079
9.592105
9.603239
9.613926
9.624799
9.63623
9.64708
9.658525
9.669817
9.680567
9.691811
9.702673
9.713765
9.725289
9.736184
9.747522
9.758648
9.769711
9.78082
9.792223
9.803263
9.814426
9.826162
9.836768
9.847753
9.863297
9.873655
9.884814
9.89541
9.905862
9.916396
9.92699
9.937977
9.949405
9.961087
9.972496
9.984368
9.995744
10.00713
10.01825
10.02921
10.04052
10.05156
10.06289
10.07446
10.08549
10.09632
10.10767
10.11877
10.13013
10.14138
10.15221
10.16324
10.17483
10.18559
10.19692
10.20871
10.22185
10.23339
10.24359
10.25343
10.26453
10.28006
10.29353
