0.02
0.04
0.14
0.1849703
0.196704
0.211612
0.2221314
0.2325905
0.2437303
0.2552801
0.2661935
0.2770023
0.2904756
0.2994517
0.3104286
0.3219871
0.3327788
0.3465056
0.3558099
0.3663604
0.377582
0.3888752
0.3999692
0.4109519
0.4223939
0.4334022
0.444698
0.4558257
0.46686
0.4784871
0.4895679
0.5004672
0.5115878
0.5229827
0.5341748
0.5453759
0.5562559
0.5674477
0.5787698
0.5897451
0.6013771
0.6120787
0.6233816
0.6344287
0.6457177
0.6570032
0.6680551
0.6793923
0.6904875
0.7015571
0.7125645
0.7237736
0.7351749
0.7461143
0.757555
0.7688726
0.7797625
0.7909649
0.8023604
0.8133341
0.8244281
0.835481
0.8467957
0.8579265
0.8694087
0.8800949
0.8913143
0.9078432
0.9190036
0.9297566
0.9412236
0.9523859
0.9632944
0.9745802
0.9861333
0.9967268
1.008008
1.019503
1.030755
1.041426
1.054024
1.064091
1.075317
1.086313
1.097239
1.108385
1.119899
1.130826
1.141996
1.15338
1.164734
1.175516
1.186935
1.197949
1.209083
1.220658
1.231438
1.242705
1.253971
1.264829
1.276072
1.287647
1.299073
1.309465
1.321003
1.331952
1.343073
1.354558
1.365503
1.376716
1.388002
1.398943
1.410161
1.421396
1.43257
1.443706
1.457506
1.466494
1.476137
1.488635
1.499427
1.509753
1.521052
1.53251
1.543324
1.554383
1.565406
1.576763
1.588185
1.599176
1.610624
1.621827
TARGET DESTROYED 
1.635697
1.645483
1.654829
1.665754
1.676973
1.68872
1.699425
1.711059
1.721731
1.732769
1.743972
1.755129
1.76624
1.777456
1.789032
1.80007
1.811216
1.822116
1.833237
1.850087
1.859537
1.868584
1.878086
1.886995
1.89778
1.90918
1.920274
1.931231
1.942501
1.953967
1.964919
1.976004
1.987343
1.998559
2.009616
2.020913
2.032159
2.042964
2.054512
2.065563
2.076475
2.087841
2.098884
2.10998
2.121259
2.132456
2.143646
2.154906
2.166009
2.177069
2.188157
2.199338
2.21068
2.222199
2.233606
2.244949
2.256166
2.26769
2.279148
2.29033
2.30192
2.313276
2.324603
2.336282
2.347093
2.35866
2.3704
2.381239
2.392714
2.404384
2.415467
2.426583
2.438188
2.448978
2.459995
2.471432
2.482553
2.493605
2.504912
2.516406
2.530854
2.541052
2.550504
2.56003
2.570237
2.580831
2.592016
2.603589
2.614423
2.625426
2.636868
2.647813
2.659078
2.670407
2.681338
2.69243
2.703929
2.714684
2.72593
2.737602
2.748289
2.759591
2.771024
2.781752
2.79328
2.804159
2.815492
2.826582
2.838009
2.848901
2.86015
2.871329
2.882595
TARGET DESTROYED 
2.896895
2.907468
2.918849
2.929201
2.939294
2.950633
2.962431
2.973299
2.983691
2.994825
3.006198
3.017217
3.028431
3.039719
3.050798
3.062336
3.073083
3.08433
3.095452
3.106865
3.117994
3.129015
3.140226
3.151583
3.162876
3.17487
3.184995
3.196302
3.207302
3.220442
3.23034
3.241097
3.252117
3.263139
3.27457
3.285932
3.297137
3.308307
3.319845
3.331113
3.342172
3.353621
3.36465
3.376013
3.38732
3.398332
3.409518
3.421203
3.431653
3.442913
3.454487
3.465209
3.476318
3.488207
3.498864
3.510006
3.521349
3.532444
3.543535
3.554702
3.565943
3.577137
3.588485
3.603441
3.613938
3.624031
3.633712
3.643758
3.653992
3.66372
3.675072
3.686375
3.697224
3.708441
3.719916
3.731061
3.741925
3.753375
3.764327
3.775416
3.786809
3.798005
3.808936
3.820289
3.831321
3.842537
3.853991
3.864739
3.876109
3.88778
3.898476
3.909602
3.920914
3.931833
3.943073
3.954964
3.965392
3.976591
3.988358
3.99917
4.010657
4.022078
4.033352
4.04528
4.055904
4.067177
4.078646
4.089874
4.101325
4.112833
4.123858
4.145867
4.15776
4.167851
4.178289
4.188767
TARGET DESTROYED 
4.205259
4.217292
4.229535
4.240767
4.250778
4.261628
4.272319
4.282826
4.293457
4.304129
4.31425
4.325288
4.335739
4.346051
4.357361
4.36742
4.378028
4.388089
4.398694
4.409851
4.421457
4.432316
4.44347
4.4552
4.465676
4.476895
4.489114
4.499551
4.510525
4.523392
4.53291
4.54403
4.555333
4.566177
4.577603
4.588939
4.599832
4.610909
4.622045
4.633346
4.644308
4.655643
4.66691
4.677927
4.693115
4.703605
4.713779
4.724308
4.735524
4.746683
4.758344
4.770128
4.781247
4.792504
4.803663
4.814883
4.826169
4.837337
4.848219
4.859445
4.870739
4.881927
4.893055
4.904391
4.915207
4.926553
4.937826
4.948854
4.960002
4.971329
4.98256
4.993501
5.004814
5.01584
5.026995
5.038265
5.049781
5.060555
5.071958
5.08337
5.094558
5.10595
5.117268
5.128586
5.140085
5.151142
5.162548
5.174162
5.185369
5.196399
5.207786
5.219604
5.230184
5.241767
5.252644
5.263915
5.274947
5.286236
5.297642
5.308567
5.319747
5.330813
5.34198
5.361431
5.372248
5.382653
5.393348
5.404157
5.415132
5.42659
5.437718
5.448846
5.459789
5.471415
5.482202
5.493599
5.504726
5.515793
5.527432
5.538242
5.549146
5.560449
5.571536
5.582637
5.593849
5.605363
5.616022
5.627365
5.638706
5.650064
5.660797
TARGET DESTROYED 
5.676505
5.687345
5.698141
5.709312
5.719937
5.730397
5.741553
5.752403
5.763782
5.780157
5.792282
5.803129
5.813685
5.824262
5.834621
5.849939
5.862094
5.873041
5.884262
5.895459
5.906948
5.918003
5.929076
5.940114
5.951746
5.96286
5.973723
5.984787
5.995976
6.007195
6.018753
6.029599
6.040561
6.052176
6.063184
6.074305
6.085452
6.096528
6.107714
6.119332
6.130294
6.141132
6.152662
6.163472
6.174735
6.186041
6.197045
6.208095
6.219895
6.230643
6.24201
6.252957
6.264174
6.27532
6.286636
6.29813
6.308837
6.319916
6.331354
6.342745
6.354332
6.3657
6.377409
6.389045
6.400552
6.411699
6.423318
6.435048
6.446578
6.457856
6.470023
6.480861
6.493391
6.504038
6.514835
6.525778
6.537462
6.548963
6.559397
6.570847
6.581664
6.59287
6.604365
6.615151
6.626499
6.63791
6.64887
6.659981
6.671411
6.683465
6.693475
6.704901
6.716411
6.726854
6.738323
6.749268
6.760506
6.772063
6.782719
6.793988
6.805391
6.816206
6.827371
6.838697
6.850154
6.861169
6.875812
6.885642
6.89481
6.904517
6.914903
6.926035
6.937379
6.948499
6.959814
6.970997
6.981895
6.993285
7.004494
7.015807
7.026505
7.038066
7.048984
7.060065
7.071282
7.082381
7.093485
7.105073
7.115909
7.12701
7.145823
7.155432
7.164593
7.174379
7.183543
7.192934
7.202459
7.213465
7.224859
7.236382
7.247227
7.258181
7.269686
7.280431
7.291605
7.303074
7.314048
7.325393
7.336796
7.3476
7.358794
7.370091
7.381281
7.392435
7.403543
7.41451
7.425838
7.437066
7.447997
7.459278
7.470544
7.481735
7.493536
7.504097
7.515016
7.52615
7.538062
7.54922
7.560466
7.571833
7.583222
7.594648
7.606174
7.617455
7.628865
7.640492
7.651915
7.663148
7.674509
7.686302
7.69735
7.708713
7.720376
7.731608
7.74298
7.754733
7.765654
7.777072
7.788292
7.79945
7.810561
7.821788
7.832671
7.844037
7.85528
7.866239
7.877522
7.888679
7.899776
7.910992
7.922146
7.933239
7.944549
7.956159
7.971448
7.982335
7.993249
8.004403
8.015074
8.026034
8.037583
8.048418
8.059849
8.071185
8.081882
8.092546
8.103778
8.115442
8.126452
8.138288
8.149378
8.160503
8.172297
8.18338
8.194265
8.205477
8.216349
8.227478
8.23917
8.250249
8.261822
8.273591
8.284437
8.296241
8.308355
8.319804
8.33095
8.341768
8.353059
8.364128
8.37521
8.386777
8.398294
8.409774
8.421261
8.432203
8.443135
8.454113
8.464439
8.475703
8.487519
8.498058
8.509189
8.520712
8.531614
8.542867
8.555056
8.565801
8.576142
8.588498
8.598663
8.609745
8.621051
8.632122
8.643182
8.654567
8.66819
8.679479
8.690195
8.70071
8.711212
8.724504
