0.02
0.04
0.14
0.1769423
0.190185
0.2013649
0.2132262
0.2242445
0.2369486
0.2551672
0.2670256
0.2786708
0.2895071
0.3006027
0.3138688
0.3238891
0.3344226
0.3454258
0.3564604
0.3681017
0.3787562
0.3899412
0.4013435
0.4123643
0.4232902
0.4344223
0.4461887
0.4570931
0.4680947
0.4797308
0.490291
0.5017416
0.5131266
0.5238436
0.5349283
0.5468593
0.5578506
0.5683713
0.5799173
0.5910741
0.6026079
0.6134167
0.6243977
0.6400814
0.6504478
0.6608784
0.6714222
0.6823981
0.692948
0.7034497
0.7144924
0.7251642
0.7362918
0.7474499
0.758781
0.7699474
0.7809955
0.7921696
0.8035199
0.8150457
0.8258034
0.836678
0.8481101
0.8589805
0.8712903
0.8821132
0.8929261
0.9062301
0.9178784
0.9289522
0.9395351
0.9509537
0.962032
TARGET DESTROYED 
0.9809464
0.9918896
1.003621
1.015534
1.027387
1.04566
1.056522
1.067535
1.078878
1.097904
1.110167
1.120739
1.131823
1.142186
1.154156
1.166585
1.177583
1.187986
1.198973
1.209084
1.220407
1.231434
1.241706
1.251917
1.262481
1.272524
1.283731
1.295117
1.305821
1.317137
1.328401
1.339527
1.350412
1.361975
1.372939
1.384249
1.39546
1.406243
1.417509
1.433326
1.443938
1.454244
1.464766
1.475042
1.485633
1.496713
1.507278
1.518139
1.529376
1.540562
1.551522
1.562775
1.574138
1.585266
1.596328
1.607279
1.618464
1.630002
TARGET DESTROYED 
1.643935
1.655155
1.666125
1.676473
1.687453
1.699989
1.717934
1.730272
1.741468
1.752432
1.763687
1.774863
1.786225
1.79713
1.808498
1.820223
1.836353
1.846855
1.857744
1.868184
1.878559
1.889266
1.90017
1.910873
1.921694
1.932519
1.942801
1.953723
1.965387
1.975999
1.987127
1.998669
2.009703
2.020641
2.031914
2.04294
2.05455
2.065887
2.076467
2.087819
2.098729
2.110106
2.121931
2.132596
2.143851
2.154543
2.165997
2.177322
2.189145
2.200215
2.212068
2.228441
2.238898
2.249972
2.261441
2.271945
2.283121
2.293916
2.304309
2.315064
2.325504
2.336313
2.346959
2.358206
2.368909
2.379928
2.391426
2.402094
2.413456
2.42447
2.436482
2.447362
2.457971
2.469118
2.481006
2.49151
2.50256
2.513719
2.524915
2.536052
2.547291
2.558311
2.569734
2.580779
2.593723
2.603832
2.614986
2.631137
2.641961
2.652778
2.664567
2.675077
2.685891
2.696913
2.707383
2.718443
2.729375
2.740334
2.751065
2.762121
2.773049
TARGET DESTROYED 
2.788776
2.806636
2.819286
2.830569
2.84128
2.852874
2.863777
2.874413
2.88576
2.896884
2.907609
2.92023
2.931565
2.942367
2.953951
2.965053
2.975848
2.987574
2.999647
3.011083
3.027366
3.038361
3.050073
3.060992
3.072231
3.083458
3.094832
3.105623
3.116624
3.127575
3.138771
3.149893
3.161258
3.172048
3.183344
3.194649
3.205725
3.216671
3.227573
3.239255
3.250241
3.260915
3.272072
3.282863
3.294327
3.304984
3.316339
3.327642
3.338546
3.349926
3.361421
3.372067
3.384177
3.395585
3.406145
3.417281
3.433121
3.443813
3.454596
3.465685
3.476618
3.487466
3.498915
3.509519
3.520841
3.531905
3.542733
3.55373
3.564636
3.574995
3.586175
3.598149
3.609777
3.621218
3.632315
3.644007
3.655124
3.667646
3.679404
3.69076
3.702398
3.71394
3.724992
3.736227
3.747511
3.758556
3.770101
3.781791
3.792918
3.805102
3.817024
3.833352
3.845045
3.856512
3.867539
3.878939
3.889924
3.901344
TARGET DESTROYED 
3.917319
3.929371
3.940964
3.953412
3.965387
3.976389
3.987926
3.999572
4.011099
4.022882
4.035066
4.052889
4.066407
4.078043
4.088992
4.100173
4.111386
4.122341
4.133547
4.145072
4.156098
4.167307
4.179136
4.190345
4.201643
4.213643
4.22486
4.23606
4.252785
4.264929
4.277469
4.288613
4.299592
4.31093
4.322582
4.333858
4.345911
4.35687
4.368613
4.380296
4.391721
4.403997
4.416181
4.427967
4.439514
4.450903
4.462307
4.474013
4.485776
4.497789
4.509172
4.520691
4.532973
4.544326
4.556523
4.567596
4.579031
4.590067
4.60173
4.612863
4.624551
4.636289
4.648005
4.664519
4.675689
4.687506
4.69887
4.710365
4.721871
4.733737
4.746645
4.757516
4.768713
4.779983
4.791179
4.802627
4.814606
4.826407
4.837902
4.849364
4.860532
4.872692
4.883895
4.895419
4.906599
4.917833
4.929566
4.941345
4.953102
4.96504
4.976233
4.987635
4.999693
5.011082
5.022663
5.034195
5.045966
5.057246
5.069309
5.085831
5.097241
5.108805
5.12009
5.131746
5.142837
5.154282
5.165986
5.177765
5.188853
5.200907
5.212595
5.223956
5.236141
5.247603
5.260334
5.27142
5.282751
5.294331
5.30545
5.316951
5.32833
5.339672
5.351055
5.362949
5.374049
TARGET DESTROYED 
5.390625
5.402779
5.415107
5.432625
5.445926
5.457453
5.468951
5.480485
5.491934
5.50963
5.52136
5.533293
5.545239
5.556888
5.568711
5.580339
5.591615
5.603515
5.615664
5.62705
5.638553
5.650762
5.662726
5.673791
5.685747
5.696872
5.70762
5.719466
5.730761
5.741789
5.753041
5.76479
5.776293
5.787841
5.800556
5.812023
5.823664
5.83564
5.847548
5.858881
5.870617
5.891286
5.903131
5.929428
5.946824
5.958797
5.970855
5.982728
5.994468
6.005888
6.017641
6.029453
6.040478
6.051891
6.064322
6.075664
6.08692
6.098284
6.10903
6.120405
6.132324
6.143291
6.154667
6.167071
6.179065
6.190642
6.202065
6.21376
6.224963
6.236416
6.247878
6.258701
6.270579
6.282403
6.293752
6.304956
6.316309
6.327843
6.339382
6.350771
6.367661
6.379323
6.391062
6.402487
6.414643
6.426176
6.437404
6.448699
6.459917
6.471808
6.483426
6.494577
6.506514
6.517844
6.529521
6.5411
6.553056
6.564631
6.576141
6.587749
6.599308
6.611887
6.623216
6.634774
6.646302
6.657766
6.66925
6.68163
6.692827
6.703897
6.715158
TARGET DESTROYED 
6.731716
6.742799
6.754049
6.765305
6.776691
6.79328
6.804501
6.817202
6.835797
6.848325
6.859344
6.870989
6.883747
6.895008
6.906398
6.917603
6.929708
6.940989
6.95269
6.96464
6.976225
6.987976
6.999231
7.009941
7.021544
7.032679
7.043794
7.055535
7.067632
7.079287
7.090814
7.103477
7.11485
7.126353
7.137214
7.148437
7.159712
7.170786
7.182005
7.192515
7.203381
7.219567
7.230554
7.241379
7.253001
7.264338
7.275067
7.286392
7.298032
7.309034
7.320682
7.331902
7.343872
7.355378
7.366625
7.377952
7.388964
7.400283
7.412232
7.423159
7.434065
7.445468
7.456623
7.46783
7.47934
7.490457
7.502478
7.513677
7.524912
7.536228
7.547401
7.558788
7.570157
7.581774
7.592721
7.60425
7.615347
7.62655
7.643271
7.654604
7.666086
7.677271
7.688289
7.699944
7.711749
7.722965
7.734475
7.745461
7.756731
7.768069
7.779719
7.791296
7.802514
7.815228
7.826509
7.837578
7.849268
7.861477
7.873227
7.888507
7.899888
7.911304
7.923533
TARGET DESTROYED 
7.950094
7.961785
7.973693
7.985303
7.997533
8.00833
8.019873
8.031699
8.043083
8.054632
8.071885
8.092038
8.104338
8.115592
8.1276
8.138915
8.150222
8.161361
8.172628
8.183781
8.195351
8.20656
8.218051
8.229888
8.24111
8.252904
8.264872
8.275943
8.287037
8.298202
8.309237
8.320462
8.33173
8.342779
8.354198
8.365403
8.376494
8.387987
8.399355
8.411189
8.422413
8.434333
8.445317
8.456663
8.46831
8.484231
8.495996
8.507007
8.51794
8.528941
8.540451
8.551477
8.56268
8.573533
8.584511
8.596082
8.607171
8.618114
8.629182
8.640263
8.651575
8.663169
8.674384
8.685287
8.696462
8.708096
8.719113
8.731025
8.742572
8.754086
8.765087
8.775788
8.789971
8.801678
8.812517
8.823835
8.834888
8.845642
8.856725
8.867737
8.87902
8.895355
8.909512
