0.02
0.04
0.14
0.1807155
0.1938254
0.2039807
0.2141588
0.2246558
0.2353757
0.2464302
0.2575299
0.2687721
0.2797676
0.2917239
0.3037263
0.3131518
0.3247219
0.336043
0.346675
0.3584288
0.368955
0.3803354
0.393496
0.4025779
0.4136581
0.4251159
0.4361886
0.447607
0.4588918
0.4696153
0.4806418
0.4921009
0.503277
0.5165762
0.5267341
0.5367424
0.5478547
0.5592313
0.5701383
0.5813202
0.5938385
0.6037984
0.6148899
0.6260451
0.6371195
0.6481975
0.6595272
0.6712041
0.6817915
0.6930568
0.7040593
0.7153159
0.7265357
0.7376916
0.7487451
0.7603213
0.771241
0.7830446
0.793403
0.8047247
0.815784
0.8271295
0.8385777
0.849457
0.8607309
0.8793005
0.8881277
0.8970599
0.9057026
0.9246119
0.9335555
0.9422775
0.951207
0.961027
0.972206
0.9834492
0.9945387
1.005839
1.017352
1.028194
1.039599
1.050548
1.06177
1.07312
1.084077
1.095331
1.106724
1.117469
1.128994
1.140721
1.150978
1.16228
1.173692
1.184561
1.195699
1.207137
1.218059
1.229174
1.240956
1.251436
1.262725
1.273814
1.285299
1.296226
1.307332
1.318544
1.330057
1.341706
1.352801
1.364459
1.375736
1.387145
1.398786
1.410221
1.421405
1.433065
1.444455
1.456081
1.467379
1.478877
1.490473
1.501492
1.51306
1.524432
1.538439
1.547916
1.55744
1.568742
1.58376
1.592952
1.601704
1.611429
1.623035
1.633711
1.645035
1.656205
1.667332
1.678567
1.690039
1.708508
1.71781
1.727189
1.735916
1.745048
1.754113
1.765486
1.776489
1.787686
1.802153
1.813281
1.823405
1.833032
1.843741
1.854612
1.865989
1.877091
1.888153
1.899437
1.910724
1.921655
1.932931
1.943923
1.955245
1.966314
1.977685
1.995036
2.007224
2.017075
2.026702
2.036007
2.046278
2.056246
2.06688
2.078262
2.089486
2.100469
2.112078
2.124759
2.135192
2.145382
2.156567
2.167947
2.179954
2.190962
2.206749
2.215847
2.225179
2.234796
2.245612
2.257049
2.268207
2.281373
2.291473
2.301452
2.312842
2.324355
2.335077
2.346176
2.357406
2.368609
2.38182
2.393087
2.402619
2.413274
2.424993
2.435583
2.446902
2.458217
2.469217
2.480547
2.491476
2.502581
2.513957
2.525223
2.536298
2.547679
2.558919
2.569834
2.581172
2.592558
2.603715
2.614944
2.627024
2.638174
2.649354
2.661089
2.672626
2.683613
2.695272
2.706815
2.718072
2.72939
2.741155
2.752003
2.763747
2.77635
2.787284
2.798005
2.80946
2.820406
2.83165
2.847357
2.858748
2.869253
2.880399
2.891246
2.901661
2.912337
2.923135
2.933783
2.944436
2.955067
2.964704
2.975168
2.985096
2.99544
3.00521
3.016719
3.027606
3.03895
3.049922
3.061065
3.072203
3.083662
3.094638
3.106179
3.116925
3.12819
3.139327
3.150402
3.161653
3.173069
3.183959
3.195115
3.206624
3.217618
3.228621
3.240029
3.250986
3.262268
3.273625
3.284552
3.295737
3.306871
3.318256
3.329484
3.341133
3.353662
3.364492
3.375489
3.388067
3.398972
3.409792
3.421561
3.432523
3.444284
3.455678
3.466929
3.478435
3.490159
3.504985
3.515404
3.526333
3.537911
3.549014
3.560015
3.570788
3.582761
3.593157
3.602894
3.615088
3.626325
3.636336
3.646707
3.657697
3.667964
3.678758
3.690633
3.701572
3.712062
3.723149
3.73423
3.744919
3.755569
3.765694
3.776662
3.787695
3.799103
3.810069
3.821119
3.832858
3.84345
3.854844
3.865862
3.877195
3.88833
3.902263
3.912267
3.921929
3.932995
3.944094
3.955401
3.966362
3.977531
3.989167
4.003753
4.014529
4.024936
4.03515
4.046451
4.057503
4.068676
4.08019
4.091751
4.102846
4.114452
4.125679
4.136963
4.1524
4.163712
4.175126
4.185457
4.19715
4.208172
4.218758
4.229825
4.240833
4.251058
4.261756
4.272401
4.282888
4.29359
4.30506
4.3156
4.326285
4.336981
4.347919
4.358371
4.369006
4.379809
4.390356
4.4015
4.412621
4.424109
4.434796
4.446059
4.457525
4.468716
4.479566
4.491085
4.50211
4.513251
4.524202
4.535369
4.548308
4.559464
4.570832
4.581682
4.592375
4.603113
4.614052
4.629386
4.640619
4.651466
4.662727
4.673367
4.683983
4.695004
4.705372
4.717319
4.728205
4.739998
4.751056
4.762048
4.773473
4.788849
4.800319
4.811263
4.828198
4.839959
4.850725
4.862267
4.872654
4.88348
4.895072
4.905556
4.916199
4.926569
4.937635
4.948904
4.95987
4.971144
4.982873
4.993764
5.004527
5.016026
5.027106
5.03829
5.049366
5.060424
5.07162
5.08268
5.093977
5.105274
5.116226
5.127882
5.139207
5.149702
5.16106
5.17224
5.183572
5.194379
5.205607
5.21685
5.227959
5.239559
5.250207
5.261474
5.272817
5.283798
5.295557
5.306735
5.317498
5.329733
5.340935
5.352288
5.363746
5.375542
5.386664
5.398086
5.410768
5.421659
5.441261
5.457034
5.467864
5.479152
5.490029
5.500534
5.511909
5.521939
5.53269
5.543539
5.55499
5.566276
5.579047
5.590022
5.600531
5.611305
5.621423
5.631894
5.642292
5.652516
5.663593
5.674998
5.686067
5.700331
5.711053
5.72129
5.731518
5.742176
5.752954
5.764426
5.775552
5.786485
5.80105
5.81275
5.824343
5.835244
5.846296
5.858042
5.868698
5.879548
5.891455
5.902004
5.913361
5.924504
5.935481
5.947511
5.958373
5.969368
5.980456
5.991547
6.001973
6.013439
6.024681
6.035393
6.04653
6.057885
6.069067
6.080083
6.095788
6.107095
6.118603
6.129447
6.140881
6.151597
6.16238
6.174374
6.184853
6.196471
6.207475
6.21834
6.229493
6.240664
6.251465
6.262673
6.273461
6.284293
6.295954
6.307237
6.318976
6.330469
6.341417
6.352085
6.373252
6.384843
6.396469
6.407143
6.418524
6.429945
6.441063
6.451542
6.4628
6.473266
6.484427
6.495237
6.50633
6.517683
6.528774
6.539646
6.551134
6.563863
6.575899
6.587169
6.59869
6.609928
6.620615
6.632073
6.643384
6.654128
6.66573
6.676972
6.687786
6.698926
6.710199
6.7208
6.732558
6.747309
6.762664
6.774048
6.785232
6.796634
6.807844
6.818993
6.830475
6.841825
6.853071
6.865067
6.876639
6.887465
6.898944
6.910227
6.9212
6.93286
6.944431
6.955753
6.96676
6.978278
6.989962
7.001066
7.012249
7.023627
7.034403
7.045374
7.056377
7.067197
7.079125
7.090083
7.10129
7.112708
7.124265
7.13524
7.146287
7.157769
7.169411
7.180983
7.192719
7.204986
7.21615
7.227792
7.239009
7.249799
7.261025
7.272004
7.283315
7.294357
7.305651
7.316854
7.327887
7.342899
7.353871
7.377652
7.389266
7.40563
7.421557
7.442266
7.458876
7.472803
7.485105
7.497638
7.512983
7.530183
7.546009
7.558396
7.573325
7.585792
7.601613
7.617551
7.630681
7.647059
7.663692
7.67454
7.68551
7.697413
7.715251
7.73073
7.744438
7.75797
7.769044
7.781473
7.793698
7.806215
7.818437
7.832685
7.845012
7.857244
7.874451
7.893373
7.912773
7.927504
7.941865
7.953702
7.966885
7.979874
7.99127
8.003137
8.014575
8.027564
8.040491
8.053413
8.08012
8.106586
8.120862
8.135127
8.147357
8.163
8.183607
8.195521
8.207564
8.219561
8.231465
8.243165
8.257226
8.272253
8.283639
8.295777
8.308941
8.320358
8.334363
8.348004
8.363009
8.378716
8.39877
8.410827
8.422693
8.434698
8.447783
8.459516
8.47212
8.484676
8.496205
8.508174
8.519099
8.530526
8.542264
8.556729
8.569211
8.583979
8.594941
8.60784
8.62094
8.634405
8.647655
8.659637
8.671156
8.68294
8.699444
8.716505
8.727886
8.744326
8.761555
8.772937
8.785357
8.797488
8.809131
8.820731
8.832748
8.84576
8.859105
8.871077
8.88806
8.900181
8.91328
8.925337
8.938538
8.952544
8.964015
8.976465
8.988265
8.999643
9.01257
9.024457
9.03615
9.048018
9.060663
9.071228
9.082579
9.095273
9.10865
9.120594
9.131871
9.143744
9.159137
9.171174
9.183747
9.201425
9.219203
9.230632
9.241972
9.253608
9.26797
9.283064
9.295544
9.305417
9.3167
9.32959
9.342971
9.355194
9.366988
9.379403
9.394911
9.405749
9.417029
9.428565
9.439891
9.45084
9.46244
9.473373
9.483706
9.49469
9.50624
9.517292
9.528938
9.540113
9.551497
9.567282
9.581124
9.592875
9.604023
9.614389
9.625704
9.63605
9.646455
9.657146
9.667308
9.678506
9.688628
9.699088
9.713692
9.725381
9.736971
9.748044
9.759373
9.770224
9.781738
9.793167
9.804291
9.815743
9.826855
9.838608
9.849803
9.861158
9.873713
9.884537
9.89719
9.908554
9.91949
9.931166
9.942236
9.9529
9.964068
9.975236
9.986309
9.997299
10.00887
10.02012
10.03177
10.04292
10.05403
10.06514
10.07694
10.08775
10.09906
10.11021
10.12114
10.13185
10.14271
10.15392
10.16513
10.17625
10.18768
10.19886
10.20973
10.22678
10.23779
10.24895
10.26007
10.27118
10.28205
10.29349
10.3046
10.31585
10.32708
10.3383
10.34975
10.36057
10.37199
10.3829
10.39392
10.40574
10.41694
10.42858
10.44008
10.451
10.46192
10.47288
10.48379
10.4951
10.50663
10.5175
10.52835
10.53968
10.55104
10.56227
10.57507
10.58601
10.59818
10.60981
10.62085
10.63241
10.64407
10.65731
10.66775
10.67884
10.69065
10.70146
10.71246
10.72361
10.73473
10.74601
10.75784
10.7693
10.78074
10.79164
10.80178
10.81307
10.82431
10.83516
10.84653
10.85762
10.86884
10.87997
10.89129
10.90216
10.91367
10.92873
10.93916
10.94961
10.96024
10.97049
10.98101
10.99175
11.00295
11.01402
11.0254
11.0362
11.04755
11.05881
11.07044
11.08171
11.09302
11.11286
11.14829
11.16062
11.17203
11.18381
11.19561
11.20674
11.21796
11.23285
11.24497
11.257
11.26777
11.27876
11.28998
11.30079
11.31142
11.32189
11.33194
11.34245
11.35237
11.36253
11.37259
11.38283
11.39375
11.40493
11.41682
11.42735
11.43873
11.44955
11.461
11.47197
11.48309
11.4942
11.50543
11.5166
11.52784
11.53901
11.55013
11.56142
11.57319
11.5839
11.59497
11.60618
11.61741
11.62829
11.64005
11.65055
11.66176
11.67318
11.68432
11.69864
TARGET DESTROYED 
11.71309
11.72913
11.74028
11.75158
11.76241
11.77411
11.78584
11.79729
11.80828
11.81827
11.82941
11.84104
11.85183
11.86285
11.87469
11.88559
11.89648
11.90788
11.91871
11.93014
11.94125
11.95241
11.96344
11.97467
11.98586
11.99684
12.00836
12.01927
12.03036
12.04208
12.05275
12.06387
12.0757
12.08649
12.09754
12.10886
12.11982
12.13078
12.14225
12.15325
12.16481
12.17571
12.18701
12.19787
12.20927
12.22062
12.23163
12.24383
12.25489
12.26641
12.27806
12.28987
12.30099
12.31577
12.32686
12.33665
12.34671
12.35825
12.36914
12.38054
12.3917
12.40281
12.41379
12.42525
12.43633
12.4475
12.45871
12.46977
12.48079
12.49223
12.50325
12.51448
12.52567
12.53687
12.54808
12.55977
12.57078
12.58172
12.59296
12.60387
12.61543
12.62716
12.63751
12.64841
12.66002
12.67081
12.68218
12.69383
12.70466
12.71624
12.72736
12.7385
12.74983
12.7612
12.77252
12.7838
12.79483
12.80625
TARGET DESTROYED 
12.81725
12.83391
12.84545
12.85552
12.86639
12.87866
12.8909
12.90169
12.91297
12.92454
12.93532
12.94654
12.96111
12.97141
12.98131
12.99168
13.0022
13.01374
13.02504
13.0358
13.04676
13.05873
13.06987
13.08085
13.09159
13.10266
13.11383
13.12527
13.13616
13.14758
13.15875
13.16993
13.18108
13.19217
13.20314
13.21453
13.22579
13.23692
13.24821
13.2592
13.27019
13.28156
13.29266
13.30378
13.31483
13.32622
13.33752
13.34858
13.35976
13.37136
13.38286
13.39431
13.40602
13.41735
13.42892
13.44091
13.45191
13.46359
13.47523
13.48665
13.4982
13.50931
13.5208
13.53227
13.54326
13.55443
13.56569
13.5775
13.58824
13.60299
13.61387
13.62476
13.63389
13.64346
13.65364
13.66304
13.67428
13.68535
13.69638
13.70797
13.71879
13.7321
13.74262
13.75241
13.76354
13.77485
13.78599
13.79711
13.80856
13.81931
13.83082
13.84171
13.85277
13.8641
13.87517
13.8879
13.90055
13.91269
13.92509
13.93696
13.9498
13.96232
13.97459
13.98606
13.99762
14.00996
14.02228
14.0354
14.04772
14.06001
14.07283
14.08517
14.09682
14.10904
14.12151
14.13324
14.14583
14.15728
14.16877
14.18077
14.19242
14.20383
14.21535
14.22712
14.23847
14.25119
14.26259
14.27948
14.29169
TARGET DESTROYED 
14.30303
14.32052
14.33297
14.34426
14.35584
14.3668
14.37821
14.38996
14.40166
14.41366
14.42552
14.43632
14.44839
14.4616
14.4743
14.48696
14.49913
14.51167
14.52351
14.53394
14.54494
14.55558
14.56576
14.57829
14.58951
14.59983
14.61063
14.62234
14.63347
14.64446
14.65534
14.66644
14.67778
14.68912
14.70008
14.71104
14.72267
14.73349
14.74567
14.75844
14.77035
14.78178
14.7929
14.8037
14.81669
14.82671
14.83699
14.84773
14.85774
14.88107
14.89256
14.90247
14.91261
14.92733
14.93774
14.94852
14.95873
14.96883
14.97916
14.99076
15.0015
15.0128
15.02399
15.03497
15.04675
15.05798
15.06895
15.08059
15.09118
15.10207
15.11389
15.1264
15.13934
15.152
15.1643
15.17663
15.18926
15.20218
15.21448
15.22674
15.25262
15.2658
15.2788
15.29209
15.30434
15.31625
15.32937
15.34195
15.35448
15.36752
15.37974
15.39067
15.40133
15.41213
15.42306
15.43402
15.445
15.45665
15.46839
15.48005
15.49123
15.50254
15.51367
15.52523
15.53665
15.54916
15.56087
15.57213
15.58411
15.6004
15.61177
15.62249
15.63475
15.64566
15.65668
15.66739
15.67834
15.68875
15.69986
15.71455
15.72651
15.73907
15.7504
15.76156
15.77255
15.78366
15.79463
15.80598
15.81692
15.82847
15.83938
15.85051
15.86204
15.87284
15.88409
15.89518
15.9067
15.91759
15.92885
15.94023
15.95111
15.9622
15.97369
15.9858
15.99977
16.01325
16.0253
16.03756
16.0498
16.06145
16.07413
16.08505
16.09663
16.10766
16.11882
16.13004
16.1424
16.15372
16.1652
16.17716
16.18829
16.19993
16.21165
16.22323
16.23553
16.24745
16.26312
16.27527
16.28653
16.29787
16.30944
16.3202
16.33252
16.34424
16.35561
16.36757
16.38001
16.39223
16.4037
16.41486
16.42601
16.43711
16.44873
16.45998
16.47044
16.48182
16.49275
16.50369
16.51647
16.52821
16.54263
16.55456
16.56671
16.57897
16.5908
16.60191
16.61334
16.62442
16.63497
16.6476
16.66048
16.67256
16.68453
16.69671
16.70899
16.72155
16.73338
16.74594
16.75872
16.77072
16.78371
TARGET DESTROYED 
16.79567
16.81397
16.82676
16.83918
16.85175
16.86384
16.87664
16.88986
16.90048
16.91215
16.92372
16.93985
16.95075
16.96243
16.97595
16.98838
17.00056
17.01364
17.0259
17.03801
17.05052
17.06398
17.07663
17.08932
17.10161
17.11402
17.12604
17.13824
17.15125
17.16416
17.17735
17.18984
17.20215
17.21689
17.23162
17.24656
17.26162
17.27723
17.29257
17.3073
17.32282
17.338
17.35325
17.36887
17.38416
17.39949
17.41439
17.42965
17.44501
17.46027
17.47552
17.49081
17.50657
17.52275
17.53859
17.55462
17.56972
17.58521
17.59838
17.61188
17.62337
17.63405
17.64568
17.65734
17.66842
17.68004
17.69559
17.71196
17.72419
17.73586
17.74774
17.75978
17.77171
17.78309
17.79499
17.80602
17.81732
17.8295
17.84148
17.85326
17.87799
17.89025
17.90174
17.91261
17.92327
17.93398
17.94428
17.9551
17.96537
17.97634
17.9867
17.99873
18.01066
18.0224
18.03403
18.046
18.05746
18.07054
18.0827
18.09519
18.10706
18.11898
18.1309
18.14281
18.15507
18.16719
18.17948
18.19193
18.20335
18.21491
18.22675
18.23799
18.24994
18.26209
18.27463
18.28594
18.29687
18.30818
18.32037
18.33711
18.3492
18.36124
18.37325
18.38505
18.39714
18.40853
18.41969
18.43114
18.4423
18.45359
18.46567
18.47722
TARGET DESTROYED 
18.48867
18.50518
18.52208
18.53399
18.54523
18.55666
18.56865
18.58073
18.59248
18.6039
18.61518
18.62723
18.6399
18.65239
18.66486
18.67657
18.6877
18.69913
18.71089
18.72187
18.73318
18.74442
18.75626
18.76769
18.77932
18.79118
18.80317
18.81439
18.82556
18.84069
18.85492
18.86991
18.88196
18.89387
18.90631
18.91779
18.93017
18.94254
18.95509
18.96689
18.97876
18.9909
19.0076
19.02062
19.03302
19.04522
19.05756
19.07034
19.08223
19.0942
19.10638
19.11838
19.1308
19.14323
19.15617
19.168
19.17959
19.19206
19.20405
19.21456
19.22558
19.23657
19.24686
19.25752
19.26873
19.27958
19.29129
19.30203
19.31315
19.32475
19.33544
19.34706
19.35847
19.36905
19.38019
19.39181
19.40297
19.41373
19.42493
19.43598
19.44724
19.4586
19.46953
19.48077
19.49188
19.50303
19.51957
19.53044
19.54195
19.55236
19.56317
19.57462
19.58587
19.59627
19.60694
19.61742
19.62775
19.63801
19.64889
19.6606
19.67293
19.6831
19.69468
19.707
19.72143
19.73196
19.7425
19.75213
19.7626
19.77271
19.78392
19.79499
19.80624
19.82011
19.8323
19.84413
19.85454
19.86528
19.87671
19.88707
19.89813
19.90993
19.92029
19.93141
19.94264
19.95305
19.96324
19.97477
19.9857
19.99694
20.0088
20.01937
20.03046
20.04177
20.05272
20.064
20.07613
20.08638
20.09745
20.10878
20.11985
20.1308
20.14216
20.15314
20.16483
20.17596
20.18668
20.19791
20.20945
20.22073
20.23221
20.24323
20.25454
20.26577
20.27727
20.28883
20.30063
20.31683
20.32911
20.34088
20.35325
20.36522
20.37789
20.38953
20.40199
20.41409
20.42608
20.43826
20.45046
20.46235
20.47409
20.48609
20.49754
20.50966
20.52137
20.53324
20.54566
20.55733
20.56921
20.58191
20.5939
20.60584
20.61828
20.63037
20.6428
20.65425
20.66593
20.67989
20.69251
20.70522
20.71817
20.7308
20.74365
20.75602
20.76896
20.78207
20.79473
20.80747
20.82037
20.83324
20.84582
20.85819
20.87099
20.88353
20.89636
20.90961
20.9227
20.93518
20.9476
20.96047
20.97313
20.9861
20.99884
21.0161
21.02861
21.04188
21.0545
21.06714
21.08078
21.09402
21.10757
21.12111
21.13416
21.1474
21.16001
21.17436
21.18726
21.20021
21.21325
21.22571
21.23829
21.25154
21.26434
21.27722
21.29007
21.30308
21.31656
21.33025
21.34481
21.35926
21.37333
21.38629
21.39936
21.41328
21.42673
21.44061
21.45396
21.46556
21.47755
21.49008
21.50286
21.51513
21.52678
21.53905
21.55114
21.5635
21.5761
21.58886
21.60059
21.61479
21.62605
21.63636
21.64782
21.65912
21.67007
21.68179
21.69375
21.71445
21.7277
21.74033
21.75302
21.76508
21.77807
21.79078
21.80309
21.81557
21.82817
21.84099
21.85314
21.86623
21.87899
21.89225
21.90485
21.91733
21.93007
21.94206
21.95457
21.96652
21.97849
21.99124
22.00286
22.01506
22.02793
22.0402
22.05188
22.06344
22.07651
22.08817
22.09999
22.11246
22.12432
22.13579
22.14835
22.16112
22.17285
22.18443
22.19639
22.2084
22.22085
22.23208
22.24397
22.25536
22.26664
22.27811
22.28996
22.30105
22.3131
22.32443
22.33547
22.34706
22.35943
22.37072
22.38239
22.39843
22.4105
22.42205
22.43345
22.44504
22.45695
22.46804
22.47997
22.49189
22.50283
22.51445
22.52662
22.53898
22.55082
22.56305
22.5753
22.58718
22.59892
22.61114
22.62284
22.63474
22.64668
22.65914
22.67168
22.68386
22.6972
22.71014
22.72212
TARGET DESTROYED 
22.73432
22.75234
22.76463
22.77662
22.78834
22.80048
22.81446
22.82819
22.83998
22.85195
22.86374
22.8757
22.88792
22.90034
22.91375
22.92755
22.9407
22.95321
22.96535
22.97727
22.98992
23.00274
23.01486
23.02774
23.04009
23.05252
23.06455
23.08248
23.09517
23.10788
23.12055
23.13357
23.14586
23.15809
23.17073
23.18338
23.19591
23.20798
23.22071
23.23293
23.24493
23.25686
23.26949
23.28179
23.29445
23.30688
23.31825
23.33044
23.34261
23.35444
23.36591
23.3777
23.38922
23.40166
23.41306
23.42563
23.43788
23.44951
23.46137
23.47288
23.48488
23.49697
23.50895
23.52114
23.53382
23.54671
23.56342
23.57601
23.58898
23.60143
23.61407
23.62609
23.63732
23.64878
23.66103
23.67309
23.68514
23.69775
23.7101
23.72779
23.7404
23.75727
23.77061
23.78307
23.79492
23.8056
23.81678
23.82889
23.84037
23.85403
23.8667
23.87832
23.88931
23.90073
23.91219
23.92388
23.9352
23.94917
