0.02
0.04
0.14
0.1734061
0.1848292
0.1974774
0.2063399
0.217338
0.2285413
0.2399801
0.2508175
0.2619612
0.2731786
0.284339
0.2961689
0.3067521
0.3177441
0.3322883
0.3416259
0.3513744
0.3628992
0.3736072
0.3848876
0.3964868
0.4071949
0.418258
0.4297231
0.4405881
0.4521052
0.4635812
0.4741895
0.4854336
0.496713
0.5076187
0.5189677
0.530052
0.5414363
0.5522647
0.5634992
0.5745774
0.5858664
0.5972334
0.6085506
0.6193456
0.6306257
0.6416064
0.6528441
0.6640047
0.6753457
0.6864278
0.6977775
0.7085972
0.7197861
0.7313266
0.7422573
0.7533147
0.7648536
0.7758963
0.7876225
0.7980053
0.8091573
0.8205236
0.831659
0.8428103
0.8538931
0.865466
0.8763065
0.892637
0.9037893
0.9149686
0.9259532
0.9371954
0.948357
0.9594715
0.9705446
0.9819196
0.9929392
1.004526
1.015681
1.026583
1.0378
1.048996
1.060394
1.071374
1.082202
1.093468
1.104691
1.115913
1.130101
1.139574
1.149181
1.159539
TARGET DESTROYED 
1.170572
1.188669
1.199288
1.208827
1.218328
1.227825
1.245703
1.256519
1.267166
1.278959
1.289545
1.300724
1.312137
1.323019
1.334149
1.345609
1.356489
1.367721
1.379971
1.390017
1.401603
1.412764
1.423509
1.434838
1.44659
1.457076
1.46838
1.479718
1.490684
1.501799
1.513895
1.524244
1.535477
1.546496
1.557569
1.568857
1.580504
1.591263
1.602267
1.614219
1.625799
1.635702
1.647256
1.658073
1.669332
1.680661
1.691865
1.702649
1.714333
1.725198
1.736428
1.74789
1.759453
1.770887
1.782455
1.794084
1.805682
1.817189
1.829006
1.840111
1.852086
1.863758
1.879767
1.889425
1.899133
1.908463
1.918019
1.928805
1.939925
1.950903
1.962097
1.97324
1.984563
1.995923
2.007091
2.017908
2.02947
2.040301
2.051435
TARGET DESTROYED 
2.06303
2.076337
2.087417
2.096817
2.107228
2.118553
2.130126
2.140976
2.152147
2.163736
2.180146
2.191648
2.201478
2.210733
2.23169
2.241142
2.250716
2.261297
2.272705
2.283652
2.294751
2.306155
2.317313
2.328487
2.339471
2.35094
2.362091
2.373056
2.384238
2.396339
2.406498
2.417695
2.428835
2.439931
2.451118
2.462575
2.474127
2.485168
2.496219
2.507171
2.518236
2.529663
2.540597
2.551789
2.56312
2.574481
2.585277
2.596814
2.607656
2.619018
2.63566
2.646867
2.657128
2.667863
2.678421
2.688974
2.699668
2.710032
2.720639
2.730776
2.74162
2.752996
2.764236
2.775771
2.788128
2.799241
2.809875
2.82108
2.832468
2.843669
2.854978
2.866568
2.876915
2.888195
2.899388
2.910472
2.921656
2.93288
2.944273
2.955162
2.966568
2.977508
2.988626
2.999774
3.011313
3.022532
3.033907
3.045605
3.057329
3.06809
3.079593
3.090809
3.102446
3.113741
3.12495
3.136517
3.147854
3.158807
3.170749
3.181697
3.192998
TARGET DESTROYED 
3.204477
3.219271
3.229478
3.239613
3.25026
3.260747
3.277144
3.288477
3.300277
3.311458
3.322434
3.333472
3.344787
3.356132
3.367119
3.378295
3.389468
3.404926
3.416131
3.42605
3.436653
3.447233
3.457063
3.467682
3.478985
3.490426
3.50117
3.512715
3.523476
3.534608
3.546193
3.557038
3.56957
3.579378
3.590573
3.60173
3.612957
3.623945
3.635287
3.646687
3.65748
3.66876
3.680271
3.691419
3.702786
3.714481
3.72609
3.737012
3.748594
3.760037
3.771445
3.782803
3.794521
3.805761
3.81726
3.82865
3.839985
3.851337
3.863049
3.873975
3.885551
3.896892
3.908027
3.919353
3.930883
3.941726
3.952848
3.964408
3.975254
3.9864
3.997846
4.009216
4.019958
4.031359
4.042944
4.053715
4.064899
4.07617
4.087405
4.098339
4.109278
4.120289
4.132008
4.142973
4.153894
4.165209
4.17683
4.191724
4.202315
4.212533
4.22262
4.23368
4.243824
TARGET DESTROYED 
4.253987
4.268858
4.279782
4.290002
4.300262
4.310614
4.322068
4.332771
4.342768
4.353662
4.369474
4.380783
4.390394
4.400033
4.409506
4.419044
4.429334
4.439424
4.450634
4.462142
4.472984
4.484056
4.495817
4.506821
4.517619
4.529233
4.539914
4.551066
4.562633
4.573553
4.584546
4.596518
4.607063
4.618402
4.629776
4.640462
4.651667
4.663354
4.674021
4.685342
4.696536
4.70744
4.718706
4.729958
4.741159
4.752175
4.7639
4.775049
4.786478
4.79804
4.809216
4.821249
4.832173
4.843539
4.854905
4.866942
4.87777
4.889189
4.90081
4.912289
4.923912
4.934672
4.946561
4.96133
4.971691
4.981695
4.990955
5.001141
5.012662
5.023346
5.034729
5.046545
5.057041
5.068168
5.079673
5.09062
5.101686
5.113054
5.12416
5.135094
5.146936
5.157388
5.16877
5.180017
5.191284
5.202164
5.213541
5.224392
5.235671
5.247096
5.257984
5.269258
5.280854
5.291443
5.302626
5.314108
5.325435
5.336433
5.348026
5.359054
5.370522
5.381891
5.393172
5.405704
5.415732
5.427203
5.438634
5.449565
5.460835
5.471928
5.483258
5.494273
5.506329
5.517169
5.527787
5.538905
5.550604
5.561449
5.572726
5.58368
5.595552
5.606211
5.617539
5.628351
5.639806
5.650667
TARGET DESTROYED 
5.662212
5.676748
5.687408
5.698096
5.708091
5.718348
5.72829
5.743452
5.754078
5.770718
5.781475
5.791413
5.802072
5.813617
5.824582
5.836053
5.846985
5.857925
5.869317
5.880666
5.891545
5.90262
5.914434
5.924971
5.936406
5.947628
5.959195
5.969592
5.981119
5.992032
6.00341
6.014804
6.025537
6.036714
6.048415
6.059453
6.070732
6.081351
6.092867
6.103605
6.115353
6.12609
6.13714
6.148539
6.159804
6.170635
6.182019
6.193436
6.204529
6.21558
6.226896
6.237702
6.249017
6.260006
6.271471
6.282806
6.294482
6.305916
6.317456
6.329381
6.340818
6.352445
6.364489
6.375594
6.387062
6.398666
6.409796
6.421093
6.43263
6.443739
6.455088
6.466568
6.477321
6.489041
6.499702
6.510924
6.522808
6.538655
6.549948
6.56047
6.571521
6.582434
6.593556
6.604737
6.615993
6.627014
6.637803
6.649219
6.660161
TARGET DESTROYED 
6.671222
6.687628
6.69939
6.716567
6.72798
6.740534
6.751656
6.763026
6.773954
6.785244
6.796626
6.807461
6.818816
6.830205
6.840989
6.852411
6.863706
6.874854
6.885571
6.897178
6.907966
6.919269
6.930749
6.941434
6.952509
6.963961
6.975201
6.986256
6.997468
7.008872
7.019618
7.031066
7.042643
7.053795
7.064603
7.075751
7.086638
7.098403
7.108943
7.120481
7.131877
7.142497
7.153836
7.165563
7.17594
7.187208
7.199417
7.210446
7.220935
7.232324
7.243531
7.255246
7.266757
7.278598
7.290045
7.301686
7.313954
7.325323
7.336618
7.347808
7.364283
7.375757
7.386674
7.397608
7.408174
7.419225
7.430379
7.440966
7.451724
7.4625
7.473396
7.485153
7.496209
7.507495
7.518433
7.530158
7.541601
7.553382
7.564991
7.576631
7.588006
7.599481
7.612117
7.623178
7.634849
7.646739
7.658275
7.669406
7.680192
7.691654
7.70244
7.713321
7.724167
7.735598
7.746511
7.757312
7.76825
7.779417
7.790328
7.802168
7.812941
7.824197
7.835317
7.846869
7.857779
7.869512
7.880111
7.891059
7.902529
7.914688
7.925299
7.936086
7.947239
7.958144
7.969562
7.980812
7.991383
8.00281
8.014271
8.025699
8.036485
8.048594
8.05895
8.070093
8.081443
8.092822
8.104434
8.116392
8.127366
8.138811
8.150276
8.161925
8.173451
8.184813
8.202914
8.214516
TARGET DESTROYED 
8.229965
8.255977
8.268243
8.287674
8.300216
8.311378
8.322056
8.333555
8.344969
8.356528
8.367852
8.378617
8.389318
8.400983
8.411961
8.423013
8.433796
8.444359
8.455522
8.467431
8.477829
8.488725
8.499635
8.511202
8.522459
8.536034
8.54845
8.559342
8.571225
8.583992
8.594753
8.606147
8.617374
8.628209
8.639451
8.651196
8.661649
8.672923
8.683994
8.695306
8.706308
8.71739
8.728909
8.740407
8.751474
8.762771
8.773375
8.784498
8.796114
8.806783
8.818076
8.829463
8.840309
8.851593
8.863068
8.874074
8.885288
8.897012
8.907653
8.91859
8.931196
8.94212
8.952644
8.963822
8.974554
8.98564
8.997133
9.007946
9.023413
9.034637
9.046603
9.059337
9.070615
9.081877
9.092313
9.103876
9.116326
9.127072
9.138829
9.15044
9.162303
9.173943
9.185365
9.198289
9.209725
9.220795
9.231574
9.242393
9.25361
9.26513
9.276234
9.287069
9.298497
9.309411
9.320762
9.332047
9.34292
9.354142
9.365974
9.376508
9.38772
9.399271
9.409945
9.421253
9.432693
9.44347
9.454673
9.466046
9.477044
9.488215
9.499945
9.510789
9.522062
9.532866
9.546639
9.55738
9.568646
9.579516
9.590291
9.601581
9.61235
9.623398
9.634629
9.646036
9.65737
9.668553
9.679895
9.690674
9.702091
9.713805
9.725261
9.743215
9.755211
9.766373
9.779332
9.790014
9.803791
