0.02
0.04
0.14
0.1683852
0.1801381
0.1901911
0.2088678
0.2188075
0.2291566
0.2405829
0.2513715
0.2622598
0.2738616
0.2847936
0.2980078
0.3080976
0.3182388
0.3294316
0.3439671
0.3540255
0.3638366
0.3742068
0.3851106
0.3962408
0.407737
0.4186504
0.4298028
0.4412637
0.4523686
0.4634937
0.4748822
0.485546
0.4970502
0.5081862
0.519106
0.5302814
0.5415756
0.5527831
0.5637542
0.5751302
0.5860586
0.5975699
0.6086934
0.6196744
0.6307501
0.6421748
0.6531857
0.6645613
0.6755305
0.6866925
0.6979545
0.709027
0.7201572
0.7313384
0.7426271
0.7537346
0.7650688
0.7761333
0.7872417
0.7989157
0.8094803
0.8205839
0.8317978
0.8434122
0.8542559
0.8654618
0.8765841
0.8930611
0.904045
0.9153526
0.9262862
0.9375355
0.9487084
0.9599137
0.9709361
0.9821507
0.9932684
1.004454
1.015614
1.027112
1.038222
1.049097
1.0603
1.071709
1.082729
TARGET DESTROYED 
1.094302
1.111671
1.126823
1.136718
1.146536
1.15656
1.16692
1.178229
1.189522
1.200934
1.211717
1.223718
1.242156
1.252737
1.262686
1.272281
1.281613
1.291198
1.301048
1.312357
1.323773
1.334555
1.345714
1.35709
1.368024
1.379464
1.39055
1.401792
1.412723
1.424294
1.434994
1.446223
1.457596
1.468733
1.47979
1.491267
1.502045
1.513295
1.524654
1.535695
1.54669
1.558243
1.569215
1.580484
1.591763
1.602549
1.613841
1.624998
1.636163
1.647459
1.659002
1.670312
1.682183
1.693554
1.704731
1.716247
1.727476
1.739108
1.750455
1.761971
1.773583
1.78475
1.795843
1.807801
1.818776
1.830719
1.841846
1.853432
1.864391
1.875774
1.890181
1.899731
1.909564
TARGET DESTROYED 
1.918639
1.932
1.942945
1.952618
1.963529
1.974856
1.986339
1.997661
2.008815
2.026258
2.037258
2.049954
2.060576
2.071793
2.082887
2.094408
2.105424
2.116407
2.127578
2.138952
2.14994
2.161408
2.172727
2.183543
2.194652
2.206369
2.216985
2.22817
2.239653
2.250427
2.261479
2.273071
2.284091
2.295115
2.306483
2.317589
2.328747
2.340174
2.35091
2.362247
2.373739
2.384498
2.395661
2.407446
2.418348
2.429985
2.441573
2.452911
2.464059
2.475789
2.486911
2.498432
2.509739
2.52116
2.532662
2.54413
2.555821
2.566868
2.578178
2.589976
2.600693
2.612687
2.624058
2.635299
2.649878
2.660276
2.670006
2.679962
2.689446
2.700482
2.7118
2.723317
2.734039
2.745185
2.756841
2.767615
2.778695
2.790615
2.801486
2.812356
2.823801
2.8347
2.845926
2.857184
2.868216
2.879267
2.890725
2.901692
2.912864
2.924123
2.935173
2.946722
2.957695
2.968549
2.979734
TARGET DESTROYED 
2.991277
3.006393
3.016761
3.027845
3.037558
3.047526
3.058317
3.068809
3.080189
3.091314
3.102691
3.119869
3.131984
3.142807
3.152884
3.163414
3.173576
3.183891
3.194678
3.205706
3.21668
3.228353
3.239714
3.250314
3.261079
3.27117
3.282446
3.292913
3.303076
3.314175
3.324509
3.334562
3.345276
3.3566
3.367885
3.378559
3.390288
3.400907
3.416503
3.427771
3.437972
3.448602
3.459117
3.46941
3.480065
3.490933
3.501452
3.512585
3.524185
3.534961
3.546061
3.557313
3.568618
3.579529
3.59157
3.602723
3.61414
3.625515
3.637063
3.648366
3.660372
3.671248
3.682772
3.693678
3.704808
3.716004
3.727517
3.742159
3.752285
3.762889
3.77306
3.783238
3.794458
3.805894
3.816999
3.828452
3.839876
3.850935
3.862333
3.873617
3.884732
3.895692
3.90715
3.917985
3.929345
3.940529
3.951596
3.96272
3.974067
3.985116
3.996145
4.007631
4.01865
4.02961
4.041275
4.052115
4.063334
4.07466
4.085525
4.097036
4.108125
4.119355
4.130686
4.142022
4.153513
4.164629
4.175928
4.191821
4.202002
4.213603
4.224764
4.235215
4.245779
4.255896
4.266181
4.277452
4.287495
4.297901
4.308317
4.318186
4.328606
4.339869
4.350907
4.361855
4.373456
4.384079
4.39541
4.40683
4.417698
4.428838
TARGET DESTROYED 
4.440176
4.454915
4.465693
4.476374
4.486523
4.496646
4.507694
4.524031
4.535954
4.546121
4.556144
4.56694
4.577542
4.587664
4.598165
4.608486
4.618665
4.629565
4.641266
4.651906
4.66373
4.674405
4.685396
4.696603
4.708124
4.718871
4.730067
4.741476
4.752515
4.763628
4.774976
4.785834
4.79716
4.808463
4.819674
4.830819
4.842155
4.85301
4.864119
4.875391
4.88649
4.8978
4.909168
4.920629
4.931987
4.943418
4.958725
4.968712
4.97913
4.989277
5.000601
5.012054
5.023684
5.03475
5.046232
5.057351
5.068497
5.079642
5.090945
5.102087
5.113364
5.124644
5.135735
5.146681
5.158274
5.168979
5.180204
5.191486
5.202536
5.21371
5.225113
5.236034
5.247123
5.259161
5.269586
5.280698
5.292262
5.303123
5.314309
5.325688
5.336897
5.348214
5.359487
5.370789
5.382161
5.397608
5.408428
5.418701
5.429221
5.440099
5.450786
5.461349
5.471426
5.482323
5.49277
5.504013
5.514627
5.525621
5.53688
5.548031
5.559257
5.57024
5.581511
5.592789
5.604043
5.615162
5.626168
5.637323
5.648478
5.659861
5.671057
5.682087
5.693259
5.704414
5.715535
5.727075
5.742858
5.75339
5.768965
5.779514
5.791453
5.802452
5.813653
5.824768
5.835966
5.847167
5.858633
5.869375
5.880739
TARGET DESTROYED 
5.891784
5.907437
5.917879
5.928885
5.945776
5.957836
5.970043
5.981152
5.992438
6.003583
6.014928
6.026049
6.036976
6.048244
6.059364
6.070422
6.081942
6.092999
6.104072
6.115414
6.126413
6.137455
6.148666
6.15997
6.171059
6.18225
6.193355
6.204498
6.215639
6.226922
6.238278
6.249199
6.260577
6.271504
6.283822
6.294632
6.305045
6.316407
6.32766
6.338605
6.349703
6.361
6.372299
6.383376
6.394736
6.405875
6.416683
6.42801
6.4398
6.451156
6.46276
6.474447
6.485604
6.497118
6.508674
6.520346
6.53169
6.543279
6.558767
6.569411
6.580738
6.591687
6.601999
6.612753
6.623744
6.634382
6.645022
6.655437
6.666643
6.678535
6.68893
6.699839
6.710617
6.72101
6.731923
6.743191
6.754226
6.765564
6.776712
6.787762
6.798892
6.810335
6.822152
6.833142
6.843681
6.854763
6.866126
6.877795
6.888737
6.899477
6.910816
6.921978
6.933086
6.944642
6.955862
6.96738
6.978281
6.989998
7.000904
7.012361
7.024195
7.035202
7.046322
7.05792
7.069264
7.081009
7.093832
7.105752
7.118734
7.129518
7.140426
7.150918
7.161797
7.172277
7.183598
7.194434
7.206344
7.217294
7.228521
7.23936
7.25027
7.26131
7.27196
7.283361
7.294087
7.304523
7.315695
7.326918
7.337677
7.35343
7.365329
7.377833
7.388771
7.399782
7.410796
7.422222
7.433308
7.444443
7.455802
7.466804
7.478063
7.489992
7.500372
TARGET DESTROYED 
7.511653
7.52756
7.538162
7.548797
7.559558
7.57
7.581614
7.592504
7.60292
7.613643
7.624672
7.635036
7.646138
7.663183
7.676592
7.687117
7.698944
7.710006
7.72036
7.731472
7.742605
7.753119
7.763896
7.775079
7.78612
7.796829
7.807633
7.821426
7.83597
7.84974
7.863901
7.878651
7.892888
7.903748
7.914815
7.926198
7.936874
7.948229
7.9592
7.969761
7.980836
7.992297
8.003154
8.014014
8.0254
8.036404
8.047576
8.059114
8.070048
8.081592
8.093133
8.104972
8.11624
8.127556
8.138501
8.149706
8.161097
8.172147
8.183517
8.199944
8.211911
8.22329
8.235114
8.246894
8.258539
8.269296
8.280437
8.291955
8.303246
8.315076
8.326965
8.337948
8.349531
8.360584
8.371761
8.382917
8.394223
8.405425
8.416535
8.42777
8.4387
8.44976
8.461572
8.473293
8.48396
8.495342
8.506468
8.517755
8.528625
8.539625
8.550702
8.561844
8.573237
8.584094
8.595253
8.606366
8.617462
8.628629
8.639773
8.650633
8.661998
8.673423
8.685454
8.696796
8.70755
8.718508
8.729667
8.740781
8.751378
8.762469
8.773877
8.785039
8.79626
8.807869
8.81933
8.830744
8.842461
8.853822
8.865602
8.876962
8.888484
8.899981
8.911636
8.922991
8.934095
8.946037
8.957522
8.968656
8.9795
8.991148
9.002123
9.013225
9.024782
9.035936
9.052019
9.063419
9.074731
9.085581
9.097857
9.109178
9.120209
9.131539
9.143059
9.154457
9.165724
9.177036
9.188044
9.199292
9.210836
9.221677
9.233251
9.244638
9.255855
9.266886
9.278677
9.289775
9.299697
9.310293
9.320983
9.332147
9.343373
9.35457
9.366339
9.376969
9.387958
9.402138
9.412658
9.422803
9.433143
9.443933
9.45523
9.466412
9.47732
9.488453
9.499762
9.510906
9.522585
9.533467
9.544949
9.556395
9.567995
9.579314
9.591114
9.602221
9.613967
9.625257
9.636691
9.648067
9.659737
9.671063
9.682935
9.693526
9.7047
9.715834
9.726946
9.738104
9.749445
9.76053
9.772074
9.782956
9.794834
9.805683
9.816943
9.828687
9.840196
9.850839
9.862194
9.873634
9.88426
9.895453
9.910739
9.921149
9.931665
9.942851
9.95309
9.963093
9.973894
9.983811
9.994116
10.00449
10.01574
10.0268
10.03795
10.04932
10.06035
10.07154
10.08276
10.09381
10.1051
10.11607
10.12735
10.13852
10.14986
10.16082
10.17215
10.18322
10.1945
10.20636
10.2167
10.22794
10.2392
10.25016
10.26189
10.27319
10.28368
10.29481
10.30699
10.31753
10.329
10.34067
10.35156
10.36312
10.37452
10.3856
10.39703
10.40855
10.41965
10.43092
10.44238
10.45357
TARGET DESTROYED 
10.46521
10.49228
10.50261
10.5128
10.52334
10.53388
10.54443
10.55488
10.56549
10.57614
10.5875
10.59813
10.60847
10.61915
10.63818
10.65024
10.66122
10.67272
10.68391
10.69913
10.70939
10.71952
10.72975
10.74022
10.75057
10.76186
10.77343
10.78453
10.79534
10.80674
10.81761
10.82889
10.84022
10.85122
10.86254
10.87387
10.88462
10.89587
10.90723
10.91826
10.92961
10.94093
10.95172
10.96303
10.97448
10.98519
10.99636
11.00788
11.0188
11.02991
11.04107
11.05233
11.06346
11.07489
11.08593
11.09708
11.10832
11.11974
11.1313
11.14274
11.15433
11.16574
11.17715
11.18877
11.20029
11.21176
11.22368
11.23515
11.24649
11.25811
11.26912
11.28059
11.29187
11.30303
11.31426
11.32563
11.33636
11.34766
11.3589
11.37026
11.38117
11.3925
11.40365
11.41465
11.42596
11.44194
11.45185
11.46243
11.47272
11.48312
11.49356
11.50352
11.51406
11.52448
11.53508
11.54987
11.56045
11.57091
11.58412
11.595
11.60491
11.61588
11.62627
11.63636
11.64669
11.66437
11.67511
11.68531
11.69632
11.70669
11.71721
11.72744
11.73731
11.74763
11.75842
11.77182
