0.02
0.04
0.14
0.1738122
0.1859985
0.1954281
0.2045335
0.2159559
0.2271914
0.2382995
0.2496732
0.2609523
0.2717899
0.2834764
0.2947106
0.30528
0.3164356
0.3283293
0.3388195
0.3499536
0.361224
0.3725114
0.3854988
0.3959191
0.4056605
0.4170615
0.4314578
0.4407966
0.4508329
0.4618345
0.4743288
0.4847497
0.4952171
0.5064423
0.5174195
0.5287147
0.5398208
0.5511685
0.5626256
0.5734845
0.5844322
0.5962149
0.6070044
0.6180012
0.6292219
0.6405481
0.6515465
0.6629148
0.6739603
0.6849609
0.6963516
0.7074459
0.7188369
0.7300348
0.74098
0.7521455
0.7636411
0.7743607
0.7855377
0.7972168
0.8078139
0.819014
0.8304535
0.8415285
0.8525853
0.8638249
0.8747389
0.8911056
0.9021957
0.9138209
0.9244882
0.9357105
0.9468539
0.9580756
0.9693049
0.980644
0.9920617
1.002965
1.014302
1.025255
1.036177
1.047595
1.058512
1.070043
1.080938
1.092434
1.103232
1.114524
1.125786
1.137525
1.148019
1.159067
1.170215
1.181603
1.192779
1.204042
1.221119
1.230772
1.240139
1.249877
1.258721
1.268553
1.277492
1.288222
1.299195
1.310842
1.321685
1.332921
1.344069
1.35535
1.36632
1.377835
1.388629
1.400006
1.411053
1.422202
1.433452
1.444767
1.455662
1.466968
1.478244
1.48931
1.50123
1.51181
1.522679
1.534233
1.545521
1.559859
1.569497
1.578847
1.591989
1.601696
1.612717
1.62395
1.635169
1.646779
1.658071
1.669349
1.681151
1.692502
1.709054
1.719169
1.729326
1.73841
1.748041
1.758879
1.77008
1.781375
1.792461
1.807039
1.817611
1.827478
1.837176
1.848419
1.859428
1.870744
1.881808
1.892857
1.904121
1.915176
1.927107
1.93858
1.948759
1.959925
1.971182
1.982361
1.993464
2.00478
2.015777
2.026906
2.038094
2.049299
2.06043
2.071834
2.089262
2.102307
2.113165
2.123381
2.133684
2.143272
2.153513
2.163618
2.173316
2.183455
2.193343
2.204404
2.225172
2.237242
2.249451
2.264862
2.274693
2.287305
2.297162
2.30767
2.317914
2.329445
2.340036
2.349779
2.360981
2.371916
2.382911
2.39676
2.407302
2.417494
2.42756
2.438569
2.449833
2.461201
2.472429
2.483309
2.494966
2.505881
2.516954
2.528446
2.539386
2.550356
2.562125
2.572897
2.583999
2.595322
2.606171
2.617234
2.629045
2.639676
2.650881
2.662146
2.673329
2.684394
2.696022
2.707063
2.71797
2.730057
2.74125
2.752642
2.764338
2.775624
2.78743
2.79867
2.810313
2.821741
2.83321
2.845279
2.855942
2.867523
2.87926
2.891036
2.901965
2.912971
2.923926
2.940275
2.95189
2.962281
2.972815
2.983339
2.993851
3.005264
3.015891
3.026328
3.03802
3.048926
3.05938
3.070287
3.081437
3.091869
3.102841
3.113469
3.123999
3.135066
3.146137
3.157059
3.167537
3.178644
3.189313
3.20014
3.210937
3.221848
3.232412
3.243348
3.254142
3.265318
3.276541
3.287727
3.298792
3.309901
3.321147
3.332222
3.343355
3.354617
3.365814
3.37683
3.38819
3.399524
3.4106
3.421983
3.433477
3.446203
3.456444
3.467582
3.479408
3.490371
3.501751
3.513342
3.524585
3.536113
3.547642
3.559108
3.570292
3.581844
3.593061
3.604455
3.615873
3.634607
3.645506
3.656775
3.667549
3.678823
3.689755
3.701027
3.712545
3.723078
3.734475
3.747221
3.756932
3.767926
3.779437
3.790123
3.801483
3.813115
3.823764
3.834843
3.846371
3.85713
3.868712
3.879815
3.890733
3.901932
3.913339
3.924204
3.935632
3.946692
3.957722
3.969079
3.980427
3.994658
4.005702
4.017059
4.027338
4.038018
4.049013
4.05936
4.070488
4.082348
4.093342
4.104664
4.116581
4.127817
4.139023
4.150872
4.162234
4.173425
4.184909
4.195986
4.207002
4.21822
4.229641
4.241275
4.252255
4.262984
4.278028
4.28978
4.30036
4.310597
4.321261
4.332197
4.341984
4.352551
4.363523
4.37357
4.385303
4.396046
4.406976
4.418245
4.429554
4.440274
4.451707
4.462872
4.473811
4.485168
4.496666
4.507519
4.5185
4.529862
4.540941
4.552047
4.563435
4.574337
4.585557
4.596885
4.608013
4.619122
4.630268
4.6416
4.652926
4.664332
4.675792
4.686895
4.698086
4.709338
4.720838
4.732174
4.743331
4.754716
4.766003
4.777339
4.788705
4.799868
4.813243
4.823637
4.833901
4.845773
4.856642
4.867455
4.878895
4.889824
4.901151
4.912562
4.923377
4.934423
4.949352
4.95987
4.970942
4.981773
4.992314
5.002896
5.013425
5.02393
5.035662
5.045532
5.055615
5.066201
5.077117
5.088426
5.099458
5.110563
5.122116
5.132937
5.144028
5.155654
5.166521
5.177909
5.188768
5.200078
5.211352
5.222466
5.233533
5.244646
5.25583
5.267391
5.27844
5.289353
5.300628
5.312238
5.322923
5.333976
5.345737
5.356706
5.368234
5.379522
5.39071
5.402033
5.413569
5.424565
5.436049
5.447393
5.458749
5.469737
5.481381
5.49259
5.503828
5.515399
5.526528
5.537652
5.548968
5.559979
5.571393
5.582444
5.593775
5.604846
5.615911
5.634296
5.645058
5.655799
5.670403
5.680854
5.691149
5.702178
5.71298
5.723445
5.734212
5.745439
5.756811
5.772668
5.78378
5.795299
5.806293
5.818649
5.830414
5.841636
5.852633
5.864345
5.876461
5.887691
5.899438
5.910959
5.922552
5.935358
5.946802
5.958135
5.969708
5.980609
5.991285
6.002798
6.01392
6.024978
6.037148
6.048154
6.059155
6.070851
6.082302
6.093321
6.104802
6.11637
6.127187
6.138746
6.149925
6.161741
6.172795
6.184372
6.19629
6.207685
6.219446
6.231005
6.242887
6.254098
6.265857
6.277455
6.288996
6.305012
6.316872
6.328934
6.340274
6.35168
6.363846
6.375213
6.386722
6.399031
6.410436
6.42149
6.43278
6.444426
6.456055
6.467133
6.479128
6.490279
6.502225
6.513523
6.525211
6.53691
6.549381
6.560452
6.572126
6.583025
6.593853
6.605096
6.61662
6.628235
6.639731
6.651191
6.662527
6.673424
6.685157
6.696988
6.708029
6.718947
6.730781
6.74223
6.753251
6.765664
6.778193
6.789165
6.800748
6.812296
6.823678
6.834606
6.845835
6.856328
6.867258
6.878342
6.889153
6.900374
6.911469
6.922418
6.933094
6.943856
6.955164
6.966142
6.982384
6.993257
7.004399
7.015558
7.026258
7.037958
7.049251
7.059774
7.071205
7.082437
7.093346
7.105118
7.116375
7.126968
7.137862
7.148998
7.16019
7.17045
7.181203
7.191204
7.20143
7.211639
7.222487
7.233327
7.243386
7.25796
7.269357
7.280851
7.291894
7.303184
7.31456
7.325263
7.336285
7.346944
7.357643
7.368551
7.379849
7.390344
7.401472
7.412912
7.423532
7.434375
7.445185
7.456606
7.467977
7.478719
7.489515
7.500848
7.512415
7.523042
7.533947
7.545087
7.555401
7.566325
7.577766
7.588995
7.600695
7.612001
7.623225
7.634024
7.645338
7.664703
7.675647
7.686888
7.697834
7.708496
7.719765
7.730619
7.741253
7.752811
7.763711
7.775432
7.786912
7.798195
7.817093
7.828355
7.839516
7.850666
7.861237
7.87206
7.883552
7.893864
7.905278
7.916041
7.926415
7.937218
7.948054
7.958882
7.969924
7.980857
7.99139
8.002656
8.014233
8.024746
8.036227
8.046855
8.057662
8.068533
8.079823
8.090652
8.101778
8.113091
8.124282
8.135178
8.146757
8.158175
8.16966
8.180371
8.191145
8.202299
8.213857
8.224489
8.236301
8.24712
8.258164
8.269387
8.281081
8.291761
8.302716
8.31401
8.329814
8.340066
8.351494
8.362718
8.374219
8.385201
8.408723
8.420568
8.432335
8.443159
8.454167
8.465193
8.476508
8.487191
8.498174
8.508945
8.520062
8.530893
8.54144
8.552525
8.564372
8.575244
8.586547
8.597946
8.60883
8.619261
8.630322
8.640873
8.652163
8.663274
8.673864
8.685211
8.696082
8.707322
8.718522
8.729363
8.740065
8.751665
8.76255
8.772541
8.785716
8.79587
8.805961
8.816678
8.828699
8.839021
8.850224
8.864832
8.875783
8.886947
8.897785
8.908176
8.919259
8.929769
8.940326
8.951577
8.962678
8.973927
8.986187
9.002712
9.014164
9.025352
9.037208
9.048406
9.059245
9.07098
9.082112
9.093043
9.104315
9.115201
9.126863
9.137711
9.155507
9.167577
9.178474
9.189743
9.20098
9.212066
9.223266
9.234757
9.246092
9.257001
9.268028
9.279517
9.292143
9.303528
9.31459
9.325388
9.336608
9.348191
9.359405
9.370629
9.382464
9.393947
9.404595
9.415679
9.426783
9.437371
9.448238
9.459089
9.469888
9.4806
9.491497
9.502123
9.513411
9.524366
9.535193
9.546058
9.556778
9.567711
9.578126
9.588162
9.598879
9.609597
9.62091
9.631947
9.643369
9.654596
9.668811
9.679216
9.694614
9.704745
9.71535
9.725211
9.735833
9.746425
9.756536
9.770785
9.782128
9.794301
9.805295
9.81661
9.827352
9.839079
9.850322
9.861465
9.872244
9.883403
9.894188
9.904998
9.916218
9.927217
9.938021
9.948919
9.960225
9.971063
9.981852
9.992799
10.0036
10.01472
10.02575
10.03728
10.04782
10.05833
10.06881
10.08016
10.09134
10.10232
10.11399
10.12459
10.13577
10.14714
10.15833
10.16936
10.18096
10.19199
10.20302
10.21425
10.22562
10.23707
10.24824
10.25964
10.27152
10.28399
10.29661
10.30832
10.32088
10.33319
10.34592
10.36213
10.3747
10.38725
10.3996
10.41144
10.42385
10.43645
10.44921
10.46116
10.47354
10.48495
10.49657
10.50774
10.51953
10.53148
10.54277
10.55404
10.56569
10.57701
10.58883
10.60035
10.61164
10.62373
10.6352
10.64658
10.65805
10.66918
10.68115
10.69229
10.70443
10.71592
10.72728
10.73848
10.7499
10.76082
10.77227
10.7836
10.79564
10.80763
10.81916
10.83076
10.84285
10.85485
10.86644
10.87785
10.88964
10.90152
10.91303
10.92501
10.93678
10.94833
10.95855
10.96878
10.9791
10.9893
10.99969
11.00977
11.02052
11.03147
11.04204
11.05213
11.06237
11.07289
11.08418
11.09549
11.10646
11.1177
11.12902
11.14
11.15124
11.16255
11.17347
11.18476
11.1962
11.20692
11.21893
11.2297
11.24044
11.25182
11.26324
11.27407
11.28527
11.29657
11.30754
11.31867
11.33009
11.34134
11.35224
11.36378
11.3762
11.39511
11.40558
11.41605
11.4271
11.43838
11.4492
11.45923
11.46987
11.48491
11.49657
11.50926
11.52216
11.5334
11.54441
11.55873
11.57084
11.58281
11.594
11.60526
11.61659
11.62751
11.63872
11.65057
11.66191
11.67303
11.6882
11.70074
11.71333
11.72488
11.73726
11.74947
11.7611
11.77287
11.78521
11.79674
11.80943
11.82129
11.83321
11.8455
11.85688
11.86889
11.88028
11.89174
11.90422
11.91605
11.92783
11.93987
11.95143
11.96331
11.97527
11.987
11.9989
12.0107
12.02251
12.03498
12.04698
12.05875
12.07087
12.08729
12.09985
12.11215
12.1237
12.13516
12.1466
12.15805
12.17002
12.18149
12.19294
12.20442
12.21527
12.2258
12.23765
12.24881
12.2595
12.27068
12.28201
12.29281
12.30421
TARGET DESTROYED 
12.31507
12.33544
12.34725
12.35772
12.3687
12.38015
12.39112
12.40254
12.41359
12.42455
12.43624
12.45681
12.47124
12.48268
12.49418
12.50595
12.51701
12.52855
12.53968
12.55122
12.56278
12.57405
12.59133
12.60322
12.61451
12.62552
12.63684
12.6481
12.65899
12.67012
12.68159
12.69252
12.70422
12.71621
12.72781
12.74429
12.75643
12.7683
12.77954
12.7904
12.80191
12.81326
12.82506
12.83664
12.84821
12.86027
12.87199
12.88361
12.89462
12.90647
12.91825
12.93025
12.94147
TARGET DESTROYED 
12.95321
12.96964
12.98166
12.99322
13.00537
13.01716
13.02855
13.04066
13.05321
13.07182
13.08602
13.09815
13.11027
13.12252
13.13464
13.14717
13.15896
13.17165
13.1844
13.19609
13.20813
13.22044
13.23322
13.24611
13.25778
13.2704
13.28329
13.29816
13.31278
13.32555
13.33884
13.35185
13.36494
13.37799
13.39122
13.40442
13.41791
13.43372
13.45267
13.46508
13.4775
13.48997
13.50302
13.51567
13.52753
13.54005
13.55259
13.56415
13.57542
13.587
13.59951
13.61099
13.62285
13.63487
13.64665
13.66197
13.67424
13.68672
13.69839
13.71025
13.72238
13.73476
13.74764
13.75941
13.77191
13.78447
13.7968
13.80845
13.82087
13.83337
13.84693
13.8584
13.87086
13.88284
13.89457
13.90691
13.91917
13.9312
13.94333
13.95525
13.96733
13.9798
13.99207
14.00444
TARGET DESTROYED 
14.01695
14.03652
14.05091
14.06445
14.07772
14.09029
14.10364
14.11722
14.13054
14.14407
14.16931
14.18424
14.19701
14.20938
14.22275
14.23551
14.24891
14.26115
14.27376
14.28719
14.29837
14.30821
14.31882
14.32891
14.33936
14.35468
14.36892
14.38357
14.3982
14.42128
14.43447
14.44655
14.45919
14.47147
14.48396
14.49673
14.50887
14.52141
14.53415
14.54681
14.55927
14.57159
14.58428
14.59721
14.60964
14.62238
14.63532
14.64784
14.66048
14.67326
14.68582
14.69669
14.7083
14.71939
14.73011
14.74085
14.75204
14.76346
14.77391
14.7857
14.79667
14.80727
14.81839
14.82934
14.84077
14.85233
14.86294
14.8782
14.88939
14.90112
14.91228
14.92312
14.934
14.94531
14.95637
14.96734
14.97798
14.98914
15.00072
15.0133
15.02558
15.038
TARGET DESTROYED 
15.05051
15.068
15.08134
15.10001
15.11358
15.12588
15.13755
15.15
15.16172
15.17348
15.1848
15.20035
15.21261
15.2311
15.24363
15.25541
15.26713
15.2794
15.2913
15.30323
15.31625
15.32855
15.3406
15.35297
15.36514
15.37699
15.38899
15.40177
15.41437
15.42682
15.4394
15.46184
15.47451
15.48686
15.50001
15.51218
15.5244
15.53629
15.5491
15.56161
15.57365
15.58564
15.59721
15.60848
15.62474
15.6363
15.64754
15.66383
15.67523
15.68808
15.70008
15.71283
15.72529
15.73721
15.75007
15.7631
15.77547
15.78803
15.80052
15.81274
15.82495
15.83698
15.85086
15.86354
15.87593
15.88861
15.90111
15.91298
15.92482
15.93683
15.94846
15.9601
15.97224
15.98428
15.99633
16.00799
16.02012
16.03296
16.04467
16.05681
16.06879
16.08065
16.09269
16.10481
16.11698
16.12853
16.14024
16.15218
16.16394
16.17625
16.18843
16.20023
16.2114
16.22332
16.2351
16.24709
16.259
16.2707
16.28664
16.30125
16.31568
16.33532
16.35007
16.36491
16.37954
16.39411
16.40984
16.42434
16.43867
16.4531
16.46777
16.48199
16.49708
16.51146
16.52595
16.54112
16.55545
16.5687
16.58128
16.59171
16.60202
16.61353
16.62486
16.63554
16.64721
16.65794
16.66907
16.68051
16.69153
16.70273
16.71393
16.72508
16.73619
16.74758
16.7583
16.76965
16.78162
16.79211
16.80329
16.81439
TARGET DESTROYED 
16.82561
16.84079
16.85313
16.86409
16.87438
16.88512
16.8955
16.90605
16.91694
16.92789
16.93835
16.94991
16.96247
16.9779
16.98847
16.99887
17.00898
17.01988
17.03074
17.04668
17.0576
17.06835
17.07986
17.09018
17.10112
17.11126
17.12236
17.13375
17.14417
17.15519
17.16654
17.17695
17.18734
17.19866
17.20893
17.21982
17.23068
17.24109
17.25204
17.26287
17.27378
17.28518
17.30056
17.31166
17.32364
17.33564
17.34628
17.35707
17.36774
17.37831
17.38912
17.40105
17.41169
17.42219
17.43395
17.44475
17.45534
17.4664
17.47694
17.48749
17.49879
17.50922
17.51963
17.53141
17.54377
17.55566
17.56798
17.58036
17.59181
17.60339
17.61516
17.6267
17.63782
17.64948
17.66094
17.67277
17.68748
17.69925
17.71035
17.7262
17.73698
17.74786
17.75853
17.76933
17.77961
17.79114
17.80218
17.81385
17.82532
17.83668
17.84791
17.86092
17.87269
17.88376
17.89512
17.90671
17.9179
17.92948
17.94075
17.95164
17.96282
17.97405
17.98489
17.9959
18.00713
18.01844
18.02936
TARGET DESTROYED 
18.04128
18.05756
18.07463
18.08601
18.0971
18.1083
18.11951
18.13055
18.14156
18.15246
18.16467
18.17539
18.18775
18.20063
18.21179
18.22331
18.23452
18.24528
18.25594
18.26744
18.27862
18.2899
18.30113
18.31209
18.32248
18.33349
18.34519
18.3562
18.373
18.38551
18.39769
18.40994
18.4264
18.43849
18.45088
18.46286
18.47449
18.48642
18.49824
18.51083
18.52239
18.53461
18.54662
18.55788
18.56939
18.58098
18.59236
18.60438
18.6166
18.62911
18.6413
18.65298
18.66482
18.67712
18.68879
18.7009
18.71335
18.72458
18.73651
18.74796
18.75922
18.77161
18.7836
18.79588
18.80746
18.81956
18.8315
18.84351
18.85563
18.86845
18.88124
18.89279
18.90422
18.91624
18.92783
18.93985
18.95149
18.96261
18.97452
18.98883
19.00139
19.01263
19.02406
19.03636
19.04891
19.06004
19.07134
19.08401
19.09546
19.10682
19.1191
19.13031
19.14211
19.15415
19.1659
19.17774
19.1942
19.20539
19.2172
19.22837
19.23974
19.25202
19.26371
19.27513
19.28918
19.30173
19.31378
19.32571
19.33733
19.34952
19.36134
19.37311
19.38519
19.39674
19.40888
19.42013
19.43228
19.44355
19.4559
19.46738
19.47866
19.49044
19.50198
19.5134
19.52524
19.53645
19.54885
19.56014
19.57099
19.58211
19.59285
19.60393
19.61526
19.62655
19.63737
19.64857
19.66404
19.67525
19.68672
19.69798
19.70951
19.72161
19.73316
19.74449
19.75624
19.76756
19.77977
19.79292
19.80526
19.81806
19.83061
19.84318
19.85593
19.86961
19.88409
19.89689
19.90967
19.9221
19.93903
19.95278
19.96538
19.97845
19.99169
20.00437
20.01777
20.03116
20.04435
20.05746
20.07021
20.08344
20.09718
20.10973
20.12229
20.13486
20.14787
20.16071
20.17328
20.18614
20.19815
20.20995
20.22132
20.23259
20.24449
20.25642
20.26765
20.28055
20.29333
20.30473
20.3169
20.32874
20.3406
20.35214
20.36399
20.37636
20.38868
20.40005
20.41179
20.42328
20.43436
20.44536
20.45705
20.46811
20.47936
20.49108
20.50311
20.51479
20.526
20.54172
20.55687
20.57268
20.58783
20.60336
20.61912
20.63607
20.6595
20.67705
20.69412
20.71105
20.73546
20.75326
20.77117
20.78857
20.8062
20.82329
20.84042
20.85766
20.8758
20.89397
20.91191
20.93017
20.94721
20.96534
20.98377
21.0023
21.02015
21.03849
21.05642
21.07422
21.09155
21.10979
21.12746
21.14487
21.16355
21.18138
21.19928
21.21778
21.23356
21.24837
21.2628
21.27785
21.29365
21.30766
21.32203
21.33662
21.35118
21.36611
21.38061
21.39343
21.4059
21.41949
21.43286
21.44592
21.4593
21.47199
21.4856
21.49943
21.51196
21.52482
21.53791
21.55155
21.56478
21.57693
21.59492
21.60689
21.61884
21.63139
21.64405
21.6563
21.67278
21.68476
21.69709
21.70896
21.72308
21.73779
21.75041
21.76225
21.77913
21.79279
21.80514
21.81764
21.83092
21.84348
21.85683
21.8692
21.88255
21.8957
21.90804
21.92074
21.93334
21.94614
21.95858
21.97125
21.98438
21.99742
22.0097
22.02301
22.03646
22.0492
22.06194
22.07445
22.08707
22.09996
22.11249
22.12525
22.13773
22.1508
22.16466
22.17739
22.18971
22.20273
22.21574
22.2355
22.24881
22.26168
22.27429
22.28738
22.3005
22.31289
22.32609
22.33893
22.35197
22.3649
22.38599
22.40001
22.41278
22.42632
22.43893
22.45265
22.466
22.47824
22.49095
22.50364
22.51651
22.52938
22.54164
22.55412
22.56711
22.57944
22.59206
22.60424
22.61673
22.62969
22.64189
22.65532
22.66806
22.68063
22.69314
22.70554
22.71853
22.73142
22.74411
22.75637
22.76929
22.78231
22.79443
22.80721
22.82208
22.83612
22.84881
22.86079
22.87399
22.88926
