0.02
0.04
0.14
0.1722024
0.1826676
0.1938209
0.2048915
0.2165096
0.2274682
0.2383893
0.2503392
0.2614922
0.2743547
0.2833506
0.294188
0.3070932
0.3166589
0.3275437
0.3387034
0.3505105
0.3609289
0.3721271
0.3835531
0.3966271
0.4056352
0.4172835
0.4280265
0.4392402
0.4508336
0.4619221
0.4727595
0.4840802
0.4950481
0.5073451
0.5177249
0.5287676
0.5400993
0.5511926
0.5620199
0.5731838
0.5846185
0.5956243
0.6068462
0.6181407
0.6290332
0.6402728
0.6516683
0.6625938
0.6737424
0.6849919
0.6961026
0.7078638
0.7184782
0.7296418
0.7407409
0.7521159
0.765477
0.774736
0.7856506
0.7968957
0.8079656
0.8190615
0.8300169
0.8413764
0.8525326
0.8638059
0.8750206
0.8913138
0.9022762
0.9133885
0.9249486
0.9358549
0.9468975
0.9581015
0.9692612
0.9803703
0.9915239
1.002771
1.013956
1.025232
1.036534
1.04768
1.058621
1.069736
1.081287
1.091989
1.103418
1.114503
1.125607
1.136886
1.147873
1.159094
1.170203
1.181364
1.192638
1.204319
1.214969
1.226107
1.237571
1.248523
1.259842
1.270923
1.282099
1.293103
1.304227
1.315767
1.326506
1.337952
1.349077
1.360152
1.371304
1.382824
1.393885
1.404822
1.416067
1.427122
1.438263
1.449895
1.46077
1.471725
1.483223
1.494194
1.505467
1.517047
1.527659
1.541892
1.552068
1.560816
1.573976
1.583022
1.593411
1.604611
1.615781
1.626943
1.63809
1.649488
1.660494
1.671824
1.687975
1.697864
1.708526
1.718791
1.72814
1.73722
1.748024
1.758875
1.770192
1.781289
1.792504
1.803586
1.814691
1.825986
1.837172
1.848447
1.859624
1.870611
1.88185
1.893053
1.904187
1.915732
1.932349
1.944211
1.953261
1.962023
1.971862
1.980922
1.992166
2.00377
2.01458
2.027101
2.037853
2.048007
2.059273
2.070624
2.081699
2.092699
2.104192
2.115119
2.126136
2.137661
2.148719
2.160473
2.171517
2.182281
2.193187
2.204397
2.215735
2.226399
2.238029
2.248823
2.259778
2.271146
2.282365
2.293384
2.304753
2.316041
2.327184
2.338365
2.34991
2.360384
2.371693
2.383075
2.394102
2.40502
2.41647
2.42744
2.438559
2.449939
2.461224
2.47203
2.483743
2.494488
2.50561
2.519586
2.529014
2.539102
2.550642
2.561617
2.572909
2.584479
2.595694
2.607217
2.618704
2.62997
2.641729
2.652828
2.664235
2.675686
2.687202
2.698573
2.710001
2.721413
2.733173
2.744362
2.755597
2.767119
2.777998
2.789152
2.800879
2.811523
2.822714
2.834112
2.844913
2.856102
2.867971
2.87866
2.889652
2.901855
2.912358
2.923496
2.935109
2.946096
2.957947
2.968722
2.979758
2.99087
3.002244
3.013189
3.024477
3.035521
3.046875
3.058134
3.069329
3.080422
3.091458
3.103079
3.113981
3.124878
3.136251
3.147402
3.158502
3.16965
3.180769
3.191861
3.203255
3.21433
3.225756
3.236619
3.247961
3.258993
3.270802
3.281307
3.292565
3.30364
3.314977
3.326123
3.337264
3.348406
3.359446
3.370787
3.382038
3.39309
3.40419
3.41533
3.426682
3.437659
3.449112
3.460028
3.471152
3.482647
3.493605
3.505089
3.5163
3.52738
3.53834
3.549794
3.56066
3.57532
3.586393
3.596149
3.606182
3.61663
3.626251
3.63698
3.648406
3.659423
3.670459
3.681544
3.692813
3.703979
3.71534
3.726396
3.737584
3.748717
3.759809
3.771114
3.782617
3.793257
3.804535
3.815793
3.828115
3.838146
3.849615
3.860289
3.871587
3.883026
3.893985
3.904826
3.916435
3.927253
3.938601
3.949812
3.960861
3.97226
3.983788
3.994903
4.006525
4.017875
4.029083
4.039948
4.051833
4.062776
4.074352
4.085431
4.096704
4.10812
4.11914
4.130193
4.141326
4.152732
4.163647
4.175135
4.18694
4.197334
4.208801
4.219792
4.230662
4.24183
4.253041
4.26423
4.275402
4.286527
4.297879
4.30909
4.32016
4.331277
4.342577
4.35375
4.365146
4.377814
4.388424
4.398578
4.409592
4.420699
4.432161
4.443069
4.454125
4.46567
4.476403
4.487685
4.499064
4.509921
4.521504
4.532646
4.543705
4.555106
4.566306
4.577048
4.588447
4.600038
4.610534
4.625678
4.636549
4.646766
4.656801
4.667402
4.677799
4.687978
4.698
4.708458
4.719214
4.730227
4.741434
4.752529
4.763896
4.775149
4.786096
4.797311
4.808364
4.819668
4.831124
4.841872
4.853134
4.864345
4.875475
4.886544
4.897874
4.90902
4.920268
4.931276
4.942544
4.953599
4.964754
4.976057
4.987632
4.998382
5.009678
5.021032
5.032712
5.043768
5.055157
5.066717
5.078001
5.089115
5.100705
5.111761
5.123252
5.134699
5.146185
5.15732
5.168615
5.180194
5.191361
5.202579
5.213773
5.225092
5.23619
5.247163
5.258453
5.269653
5.280596
5.291947
5.303484
5.314443
5.325415
5.336662
5.347841
5.359056
5.370212
5.381174
5.392452
5.403714
5.414763
5.425988
5.437221
5.448292
5.45969
5.470648
5.481733
5.492984
5.504553
5.515486
5.526396
5.53804
5.548947
5.560546
5.57165
5.5827
5.594693
5.605499
5.616995
5.627528
5.638247
5.65083
5.665577
5.677105
5.688222
5.698795
5.709929
5.721577
5.734207
5.744738
5.755999
5.767783
5.778653
5.789485
5.801028
5.811827
5.823151
5.834699
5.845453
5.856442
5.868112
5.878886
5.89027
5.901642
5.912479
5.923872
5.935176
5.946684
5.957115
5.968427
5.979484
5.990632
6.001943
6.013009
6.024127
6.035389
6.046561
6.057738
6.068944
6.080249
6.091311
6.10245
6.113459
6.124573
6.135925
6.147147
6.158234
6.169449
6.180468
6.192029
6.203357
6.214866
6.226229
6.238102
6.249523
6.26088
6.272474
6.284092
6.295452
6.306933
6.318497
6.329772
6.341489
6.352635
6.36413
6.375458
6.38663
6.397859
6.408926
6.420291
6.431315
6.442493
6.453586
6.464648
6.475987
6.487168
6.498427
6.509311
6.520588
6.531765
6.543034
6.554579
6.566589
6.577317
6.588742
6.599403
6.610187
6.62103
6.632489
6.643515
6.65449
6.665986
6.677058
6.688119
6.69963
6.71057
6.726367
6.737563
6.748299
6.759278
6.770931
6.781276
6.791975
6.80294
6.813934
6.824735
6.835588
6.846018
6.856584
6.867769
6.87867
6.889395
6.900321
6.91062
6.921759
6.932672
6.943589
6.954723
6.965463
6.975849
6.987351
6.997574
7.008144
7.019208
7.029974
7.04082
7.052195
7.063437
7.074463
7.085818
7.096557
7.108075
7.119237
7.129854
7.141139
7.152965
7.16382
7.175004
7.186512
7.197501
7.208547
7.220512
7.231132
7.24238
7.254391
7.265422
7.276825
7.288409
7.300347
7.311052
7.322571
7.334907
7.345443
7.356632
7.368572
7.379517
7.391284
7.402416
7.413439
7.425245
7.436543
7.447819
7.45907
7.470098
7.481152
7.492656
7.503472
7.514661
7.525892
7.537219
7.548295
7.562591
7.573917
7.584568
7.595182
7.605875
7.616491
7.627326
7.638416
7.649619
7.660151
7.670891
7.681036
7.691621
7.702333
7.713352
7.724776
7.735759
7.747033
7.758133
7.7735
7.784217
7.79502
7.806019
7.816939
7.827517
7.838383
7.84996
7.861283
7.871991
7.882823
7.892925
7.903391
7.914455
7.925925
7.937041
7.948125
7.959558
7.970505
7.981514
7.992814
8.004134
8.015315
8.026273
8.037566
8.048663
8.059993
8.071074
8.08238
8.093269
8.104755
8.116097
8.12696
8.138693
8.149824
8.160833
8.172223
8.183731
8.194832
8.206114
8.217755
8.228837
8.240018
8.251452
8.262912
8.274383
8.285525
8.296672
8.307859
8.319045
8.33015
8.341267
8.353214
8.363569
8.374835
8.385819
8.397251
8.408276
8.419736
8.430957
8.441653
8.452939
8.464087
8.476621
8.487769
8.498323
8.509113
8.520061
8.531221
8.542427
8.553634
8.564683
8.575875
8.587365
8.598439
8.609726
8.620725
8.63193
8.643497
8.654454
8.665341
8.676514
8.687691
8.698912
8.710172
8.720895
8.732957
8.744233
8.755173
8.766009
8.776991
8.78807
8.799523
8.814492
8.825396
8.836468
8.847253
8.857864
8.869095
8.87961
8.890452
8.901438
8.911915
8.922617
8.933328
8.943595
8.954628
8.965239
8.976104
8.986552
8.996905
9.007808
9.018413
9.028923
9.040094
9.051566
9.062443
9.073468
9.084816
9.09582
9.107101
9.118308
9.129727
9.140591
9.152016
9.162913
9.174211
9.185259
9.196433
9.207957
9.218932
9.229936
9.241233
9.252446
9.263898
9.275222
9.286909
9.299237
9.30952
9.320891
9.332807
9.34396
9.355494
9.367385
9.378145
9.389462
9.401116
9.412235
9.42384
9.435095
9.446486
9.458048
9.469156
9.480351
9.491814
9.502866
9.514031
9.525541
9.536474
9.547673
9.558843
9.570665
9.581279
9.59222
9.603552
9.614638
9.625643
9.637129
9.648458
9.659388
9.670529
9.681856
9.692845
9.703985
9.715255
9.726397
9.737847
9.748785
9.75979
9.771049
9.782271
9.79334
9.804621
9.816226
9.827748
9.838581
9.849668
9.860458
9.876368
9.887632
9.898559
9.909488
9.920529
9.931017
9.941607
9.95269
9.963304
9.973944
9.984677
9.995443
10.00648
10.0174
10.028
10.03901
10.04996
10.06035
10.07101
10.08172
10.09264
10.10365
10.11436
10.12481
10.13546
10.14629
10.15704
10.16849
10.17936
10.19054
10.20229
10.21355
10.2245
10.23588
10.24737
10.25821
10.26953
10.28053
10.29136
10.3025
10.31346
10.32445
10.33571
10.34673
10.35906
10.37007
10.38118
10.39248
10.40416
10.41572
10.42705
10.43833
10.45028
10.46175
10.47282
10.4843
10.49557
10.50708
10.51852
10.52978
10.54112
10.55237
10.56395
10.57524
10.58646
10.5976
10.60878
10.62033
10.63108
10.64232
10.65351
10.6647
10.6757
10.68702
10.69825
10.70962
10.72055
10.73155
10.75437
10.76525
10.77512
10.78737
10.79802
10.80782
10.81756
10.82735
10.83843
10.84993
10.86078
10.87178
10.88326
10.89425
10.90544
10.91694
10.93107
10.94083
10.95041
10.96129
10.97274
10.98367
10.99492
11.00615
11.01721
11.02843
11.03942
11.05063
11.06182
11.0729
11.08453
11.0954
11.10643
11.11792
11.12872
11.13996
11.15141
11.16226
11.1734
11.18486
11.19606
11.20689
11.21838
11.22931
11.24068
11.25203
11.2634
11.27496
11.2866
11.29835
11.3096
11.32124
11.33308
11.34443
11.35573
11.36802
11.37876
11.39095
11.4021
11.41287
11.42417
11.43555
11.44639
11.4578
11.46888
11.48022
11.49136
11.50244
11.51342
11.52476
11.53619
11.54828
11.55821
11.56944
TARGET DESTROYED 
11.58062
11.59525
11.60548
11.61468
11.6244
11.63488
11.64595
11.66241
11.67212
11.68176
11.69182
11.70169
11.71255
11.72371
11.73393
11.74487
11.75595
11.76751
11.77817
11.78932
11.80076
11.81177
11.82278
11.83422
11.84519
11.85661
11.86782
11.87865
11.88976
11.90129
11.91218
11.92337
11.93474
11.94578
11.9604
11.97059
11.97995
11.9904
12.00166
12.01291
12.02416
12.03573
12.04689
12.05834
12.06978
12.08102
12.09219
12.10402
12.115
12.12623
12.1377
12.14899
12.15992
12.1715
12.18246
12.19341
12.20499
12.21591
12.22695
12.23827
12.24977
12.26079
12.27155
12.2828
12.29412
12.30513
12.31662
12.3278
12.33904
12.35079
12.36139
12.37287
12.38454
12.39538
12.40666
TARGET DESTROYED 
12.41822
12.4326
12.44291
12.45314
12.4627
12.47282
12.48484
12.49623
12.50794
12.51846
12.52892
12.5398
12.5513
12.5623
12.5734
12.5846
12.59586
12.6069
12.61836
12.62926
12.64074
12.65171
12.66281
12.67393
12.68532
12.69625
12.70742
12.71879
12.72992
12.74099
12.75237
12.76328
12.77446
12.78567
12.79718
12.80824
12.81958
12.831
12.84302
12.85361
12.86513
12.87594
12.88747
12.89875
12.90977
12.92076
12.93236
12.94319
12.9548
12.96575
12.97674
12.9879
13.00346
13.01379
13.02432
13.03482
13.0452
13.05583
13.06614
13.07625
13.08708
13.09736
13.10844
13.13987
13.15075
13.1617
13.17282
13.18439
13.19524
13.20649
13.21786
13.22873
13.23992
13.25123
13.26244
13.27331
13.2847
13.29667
13.30759
13.31826
13.32927
13.34055
13.35192
13.36317
13.37407
13.38532
13.3965
13.40749
13.41884
13.42974
13.4411
13.45264
13.46327
13.47429
13.48571
TARGET DESTROYED 
13.49676
13.51184
13.52278
13.53333
13.54358
13.55398
13.56389
13.57519
13.58714
13.59895
13.60883
13.61991
13.63082
13.64205
13.65312
13.66439
13.67609
13.68667
13.69782
13.70891
13.72019
13.73149
13.74285
13.75481
13.76705
13.77849
13.79027
13.80153
13.81274
13.82364
13.83512
13.84613
13.85719
13.86848
13.87975
13.89127
13.90239
13.91353
13.92486
13.93629
13.94769
13.95908
13.97039
13.98149
13.99292
14.0043
14.01609
14.02666
14.038
14.04961
14.06383
14.07377
14.08391
14.0935
14.10397
14.11432
14.12563
14.13732
14.14783
14.15885
14.17011
14.18123
14.19337
14.20381
14.21471
14.22596
14.23717
14.24851
14.25943
14.27068
14.28199
14.29284
14.3044
14.31556
14.32649
14.33758
14.34914
14.3603
14.37119
14.38264
14.39456
14.40503
14.41612
14.42738
14.43843
14.45008
14.4612
14.47237
14.48393
14.49522
14.5065
14.51823
14.52887
14.54026
14.55182
14.56289
14.57407
14.58522
14.59727
14.60821
14.61936
14.62981
14.64105
14.65223
14.66336
14.67484
14.68573
14.6968
14.70809
14.7193
14.73036
14.74143
14.75323
14.76385
14.77512
14.78629
14.79743
14.80931
14.82074
14.83186
14.84338
14.85467
14.8644
14.87554
14.887
14.89825
14.90921
14.92031
14.93151
14.94261
14.95395
14.96486
14.97606
14.98771
14.99856
15.00968
TARGET DESTROYED 
15.02105
15.03528
15.04447
15.05453
15.06414
15.07547
15.08659
15.10107
15.11134
15.12078
15.13104
15.14266
15.15395
15.16453
15.17593
15.18718
15.19817
15.20926
15.22062
15.2317
15.24307
15.25406
15.26562
15.27631
15.28769
15.29947
15.3102
15.32115
15.33265
15.34339
15.35467
15.36578
15.3768
15.38803
15.39964
15.41056
15.42171
15.43339
15.44408
15.45559
15.46692
15.47779
15.48927
15.50064
15.51157
15.52295
15.53472
15.54547
15.55699
15.56834
15.57961
15.5905
15.60181
15.61298
15.62407
15.63518
15.64628
15.6576
15.66903
15.67982
15.6911
15.7022
15.7133
15.72455
15.73577
15.74689
15.75831
15.76962
15.78032
15.79177
15.80283
15.81394
15.82524
15.83631
15.84789
15.85878
15.86966
15.88079
15.89218
15.9032
15.91454
15.92578
15.93698
15.94793
15.9593
15.97023
15.98158
15.99356
16.00493
16.01588
16.0271
16.0389
16.05038
16.06203
16.07352
16.08537
16.09681
16.10884
16.12035
16.13185
16.1441
16.1556
16.17112
16.18305
16.19485
16.20611
16.21819
16.23046
16.24199
16.25384
16.26522
16.27685
16.28918
16.30062
16.31203
16.32352
16.33427
16.34505
16.35639
16.36762
16.37867
16.38974
16.4014
16.41218
16.42319
16.43464
16.44554
16.45673
16.46814
16.47903
16.49058
16.50148
16.51268
16.52383
16.5351
16.54609
16.5575
16.56856
16.57959
16.59072
16.60196
16.61315
16.62451
16.6356
16.64664
16.65794
16.66903
16.68007
16.6916
16.70263
16.71389
16.72568
16.73683
16.74723
16.7588
16.76989
16.78093
16.79245
16.80426
16.81553
16.82725
16.83912
16.85067
16.86217
16.87367
16.8852
16.89735
16.91017
16.92221
16.934
16.94574
16.9576
16.96972
16.98782
16.99987
17.01156
17.0232
17.03553
17.04742
17.05965
17.07178
17.08366
17.09491
17.10642
17.11748
17.12861
17.14018
17.15198
17.16337
17.17478
17.1873
17.1985
17.20973
17.22134
17.23268
17.24379
17.25931
17.27141
17.28369
17.29465
17.30646
17.31757
17.32843
17.33969
17.35199
17.36326
17.37425
17.38554
17.39633
17.40769
17.419
17.43034
17.4419
17.45373
17.46547
17.47685
17.48801
TARGET DESTROYED 
17.49955
17.5167
17.52816
17.54035
17.55175
17.5627
17.57374
17.58647
17.59749
17.60944
17.62068
17.63189
17.64321
17.65497
17.66813
17.68021
17.69137
17.70246
17.71338
17.72442
17.73684
17.74867
17.76064
17.77323
17.78525
17.79719
17.80926
17.82006
17.8312
17.84188
17.85306
17.86423
17.87542
17.88679
17.8977
17.90883
17.91992
17.9313
17.94234
17.95353
17.96473
17.97591
17.98764
17.9984
18.00925
18.02061
18.0318
18.043
18.05401
18.06528
18.07631
18.08768
18.0987
18.11046
18.12173
18.13245
18.14331
18.15479
18.1659
18.17715
18.18804
18.19929
18.21035
18.2217
18.2332
18.24393
18.25505
18.26699
18.27828
18.28961
18.30171
18.31688
18.32901
18.34088
18.35345
18.36288
18.37243
18.3815
18.3912
18.40062
18.4118
18.42266
18.4346
18.44502
18.45628
18.46763
18.47861
18.48962
18.50108
18.51204
18.52316
18.53466
18.54553
18.55684
18.5682
18.57924
18.59244
18.60247
18.6126
18.6237
18.63496
18.64613
18.6576
18.66855
18.6796
18.69163
18.70199
18.71336
18.72456
18.73585
18.74757
18.75873
18.77029
18.78153
18.79296
18.80441
18.81594
18.82741
18.83863
18.85036
18.86141
18.87294
18.88453
18.89574
18.9074
18.91901
18.92979
18.9413
18.95286
18.96382
18.97508
18.98621
18.99734
19.00851
19.0198
19.03075
19.04203
19.05309
19.06458
19.07557
19.08668
TARGET DESTROYED 
19.09779
19.11186
19.12157
19.13075
19.14153
19.15278
19.16381
19.17517
19.18627
19.19844
19.20856
19.22021
19.23256
19.24347
19.25354
19.26441
19.27565
19.28697
19.29796
19.30988
19.32034
19.33137
19.34259
19.35691
19.36652
19.37633
19.38739
19.39862
19.41462
19.42466
19.43429
19.44363
19.45371
19.4633
19.47457
19.4857
19.49697
19.50809
19.51928
19.53063
19.54716
19.56347
19.57995
19.59623
19.61233
19.62873
19.64486
19.66149
19.67789
19.69454
19.71092
19.72763
19.7436
19.75978
19.77586
19.79193
19.80784
19.82406
19.84028
19.85675
19.87305
19.88954
19.9032
19.91533
19.926
19.93653
19.94674
19.95701
19.96728
19.97753
19.98792
19.99785
20.00912
20.02003
20.03113
20.04226
20.05349
20.06449
20.07592
20.08703
20.09817
20.10931
20.12074
20.13164
20.143
20.15415
20.16552
20.1763
20.18777
20.19887
20.20987
20.22117
20.23335
20.24372
20.25454
20.26584
20.27684
20.28819
20.29923
20.3103
20.32186
20.33287
20.34405
20.35539
20.36663
20.37746
20.38873
20.39998
20.41345
20.42396
20.43461
20.44505
20.457
20.46859
20.48054
20.49584
20.50622
20.51653
20.52777
20.53897
20.54977
20.56018
20.57049
20.58112
20.60165
20.61238
20.62312
20.63464
20.64547
20.65653
20.66804
20.67952
20.69016
20.7014
20.71254
20.72357
20.73513
20.746
20.75723
20.76826
20.77971
20.79079
20.80194
20.81295
20.82419
20.83559
20.84723
20.85782
20.8689
20.88001
20.89135
20.90232
20.91351
20.92484
20.93598
20.94749
20.9585
20.96969
20.9807
20.99195
21.00319
21.01427
21.02588
21.03659
21.04807
21.05929
21.07084
21.0827
21.09372
21.1065
21.11728
21.12843
21.13978
21.15144
21.16261
21.17396
21.18574
21.19679
21.20827
21.21956
21.23123
21.2426
21.25376
21.26498
21.27638
21.28746
21.2987
21.3096
21.32086
21.33293
21.34369
21.35485
21.36547
21.37641
21.38771
21.39906
21.40995
21.42161
21.43285
21.44343
21.45474
21.46642
21.47703
21.48817
21.49963
21.51054
21.52174
21.53707
21.54728
21.55783
21.56872
21.57957
21.59193
21.60273
21.61391
21.62391
21.65062
21.66248
21.67317
21.68447
21.69548
21.70685
21.7179
21.72903
21.74049
21.75149
21.76256
21.7737
21.78496
21.79601
21.80721
21.81851
21.82948
21.84063
21.85185
21.86293
21.8742
21.88648
21.8982
21.91248
21.924
21.93598
21.94733
21.95781
21.97039
21.98146
21.99319
22.00405
22.01434
22.02728
22.03829
22.04942
22.06046
22.07207
22.08297
22.09428
22.10576
22.11737
22.12782
22.13885
22.14999
22.16194
22.17338
22.18429
22.19498
22.20663
22.21876
22.23053
22.24321
22.25561
22.26642
22.27733
22.28955
22.30636
22.31854
22.32969
22.34146
22.35462
22.3663
22.37729
22.38907
22.39973
22.41055
22.42255
22.43288
22.44383
22.45515
22.46626
22.47739
22.48849
22.50016
22.51078
22.52206
22.5335
22.5445
22.55576
22.56745
22.57808
22.58926
22.60043
22.61151
22.6233
22.63866
22.64933
22.66003
22.67055
22.6812
22.69154
22.70214
22.71254
22.72318
22.73437
22.74537
22.75649
22.76803
22.77907
22.79009
22.80151
22.81269
22.82373
22.83524
22.84585
22.85788
22.86906
22.88072
22.89265
22.90396
22.91523
TARGET DESTROYED 
22.92672
22.9434
22.95457
22.96483
22.97631
22.98775
22.99946
23.01159
23.02236
23.03287
23.04319
23.05384
23.06424
23.076
23.08769
23.09912
23.11095
23.12334
23.13543
23.1477
23.15904
23.17067
23.18159
23.19331
23.20463
23.216
23.22768
23.23917
23.25135
23.26247
23.27368
23.28515
23.29629
23.30835
23.32046
23.3319
23.34309
23.35535
23.36725
23.37887
23.39031
23.40157
23.41272
23.42407
23.43627
23.45165
23.46133
23.47143
23.48289
23.49388
23.50524
23.51666
23.52763
23.53836
23.54986
23.56081
23.57191
23.58347
23.59474
23.60541
23.61724
23.62866
23.64727
23.65752
23.66768
23.67716
23.68725
23.70151
23.71116
23.72109
23.73075
23.74065
23.75096
23.76277
23.77328
23.78458
23.79538
23.80652
23.81823
23.82887
23.83998
23.85137
23.86252
23.87357
23.88494
23.89946
23.91422
23.92903
23.94371
23.95853
23.97296
23.98837
24.00372
24.02114
24.03699
24.04866
24.06079
24.07335
24.08902
