0.02
0.04
0.14
0.1726294
0.1843987
0.1957765
0.2060098
0.2165991
0.2278612
0.2386989
0.2496834
0.2591705
0.268169
0.2777622
0.2890083
0.3016517
0.3117512
0.3223078
0.3345496
0.3448875
0.3558807
0.3672011
0.3783019
0.3894038
0.4006964
0.411629
0.4253853
0.434429
0.4454097
0.4564681
0.4677873
0.4789983
0.4901173
0.5010445
0.5126453
0.5235048
0.5347489
0.5459093
0.5568246
0.5683237
0.5793654
0.5912261
0.6019688
0.6132764
0.6240919
0.6351278
0.6466757
0.6574883
0.668735
0.6797417
0.6908848
0.702032
0.7131728
0.7245991
0.7356392
0.7472166
0.7583363
0.7695175
0.7805201
0.7916535
0.8025621
0.8138081
0.8256107
0.8361757
0.8472481
0.8588621
0.8695198
0.8858261
0.8970192
0.9086451
0.9253694
0.9377707
0.9476013
0.9595538
0.970061
0.9814553
0.9931642
1.003894
1.014738
1.026152
1.037146
1.048437
1.061545
1.071631
1.081907
1.093692
1.10469
1.115315
1.126829
1.137725
1.148908
1.160409
1.17115
1.182391
1.19389
1.204685
1.216952
1.227237
1.238311
1.249442
1.260914
1.271866
1.282847
1.294123
1.305101
1.316622
1.327994
1.339288
1.350692
1.36217
1.37403
1.384939
1.396376
1.407918
1.41925
1.430583
1.442518
1.453471
1.470418
1.481146
1.494661
1.504398
1.513863
1.52285
1.5384
1.548012
1.55708
1.566826
1.57696
1.587953
1.5985
1.607424
1.618048
1.629337
1.64803
1.658251
1.667725
1.67848
1.689638
1.700082
1.710176
1.720421
1.730063
1.741514
1.752514
1.763317
1.7744
1.785502
1.796717
1.808334
1.819075
1.830389
1.841945
1.852596
1.86378
1.875125
1.885996
1.897267
1.908686
1.920134
1.931448
1.942049
1.953048
1.964357
1.975534
1.986751
1.998267
2.009291
2.020083
2.031359
2.04294
2.05419
2.065558
2.077241
2.08837
2.100134
2.111335
2.123049
2.134238
2.14578
2.157306
2.168624
2.179831
2.191647
2.20694
2.217446
2.22775
2.237508
2.247364
2.256991
2.268438
2.279484
2.290793
2.301749
2.313139
2.323994
2.335233
2.346472
2.35989
2.371522
2.381896
2.391376
2.402784
2.413502
2.425004
2.435714
2.447053
2.458229
2.470513
2.482223
2.493186
2.503893
2.514488
2.526028
2.536565
2.547656
2.559162
2.570309
2.581543
2.592901
2.604166
2.615762
2.62968
2.641244
2.653372
2.672472
2.682568
2.69245
2.702032
2.712702
2.723706
2.738571
2.74961
2.759966
2.77055
2.78176
2.792267
2.80252
2.813451
2.824618
2.835503
2.846905
2.858234
2.868965
2.884017
2.894822
2.90515
2.915503
2.925517
2.937059
2.948103
2.958688
2.969486
2.980915
2.992206
3.003016
3.014395
3.025681
3.036553
3.04796
3.059781
3.0705
3.081705
3.092841
3.103899
3.11477
3.126089
3.137158
3.148318
3.159791
3.170584
3.18235
3.193857
3.20529
3.217386
3.228455
3.239929
3.251846
3.263059
3.274909
3.286038
3.297287
3.309182
3.320684
3.331193
3.343126
3.353737
3.365208
3.376861
3.387937
3.398949
3.41071
3.421498
3.432392
3.443686
3.454769
3.46595
3.477292
3.48853
3.499514
3.510685
3.521935
3.532972
3.54411
3.555235
3.566785
3.577943
3.593719
3.60783
3.61813
3.62853
3.639658
3.651133
3.662124
3.673136
3.684483
3.695555
3.710436
3.721602
3.732542
3.743558
3.754638
3.765232
3.775919
3.787346
3.797815
3.808402
3.81901
3.830128
3.841582
3.852235
3.863148
3.874839
3.885875
3.896837
3.907902
3.919054
3.93032
3.941652
3.952716
3.963563
3.975334
3.985939
3.997445
4.008574
4.019851
4.031424
4.043026
4.054215
4.065992
4.077302
4.088862
4.099803
4.111517
4.122797
4.134284
4.145807
4.157203
4.168737
4.180129
4.192406
4.202546
4.214309
4.233249
4.243858
4.254076
4.265256
4.276671
4.287697
4.29882
4.310342
4.323443
4.334489
4.345321
4.355304
4.365718
4.377231
4.388159
4.399283
4.410904
4.42146
4.433046
4.444205
4.455027
4.466289
4.477527
4.488805
4.499923
4.511283
4.522249
4.533712
4.544621
4.555677
4.566736
4.577956
4.589345
4.600231
4.611582
4.622955
4.634116
4.645611
4.657166
4.668453
4.679641
4.69144
4.702673
4.714085
4.725608
4.736878
4.748593
4.760158
4.771321
4.782825
4.794265
4.805511
4.817623
4.828664
4.839697
4.85108
4.862202
4.8733
4.88466
4.895711
4.911006
4.921749
4.932374
4.942841
4.953736
4.964058
4.974269
4.985332
4.996545
5.006668
5.017556
5.028605
5.038784
5.048988
5.059826
5.070797
5.082356
5.093377
5.104426
5.115466
5.12724
5.13798
5.149086
5.160475
5.171399
5.182539
5.19402
5.204755
5.216182
5.227262
5.238556
5.249696
5.261048
5.27202
5.283493
5.294922
5.305459
5.329079
5.340222
5.350656
5.362115
5.372711
5.383211
5.393788
5.404538
5.415814
5.427178
5.438822
5.449777
5.460953
5.471681
5.483555
5.495061
5.505122
5.516486
5.527783
5.538642
5.549901
5.561109
5.573566
5.589976
5.601576
5.613325
5.624473
5.636295
5.648239
5.659161
5.670797
5.682485
5.694375
5.706335
5.717899
5.729281
5.740172
5.751524
5.762382
5.773294
5.784589
5.796373
5.807289
5.818052
5.829238
5.840273
5.854988
5.86639
5.87801
5.888982
5.900804
5.911886
5.922845
5.934472
5.946078
5.956851
5.968629
5.979698
5.990775
6.002002
6.013201
6.023904
6.035037
6.046401
6.058146
6.079113
6.091057
6.102091
6.113603
6.124832
6.136091
6.147853
6.158959
6.170538
6.181937
6.192985
6.204295
6.215792
6.227005
6.238178
6.249544
6.260744
6.277113
6.288303
6.299494
6.310758
6.321608
6.33286
6.344288
6.355323
6.366712
6.378037
6.388811
6.399767
6.411411
6.422221
6.433424
6.444974
6.455488
6.466398
6.477698
6.489093
6.500491
6.512393
6.523708
6.535629
6.547351
6.558632
6.570279
6.581796
6.593093
6.604649
6.616141
6.627553
6.638996
6.650959
6.662753
6.674607
6.686283
6.697645
6.709823
6.721665
6.733892
6.745443
6.756208
6.767694
6.779449
6.790954
6.80216
6.814014
6.825181
6.835091
6.845522
6.856522
6.867922
6.879037
6.890099
6.901424
6.912344
6.923749
6.934782
6.9514
6.962319
6.972452
6.983016
6.993807
7.003743
7.013832
7.024318
7.035563
7.04645
7.057882
7.069123
7.080281
7.091726
7.10234
7.113997
7.124907
7.136251
7.147466
7.158368
7.169355
7.180516
7.191961
7.2034
7.214786
7.226437
7.237909
7.24917
7.260579
7.271516
7.28287
7.294162
7.305076
7.316382
7.327956
7.339122
7.350659
7.361878
7.373304
7.38464
7.395955
7.407266
7.418551
7.429899
7.442735
7.45339
7.463863
7.477649
7.488157
7.498794
7.50941
7.520273
7.531291
7.542747
7.553688
7.564816
7.57627
7.58725
7.601203
7.612184
7.622332
7.63797
7.64823
7.658779
7.668797
7.679274
7.689551
7.700129
7.710251
7.720199
7.730386
7.740307
7.750489
7.761522
7.772879
7.783756
7.795052
7.806067
7.817265
7.828411
7.839651
7.850835
7.862211
7.873391
7.884423
7.895345
7.906626
7.917858
7.929353
7.940084
7.951439
7.962564
7.97371
7.984735
7.995958
8.007383
8.018353
8.029939
8.040752
8.051838
8.063275
8.074164
8.085843
8.097421
8.108948
8.121302
8.132229
8.143316
8.154443
8.165832
8.177426
8.189043
8.200157
8.211872
8.223179
8.234201
8.2462
8.257369
8.268957
8.280269
8.295408
8.305949
8.316369
8.327594
8.338061
8.348738
8.359597
8.370085
8.380444
8.390229
8.400796
8.41122
8.422508
8.433805
8.444948
8.455865
8.467125
8.478396
8.489701
8.500577
8.511829
8.522978
8.534492
8.545267
8.556759
8.567796
8.578904
8.590731
8.601187
8.612441
8.623618
8.634748
8.645862
8.657153
8.668325
8.679297
8.69059
8.701821
8.713457
8.724611
8.736065
8.747915
8.75911
8.769876
8.78135
8.792841
8.804061
8.815337
8.8269
8.837976
8.849461
8.860877
8.872299
8.883329
8.894621
8.905729
8.91699
8.928139
8.939188
8.950655
8.966879
8.977764
8.987823
8.998205
9.008244
9.017644
9.027583
9.037284
9.047275
9.057199
9.069049
9.079429
9.093208
9.104071
9.114911
9.125226
9.136943
9.148254
9.160175
9.172039
9.1839
9.195914
9.208058
9.220467
9.232537
9.245076
9.256968
9.269258
9.281108
9.292484
9.304602
9.316284
9.328312
9.340261
9.352029
9.364837
9.379152
9.391425
9.403477
9.415164
9.426937
9.438673
9.451376
9.463124
9.474763
9.486521
9.49911
9.512309
9.523829
9.535825
9.547482
9.5588
9.570984
9.582046
9.593592
9.60449
9.616364
9.631834
9.644258
9.656363
9.673038
9.684722
9.701736
9.713781
9.729982
9.741904
9.753669
9.765316
9.777614
9.79001
9.801995
9.814955
9.826633
9.83906
9.85093
9.862371
9.873752
9.885665
9.89732
9.908731
9.92137
9.933093
9.945247
9.958212
9.970582
9.982121
9.994336
10.00561
10.01781
10.02959
10.04098
10.0531
10.06512
10.07816
10.08988
10.10221
10.11469
10.12793
10.1401
10.15199
10.16296
10.17411
10.18559
10.19653
10.20782
10.21888
10.22994
10.24137
10.25249
10.26359
10.27498
10.28617
10.29698
10.30849
10.3193
10.33051
10.3422
10.35888
10.37025
10.38155
10.3931
10.40422
10.41534
10.4269
10.43847
10.44962
10.46089
10.47147
10.48283
10.49408
10.50497
10.51659
10.52793
10.53884
10.54997
10.56155
10.57189
10.58279
10.59464
10.60501
10.61563
10.62651
10.63823
10.65011
10.66184
10.67264
10.68317
10.69368
10.70399
10.71485
10.72521
10.73572
10.74724
10.75716
10.76767
10.7782
10.78868
10.79965
10.81117
10.82192
10.83312
10.845
10.85556
10.86651
10.87834
10.88915
10.90062
10.91157
10.92269
10.93382
10.94488
10.95598
10.96732
10.97856
10.98963
11.00061
11.012
11.02312
11.03446
11.04581
11.05823
11.06861
11.08007
11.10027
11.11194
11.12363
11.13512
11.14607
11.15709
11.16861
11.18743
11.19907
11.21034
11.22203
11.23381
11.24501
11.2555
11.26684
11.27807
11.28849
11.29999
11.31126
11.32266
11.33437
11.34594
11.35907
11.36992
11.38036
11.3918
11.40283
11.41397
11.42555
11.43632
11.44751
11.45896
11.46998
11.48119
11.50218
11.51458
11.52626
11.53721
11.54815
11.55948
11.57038
11.58154
11.59293
11.60391
11.61811
11.62827
11.63821
11.64879
11.65989
11.67093
11.68216
11.69339
11.70445
11.7184
11.72982
11.74098
11.75145
11.76188
11.77211
11.78313
11.79417
11.80516
11.81662
11.82901
11.84064
11.85168
11.8683
11.88029
11.89154
11.90283
11.91431
11.9259
11.93779
11.94952
11.96189
11.97261
11.98442
11.99606
12.00732
12.01905
12.03057
12.04187
12.05341
12.06468
12.07627
12.08775
12.09905
12.11159
12.12278
12.13399
12.14626
12.15767
12.16915
12.18063
12.19203
12.20379
12.21563
12.22723
12.23907
12.25066
12.26297
12.27456
12.28549
12.2969
12.30813
12.31981
12.33116
12.34253
12.35419
12.36617
12.37848
12.38929
12.40044
12.41268
12.42428
12.43649
12.448
12.45964
12.47119
12.4832
12.49498
12.50584
12.51758
12.5302
12.54257
12.55372
12.5701
12.58202
12.59404
12.6053
12.61732
12.62911
12.64015
12.65224
12.66435
12.67654
12.68767
12.69876
12.71008
12.721
12.73238
12.74471
12.75594
12.76705
12.77848
12.78928
12.79977
12.81125
12.82185
12.83264
12.84444
12.85644
12.86824
12.88072
12.89237
12.90396
12.91667
12.92887
12.94037
12.95296
12.96593
12.97817
12.98958
13.00143
13.01331
13.02492
13.03675
13.0494
13.06204
13.07355
13.08582
13.09792
13.11109
13.12414
13.13551
13.1477
13.16023
13.1721
13.1843
TARGET DESTROYED 
13.19621
13.21784
13.23056
13.25626
13.27073
13.28244
13.29488
13.30619
13.31792
13.33049
13.34217
13.35408
13.36605
13.37787
13.38998
13.40263
13.41464
13.42762
13.43935
13.45154
13.46371
13.47622
13.48909
13.50215
13.51399
13.52604
13.53749
13.5492
13.5615
13.57317
13.58496
13.59675
13.61276
13.62493
13.63667
13.64846
13.66118
13.67353
13.68515
13.69706
13.71382
13.72493
13.73593
13.74698
13.75813
13.76928
13.78025
13.79094
13.80191
13.81269
13.82318
13.83467
13.84607
13.85636
13.86719
13.87882
13.88975
13.90065
13.91186
13.92252
13.93334
13.94468
13.96071
13.97194
13.98311
13.99433
14.00543
14.01638
14.02833
14.03932
14.05059
14.06138
14.0724
14.08365
14.09533
14.10633
14.11755
14.12908
14.13994
14.15085
14.16191
14.17305
14.18475
14.19633
14.20769
14.21897
14.23039
14.24163
14.25282
14.26441
14.27552
14.28719
14.2989
14.31032
14.3217
14.33282
14.3443
14.35608
14.36827
14.3798
14.39147
14.40364
14.4154
14.42724
14.43853
14.4508
14.46292
14.47467
14.48617
14.50018
14.5146
14.5279
14.54263
14.55448
14.56574
14.57828
14.58928
14.60071
14.61293
14.62423
14.63613
14.6475
14.66433
14.67723
14.68864
14.70007
14.71155
14.72237
TARGET DESTROYED 
14.73421
14.7505
14.76228
14.77322
14.78502
14.79689
14.808
14.81944
14.8382
14.85112
14.86266
14.87409
14.88506
14.89655
14.90809
14.91982
14.93098
14.94228
14.95377
14.96637
14.97787
14.98908
15.00018
15.01101
15.02182
15.03309
15.04437
15.05551
15.06657
15.07832
15.08888
15.09999
15.11189
15.12289
15.13418
15.1456
15.15616
15.16739
15.17895
15.19817
15.20998
15.22633
15.24403
15.26143
15.27848
15.29009
15.30094
15.31235
15.32334
15.33479
15.34574
15.36105
15.37197
15.38273
15.39365
15.40521
15.41594
15.42652
15.43712
15.44786
15.45833
15.46999
15.4812
15.49256
15.50359
15.51541
15.52598
15.53623
15.54685
15.5583
15.5694
15.58041
15.59188
15.60283
15.61383
15.6282
15.63931
15.65039
15.66155
15.67229
15.68344
15.69415
15.7049
15.716
15.72652
15.73704
15.74834
15.75946
15.77026
15.78173
15.79321
15.80451
15.81616
15.82804
15.8395
15.85108
15.86272
TARGET DESTROYED 
15.87427
15.89026
15.90149
15.91255
15.92987
15.94262
15.95334
15.96348
15.97478
15.98548
15.99628
16.00652
16.02324
16.03424
16.04543
16.05582
16.06674
16.07845
16.08941
16.10038
16.11156
16.12279
16.13377
16.14473
16.15498
16.1659
16.17743
16.18789
16.19874
16.20913
16.21988
16.23112
16.2421
16.25244
16.26288
16.27368
16.28475
16.29567
16.30645
16.31749
16.32889
16.33984
16.35122
16.36227
16.37373
16.38884
16.40391
16.41878
16.43133
16.44486
16.45671
16.46885
16.48135
16.49384
16.50558
16.51745
16.53025
16.54203
16.55335
16.56519
16.57844
16.59007
16.60198
16.61422
16.6261
16.63759
16.64947
16.66189
16.67383
16.68643
16.6978
16.70968
16.721
16.73718
16.74891
16.76123
16.7717
16.78248
16.79364
16.80396
16.81474
16.82545
16.83592
16.84661
16.85719
16.86735
16.87824
16.88853
16.89915
16.90988
16.92091
16.93195
16.9436
16.95442
16.96537
16.97667
16.98792
16.99944
17.0103
17.02137
17.0327
17.04393
17.0548
17.06592
17.07723
17.08834
17.09949
17.11069
17.12217
17.1334
17.14764
17.16016
17.17108
17.18231
17.19381
17.20461
17.21545
17.22691
17.23794
17.24881
17.25994
17.27052
17.28139
17.29254
17.30335
17.31438
17.326
17.33644
17.34767
17.35893
17.37012
17.38808
TARGET DESTROYED 
17.39959
17.42006
17.43169
17.44283
17.4537
17.4653
17.4824
17.49517
17.50582
17.51657
17.52763
17.53868
17.54945
17.56089
17.5714
17.58215
17.59284
17.60728
17.61905
17.62998
17.64059
17.653
17.66422
17.67529
17.68658
17.69801
17.70906
17.71977
17.73073
17.74159
17.75274
17.76378
17.77473
17.78621
17.79769
17.80853
17.81955
17.83094
17.8451
17.85617
17.86727
17.87822
17.88927
17.90041
17.91144
17.92337
17.93456
17.94599
17.95684
17.96778
17.97943
17.99132
18.00259
18.01361
18.02474
18.03594
18.04711
18.05765
18.06888
18.08005
18.09077
18.10622
18.11738
18.1293
18.14001
18.15083
18.16229
18.17294
18.18379
18.19521
18.20657
18.21747
18.22811
18.23905
18.25108
18.2619
18.27259
18.28378
18.29523
18.3065
18.31702
18.32852
18.33924
18.35046
18.36177
18.37281
18.38421
18.39534
18.40662
18.41755
18.42875
18.43981
18.45105
18.4625
18.47323
18.48464
18.4963
18.50728
18.51819
18.53006
18.54111
18.55177
18.56295
18.57378
18.58498
18.59618
18.60776
18.61853
18.63027
18.64205
18.6536
TARGET DESTROYED 
18.6651
18.68174
18.69331
18.70413
18.71552
18.73251
18.74409
18.75429
18.76443
18.78037
18.79048
18.80146
18.81152
18.82111
18.8311
18.84234
18.85297
18.86458
18.87629
18.88668
18.89799
18.9093
18.9203
18.93137
18.94256
18.95359
18.96495
18.97635
18.98721
18.99829
19.00972
19.02068
19.03208
19.04325
19.05407
19.0658
19.07721
19.08791
19.09906
19.11071
19.12165
19.13371
19.14485
19.15642
19.16778
19.179
19.18966
19.20167
19.21258
19.22367
19.23454
19.24602
19.25698
19.26781
19.27961
19.29084
19.30219
19.31389
19.32574
19.337
19.34872
19.36036
19.37112
19.3829
19.39447
19.40608
19.41747
19.42887
19.44053
19.45209
19.46384
19.47984
19.49136
19.50278
19.51446
19.5255
19.53644
19.54782
19.55847
19.56952
19.58107
19.59202
19.60266
19.61838
19.63072
19.64221
19.6545
19.66714
19.68006
19.69222
19.70395
19.71662
19.72904
19.74151
19.75343
19.76564
19.7778
19.79153
19.80357
19.81608
19.82824
19.84044
19.85246
19.86446
19.87689
19.88882
19.90151
19.91405
19.92579
19.93795
19.94997
19.9622
19.9827
20.00331
20.02395
20.04489
20.06522
20.08478
20.09713
20.10938
20.12165
20.13503
20.14762
20.15976
20.1715
20.1844
20.19641
20.20904
20.22625
20.23839
20.25049
20.26254
20.27556
20.28751
20.29973
20.3121
20.32465
20.33638
20.34834
20.36063
20.37238
20.38467
20.39635
20.40847
20.42092
20.43281
20.44514
20.45672
20.46982
20.48295
20.49573
20.50723
20.51965
20.5322
20.54525
20.55723
20.56915
TARGET DESTROYED 
20.58202
20.60042
20.61984
20.63348
20.64474
20.65648
20.66901
20.68219
20.69507
20.70763
20.71978
20.73186
20.74491
20.75716
20.76922
20.78247
20.79541
20.80689
20.8192
20.83088
20.84307
20.85465
20.86643
20.87862
20.89098
20.90286
20.91482
20.92728
20.93851
20.95534
20.96649
20.97784
20.98898
20.99979
21.01106
21.02158
21.03251
21.04331
21.05415
21.06516
21.07612
21.08714
21.09865
21.1098
21.12054
21.13185
21.14301
21.15428
21.16622
21.17677
21.18782
21.1987
21.2101
21.22132
21.23246
21.24355
21.25461
21.2658
21.27705
21.28814
21.29936
21.31063
21.32154
21.33278
21.34398
21.35519
21.3663
21.37778
21.38863
21.39989
21.4112
21.42233
21.43746
21.44867
21.4598
21.47056
21.48142
21.49246
21.50359
21.5141
21.52461
21.53618
21.54762
21.55961
21.57009
21.58134
21.59308
21.60823
21.61939
21.63044
21.64076
21.65267
21.66372
21.67428
21.69058
21.70206
21.71274
21.72365
21.73498
21.74598
21.75732
21.76852
21.77983
21.79072
21.80182
21.81344
21.82429
21.83534
21.84686
21.85815
21.86904
21.88016
21.89133
21.90273
21.91401
21.92567
21.93674
21.94746
21.95884
21.96944
21.98055
21.99222
22.00351
22.01455
22.02567
22.03641
22.04764
22.05936
22.07004
22.08122
22.09239
22.10371
22.11463
22.12604
22.13729
22.14851
22.15992
22.17121
22.18257
22.19409
22.20556
22.217
22.2286
22.23994
22.25161
22.26313
22.27474
22.28598
22.29748
22.30958
22.3216
22.33272
22.34349
22.35426
22.36553
22.37778
22.38808
22.39898
22.41038
22.4261
22.43739
22.44837
22.45967
22.47235
22.48323
22.49455
22.50553
22.51671
22.52827
22.5393
22.55031
22.56202
22.57317
22.5842
22.59571
22.6062
22.61719
22.62882
22.63983
22.65093
22.66227
TARGET DESTROYED 
22.67341
22.71975
22.73304
22.74434
22.75513
22.76628
22.77772
22.78918
22.8097
22.82206
22.83335
22.84427
22.85495
22.86629
22.87734
22.88804
22.89917
22.91037
22.92147
22.93336
22.94464
22.95502
22.96511
22.97512
22.98596
22.99713
23.00856
23.01956
23.03066
23.04189
23.05288
23.06415
23.07565
23.08811
23.09813
23.11303
23.12342
23.13345
23.14395
23.15434
23.16492
23.17604
23.1873
23.19836
23.20953
23.22042
23.2318
23.243
23.25423
23.26529
23.27658
23.28751
23.29893
23.30998
23.32101
23.33238
23.34367
23.35518
23.36693
23.37966
23.39012
23.40178
23.41353
23.42433
23.43569
23.44667
23.45802
23.46916
23.48034
23.49205
23.50313
23.51432
23.52608
23.53704
23.54847
23.55996
23.57104
23.58228
23.59423
23.60901
23.61982
23.63156
23.64524
23.65868
23.67433
23.68653
23.69989
23.71377
23.72783
23.74147
23.7539
23.76633
23.77911
23.79038
23.80186
23.81328
23.82944
23.84077
23.8516
23.86282
23.87551
23.89719
23.92067
23.94305
23.96522
23.98815
24.01047
24.03197
24.05379
24.06513
24.0808
24.10334
24.12592
24.14806
24.17026
24.19293
24.21546
24.23723
24.25956
24.28405
24.30412
24.32704
24.34896
24.37425
