0.02
0.04
0.14
0.1761794
0.1895142
0.2028043
0.2147189
0.2245861
0.234122
0.2436658
0.2529781
0.2632286
0.2745956
0.2857938
0.2973144
0.3101702
0.3205828
0.3302948
0.3443106
0.354378
0.3639889
0.3751409
0.3861576
0.3974338
0.4085669
0.4197038
0.4309328
0.4420053
0.4535857
0.4648814
0.4754509
0.486858
0.4980247
0.5090757
0.5204545
0.5318013
0.5425866
0.5538628
0.5650758
0.576086
0.5873857
0.5992553
0.6097212
0.6206544
0.6321821
0.6431988
0.6544467
0.6658679
0.6764541
0.6877238
0.6992955
0.7100362
0.7213076
0.732655
0.743688
0.7549437
0.766311
0.7771387
0.7882821
0.7995865
0.8105538
0.8221126
0.8329833
0.8440599
0.8555212
0.8666171
0.877575
0.8939099
0.905001
0.9166592
0.9273217
0.9384176
0.9497756
0.9608355
0.9719086
0.9833215
0.9944013
TARGET DESTROYED 
1.005507
1.024513
1.036488
1.045794
1.056429
1.06801
1.085903
1.096365
1.111113
1.123435
1.134665
1.145778
1.157105
1.168066
1.179185
1.190283
1.201612
1.212721
1.224221
1.235255
1.246326
1.257322
1.268638
1.280021
1.290874
1.30214
1.31342
1.324514
1.335586
1.34688
1.357795
1.36941
1.390255
1.39989
1.419436
1.428847
1.43855
1.448169
1.458372
1.469711
1.480932
1.491991
1.50319
1.514971
1.525641
1.5367
1.548246
1.559056
1.570117
1.581617
1.592591
1.603898
1.615317
1.626041
1.637278
1.648617
1.65949
1.670858
1.682143
1.693135
1.704444
1.715705
1.726536
1.737829
1.749292
1.760096
1.771234
1.78254
1.793602
1.804901
1.816084
1.827182
1.838259
1.849593
1.860749
1.871855
TARGET DESTROYED 
1.883245
1.901863
1.911414
1.921086
1.930693
1.940166
1.950057
1.96118
1.972242
1.983721
1.995099
2.0058
2.017448
2.034484
2.04489
2.054791
2.064603
2.074725
2.084849
2.095104
2.106664
2.117602
2.128706
2.13981
2.151192
2.162664
2.174412
2.184551
2.195634
2.206833
2.218106
2.229107
2.240391
2.251492
2.262749
2.273993
2.285088
2.296249
2.30745
2.318797
2.329926
2.340853
2.352042
2.363221
2.374593
2.385666
2.396771
2.407902
2.419331
2.43086
2.442023
2.453495
2.465173
2.476495
2.487987
2.499623
2.510534
2.522115
2.533544
2.544856
2.556458
2.567859
2.579151
2.590531
2.601889
2.613595
2.624906
2.636142
2.648061
2.658478
2.672887
2.683483
2.692991
2.703156
2.713046
2.724225
2.735509
2.74658
2.758077
2.768851
2.780181
2.791276
2.802644
2.81395
2.824914
2.83616
TARGET DESTROYED 
2.847395
2.861878
2.872713
2.883044
2.892752
2.902756
2.914342
2.92538
2.936412
2.947778
2.95915
2.97599
2.987847
2.998838
3.011346
3.022252
3.033709
3.044553
3.055736
3.066992
3.078034
3.0892
3.100657
3.111928
3.122945
3.133912
3.145023
3.156179
3.167534
3.178609
3.189684
3.200964
3.21206
3.223159
3.234609
3.245693
3.256846
3.268191
3.279228
3.290224
3.301551
3.312502
3.324067
3.335069
3.346081
3.357364
3.368455
3.379766
3.390986
3.402003
3.413223
3.424678
3.439657
3.4507
3.460751
3.470907
3.481457
3.492711
3.504111
3.5158
3.527161
3.538752
3.550131
3.561084
3.572395
3.583743
3.594833
3.605955
3.617101
3.628315
3.63938
3.650471
3.661691
3.672923
3.684172
3.695197
3.706372
3.717577
3.728866
3.740055
3.751082
3.76224
3.773413
3.78469
3.795795
3.807179
3.818361
3.829693
3.841183
3.852815
3.863887
3.874861
3.886558
3.898305
3.908821
3.920101
3.932139
3.942929
3.95414
3.965803
3.976653
3.987782
3.999401
4.010154
4.021235
4.032798
TARGET DESTROYED 
4.043759
4.059012
4.075935
4.087523
4.097543
4.107671
4.118132
4.128286
4.139366
4.150572
4.161559
4.172761
4.184443
4.19494
4.210322
4.221029
4.231243
4.241379
4.251469
4.262043
4.273217
4.284544
4.295747
4.306677
4.318019
4.329302
4.340272
4.351451
4.362849
4.373739
4.385158
4.396183
4.407321
4.418466
4.429609
4.440733
4.452052
4.464028
4.474496
4.485401
4.496784
4.507869
4.519263
4.530175
4.54165
4.553163
4.564984
4.576022
4.587483
4.599184
4.610552
4.621947
4.63364
4.645071
4.656609
4.668267
4.679796
4.691056
4.702464
4.714297
4.725152
4.736164
4.747792
4.759792
4.769619
4.781212
4.792418
4.803924
4.815217
4.825519
4.837821
4.848207
4.859108
4.870423
4.881884
4.892537
4.903719
4.91553
4.926223
4.937181
4.949172
4.959644
4.970916
4.982331
4.994023
5.008577
5.018897
5.028003
5.03851
5.048007
5.057549
5.068766
5.07995
5.091258
5.102403
5.11382
5.124852
5.136178
5.147614
5.158165
5.169326
5.181124
5.191951
5.204193
5.216391
5.226722
5.236703
5.247709
5.258679
5.269821
5.281115
5.292258
5.30387
5.31491
5.325652
5.336939
5.348374
5.359243
5.370623
5.382199
5.393158
5.404821
5.416157
5.427188
5.438653
5.449881
5.46139
5.472602
5.483826
5.495537
5.5064
TARGET DESTROYED 
5.517959
5.531669
5.541421
5.551453
5.562597
5.573637
5.584914
5.59598
5.607341
5.618917
5.634775
5.645393
5.655272
5.665047
5.674898
5.684625
5.693983
5.703749
5.71481
5.725636
5.736838
5.748276
5.75923
5.773654
5.783778
5.793323
5.80405
5.815229
5.826294
5.837845
5.848652
5.859598
5.871244
5.882479
5.893488
5.904353
5.915893
5.927008
5.938025
5.949343
5.960275
5.971467
5.982859
5.994439
6.005062
6.016622
6.027703
6.039143
6.050718
6.061842
6.073431
6.08507
6.096245
6.107773
6.119006
6.130338
6.141699
6.153141
6.164734
6.175874
6.187339
6.199008
6.209877
6.221546
6.232958
6.244648
6.255483
6.266541
6.277792
6.288904
6.300101
6.311252
6.32244
6.333982
6.344749
6.355882
6.367127
6.37792
6.389462
6.400694
6.411592
6.422972
6.434168
6.445397
6.456392
6.467449
6.478889
6.489866
6.50109
6.512294
6.523413
6.534626
6.545756
6.55716
6.5714
6.581194
6.590929
6.600304
6.611239
6.622633
6.633876
6.644856
6.655972
6.667163
6.67819
6.689424
6.700844
6.712124
6.722992
6.734277
6.745275
6.756471
6.768082
6.778817
6.789958
6.801263
6.812748
6.823575
6.834719
6.846072
6.857135
6.868289
6.879431
6.890467
6.901773
6.912833
6.924144
6.93553
6.947034
6.958178
6.969335
6.981038
6.992254
7.003126
7.01488
7.025978
7.037009
7.048789
7.059611
7.070738
7.082007
7.093068
7.104239
7.115574
7.126505
7.137691
7.149102
7.163572
7.173169
7.183102
7.192315
7.203043
7.214659
7.225356
7.236566
7.247993
7.25923
7.269987
7.281404
7.292382
7.303574
7.31517
7.325949
7.337564
7.34841
7.36277
7.372638
7.382192
7.392848
7.404209
TARGET DESTROYED 
7.415572
7.428638
7.438657
7.449198
7.459978
7.471305
7.482534
7.493733
7.509355
7.52016
7.529668
7.538849
7.548592
7.559253
7.570492
7.581887
7.592907
7.60447
7.615425
7.626361
7.637528
7.649223
7.659971
7.671103
7.682513
7.693558
7.704578
7.715919
7.726882
7.738046
7.749399
7.760487
7.771647
7.782937
7.794059
7.805573
7.816465
7.82814
7.839348
7.850259
7.861163
7.872261
7.883644
7.895137
7.90628
7.917831
7.929103
7.940356
7.951636
7.963536
7.974387
7.985801
7.997539
8.008184
8.019803
8.031293
8.042249
8.053694
8.065556
8.076046
8.087062
8.098563
8.109889
8.121233
8.132257
8.143842
8.154765
8.165887
8.181237
8.192586
8.20365
8.214478
8.22505
8.236145
8.247017
8.258186
8.269143
8.280177
8.290998
8.302259
8.313087
8.324331
8.335405
8.346107
8.357343
8.368705
8.378235
8.387843
8.397421
8.406572
8.417329
8.428391
8.439998
8.450881
8.462002
8.473322
8.484485
8.495614
8.506857
8.517901
8.528995
8.540172
8.551198
8.562591
8.573865
8.58511
8.596366
8.607092
8.618286
8.629531
8.640798
8.651885
8.662966
8.674313
8.685571
8.696706
8.707598
8.718913
8.730167
8.741367
8.752887
8.7645
8.775996
8.787012
8.798651
8.809941
8.821149
8.832771
8.844017
8.855477
8.866965
8.878416
8.890037
8.901242
8.912849
8.923946
8.935481
8.946977
8.958105
8.969567
8.981016
8.992
9.003178
9.017843
9.027369
9.037012
9.0468
9.057303
9.068621
9.080437
9.090805
9.101804
9.11294
9.12406
9.135476
9.146499
9.157648
9.168968
9.180214
9.191206
9.202443
9.213464
9.225036
9.235902
9.247342
9.258284
9.269398
9.280762
9.291842
9.3029
9.314705
9.325303
9.33645
9.347807
9.359517
9.369875
9.38182
9.392535
9.403832
9.415323
9.426579
9.437786
9.449506
9.460322
9.471809
9.482949
9.49423
9.505714
9.51703
9.52814
9.53954
9.550494
9.562135
9.572749
9.584155
9.595033
9.606337
9.617444
9.628598
9.639841
9.651116
9.662243
9.673388
9.684614
9.695894
9.707235
9.718191
9.729164
9.740363
9.75158
9.762696
9.773952
9.784931
9.796234
9.807253
9.818978
9.829759
9.840916
9.852701
9.868395
9.878469
9.888849
9.89866
9.908216
9.919331
9.929133
9.939105
9.948481
9.959128
9.970315
9.981838
9.992842
10.00403
10.01539
10.02622
10.03726
10.04865
10.05977
10.07082
10.08241
10.0933
10.10462
10.11555
10.12668
10.13786
10.14941
10.16042
10.17147
10.18274
10.19377
10.2055
10.21624
10.22729
10.23845
10.25019
10.26122
10.27358
10.28409
10.29533
10.30674
10.31839
10.32963
10.34097
10.3531
10.36384
10.37523
10.38648
10.39822
10.4094
10.42068
10.43257
10.44367
10.45488
10.46653
10.47771
10.48864
10.50007
10.51127
10.52238
10.53339
10.54472
10.55598
10.56697
10.578
10.58934
10.60053
10.61161
10.62274
10.63438
10.64504
TARGET DESTROYED 
10.65613
10.68465
10.69419
10.70367
10.71362
10.72322
10.73338
10.74235
10.75215
10.76309
10.77435
10.78564
10.80362
10.81456
10.8244
10.83388
10.84346
10.85428
10.86356
10.87478
10.88622
10.89744
10.90817
10.91923
10.93077
10.94203
10.95324
10.9643
10.97522
10.98638
10.99789
11.00896
11.01999
11.03127
11.04221
11.05354
11.06491
11.07565
11.08685
11.09843
11.10952
11.1281
11.13848
11.14859
11.1581
11.1681
11.17733
11.19026
