0.02
0.04
0.14
0.1881225
0.2006482
0.2110563
0.2223655
0.2331576
0.2440877
0.2552352
0.2664534
0.2775916
0.2913482
0.3005026
0.3112379
0.3225077
0.3335853
0.3447983
0.3559911
0.3669465
0.3779856
0.3893817
0.4004103
0.4116897
0.4230749
0.4339225
0.448128
0.457931
0.4674896
0.4787129
0.4907151
0.5013512
0.5121456
0.5237291
0.5346784
0.5455414
0.5570813
0.567952
0.5790819
0.5904906
0.6017931
0.6126083
0.624049
0.6350586
0.6463181
0.6575529
0.6684275
0.6796741
0.6912885
0.7021043
0.7132015
0.7252066
0.7354443
0.7468725
0.7582828
0.768988
0.7802956
0.7914313
0.8024544
0.8137944
0.8248171
0.8360686
0.8472852
0.8589739
0.869508
0.8807833
0.8921573
0.9085525
0.9191332
0.9305422
0.9418825
0.9529232
0.9639931
0.9754633
0.9861101
0.9974912
1.009348
1.019724
1.030923
1.042158
1.053165
1.064855
1.075895
1.086773
1.097798
1.10917
1.120288
1.131413
1.142766
1.153681
1.164941
1.176098
1.187199
TARGET DESTROYED 
1.204794
1.214743
1.225355
1.244648
1.255919
1.265369
1.274913
1.284092
1.294015
1.305349
1.316344
1.327505
1.338593
1.350095
1.361161
1.372539
1.384081
1.394485
1.405753
1.416895
1.427946
1.439322
1.45033
1.461842
1.473102
1.483976
1.495167
1.510148
1.519687
1.528865
1.541478
1.550878
1.562012
1.573251
1.584421
1.59571
1.607005
1.617813
1.628949
1.640675
1.651459
1.662546
1.674173
1.684923
1.69635
1.707717
1.718418
1.729705
1.740965
1.751944
1.763095
1.774363
1.785778
1.796581
1.808436
1.819809
1.831709
1.84351
1.855216
1.866351
1.877806
1.889408
1.900419
1.911847
1.923713
1.934546
1.94574
1.957559
1.968382
1.979515
1.991547
2.002412
2.013935
2.025224
2.036212
2.047554
2.058675
2.069872
2.080923
TARGET DESTROYED 
2.094861
2.104422
2.114406
2.124901
2.135805
2.14686
2.158273
2.169675
2.186374
2.197761
2.210348
2.221282
2.232394
2.243906
2.254882
2.266042
2.277188
2.288352
2.299564
2.310889
2.322124
2.333299
2.344114
2.355441
2.366519
2.377684
2.389111
2.399969
2.4112
2.422645
2.433567
2.444729
2.456076
2.467071
2.478368
2.489582
2.500769
2.511896
2.523125
2.534228
2.545279
2.556585
2.567781
2.579171
2.594256
2.606372
2.616489
2.626572
2.636314
2.647477
2.658921
2.669857
2.681136
2.692288
2.70346
2.714764
2.725704
2.736819
2.747927
2.759306
2.770715
2.781633
2.793094
2.803834
2.814981
2.826337
2.837347
2.848559
2.86012
2.871187
2.882219
2.896481
2.906352
2.916183
2.926926
2.937951
2.949292
2.960394
2.972026
2.982963
2.994405
3.00586
3.017117
3.028482
3.040046
3.05109
3.062543
3.073605
3.084589
3.095887
3.1075
3.118326
3.12934
3.140742
3.151837
3.162669
3.174612
3.185084
3.196372
3.207735
3.218802
3.229887
3.24125
3.25224
3.263588
3.275721
3.286003
3.297265
3.308672
3.319908
3.331376
3.342539
3.353952
3.365061
3.37663
3.387673
3.398866
3.410206
3.421478
3.432389
3.443588
3.454665
3.465888
3.477369
3.488237
3.499441
3.510662
3.521781
3.533237
3.544173
3.555306
3.566305
3.577946
3.588827
3.599847
3.611209
3.622519
TARGET DESTROYED 
3.636105
3.646057
3.655485
3.665963
3.677077
3.692032
3.701309
3.711217
3.720936
3.732427
3.749243
3.760811
3.770361
3.779958
3.789507
3.799698
3.809813
3.820179
3.830384
3.841054
3.851885
3.863497
3.874563
3.885532
3.89656
3.908025
3.918843
3.929988
3.941601
3.952266
3.963534
3.974976
3.986418
3.997104
4.008443
4.019322
4.030509
4.04233
4.052957
4.063992
4.075603
4.086248
4.097654
4.108948
4.119913
4.131182
4.142499
4.153473
4.164592
4.176162
4.187643
4.199182
4.210591
4.222064
4.233394
4.245093
4.256262
4.267527
4.279185
4.290882
4.301793
4.313667
4.325095
4.336309
4.347529
4.359266
4.370442
4.381754
4.39304
4.404103
4.415297
4.426503
4.437768
4.448723
4.460307
4.471214
4.482342
4.493411
4.504716
4.51649
4.527084
4.538465
4.549222
4.560617
4.571728
4.582767
4.594098
4.605511
4.616377
4.627632
4.638659
4.650035
4.661094
4.672547
4.683369
4.69451
4.70592
4.716825
4.728044
4.739389
4.750359
4.761648
4.776363
4.78603
4.79588
4.821567
4.832113
4.84219
4.85164
4.862006
4.871884
4.881427
4.891417
4.901928
4.912851
4.924511
4.935157
4.946683
4.95786
4.969011
4.980067
4.991753
5.002378
5.013511
5.024799
5.035944
5.046931
5.058259
5.069358
5.080785
5.092071
5.102933
5.114327
5.125373
5.136316
5.147933
5.158869
5.16978
TARGET DESTROYED 
5.185074
5.19572
5.206094
5.216506
5.227064
5.237809
5.248223
5.259535
5.270383
5.281669
5.292938
5.304228
5.322358
5.334273
5.344821
5.355103
5.365963
5.376626
5.387082
5.397828
5.408316
5.418296
5.42908
5.439232
5.449426
5.460641
5.471429
5.483021
5.494529
5.505018
5.51605
5.527332
5.538641
5.549533
5.560956
5.572091
5.583154
5.594557
5.605545
5.616855
5.627957
5.63915
5.650318
5.66156
5.672568
5.683554
5.695437
5.706362
5.717118
5.728479
5.739663
5.751019
5.762357
5.774196
5.785314
5.796667
5.808237
5.820115
5.831274
5.842576
5.85397
5.86554
5.880719
5.891335
5.901602
5.912257
5.922979
5.933357
5.944479
5.954841
5.965688
5.97726
5.988246
5.999245
6.010456
6.021754
6.032858
6.043924
6.055361
6.066351
6.077385
6.088809
6.099715
6.111079
6.122928
6.133308
6.144437
6.155917
6.166701
6.177976
6.189179
6.200347
6.211465
6.223258
6.233962
6.245386
6.256578
6.268357
6.279048
6.290944
6.302456
6.313066
6.324661
6.335583
6.346822
6.358559
6.369689
6.38114
6.392557
6.403887
6.414625
6.425963
6.437052
6.448083
6.459398
6.474984
6.485256
6.496438
6.50704
6.517531
6.529261
6.539705
6.55046
6.562048
6.57258
6.583015
6.593886
6.604407
6.615173
6.626159
6.636467
6.646912
6.65745
6.668139
6.679053
6.689519
6.700177
6.711443
6.722823
6.733837
6.744869
6.756271
6.767493
6.778438
6.789685
6.800779
6.81191
6.823441
6.834125
6.845403
6.856966
6.867873
6.878949
6.890503
6.90129
6.912323
6.923908
6.935112
6.946343
6.95809
6.969156
6.98104
6.992267
7.007718
7.017519
7.027484
7.037545
7.048889
7.060257
7.071246
7.082504
7.093668
7.10481
7.116055
7.127117
7.138151
7.149486
7.160783
7.171774
7.182879
7.194393
7.205457
7.216689
7.2276
7.238856
7.250105
7.263932
7.27513
7.286178
7.296233
7.306191
7.316979
7.328219
7.34236
