0.02
0.04
0.14
0.1816905
0.1951471
0.2041912
0.213796
0.2230482
0.2327195
0.2420756
0.251966
0.2627834
0.2735688
0.2848963
0.296687
0.30726
0.3182321
0.3299513
0.3407871
0.3519208
0.3632448
0.3743157
0.3852884
0.3969746
0.4079514
0.4189399
0.4303922
0.444281
0.4541046
0.4636773
0.474684
0.4857321
0.4977057
0.5082062
0.5194374
0.5308285
0.5419074
0.552968
0.5643866
0.5751973
0.5865825
0.5979537
0.6089748
0.620676
0.6313722
0.6423289
0.6534366
0.6647121
0.6759579
0.6870733
0.6982558
0.7092064
0.7211643
0.7316843
0.749483
0.7609835
0.7706277
0.7805765
0.7896237
0.7988493
0.8102038
0.8212513
0.832301
0.8434061
0.8543885
0.8657095
0.8767708
0.888166
0.8997954
0.9103925
0.9232435
0.9330333
0.9438778
0.955238
0.9661308
0.9774439
0.988935
0.9999728
1.01168
1.022142
1.033293
1.044467
1.055585
1.066818
1.078491
1.089162
1.100637
1.111631
1.12337
1.134137
1.145923
1.157079
1.168377
1.180035
1.191226
1.202704
1.214066
1.225598
1.237225
1.248428
1.259617
1.271028
1.28248
1.293878
1.305366
1.316645
1.32832
1.339415
1.350782
1.362415
1.373336
1.384316
1.396257
1.406778
1.418306
1.429597
1.440266
1.451763
1.462866
1.473795
1.48511
1.497253
1.50733
1.518485
1.530005
1.540731
1.55216
1.566766
1.576388
1.586735
1.600528
1.609629
1.619128
1.62822
1.638077
1.648812
1.659888
1.671045
1.682238
1.693378
1.70477
1.723159
1.734325
1.745402
1.756793
1.767099
1.77728
1.788321
1.799231
1.809463
1.819597
1.829586
1.839362
1.850055
1.86083
1.871232
1.882158
1.893313
1.904392
1.915842
1.92675
1.937928
1.949146
1.960314
1.97147
1.98306
1.99373
2.006599
2.019309
2.031745
2.043355
2.053728
2.064911
2.075809
2.087047
2.097819
2.108375
2.118427
2.128807
2.139995
2.150669
2.161583
2.172699
2.183945
2.195496
2.206888
2.221079
2.231844
2.242554
2.258701
2.270354
2.281679
2.291941
2.302809
2.313478
2.323814
2.335126
2.34603
2.356365
2.367652
2.377858
2.388913
2.40004
2.410904
2.421876
2.432926
2.442981
2.453429
2.463307
2.474649
2.4854
2.497289
2.507859
2.51884
2.530285
2.54116
2.552343
2.564039
2.574877
2.585937
2.597181
2.608063
2.619298
2.630814
2.641701
2.652788
2.664227
2.675216
2.686615
2.698164
2.709473
2.720896
2.732661
2.743814
2.755728
2.767123
2.77843
2.789607
2.800809
2.812928
2.823633
2.834987
2.846682
2.857823
2.868865
2.880893
2.89178
2.903136
2.919044
2.929825
2.940871
2.951448
2.961871
2.972068
2.982988
2.992951
3.00373
3.014342
3.024523
3.035494
3.045882
3.056381
3.067318
3.077344
3.088313
3.099876
3.110655
3.122539
3.133195
3.144263
3.155509
3.166802
3.177968
3.188951
3.200206
3.211268
3.222405
3.233728
3.24501
3.25631
3.267051
3.27861
3.289423
3.300857
3.312173
3.32323
3.334605
3.346236
3.357364
3.368963
3.380321
3.391659
3.403192
3.414902
3.426455
3.437313
3.448855
3.460172
3.471253
3.482754
3.494368
3.505528
3.51681
3.528608
3.539524
3.550897
3.562512
3.574555
3.590158
3.601998
3.613389
3.62553
3.636231
3.647308
3.65844
3.669829
3.680477
3.692083
3.703071
3.7141
3.725399
3.73645
3.747628
3.758856
3.770653
3.781099
3.792123
3.803219
3.814574
3.826602
3.841275
3.851776
3.862728
3.873126
3.883603
3.893965
3.904124
3.915122
3.926032
3.940513
3.951529
3.962846
3.973647
3.98483
3.996417
4.007123
4.018438
4.030285
4.04136
4.052495
4.063807
4.07478
4.085843
4.097506
4.108118
4.119097
4.130346
4.140822
4.151802
4.163375
4.174344
4.186668
4.198216
4.208987
4.219981
4.231325
4.242334
4.259567
4.27098
4.282762
4.293839
4.305891
4.317298
4.328454
4.339579
4.351485
4.362118
4.372942
4.384266
4.395393
4.407056
4.419411
4.432297
4.443463
4.454986
4.466331
4.476947
4.48847
4.500242
4.51182
4.523427
4.534476
4.545794
4.55743
4.568764
4.579844
4.591142
4.601945
4.612848
4.62419
4.635365
4.647318
4.659287
4.67033
4.681819
4.692789
4.703506
4.714547
4.725591
4.736579
4.748172
4.759633
4.771323
4.783134
4.793821
4.805006
4.816463
4.82759
4.838965
4.850782
4.862175
4.87317
4.884381
4.895265
4.905991
4.918252
4.933856
4.944925
4.956495
4.968641
4.979512
4.990845
5.002007
5.013019
5.024165
5.035222
5.046101
5.057361
5.068767
5.079643
5.090576
5.101423
5.113031
5.124363
5.135561
5.147156
5.158107
5.169015
5.179641
5.190478
5.201673
5.212616
5.223542
5.234526
5.245182
5.257245
5.268499
5.279541
5.290635
5.301677
5.31228
5.323212
5.3344
5.344846
5.355911
5.367063
5.378427
5.389356
5.40039
5.411977
5.423151
5.437739
5.449451
5.460575
5.472472
5.483663
5.49454
5.507442
5.518479
5.529872
5.541102
5.551706
5.562137
5.572586
5.582872
5.59294
5.60409
5.615159
5.630845
5.645144
5.656759
5.668703
5.680156
5.691413
5.702268
5.713641
5.724593
5.735973
5.747259
5.758219
5.769034
5.781091
5.79283
5.803936
5.81535
5.826112
5.837467
5.848762
5.85982
5.871114
5.882597
5.893869
5.90447
5.915514
5.92653
5.937552
5.948298
5.959031
5.970256
5.981514
5.99248
6.003635
6.0149
6.026125
6.037401
6.048467
6.05974
6.07112
6.082351
6.09408
6.10521
6.116713
6.128698
6.139934
6.151114
6.162854
6.173862
6.185433
6.196979
6.208326
6.219754
6.231673
6.242627
6.254107
6.265373
6.276827
6.287851
6.304268
6.315972
6.327198
6.338044
6.349949
6.361171
6.372544
6.383648
6.395275
6.406041
6.417424
6.428486
6.439231
6.450513
6.462138
6.472889
6.484015
6.495624
6.508467
6.519429
6.530622
6.541867
6.552543
6.563976
6.574841
6.585591
6.596515
6.607587
6.61865
6.629566
6.640473
6.651534
6.663068
6.674142
6.685551
6.696806
6.708193
6.719248
6.730303
6.741071
6.752104
6.763721
6.774914
6.785657
6.798315
6.809023
6.820069
6.832121
6.843715
6.855107
6.867362
6.879047
6.890464
6.901947
6.913713
6.925621
6.937499
6.949343
6.961502
6.973563
6.989335
7.001017
7.01205
7.023132
7.03397
7.045295
7.056422
7.072175
7.083756
7.095488
7.107276
7.118746
7.130124
7.141674
7.15322
7.165776
7.177589
7.188936
7.200833
7.212339
7.224487
7.236962
7.249124
7.261267
7.273229
7.28513
7.296957
7.308805
7.321626
7.333581
7.34463
7.356066
7.368393
7.379632
7.391798
7.407516
7.419433
7.431523
7.443409
7.454895
7.467374
7.478996
7.4905
7.50359
7.515624
7.526911
7.538426
7.549769
7.560698
7.571813
7.582961
7.594266
7.606189
7.621592
7.634184
7.645765
7.657409
7.668918
7.680272
7.692061
7.708652
7.720488
7.732648
7.743806
7.755337
7.767757
7.780017
7.791351
7.803709
7.815573
7.827277
7.843911
7.856254
7.867976
7.880621
7.892633
7.904088
7.91577
7.927692
7.939978
7.952008
7.963367
7.976377
7.988358
8.000716
8.01293
8.024798
8.036963
8.049386
8.060782
8.072733
8.084527
8.096568
8.108578
8.120214
8.1321
8.144269
8.156227
8.168202
8.179982
8.191501
8.204124
8.21639
8.22788
8.239972
8.251889
8.264244
8.275922
8.288424
8.300887
8.313096
8.324917
8.336984
8.349425
8.36085
8.37254
8.384168
8.395774
8.407554
8.419352
8.431495
8.448206
8.460292
8.472311
8.484711
8.4961
8.508573
8.520713
8.533116
8.544635
8.557159
8.569124
8.582236
8.593988
8.606561
8.617518
8.629208
8.639956
8.651279
8.662754
8.674201
8.68614
8.697563
8.713282
8.725078
8.737366
8.749789
8.762342
8.773911
8.785591
8.7972
8.811152
8.823358
8.835914
8.84798
8.859563
8.871263
8.884178
8.896934
8.908836
8.920458
8.932262
8.944542
8.956921
8.969926
8.983216
8.994696
9.006474
9.019043
9.030941
9.043175
9.055303
9.067645
9.079373
9.091924
9.103883
9.116395
9.128066
9.139935
9.152212
9.168283
9.181334
9.193427
9.206153
9.218782
9.230999
9.242994
9.255225
9.266955
9.279763
9.291941
9.303267
9.314521
9.325567
9.336699
9.348449
9.3599
9.371463
9.384386
9.395753
9.407209
9.419465
9.431388
9.443686
9.455206
9.46736
9.478777
9.490232
9.502378
9.514441
9.526434
9.537464
9.548912
9.560054
9.571305
9.581408
9.591325
9.601517
9.612015
9.626137
9.636733
9.647196
9.65937
9.671474
9.684133
9.696356
9.708656
9.720255
9.732435
9.744316
9.75662
9.768714
9.780719
9.792528
9.804405
9.818094
9.830667
9.842893
9.853659
9.868697
9.880146
9.891001
9.902111
9.913526
9.924473
9.935604
9.947142
9.957868
9.969043
9.980989
9.992081
10.00296
10.01411
10.02495
10.03608
10.04785
10.05858
10.06952
10.0809
10.09189
10.10314
10.11434
10.12541
10.13686
10.14789
10.15902
10.17006
10.18129
10.19239
10.20365
10.21492
10.22589
10.23752
10.24864
10.2598
10.27108
10.28267
10.29323
10.30422
10.31525
10.32655
10.33762
10.34888
10.36014
10.37157
10.38309
10.39456
10.40614
10.41778
10.42933
10.44079
10.45252
10.46413
10.47539
10.48704
10.49922
10.50983
10.52137
10.53249
10.54361
10.55487
10.56625
10.57749
10.58834
10.59947
10.61108
10.62325
10.63408
10.6644
10.68245
10.6929
10.70377
10.71398
10.72411
10.73429
10.74876
10.76024
10.77139
10.78346
10.79632
10.80682
10.81804
10.8303
10.84099
10.85175
10.86291
10.87417
10.8851
10.8965
10.90745
10.91851
10.92999
10.94073
10.95193
10.9636
10.9743
10.98544
10.99714
11.00817
11.01895
11.03056
11.04136
11.05261
11.06396
11.07552
11.08625
11.09751
11.10842
11.1195
11.13082
11.14188
11.15311
11.16436
11.1754
11.18662
11.19787
11.20917
11.22001
11.23527
11.24634
11.25763
11.2682
11.27903
11.2898
11.30065
11.31119
11.32271
11.33415
11.34979
11.36053
11.37139
11.38237
11.39284
11.4044
11.41505
11.42521
11.43729
11.4482
11.45913
11.46969
11.48017
11.49117
11.50258
11.51349
11.52467
11.53606
11.54716
11.55864
11.56918
11.58053
11.59185
11.60269
11.61396
11.62494
TARGET DESTROYED 
11.6363
11.65923
11.67235
11.68412
11.69577
11.7081
11.71998
11.74103
11.75467
11.76717
11.77911
11.79077
11.81114
11.82328
11.83629
11.84876
11.86127
11.8744
11.88675
11.89954
11.91157
11.92356
11.93574
11.94786
11.96181
11.97413
11.9865
11.99999
12.01208
12.02968
12.04162
12.05393
12.0671
12.07925
12.09122
12.1031
12.1148
12.12532
12.13602
12.14735
12.15831
12.16961
12.18122
12.19214
12.20406
12.21552
12.22694
12.24671
12.25952
12.27193
12.28433
12.29642
12.30873
12.32084
12.33413
12.34784
12.35985
12.3727
12.38604
12.39887
12.41189
12.42466
12.43763
12.45087
12.46364
12.47629
12.48915
12.50283
12.51557
12.52781
TARGET DESTROYED 
12.5407
12.55968
12.57247
12.58512
12.59767
12.61073
12.62392
12.63647
12.64969
12.66926
12.68325
12.69546
12.70595
12.71681
12.72811
12.74005
12.75608
12.76853
12.78058
12.79191
12.80394
12.81575
12.82725
12.83957
12.85237
12.86387
12.87707
12.88992
12.90171
12.91409
12.92557
12.93719
12.94934
12.96155
12.97366
12.98511
12.9975
13.00932
13.02101
13.03297
13.04491
13.05736
13.06934
13.08167
13.09386
13.10573
13.11815
13.13055
13.14189
13.1532
13.16459
13.17628
13.18843
13.20105
13.2134
13.22494
13.237
13.25055
13.26267
13.2749
13.28703
13.29929
13.31078
13.32235
13.33413
13.34525
13.35655
13.36798
13.37973
13.39105
13.4026
13.41441
13.42633
13.43821
13.45005
13.46113
13.47307
13.48885
13.50237
13.51404
13.52452
13.53537
13.54658
13.55782
13.56913
13.58128
13.59281
13.6047
13.62033
13.63305
13.6455
13.65778
13.67001
13.6825
13.69457
13.70761
13.7315
13.74398
13.7561
13.76911
13.78156
13.79375
13.806
TARGET DESTROYED 
13.81836
13.8363
13.84994
13.86238
13.87523
13.88764
13.9067
13.92051
13.93322
13.94594
13.95787
13.9702
13.9832
13.99556
14.0082
14.02017
14.03361
14.04605
14.05771
14.06996
14.0826
14.09547
14.10806
14.12046
14.13368
14.14582
14.15811
14.16979
14.18252
14.19469
14.20749
14.22416
14.23662
14.24927
14.26251
14.27439
14.29878
14.32129
14.33373
14.34503
14.35641
14.36839
14.37951
14.39106
14.40224
14.41476
14.42615
14.43729
14.4486
14.4597
14.47099
14.48252
14.49313
14.5045
14.51621
14.52755
14.53902
14.55031
14.56138
14.57333
14.58437
14.59465
14.60478
14.61587
14.62683
14.63798
14.64923
14.6603
14.67155
14.68307
14.69389
14.70516
14.71646
14.72741
14.73848
14.7497
14.76103
14.77206
14.78342
14.79467
14.80553
14.81707
14.82793
14.83943
14.8505
14.8625
14.8738
14.88532
14.89709
14.90957
14.92037
14.93139
14.94702
14.9577
14.96805
14.97857
14.98895
15.00147
15.01232
15.02303
15.03412
15.0447
15.05511
15.06563
15.07644
15.0872
15.09867
15.10918
15.11997
15.13134
15.14223
15.15372
15.16462
15.17603
15.1871
15.19817
15.2092
15.22047
15.23167
15.2429
15.25399
15.26529
15.27643
15.28753
15.29865
15.31028
15.32133
15.3327
15.34422
15.36082
15.37265
15.38379
15.3944
15.40505
15.41588
15.42619
15.43738
15.44868
TARGET DESTROYED 
15.45914
15.47415
15.49163
15.50446
15.51533
15.53177
15.54294
15.55405
15.56509
15.57635
15.58765
15.59872
15.60972
15.62862
15.63848
15.64872
15.6583
15.66829
15.67823
15.68843
15.69928
15.71039
15.72482
15.73533
15.74604
15.75633
15.76767
15.77777
15.78883
15.79962
15.81108
15.82207
15.83329
15.84426
15.85561
15.86791
15.87795
15.88902
15.90031
15.91139
15.92247
15.9338
15.94537
15.95604
15.96735
15.97855
15.98961
16.00076
16.01242
16.02308
16.03419
16.04573
16.05717
16.06848
16.08053
16.09212
16.10374
16.11532
16.12666
16.13795
16.14967
16.16082
16.17255
16.18386
16.19495
16.2063
16.21779
16.22952
16.24036
16.25207
16.26315
16.27384
16.28499
16.29642
16.30743
16.31843
16.33293
16.35131
16.36193
16.37283
16.38428
16.39493
16.40642
16.41843
16.42951
16.44084
16.45266
16.46368
16.47491
16.48574
16.49703
16.50808
16.51927
16.53035
16.54153
16.55248
16.56366
16.57504
16.58649
16.59778
16.60937
16.6215
16.63358
16.64575
16.65714
16.66886
16.68106
16.69319
16.7051
16.7171
16.72902
16.74091
16.75286
16.76506
16.77689
16.78941
16.80145
16.81343
16.82562
16.83776
16.85004
16.86271
16.87554
16.88787
16.90014
16.91199
16.92435
16.93633
16.94851
16.95886
TARGET DESTROYED 
16.97003
16.98887
17.00294
17.01547
17.02734
17.04453
17.06518
17.07887
17.09114
17.10293
17.11559
17.12764
17.13949
17.15159
17.164
17.1763
17.18917
17.20248
17.21321
17.2245
17.23633
17.24683
17.25767
17.2684
17.27881
17.28931
17.30128
17.3129
17.32563
17.33709
17.34879
17.36032
17.37233
17.38437
17.3955
17.40763
17.41921
17.43112
17.44232
17.45395
17.46556
17.47656
17.48841
17.50208
17.51405
17.52443
17.53429
17.54713
17.56171
17.57589
17.59033
17.60521
17.62215
17.64266
17.65975
17.67623
17.69312
17.70746
17.72154
17.73497
17.74885
17.7629
17.77626
17.79045
17.80871
17.82365
17.83752
17.85177
17.86565
17.87941
17.89367
17.90369
17.91371
17.92365
17.9334
17.94421
17.95546
17.96662
17.97783
17.98915
18.00033
18.01149
18.02243
18.03358
18.04517
18.05664
18.06718
18.07854
18.08953
18.1007
18.11229
18.12296
18.13425
18.14588
18.15665
18.16787
18.1791
18.19008
18.20119
18.2128
18.22361
18.23474
18.24647
18.25749
18.26826
18.27958
18.2906
18.3019
18.31321
18.32417
18.33522
18.34695
18.35771
18.36933
18.38105
18.39246
18.40407
18.41611
18.42735
18.43861
18.45031
18.46227
18.47323
18.48493
18.50295
18.51433
18.52532
18.53645
18.54771
18.55858
18.56982
18.5811
18.59228
18.60345
18.61492
18.626
18.63763
18.64835
18.65916
18.67041
18.68173
18.69263
18.7038
18.71507
18.7265
18.73738
18.74886
18.75981
18.77107
18.78204
18.79318
18.80428
18.81561
18.82665
18.83784
18.84924
18.86029
18.87181
18.88276
18.89439
18.9056
18.91714
18.92893
18.93987
18.95131
18.96292
18.97401
18.98544
18.99762
19.01074
19.02325
19.03585
19.04904
19.06188
TARGET DESTROYED 
19.07385
19.08985
19.10783
19.12
19.13093
19.14119
19.15199
19.16221
19.17294
19.18403
19.19924
19.21003
19.22054
19.23151
19.24197
19.25326
19.26426
19.27445
19.285
19.29624
19.30724
19.3182
19.32966
19.34048
19.3517
19.36298
19.37398
19.38518
19.39676
19.4074
19.4189
19.43009
19.441
19.45218
19.46374
19.47449
19.48585
19.49755
19.5084
19.51916
19.53066
19.54174
19.55316
19.56413
19.57499
19.5864
19.5977
19.60864
19.62243
19.63306
19.64296
19.65433
19.66603
19.67759
19.68922
19.70069
19.71277
19.72718
19.73828
19.74903
19.76004
19.77142
19.7824
19.79248
19.80333
19.81447
19.82511
19.8358
19.8473
19.85809
19.86959
19.88153
19.89271
19.90434
19.9161
19.9272
19.94412
19.95567
19.96739
19.97859
19.98977
20.00125
20.01337
20.02455
20.0358
20.04728
20.05883
20.07038
20.08264
20.09383
20.10587
20.11715
20.12842
20.13974
20.15111
20.16274
20.17463
20.18603
20.19748
20.20871
20.21996
20.23217
20.25105
20.26244
20.27433
20.28567
20.29711
20.30806
20.31894
20.33081
20.34206
20.35309
20.3644
20.3753
20.3863
20.39813
20.40938
20.42024
20.43176
20.44245
20.4535
20.4651
20.47666
20.4884
20.50052
20.51153
20.52279
20.54081
20.5522
20.56385
20.57649
20.58888
20.60249
20.61503
20.62723
20.64036
20.65018
20.66038
20.67035
20.68096
20.69522
20.70553
20.716
20.72557
20.73707
20.7482
20.7592
20.77042
20.78164
20.79293
20.80393
20.81519
20.82632
20.83748
20.84869
20.85975
20.87106
20.88227
20.89318
20.90438
20.91555
20.92691
20.93785
20.9494
20.96036
20.97136
20.98263
20.99375
21.00487
21.01622
21.0275
21.03835
21.04956
21.06071
21.07189
21.0831
21.09455
21.10563
21.11736
21.1291
21.14071
21.15215
21.1638
21.17525
21.187
21.19829
21.20986
21.22144
21.23309
21.24416
21.25586
21.26732
21.27858
21.28914
21.30021
21.31176
21.3226
21.33369
21.34562
21.35616
21.36744
21.37885
21.3897
21.40081
21.41558
21.42526
21.43506
21.44452
21.45514
21.46639
21.47745
21.48922
21.50051
21.51103
21.5221
21.53346
21.54439
21.55564
21.56699
21.57819
21.58898
21.60044
21.61181
21.62576
21.63593
21.6468
21.65745
21.6677
21.67861
21.69003
21.70081
21.71213
21.72337
21.73477
21.74608
21.75682
21.76782
21.77958
21.79043
21.8021
21.8134
21.82431
21.83535
21.84683
21.85763
21.86889
21.88064
21.89131
21.90244
21.91445
21.92646
21.93694
21.94779
21.95838
21.9707
21.98195
21.99259
22.00334
22.01508
22.02595
22.03725
22.04863
22.05991
22.07122
22.0822
22.0935
22.10534
22.11682
22.12728
22.14238
22.1534
22.16399
22.17441
22.18647
22.19741
22.20829
22.22045
22.23228
22.24297
22.25482
22.26608
22.27666
22.2875
22.2987
22.31011
22.32087
22.33156
22.34204
22.35266
22.36362
22.37457
22.385
22.39568
22.40645
22.41739
22.42779
22.4394
22.4502
22.46029
22.47174
22.48267
22.49281
22.50449
22.51748
22.52846
22.53877
22.54933
22.55987
22.5781
22.59056
22.60127
22.6135
22.62442
22.63558
22.6472
22.65815
22.66923
22.68054
22.69144
22.70265
22.71484
22.72551
22.7363
22.74737
22.75874
22.7697
22.78104
22.7923
22.80319
22.81521
22.82589
22.83703
22.84819
22.8629
22.87334
22.884
22.89442
22.90457
22.91496
22.92911
22.94128
22.95319
22.96823
22.98134
22.9932
23.00545
23.01737
23.0304
23.04432
