0.02
0.04
0.14
0.1798875
0.1921396
0.2059738
0.2170794
0.2260429
0.2377987
0.2484002
0.2579389
0.2670211
0.2781045
0.2896669
0.3037296
0.3140921
0.323037
0.3339652
0.3452843
0.3562545
0.3675521
0.378614
0.3898982
0.4010746
0.4122401
0.4233434
0.437065
0.4458223
0.4568043
0.4681395
0.4791754
0.4903243
0.5019585
0.5128032
0.5236983
0.5349731
0.54637
0.5572676
0.5685903
0.5796227
0.5909659
0.6027419
0.6138054
0.6247207
0.6359542
0.6467864
0.6578531
0.6690968
0.6801613
0.6916941
0.7025674
0.7139023
0.7248002
0.7362288
0.7474087
0.7585938
0.7694661
0.7809572
0.7918773
0.8031333
0.8145936
0.8256038
0.836507
0.8482056
0.8588932
0.8705479
0.8813775
0.8979688
0.9087939
0.9204025
0.9312764
0.942073
0.9533479
0.9647681
0.9756465
0.986984
0.9984433
1.009266
1.020606
1.031708
1.042702
1.053944
1.065703
1.076278
1.088215
1.09873
1.109644
1.120781
1.132313
1.143192
1.154445
1.166083
1.17685
1.187892
1.199192
1.210874
1.221423
1.232682
1.243748
1.254949
1.266281
1.277368
1.288344
1.300014
1.310748
1.322004
1.333329
1.344161
1.355529
1.366855
1.377962
1.388895
1.400213
1.411354
1.422307
1.433861
1.444716
1.455986
1.467324
1.478242
1.489478
1.500777
1.511842
1.522918
1.53444
1.545401
1.556425
1.570916
1.584689
1.594122
1.603776
1.613137
1.622591
1.632123
1.641404
1.652234
1.663278
1.674446
1.686084
1.705143
1.715506
1.725277
1.735473
1.7449
1.755315
1.765866
1.775573
1.78605
1.797582
1.808397
1.819548
1.830874
1.842192
1.852903
1.864628
1.875611
1.886728
1.898352
1.908777
1.920526
1.931943
1.942332
1.953646
1.965054
1.976233
1.987178
1.999104
2.015416
2.028448
2.038434
2.048506
2.058196
2.068811
2.078759
2.089417
2.09942
2.109954
2.121173
2.13408
2.144821
2.155655
2.167993
2.179281
2.190143
2.200207
2.210446
2.221767
2.233066
2.244347
2.255396
2.26669
2.28103
2.290361
2.299886
2.311277
2.32471
2.335263
2.344892
2.356381
2.366994
2.378144
2.389539
2.400507
2.411508
2.422952
2.434345
2.445906
2.457298
2.468921
2.47999
2.491542
2.502952
2.514597
2.526004
2.537215
2.548967
2.560266
2.571494
2.582981
2.594068
2.605444
2.6165
2.627733
2.638933
2.650095
2.661172
2.672474
2.683849
2.695165
2.706264
2.718068
2.729023
2.740153
2.751557
2.76272
2.773991
2.785576
2.796406
2.808153
2.818565
2.830238
2.840887
2.852601
2.863376
2.874371
2.885773
2.8972
2.908349
2.91969
2.935747
2.946973
2.957326
2.96806
2.978539
2.988998
3.000122
3.011285
3.021397
3.032222
3.042473
3.05303
3.06314
3.073756
3.084238
3.094674
3.105791
3.116314
3.126394
3.137792
3.148974
3.159991
3.171969
3.182548
3.193642
3.204889
3.216043
3.227256
3.238232
3.249951
3.260589
3.271654
3.283022
3.294031
3.305218
3.316578
3.327631
3.338876
3.349745
3.36102
3.372053
3.383521
3.394622
3.406402
3.418097
3.428984
3.441397
3.451947
3.464351
3.475149
3.486135
3.497543
3.508872
3.520475
3.532244
3.543602
3.554672
3.566827
3.577376
3.589254
3.60018
3.619568
3.631289
3.642712
3.654845
3.665784
3.676437
3.687873
3.699307
3.710232
3.722483
3.733904
3.745102
3.756681
3.767632
3.778502
3.790298
3.801574
3.812754
3.823636
3.835153
3.846238
3.857432
3.867923
3.87865
3.888623
3.898436
3.90831
3.919727
3.930752
3.942197
3.9563
3.967234
3.977658
3.988362
3.999309
4.009431
4.020079
4.031969
4.043095
4.054011
4.065419
4.076806
4.088311
4.099861
4.111183
4.122429
4.133707
4.144907
4.15604
4.167851
4.178425
4.189764
4.201722
4.212199
4.223367
4.234733
4.246429
4.257403
4.273129
4.284487
4.295693
4.306662
4.318047
4.328768
4.340456
4.351468
4.362394
4.373682
4.384624
4.395276
4.406524
4.418289
4.429355
4.440385
4.451668
4.462627
4.473512
4.48448
4.495628
4.506879
4.517657
4.52822
4.539452
4.551047
4.561749
4.573477
4.584405
4.595401
4.607024
4.617912
4.628942
4.640138
4.651812
4.663388
4.674254
4.685236
4.696035
4.707156
4.718778
4.731833
4.74329
4.754827
4.765715
4.77643
4.788046
4.798726
4.810021
4.821591
4.832314
4.843251
4.85429
4.865327
4.876162
4.888269
4.902238
4.914227
4.926744
4.942756
4.954527
4.965933
4.976426
4.987671
4.998323
5.00893
5.019795
5.030889
5.04184
5.052812
5.063794
5.075107
5.086238
5.097537
5.10806
5.119455
5.130601
5.141659
5.152728
5.163815
5.175183
5.187006
5.199297
5.210439
5.221735
5.232892
5.243744
5.2552
5.266274
5.277599
5.288634
5.299792
5.310962
5.322309
5.333372
5.344217
5.355116
5.367095
5.377425
5.388451
5.400055
5.410871
5.422198
5.433815
5.444283
5.456318
5.468011
5.479402
5.490894
5.502351
5.513687
5.525144
5.536511
5.547051
5.557398
5.567993
5.578254
5.588916
5.5994
5.609713
5.620607
5.631037
5.651403
5.662908
5.673873
5.684649
5.695627
5.706702
5.71786
5.729239
5.74126
5.752313
5.763727
5.774817
5.785547
5.796225
5.807298
5.818585
5.829547
5.840743
5.851934
5.863158
5.875142
5.8869
5.898427
5.909509
5.92161
5.933434
5.944962
5.956224
5.96778
5.978487
5.990903
6.002581
6.013384
6.024596
6.035958
6.047489
6.060819
6.072329
6.083378
6.094996
6.106344
6.117955
6.128758
6.140136
6.151844
6.162609
6.174665
6.185701
6.198739
6.209878
6.221922
6.233084
6.243957
6.255181
6.266191
6.277645
6.288377
6.300272
6.316854
6.327478
6.339364
6.350253
6.360897
6.372463
6.383621
6.394506
6.405922
6.416873
6.42759
6.439398
6.450539
6.461387
6.473107
6.484229
6.495396
6.506795
6.517972
6.529516
6.541502
6.552755
6.564304
6.575715
6.587064
6.598382
6.609522
6.620423
6.631294
6.642223
6.653141
6.664651
6.675719
6.687475
6.698885
6.710084
6.721356
6.733269
6.746105
6.759232
6.770597
6.78173
6.792552
6.802832
6.813132
6.823972
6.834994
6.846264
6.864635
6.883281
6.903184
6.923275
6.942234
6.960807
6.980145
6.999652
7.018633
7.03753
7.073535
7.09255
7.11181
7.131993
7.150945
7.169752
7.188051
7.206461
7.224468
7.246167
7.265635
7.284634
7.30371
7.32349
7.342986
7.361819
7.381268
7.400967
7.420513
7.439432
7.45935
7.478374
7.497964
7.518076
7.537243
7.556213
7.574357
7.592659
7.611302
7.633674
7.65308
7.672
7.690973
7.710212
7.729125
7.748722
7.769279
7.788479
7.807931
7.82735
7.846448
7.86645
7.886203
7.907174
7.929838
7.951918
7.974233
7.998317
8.019259
8.041286
8.063745
8.086343
8.108552
8.130866
8.153191
8.175592
8.198028
8.220036
8.242523
8.264921
8.28726
8.309342
8.331964
8.354165
8.376436
8.399439
8.421257
8.44334
8.465997
8.487977
8.510568
8.533052
8.555422
8.577464
8.600019
8.619493
8.639259
8.658488
8.677836
8.697489
8.717529
8.737208
8.757231
8.777649
8.796075
8.814333
8.833505
8.852135
8.870461
8.89287
8.911893
8.931185
8.950586
8.96962
8.993851
9.012953
9.032436
9.051552
9.070835
9.090397
9.109626
9.128361
9.147645
9.168011
9.187845
9.207512
9.230899
9.250999
9.270543
9.290003
9.309353
9.328288
9.348596
9.370774
9.392905
9.415434
9.43743
9.459926
9.482454
9.504992
9.526898
9.549448
9.572145
9.594022
9.61644
9.639618
9.661108
9.683371
9.705724
9.728084
9.750948
9.773066
9.794907
9.817613
9.839715
9.861925
9.884508
9.906794
9.928985
9.951353
9.974769
9.99615
10.01836
10.04123
10.06066
10.0801
10.09999
10.12008
10.1395
10.15853
10.17778
10.19739
10.21834
10.23764
10.25692
10.276
10.29585
10.31508
10.33384
10.35339
10.37289
10.39254
10.41164
10.43213
10.45117
10.47141
10.48947
10.50765
10.52588
10.54426
10.56242
10.58064
10.59899
10.61803
10.63657
10.6548
10.6728
10.69085
10.70934
10.72732
10.74555
10.76567
10.78502
10.80347
10.82284
10.84313
10.86557
10.88501
10.90403
10.92355
10.9423
10.96568
10.98663
11.00485
11.0236
11.04602
11.0746
11.09544
11.11497
11.13535
11.15762
11.18001
11.20247
11.22456
11.24759
11.26957
11.29154
11.31432
11.33643
11.35866
11.38142
11.40374
11.42571
11.44824
11.4704
11.4952
11.51539
11.53746
11.55989
11.58244
11.60473
11.62727
11.65018
11.67157
11.69392
TARGET DESTROYED 
11.71222
11.75134
11.77235
11.79197
11.8112
11.8307
11.8514
11.87298
11.90151
11.92274
11.94176
11.96272
11.98426
12.008
12.0292
12.05134
12.07347
12.09604
12.11849
12.14059
12.16308
12.18573
12.2077
12.23002
12.25229
12.27477
12.29765
12.31956
12.34185
12.36423
12.38642
12.4086
12.43122
12.45372
12.47569
12.49887
12.52067
12.54265
12.56571
12.58729
TARGET DESTROYED 
12.60609
12.63756
12.65865
12.68513
12.70596
12.72488
12.7435
12.76298
12.78242
12.80212
12.82245
12.84434
12.86678
12.88891
12.91141
12.93525
12.95644
12.97992
13.00095
13.02298
13.04541
13.06774
13.09003
13.11237
13.13505
13.15719
13.17947
13.20175
13.22414
13.24637
13.26886
13.29128
13.31338
13.33585
13.35804
13.38083
13.4031
13.42525
13.44802
13.46976
13.49214
13.51198
13.53122
13.55027
13.56872
13.58748
13.60603
13.62397
13.6458
13.66535
13.68474
13.70464
13.72345
13.74265
13.76159
13.78044
13.80117
13.82049
13.83929
TARGET DESTROYED 
13.85816
13.89016
13.91038
13.92943
13.9599
13.98118
14.00087
14.02054
14.03986
14.05862
14.07798
14.09825
14.11762
14.14002
14.1624
14.18465
14.2071
14.22942
14.25815
14.27765
14.29637
14.31872
14.34105
14.36373
14.38592
14.40845
14.43068
14.45295
14.47511
14.49747
14.51966
14.54238
14.5647
14.58688
14.60975
14.63201
14.6538
14.67634
14.69911
14.72142
14.74338
14.76574
14.78575
14.80509
14.82518
14.84425
14.86386
14.88282
14.90762
14.92703
14.94676
14.96722
14.98753
15.0064
15.02538
15.04498
15.0673
15.08968
15.11194
15.13453
15.15659
15.17912
15.20162
15.22342
15.24596
15.26844
15.29106
TARGET DESTROYED 
15.31289
15.34397
15.36423
15.3897
15.40991
15.4293
15.44851
15.4693
15.49154
15.51523
15.53637
15.5588
15.58142
15.60365
15.62579
15.64814
15.6707
15.69291
15.71504
15.73345
15.7556
15.77532
15.79471
15.81502
15.83527
15.85491
15.87868
15.89842
15.91798
15.93824
15.95731
15.97703
15.99589
16.01711
16.03892
16.06141
16.08433
16.10599
16.12818
16.15101
16.17308
16.19569
16.21778
16.23989
16.26221
16.2847
16.30718
16.32957
16.35166
16.37399
16.39646
16.41862
16.44101
16.46347
16.48593
16.50862
16.53039
16.55289
16.57547
16.5976
16.61983
16.64247
16.66462
16.68675
16.70638
16.72549
16.74374
16.76266
16.78267
16.80246
16.82242
16.84211
16.86618
16.88634
16.90525
16.9242
16.94356
16.96333
16.98218
17.00118
17.02047
17.04032
17.05896
17.07771
17.0969
17.11601
17.13568
17.15479
17.17418
17.19298
17.21189
17.23139
17.25244
17.2716
17.29118
17.31031
17.3289
17.3484
17.36813
17.39037
17.41302
17.43525
17.45769
17.48007
17.50212
17.52458
17.54709
17.5704
17.59148
17.61413
TARGET DESTROYED 
17.63628
17.67203
17.69105
17.70897
17.72776
17.75763
17.77898
17.79825
17.82166
17.84011
17.86004
17.88227
17.90448
17.92662
17.94916
17.97137
17.99378
18.01709
18.03853
18.06087
18.08343
18.10317
18.12215
18.1411
18.1604
18.18301
18.20277
18.22152
18.2407
18.25921
18.27805
18.29736
18.31644
18.33508
18.35443
18.37354
18.39234
18.41138
18.43032
18.45005
18.46914
18.48842
18.50764
18.52668
18.5465
18.56592
18.5862
18.60606
18.62527
18.64396
18.66269
18.6821
18.70131
18.72171
18.74037
18.76427
18.78426
18.80291
18.82253
18.84333
18.86525
18.88735
18.90969
18.93209
18.95443
18.97693
18.99916
19.02123
19.04383
19.06616
19.08848
19.11056
19.13342
19.15551
19.17764
19.20014
19.22241
19.24464
19.26734
19.28951
19.31173
19.33427
19.35637
19.37873
19.40126
19.42335
19.44671
19.46797
19.49032
19.51269
19.53227
19.55076
19.56889
19.58699
19.60757
19.62523
19.64739
19.66621
19.68427
19.69521
19.70577
19.71678
19.73724
19.74882
19.76084
19.77206
19.7834
19.79596
19.80729
19.81966
19.83102
19.84231
19.85553
19.86739
19.87914
19.89112
19.90345
19.91526
19.92722
19.93902
19.95053
19.96294
19.97397
19.98573
19.99763
20.00851
20.01983
20.03138
20.0423
20.05342
20.06484
20.07614
20.0872
20.09857
20.10958
20.12198
20.13445
20.14619
20.15767
20.1699
20.18252
20.19382
20.20612
20.21824
20.23084
20.24306
20.25529
20.26809
20.2809
20.29387
20.30658
20.31928
20.33194
20.34418
20.35701
20.36951
20.38262
20.39477
20.40723
20.41932
20.43259
20.4447
20.46221
20.47402
20.48604
20.50022
20.51248
20.52438
20.53716
20.54919
20.56154
20.57467
20.58699
20.59965
20.61176
20.62379
20.63652
20.64859
20.6605
20.67281
20.68526
20.69702
20.70984
20.72178
20.73443
20.74724
20.75992
20.77274
20.78498
20.79761
20.80962
20.82164
20.83355
20.84503
20.85865
20.87201
20.88472
20.89551
20.90646
20.9167
20.92719
20.93808
20.9487
20.95936
20.97036
20.98185
20.99221
21.00348
21.01447
21.02487
21.03631
21.04647
21.05694
21.06755
21.07755
21.08817
21.09931
21.10987
21.12106
21.13246
21.14341
21.15471
21.16679
21.18358
21.19405
21.20486
21.21546
21.22613
21.2423
21.25821
21.2746
21.29004
21.30539
21.32182
21.33745
21.35291
21.36872
21.38523
21.40103
21.4172
21.43279
21.44891
21.46498
21.48099
21.49616
21.51173
21.52715
21.54282
21.55778
21.57524
21.59929
21.62293
21.6502
21.67552
