0.02
0.04
0.14
0.1757964
0.1884931
0.2009726
0.2114557
0.2220303
0.2336883
0.2487217
0.2591769
0.2698616
0.2808385
0.2919469
0.3030886
0.3133799
0.3294037
0.3409355
0.3520395
0.363153
0.3747917
0.3856637
0.3964814
0.4077769
0.4190691
0.4301416
0.4411216
0.4526416
0.4635845
0.4746101
0.4861388
0.4972376
0.50814
0.520693
0.5314767
0.5417584
0.5530093
0.5643224
0.5758096
0.5870101
0.5976598
0.6088756
0.6200976
0.6311617
0.6422483
0.6577747
0.668716
0.6793939
0.6898915
0.7000461
0.7104908
0.7216659
0.7324291
0.743304
0.7544788
0.7653133
0.7761974
0.787592
0.7985243
0.8099256
0.8210028
0.8321077
0.8432357
0.8545747
0.8657553
0.8769847
0.8880786
0.9020123
0.9127608
0.9245718
0.9354097
0.9462724
0.9574125
0.9689274
0.9799107
0.9910675
1.002389
1.013828
1.025032
1.037992
1.04824
1.064214
1.075673
1.086967
TARGET DESTROYED 
1.104712
1.115663
1.126814
1.138174
1.148641
1.160421
1.171166
1.181405
1.192593
1.203528
1.214012
1.224939
1.235664
1.255779
1.26787
1.279098
1.290017
1.301431
1.312264
1.323756
1.335431
1.345988
1.357303
1.37671
1.387964
1.398431
1.409012
1.419886
1.430059
1.44091
1.451589
1.466311
1.477308
1.488029
1.498243
1.508851
1.520304
1.531012
1.542187
1.554038
1.565045
1.577092
1.587922
1.598653
1.609175
1.619831
1.630605
1.641294
1.651868
1.662292
1.67305
1.683362
1.693997
1.704886
1.715338
1.725914
1.736948
1.748513
1.759137
1.770751
1.781496
1.793329
1.803985
1.815105
1.826109
1.837429
1.848732
1.864149
1.875543
1.88634
1.899166
1.910486
TARGET DESTROYED 
1.92534
1.936552
1.947117
1.964318
1.975719
1.987031
1.997319
2.008134
2.025465
2.038029
2.049622
2.061386
2.072219
2.083076
2.094281
2.105466
2.116623
2.127811
2.1389
2.150228
2.161426
2.172454
2.183946
2.194768
2.206034
2.217284
2.228265
2.239663
2.251606
2.266562
2.277188
2.288665
2.299875
2.311026
2.321842
2.332392
2.343448
2.354597
2.365004
2.375748
2.386347
2.397699
2.408785
2.419588
2.43041
2.441103
2.452145
2.463635
2.474857
2.485888
2.496431
2.507627
2.519141
2.530422
2.541873
2.553472
2.565517
2.576387
2.588442
2.599557
2.610557
2.621995
2.633187
2.644049
2.655353
2.670748
2.681431
2.692137
2.703476
2.714288
2.731102
2.745685
2.760341
2.775646
2.790707
2.808201
TARGET DESTROYED 
2.835381
2.852001
2.868546
2.885003
2.900818
2.916788
2.93243
2.948378
2.97098
2.988275
3.004889
3.021185
3.037368
3.054063
3.071076
3.087337
3.104084
3.120076
3.136194
3.152481
3.168864
3.185317
3.201555
3.217737
3.238674
3.25669
3.274822
3.291548
3.308378
3.325327
3.341408
3.358428
3.375077
3.391059
3.40784
3.424476
3.441691
3.458615
3.475178
3.491794
3.507728
3.524001
3.538849
3.554622
3.571302
3.586339
3.601511
3.616331
3.631556
3.646283
3.661693
3.676704
3.691804
3.706872
3.721657
3.736959
3.752329
3.767472
3.782157
3.796892
3.816149
3.831526
3.846141
3.861212
3.876396
3.891022
3.905679
3.920673
3.9354
3.950057
3.964839
3.979931
3.993522
4.006232
4.019348
4.032655
4.045805
4.059625
4.079639
4.092652
4.105599
4.11858
4.131595
4.145003
4.157959
4.171371
4.185716
4.19912
4.212927
4.225935
4.239172
4.252045
4.265551
4.279974
4.293199
4.312114
4.325119
TARGET DESTROYED 
4.344841
4.367691
4.382082
4.39525
4.407752
4.421443
4.435148
4.447721
4.460615
4.473616
4.486783
4.499969
4.512981
4.525948
4.539071
4.552306
4.56585
4.579577
4.593266
4.606442
4.619921
4.633034
4.646116
4.659431
4.672516
4.685296
4.698459
4.711604
4.724757
4.738667
4.751984
4.764611
4.777567
4.790514
4.808077
4.82197
4.835685
4.848622
4.861947
4.87556
4.889345
4.902842
4.915854
4.928695
4.941573
4.954681
4.967751
4.980839
4.993749
5.006853
5.020151
5.033341
5.046047
5.059864
5.073591
5.086656
5.099421
5.11371
5.126581
5.139799
5.152787
5.165733
5.179182
5.192175
5.205362
5.218531
5.231448
5.244358
5.257147
5.270004
5.28815
5.301376
5.314818
5.327357
5.34072
5.353919
5.366842
5.379766
5.392796
5.406081
5.419129
5.43229
5.445254
5.458388
5.472153
5.485346
5.498003
5.511406
5.524615
5.537729
5.551962
5.565495
5.57836
5.591144
5.604006
5.617063
5.630015
5.643138
5.656277
5.669288
5.681953
5.694973
5.707885
5.721291
5.734872
5.748703
5.766201
5.779343
5.792185
5.805145
TARGET DESTROYED 
5.82442
5.838021
5.850952
5.863913
5.876843
5.890179
5.903877
5.916503
5.930099
5.950557
5.964849
5.978083
5.991169
6.004129
6.017081
6.03055
6.043353
6.057738
6.070659
6.083395
6.096686
6.109838
6.123005
6.136148
6.149598
6.162844
6.175671
6.188883
6.201985
6.215149
6.227779
6.245753
6.25878
6.271636
6.285106
6.298145
6.310352
6.32183
6.332943
6.344614
6.356613
6.367925
6.379466
6.391521
6.403765
6.415108
6.426631
6.439035
6.450882
6.46233
6.473638
6.485427
6.497145
6.508826
6.520716
6.532296
6.543828
6.556634
6.56936
6.58086
6.592273
6.604186
6.615476
6.627113
6.639004
6.650928
6.662972
6.679743
6.691586
6.70322
6.715099
6.727305
6.738994
6.751157
6.762966
6.774808
6.786762
6.798394
6.810185
6.82192
6.83336
6.844847
6.856914
6.869443
6.880731
6.892507
6.904476
6.916057
6.927942
6.94017
6.951922
6.963562
6.975606
6.987177
6.99839
7.009841
7.021986
7.034431
7.045937
7.058219
7.07972
7.091661
7.103766
7.12004
7.132113
7.144114
7.155849
7.167289
7.179651
7.191589
7.20339
7.215539
7.226419
7.237131
7.247327
7.25794
7.269415
7.281134
7.294287
7.307057
7.319896
7.331723
7.342792
7.353623
7.364563
7.375719
7.386938
7.397663
7.408669
7.419712
7.430651
7.441636
7.452748
7.463279
7.474169
7.485015
7.495608
7.506274
7.517262
7.532339
7.543623
7.555483
7.567901
7.578659
7.589947
7.601555
7.612819
7.623516
7.634636
7.645827
7.657005
7.668581
7.679221
7.690459
7.701936
7.712823
7.723834
7.735232
7.746249
7.757627
7.769016
7.7802
7.791338
7.802419
7.81325
7.824718
7.835895
7.847051
7.857982
7.869414
7.880456
7.891432
7.902865
7.913868
7.924994
7.940064
7.950633
7.961368
7.972223
7.982736
7.994218
8.005056
8.016263
8.026873
8.037789
8.048867
8.060013
8.071519
8.083368
8.09449
8.106079
TARGET DESTROYED 
8.121846
8.139015
8.151166
8.161942
8.173018
8.183516
8.194718
8.205888
8.216686
8.227481
8.237873
8.249132
8.260298
8.27156
8.282621
8.293838
8.30658
8.317121
8.328033
8.339391
8.355299
8.366011
8.376688
8.387426
8.39825
8.409124
8.421576
8.433708
8.446377
8.458359
8.470356
8.482419
8.494554
8.506885
8.518839
8.530743
8.542686
8.556148
8.56837
8.580203
8.592715
8.605548
8.617921
8.629747
8.641593
8.65338
8.665445
8.677293
8.689997
8.701983
8.713667
8.725405
8.737155
8.749312
8.761483
8.773708
8.785555
8.801798
8.814305
8.826317
8.838346
8.850022
8.861844
8.873911
8.885761
8.897337
8.909163
8.921029
8.932639
8.944729
8.956606
8.969112
8.981145
8.993058
9.018828
9.031
9.042693
9.055565
9.067635
9.079419
9.091495
9.103543
9.115438
9.127472
9.139566
9.151761
9.164083
9.175954
9.187968
9.199616
9.211298
9.224273
9.237662
9.249556
9.266196
9.277768
9.289403
9.301249
9.314093
9.326462
9.338481
9.350056
9.361991
9.374722
9.386991
9.398934
9.410621
9.422442
9.434268
9.446758
9.458648
9.470904
9.483009
9.49574
9.507678
9.520156
9.532376
9.54466
9.556668
9.56984
9.581793
9.594286
9.606294
9.618325
9.630393
9.642296
9.655748
9.667612
9.679195
9.691673
9.703551
9.715679
9.732408
9.744471
9.756632
9.768998
9.780691
9.792532
9.804937
9.81681
9.828778
9.840946
9.853452
9.866054
9.877911
9.889968
9.902308
9.914443
9.926588
9.938931
9.950593
9.962573
9.974623
9.98713
10.00004
10.01152
10.0232
10.03494
10.04633
10.05872
10.07033
10.08165
10.0933
10.10499
10.11597
10.12728
10.13888
10.14992
10.1617
10.1779
10.18975
10.201
10.21234
10.22485
10.23748
10.24916
10.2602
10.27175
10.2829
10.29462
10.30683
10.31943
10.33132
10.34293
10.35508
10.36657
10.37803
10.38981
10.40226
10.41362
10.42511
10.43673
10.44809
10.46002
10.47213
10.48357
10.49494
10.50639
10.51801
10.5293
10.54134
10.55377
10.56563
10.5772
10.58877
10.60053
10.61669
10.62826
10.63976
10.65114
10.6622
TARGET DESTROYED 
10.68897
10.70155
10.71284
10.72431
10.73607
10.74761
10.75965
10.7718
10.78429
10.80525
10.81823
10.82952
10.8408
10.8523
10.86366
10.87537
10.88677
10.89807
10.91016
10.92163
10.93291
10.94501
10.95635
10.9682
10.97946
10.99124
11.00308
11.01432
11.02582
11.04156
11.05367
11.06522
11.07709
11.09604
11.10797
11.12061
11.1318
11.14334
11.15495
11.16641
11.18111
