0.02
0.04
0.14
0.1761688
0.1910681
0.2035948
0.2162238
0.2268818
0.2381926
0.2498246
0.2605923
0.2733175
0.2840782
0.294143
0.3069138
0.3163508
0.3276793
0.3385677
0.349713
0.3609417
0.3719773
0.3833879
0.3945117
0.405537
0.416955
0.4280255
0.4395186
0.4507354
0.4656171
0.4751677
0.4843433
0.4955094
0.5066736
0.5174516
0.5288494
0.5398366
0.5508831
0.5623071
0.5733818
0.5845473
0.5958104
0.6067811
0.617877
0.6297418
0.6404396
0.6513267
0.662906
0.6737776
0.6847465
0.6963127
0.707534
0.7183553
0.7300261
0.7409266
0.752298
0.7636807
0.7743098
0.7854663
0.7970912
0.8079789
0.8187537
0.8301575
0.8413731
0.85234
0.8639697
0.8746531
0.8858202
0.9012877
0.9125023
0.9239568
0.9347874
0.946513
0.9587073
0.9693021
0.9804407
0.9919854
1.002656
1.014357
1.02592
1.03792
1.047994
1.058574
1.069787
1.081334
1.092293
1.104125
1.114967
1.125313
1.13684
1.14834
1.159113
1.17043
1.181944
1.192596
1.203712
1.215443
1.226034
1.237486
1.248749
1.259746
1.27067
1.282527
1.293133
1.304683
1.315893
1.326807
1.338267
1.349431
1.360633
1.371637
1.38256
1.393998
1.404619
1.415906
1.427202
1.438161
1.449402
1.460611
1.471671
1.490263
1.501776
1.511961
1.52259
1.533804
1.545588
1.55602
1.567449
1.578679
1.593569
1.607259
1.617089
1.626227
1.636258
1.645841
1.656459
1.667751
1.67927
1.690207
1.701472
1.712508
1.727423
1.736822
1.746341
1.757179
1.76812
1.779833
1.790954
1.801759
1.813385
1.824261
1.835234
1.84687
1.858102
1.868832
1.880439
1.891183
1.902597
1.914377
1.924974
1.9365
1.948075
1.958892
1.970338
1.98144
1.992949
2.00455
2.016104
2.02718
2.038374
2.050183
2.06116
2.072748
2.083849
2.09605
2.107062
2.118133
2.129886
2.140622
2.152525
2.164038
2.174696
2.186104
2.197314
2.208838
2.219906
2.231374
2.242305
2.253616
2.264645
2.275894
2.28706
2.298263
2.309799
2.32068
2.332067
2.34299
2.354055
2.371302
2.383253
2.392561
2.405
2.416321
2.429349
2.439002
2.449962
2.460886
2.471907
2.483379
2.494474
2.505758
2.516754
2.527858
2.539037
2.550175
2.561607
2.572676
2.583817
2.594954
2.606212
2.622165
2.632035
2.64121
2.650681
2.662044
2.673015
2.684268
2.695637
2.706581
2.717918
2.729555
2.740177
2.751545
2.763533
2.774366
2.785599
2.797504
2.808451
2.819875
2.831517
2.842683
2.853724
2.865219
2.876346
2.887498
2.898529
2.909741
2.9208
2.931954
2.943027
2.954486
2.965589
2.976497
2.988131
2.99937
3.010745
3.02199
3.03351
3.044836
3.056114
3.067373
3.079057
3.090156
3.101487
3.113146
3.124271
3.135182
3.147032
3.158198
3.169492
3.181083
3.191864
3.202996
3.214365
3.225322
3.23648
3.24782
3.259053
3.270314
3.281474
3.292299
3.303434
3.314887
3.325927
3.336914
3.348414
3.359349
3.370935
3.381802
3.392941
3.403949
3.415466
3.426507
3.437724
3.448596
3.460019
3.471127
3.482255
3.493356
3.504653
3.515686
3.526882
3.538075
3.549361
3.560421
3.571709
3.582974
3.593919
3.605211
3.616314
3.627287
3.638585
3.650933
3.661537
3.677141
3.687912
3.698727
3.708796
3.718679
3.728793
3.739381
3.749707
3.760362
3.7704
3.780882
3.790966
3.8014
3.812804
3.823436
3.835015
3.845999
3.857105
3.868125
3.879714
3.891079
3.901886
3.91334
3.924019
3.935176
3.946653
3.957599
3.968761
3.980339
3.990974
4.00219
4.013567
4.025186
4.035983
4.047644
4.05806
4.06935
4.080777
4.092083
4.103541
4.115053
4.126181
4.137729
4.149269
4.160744
4.1718
4.18339
4.194879
4.206484
4.217567
4.229636
4.240345
4.252716
4.263134
4.274702
4.285995
4.29754
4.30905
4.321098
4.331086
4.343158
4.353512
4.365209
4.375809
4.387115
4.398829
4.409411
4.420577
4.431783
4.443107
4.454005
4.465091
4.476379
4.487617
4.498801
4.509918
4.521269
4.532194
4.543309
4.554559
4.566114
4.576724
4.588265
4.599329
4.610541
4.621553
4.632603
4.643879
4.655121
4.666291
4.677539
4.688567
4.704545
4.714402
4.724707
4.734969
4.744888
4.755342
4.765305
4.774997
4.785969
4.797086
4.807988
4.819085
4.830839
4.841669
4.852983
4.864008
4.874991
4.886245
4.89742
4.908892
4.920222
4.930945
4.941983
4.953116
4.964762
4.975414
4.986906
4.997955
5.009068
5.020434
5.032044
5.042477
5.053788
5.064886
5.075987
5.087408
5.098794
5.110102
5.121445
5.133325
5.14487
5.155559
5.167396
5.178358
5.189799
5.200961
5.212785
5.223985
5.234921
5.24677
5.257806
5.269009
5.280864
5.291792
5.303232
5.314527
5.325326
5.336374
5.347959
5.358699
5.370235
5.383433
5.393152
5.403523
5.414528
5.425193
5.436388
5.447862
5.459251
5.470305
5.481369
5.49241
5.504119
5.514939
5.5259
5.537046
5.54835
5.559427
5.570703
5.581775
5.592779
5.603958
5.615476
5.626181
5.638773
5.649225
5.659998
5.675167
5.685449
5.6957
5.705878
5.716819
5.727248
5.737523
5.753421
5.764009
5.7747
5.785068
5.795356
5.805692
5.816285
5.826609
5.837207
5.848035
5.859657
5.869857
5.880271
5.890399
5.901638
5.913116
5.924009
5.935314
5.946546
5.95788
5.968655
5.980136
5.991108
6.002019
6.01371
6.024514
6.035682
6.047031
6.058125
6.069099
6.080807
6.091821
6.102656
6.11409
6.125271
6.136266
6.148342
6.159265
6.170801
6.182293
6.193398
6.204769
6.216573
6.227621
6.238937
6.250669
6.262167
6.273097
6.284709
6.29707
6.30714
6.318897
6.330497
6.341335
6.352871
6.364408
6.375438
6.386285
6.397928
6.408974
6.42023
6.431537
6.442213
6.453566
6.465142
6.475605
6.48706
6.498397
6.509276
6.520426
6.531692
6.54277
6.553823
6.565386
6.576247
6.587425
6.598703
6.609764
6.620996
6.63219
6.643214
6.654479
6.665631
6.676821
6.688107
6.699136
6.710313
6.721775
6.732873
6.743741
6.754928
6.76626
6.777443
6.788515
6.804767
6.816124
6.827134
6.839297
6.850809
6.86222
6.873477
6.884566
6.896164
6.90708
6.918553
6.929589
6.940586
6.95154
6.962563
6.973531
6.98498
6.996144
7.007449
7.018378
7.029706
7.040458
7.052336
7.063892
7.074251
7.085265
7.097315
7.109024
7.120771
7.13261
7.144414
7.156371
7.168898
7.181728
7.193438
7.205234
7.217502
7.22973
7.241631
7.253366
7.265157
7.276611
7.288764
7.300798
7.31241
7.324282
7.336612
7.348955
7.360624
7.373428
7.385857
7.398232
7.410486
7.423122
7.43486
7.447114
7.45896
7.470927
7.482888
7.49488
7.507108
7.51894
7.531035
7.543074
7.555033
7.566996
7.578592
7.590907
7.602887
7.614636
7.626652
7.63878
7.651192
7.663139
7.675431
7.687204
7.699567
7.711123
7.722878
7.734644
7.746472
7.758449
7.770193
7.782693
7.795088
7.807275
7.819235
7.831222
7.843122
7.855089
7.867435
7.880402
7.89212
7.909938
7.922444
7.934249
7.946648
7.958499
7.970332
7.982586
7.994777
8.007027
8.019323
8.031981
8.044016
8.056244
8.068264
8.080085
8.09182
8.103474
8.115828
8.127667
8.1399
8.152169
8.164311
8.176682
8.188887
8.201463
8.213602
8.225153
8.237165
8.249122
8.261155
8.273595
8.285996
8.29813
8.31033
8.323659
8.335763
8.347845
8.35937
8.371649
8.384059
8.396259
8.408827
8.4209
8.433313
8.44602
8.458377
8.470453
8.48264
8.494625
8.506628
8.518495
8.531484
8.543456
8.555615
8.568183
8.580421
8.592463
8.60426
8.616264
8.628608
8.640792
8.652871
8.665334
8.677666
8.690191
8.702885
8.715129
8.727139
8.739273
8.751766
8.764427
8.776682
8.789344
8.801935
8.814941
8.826892
8.839046
8.851559
8.863749
8.876166
8.889124
8.901971
8.914481
8.927447
8.939812
8.951933
8.964185
8.976498
8.989681
9.002772
9.015247
9.027315
9.039845
9.058081
9.070845
9.083477
9.095727
9.108514
9.120349
9.132903
9.145295
9.157417
9.170178
9.182506
9.194971
9.208199
9.220421
9.233248
9.245679
9.258389
9.270489
9.282884
9.29353
9.304765
9.315381
9.325766
9.336524
9.347997
9.359207
9.370441
9.382509
9.393654
9.405016
9.417101
9.428156
9.439793
9.451046
9.462443
9.473646
9.484833
9.49596
9.507759
9.51857
9.52917
9.539708
9.550327
9.560648
9.571334
9.582923
9.59324
9.603729
9.614301
9.624436
9.635288
9.64817
9.658429
9.669365
9.680226
9.690689
9.701404
9.711971
9.72227
9.732795
9.743716
9.754715
9.766124
9.777032
9.788222
9.79941
9.810626
9.821946
9.833473
9.844081
9.855269
9.866341
9.877792
9.888893
9.900173
9.911057
9.922245
9.933427
9.944708
9.955853
9.967491
9.979306
9.99035
10.00179
10.01395
10.02468
10.03625
10.04764
10.05894
10.07035
10.08188
10.09295
10.10449
10.1207
10.13183
10.14259
10.15329
10.16401
10.17486
10.18528
10.19578
10.20625
10.21736
10.22757
10.23844
10.24899
10.25912
10.26981
10.28071
10.2918
10.30282
10.31414
10.32518
10.33638
10.34772
10.35856
10.36989
10.38104
10.39218
10.40345
10.41615
10.4261
10.43688
10.44834
10.45935
10.4704
10.4817
10.49266
10.50385
10.51509
10.52647
10.53777
10.5492
10.56061
10.57205
10.58325
10.59568
10.60679
10.61775
10.62924
10.64052
10.65166
10.66333
10.67441
10.6859
10.69702
10.70843
10.7199
10.7315
10.74262
10.75466
10.76606
10.77701
10.78797
10.79963
10.81054
10.82176
10.83288
10.84343
10.85458
10.86574
10.87671
10.88798
10.90011
10.91118
10.92259
10.93412
10.94581
10.95639
10.96746
10.97853
10.98952
11.00053
11.01179
11.02266
11.03369
11.0451
11.05592
11.06708
11.07944
11.09005
11.10217
11.11403
11.14872
11.16049
11.17178
11.18494
11.19602
11.213
11.22416
11.23589
11.24858
11.26088
11.272
11.28389
11.29487
11.30618
11.31895
11.33022
11.34104
11.35226
11.3639
11.37493
11.38639
11.39763
11.40853
11.42044
11.43188
11.44234
11.45328
11.46394
11.47489
11.48638
11.49757
11.50863
11.52047
11.53212
11.543
11.55369
11.56468
11.57558
11.58667
11.59779
11.60893
11.62014
11.6314
11.64234
11.65361
11.6648
11.67631
11.68758
11.69916
11.71023
11.72176
11.73344
11.74431
11.75562
11.76711
11.77835
11.78994
11.8011
11.81208
11.82354
11.83541
11.84697
11.85813
11.86942
11.88086
11.89195
11.90357
11.91506
11.92617
11.93757
11.94924
11.9607
11.97247
11.98404
11.99563
12.00728
12.01905
12.03117
TARGET DESTROYED 
12.04265
12.06441
12.07642
12.08889
12.10045
12.11217
12.1235
12.13589
12.14781
12.15901
12.17196
12.19228
12.2053
12.21692
12.22851
12.24051
12.25743
12.26933
12.2811
12.29214
12.30371
12.31571
12.32741
12.33944
12.35123
12.36334
12.37512
12.38688
12.39952
12.4114
12.42363
12.43572
12.44726
12.4586
12.47038
12.48221
12.49352
12.50551
12.51745
12.52922
12.54084
12.5532
12.56546
12.57701
12.58879
12.60083
12.61267
12.6242
12.6369
12.64879
12.66003
12.68027
12.69237
12.70379
12.71539
12.72708
12.73875
12.75054
12.76183
12.77362
12.78533
12.7974
12.80871
12.82077
12.8327
12.84429
12.85611
12.86835
12.87801
12.88776
TARGET DESTROYED 
12.89756
12.91209
12.92271
12.93292
12.94269
12.95267
12.96943
12.98039
12.98964
12.99934
13.00895
13.01843
13.02772
13.03862
13.05003
13.06099
13.07217
13.08342
13.09464
13.10614
13.11688
13.12851
13.13925
13.15061
13.1618
13.17266
13.18385
13.19516
13.2064
13.21746
13.23436
13.24386
13.25371
13.26349
13.27338
13.28448
13.29607
13.31109
13.32139
13.33126
13.3409
13.35147
13.36307
13.37382
13.38496
13.3963
13.40757
13.41918
13.43066
13.44201
13.45295
13.46438
13.47559
13.48779
13.49811
13.50902
13.52009
13.53141
13.54265
13.55352
13.56492
13.57638
13.58717
13.59863
13.60995
13.62125
13.63282
13.64406
13.65534
13.66677
13.67851
13.68948
13.70097
13.71232
13.72329
13.73489
13.74658
13.75733
13.76883
13.78064
13.79123
13.8028
13.81425
13.82541
13.8366
13.84803
13.8589
13.87032
TARGET DESTROYED 
13.88151
13.8969
13.91421
13.92653
13.9373
13.9481
13.9582
13.96852
13.97868
13.98872
13.99956
14.01061
14.02153
14.03269
14.04403
14.05547
14.06615
14.07747
14.08861
14.09984
14.11111
14.12212
14.13334
14.14469
14.15566
14.16738
14.17821
14.18921
14.20046
14.21233
14.22296
14.23386
14.24534
14.25605
14.26737
14.27883
14.28981
14.30078
14.31226
14.32358
14.33434
14.3458
14.36073
14.3712
14.38147
14.39097
14.40201
14.41397
14.42488
14.43635
14.44794
14.45953
14.47094
14.48255
14.49342
14.50465
14.51587
14.52742
14.5383
14.54963
14.56053
14.57173
14.58294
14.59404
14.60521
14.61648
14.62792
14.63888
14.6503
14.66129
14.67229
14.68465
14.69458
14.70575
14.71686
14.72844
14.73963
14.75096
14.76249
14.77352
14.78491
14.7965
14.8073
14.81908
14.83038
14.84176
14.85276
14.86429
14.87537
14.8867
14.89804
14.90899
14.9201
TARGET DESTROYED 
14.93168
14.946
14.95567
14.96507
14.97456
14.98601
14.99749
15.01348
15.02459
15.03467
15.04418
15.05367
15.06347
15.07264
15.0837
15.09511
15.10624
15.1173
15.12909
15.14037
15.15213
15.16453
15.17626
15.19483
15.20733
15.21938
15.23195
15.24438
15.25656
15.2688
15.28135
15.29362
15.30652
15.31884
15.33111
15.34296
15.35538
15.36815
15.3808
15.39358
15.40643
15.42576
15.43827
15.45109
15.46295
15.47365
15.48481
15.49643
15.50717
15.51826
15.52987
15.54077
15.55188
15.56338
15.57418
15.58544
15.5969
15.60776
15.61909
15.6305
15.64116
15.65238
15.66392
15.67988
15.6908
15.70193
15.71297
15.7239
15.73536
15.74673
15.75807
15.77013
15.78177
15.79269
15.80393
15.81688
15.82966
15.84241
15.85479
15.86747
15.88151
15.89388
15.9066
15.91908
15.93193
15.94531
15.95815
15.97648
15.98896
16.00157
16.0141
16.0271
16.03991
16.05256
16.0659
16.07864
16.09172
16.10423
16.11716
16.12821
16.1385
16.14986
16.16033
16.17185
16.1831
16.19329
16.20406
16.21487
16.2259
16.23654
16.24723
16.2583
16.26903
16.28018
16.29076
16.3026
16.31273
16.32285
16.33381
16.34501
16.35608
16.36736
16.37916
16.3897
TARGET DESTROYED 
16.40111
16.41781
16.42838
16.43943
16.45032
16.46046
16.47131
16.48232
16.49246
16.50372
16.51462
16.52515
16.54125
16.55184
16.56879
16.58028
16.5907
16.60234
16.61335
16.62423
16.63541
16.64679
16.65785
16.669
16.68042
16.69116
16.70298
16.71501
16.72645
16.73825
16.75049
16.7619
16.77341
16.78527
16.79731
16.80901
16.82143
16.83348
16.84515
16.85728
16.86907
16.88122
16.89247
16.90386
16.91593
16.92737
16.9392
16.95215
16.96433
16.97591
16.98756
16.99944
17.0115
17.02452
17.03698
17.04877
17.06043
17.07263
17.08445
17.096
17.1075
17.11951
17.13143
17.14371
17.15575
17.16843
17.18066
17.19232
17.20419
17.21624
17.22762
17.23952
17.25197
17.26398
17.27564
17.28777
17.29996
17.31178
17.32403
17.33479
17.3447
17.35468
17.36459
17.37447
17.38424
17.39497
17.4061
17.41742
17.42843
17.43956
17.45089
17.46228
17.4733
17.48458
17.49572
17.50679
17.51768
17.52932
17.54012
17.55122
17.56981
17.57925
17.58867
17.59816
17.60736
17.61836
17.6299
17.64476
17.65464
17.66442
17.67425
17.68539
17.69683
17.70771
17.71886
17.73038
17.74137
17.75288
17.76375
17.7747
17.78585
17.79744
17.80828
17.81955
17.83075
17.84176
17.85295
17.86423
17.87524
17.88632
17.8978
17.90881
17.91993
TARGET DESTROYED 
17.93141
17.94944
17.96777
17.9805
17.99091
18.00195
18.0134
18.02466
18.03558
18.04723
18.05866
18.06991
18.08147
18.09263
18.10384
18.11485
18.1254
18.13642
18.14826
18.15932
18.17067
18.18199
18.19256
18.20319
18.21448
18.22482
18.23568
18.24678
18.25829
18.26919
18.28053
18.29079
18.3018
18.31322
18.32374
18.33471
18.34549
18.35629
18.36746
18.37813
18.39378
18.40475
18.41685
18.42717
18.43828
18.44919
18.46071
18.47166
18.4827
18.49319
18.50436
18.51593
18.52691
18.53791
18.549
18.55949
18.5706
18.58177
18.59233
18.60314
18.61466
18.62546
18.63661
18.64808
18.65914
18.6709
18.68163
18.69254
18.70371
18.71494
18.72631
18.73711
18.74848
18.75953
18.77541
18.78628
18.79641
18.80701
18.81832
18.82818
18.83903
18.84967
18.86053
18.87166
18.88319
18.89502
18.90558
18.91643
18.92768
18.93861
18.94996
18.96186
18.97364
18.9843
18.99508
19.0062
19.01672
19.02905
19.03992
19.05058
19.06152
19.07268
19.08375
19.09518
19.10617
19.11739
19.12881
19.14007
19.15133
19.16268
19.17395
19.18537
19.19703
19.2079
19.21927
19.23072
19.24191
19.25315
19.26492
19.27615
19.28747
19.29849
19.30997
19.32094
19.33236
19.34339
19.35472
19.36587
19.37686
19.38801
19.39951
19.41111
19.42264
19.43333
19.44397
19.45511
19.46652
19.47743
19.48865
19.49976
19.51143
19.52242
19.53329
19.54447
19.55576
19.56682
19.57818
19.58925
19.60052
19.61161
19.62266
19.63373
19.64527
19.65617
19.66761
19.67899
19.68962
19.70092
19.71236
19.7232
19.73429
19.74604
19.75681
19.76784
19.77964
19.79031
19.80132
19.81274
19.82399
19.83482
19.84692
19.85716
19.86839
19.88006
19.89073
19.902
19.91347
19.92447
19.93539
19.953
19.96525
19.97755
19.98909
20.00091
20.01304
20.02311
20.03404
20.04445
20.05514
20.06605
20.0766
20.08678
20.09805
20.10929
20.12043
20.13181
20.14319
20.15429
20.16558
20.17616
20.18759
20.19984
20.2117
20.22344
20.23569
20.24859
TARGET DESTROYED 
20.26091
20.28958
20.3106
20.32382
20.33609
20.34787
20.35974
20.37205
20.38419
20.39685
20.41056
20.42363
20.43588
20.44829
20.46275
20.48273
20.50237
20.51872
20.54353
20.56867
20.58787
20.60487
20.62177
20.63747
20.65376
20.66806
20.69018
20.71268
20.73483
20.75736
20.77966
20.80185
20.82421
20.84684
20.86895
20.89115
20.91475
20.93579
20.95861
20.98093
21.00277
21.02542
21.04766
21.07012
21.09231
21.11473
21.13692
21.1593
21.18177
21.20386
21.22662
21.24913
21.27107
21.2936
21.31581
21.33799
21.36038
21.37143
21.38278
21.39374
21.40539
21.41809
21.43209
21.444
21.456
21.46866
21.48549
21.49714
21.50835
21.52032
21.53214
21.54363
21.55484
21.57064
21.58606
21.602
21.61796
21.63357
21.64967
21.66525
21.67896
21.69003
21.7017
21.71348
21.72479
21.73607
21.75183
21.76741
21.78381
21.80002
21.81583
21.83185
21.84804
21.8601
21.87265
21.88488
21.89668
21.9085
21.92085
21.93188
21.94276
21.95361
21.96529
21.97614
21.98845
21.99996
22.01218
22.02436
22.03713
22.04936
22.06151
22.07324
22.08467
22.09589
22.10703
22.11802
22.12955
22.14044
22.1516
22.16299
22.17501
22.18692
22.1987
22.21008
22.22126
22.23315
22.24514
22.25693
22.26968
22.28201
22.29388
22.30626
22.31802
22.32975
22.34127
22.35258
22.36415
22.37549
22.38753
22.39963
22.41208
22.42379
22.43606
22.4481
22.45976
22.47261
22.48433
22.49684
22.50861
22.52048
22.53228
22.54859
22.5647
22.58079
22.5963
22.61452
22.63161
22.6428
22.65406
22.66607
22.68173
