0.02
0.04
0.14
0.1719477
0.1847015
0.1955119
0.2059475
0.2158959
0.2248162
0.2347745
0.2460337
0.2570911
0.2689415
0.2797253
0.2907506
0.3037767
0.3134239
0.3240296
0.3393925
0.3497784
0.3592248
0.3688014
0.3806405
0.3910663
0.4022209
0.4136363
0.4244428
0.4361572
0.4474709
0.4581645
0.4691947
0.4806451
0.4919703
0.5029697
0.5144525
0.525019
0.5361444
0.5476891
0.5585287
0.5696541
0.5811728
0.5920672
0.6035699
0.6146277
0.6255587
0.6368381
0.6480594
0.6590555
0.6704982
0.6816579
0.6927041
0.703842
0.714952
0.7261913
0.7373257
0.7486259
0.7597616
0.7706936
0.7819352
0.7931777
0.8042473
0.8157166
0.8266472
0.8379244
0.8490636
0.8602089
0.8711485
0.8876855
0.8988613
0.9100868
0.9209257
0.9322163
0.9434206
0.9545403
0.9657038
0.9768565
0.9884814
0.999244
1.010583
1.022326
1.032856
1.043917
1.054897
1.066625
1.07727
1.088818
1.09981
TARGET DESTROYED 
1.110961
1.133653
1.143429
1.153177
1.162752
1.173015
1.18409
1.195412
1.206748
1.218137
1.235866
1.247684
1.257154
1.266876
1.276433
1.286016
1.295884
1.307006
1.318213
1.32971
1.34048
1.351696
1.363207
1.374413
1.385276
1.396731
1.407568
1.41866
1.43021
1.441196
1.452174
1.463623
1.474698
1.485623
1.497267
1.508235
1.519219
1.530735
1.541555
1.552598
1.564204
1.57515
1.586097
1.597511
1.608697
1.619811
1.631079
1.642395
1.653587
1.665295
1.676504
1.688231
1.699452
1.710936
1.722094
1.733734
1.745284
1.756439
1.768296
1.779855
1.790546
1.802523
1.813758
1.825009
1.83637
1.848379
1.859164
1.870362
1.884701
1.894537
1.904049
1.914171
1.924822
1.935855
1.947363
1.958324
1.969569
1.980803
1.991773
2.003335
2.014404
2.025417
2.036518
TARGET DESTROYED 
2.047784
2.060982
2.071126
2.081306
2.092252
2.103528
2.114832
2.126021
2.137113
2.148394
2.159683
2.176541
2.1882
2.198112
2.208254
2.217488
2.227125
2.236972
2.246476
2.256714
2.267507
2.279149
2.289815
2.301012
2.312538
2.323553
2.334609
2.345951
2.356796
2.368203
2.379478
2.390493
2.401652
2.412847
2.423909
2.435068
2.446501
2.457367
2.468952
2.480256
2.491004
2.502121
2.513841
2.524406
2.535699
2.546947
2.557987
2.569144
2.58049
2.591668
2.603195
2.615278
2.626049
2.640616
2.650843
2.660383
2.671716
2.683093
2.69541
2.705919
2.717547
2.72912
2.740405
2.751573
2.762928
2.774096
2.78536
2.796828
2.807443
2.818721
2.830107
2.841022
2.852306
2.863515
2.874477
2.885564
2.897245
2.908145
2.919349
2.930592
2.941723
2.953238
2.964159
2.974916
2.986197
2.997851
TARGET DESTROYED 
3.008519
3.02258
3.032961
3.042845
3.053767
3.06535
3.076384
3.087644
3.099509
3.118112
3.128761
3.138883
3.150039
3.161034
3.172343
3.183479
3.194615
3.205802
3.217052
3.228087
3.239511
3.250689
3.261725
3.272763
3.284008
3.295265
3.306254
3.317817
3.328808
3.340045
3.351017
3.362392
3.37335
3.38453
3.396183
3.411152
3.421333
3.431528
3.441538
3.451698
3.462961
3.473828
3.485007
3.496569
3.507536
3.518525
3.5302
3.541054
3.55271
3.564441
3.575486
3.586843
3.598554
3.609816
3.621329
3.632873
3.644225
3.6554
3.666763
3.677893
3.689459
3.700058
3.711248
3.722733
3.733615
3.745024
3.755842
3.767036
3.778772
3.789836
3.801357
3.812766
3.823386
3.835134
3.846799
3.857512
3.869049
3.880833
3.891585
3.902981
3.914482
3.925618
3.936875
3.948262
3.959693
3.970277
3.981747
3.992625
4.00384
4.014993
4.026173
4.037664
4.048811
4.059651
4.070863
4.082105
4.093293
4.104544
4.115592
4.126713
4.137959
4.149177
4.160186
4.171337
4.186273
4.196429
4.206841
4.216997
4.226352
4.236454
4.247966
4.258931
4.269915
4.281435
4.292341
4.30358
4.314711
4.325802
4.33688
4.348541
4.359566
4.37057
4.381799
4.392791
4.404022
4.41524
4.426357
4.437517
4.448893
4.45992
4.47128
4.482445
TARGET DESTROYED 
4.493211
4.507827
4.523757
4.535406
4.546296
4.557348
4.568622
4.580039
4.590827
4.602042
4.613413
4.624381
4.635496
4.647223
4.658219
4.669129
4.68045
4.691384
4.702879
4.714268
4.724819
4.736003
4.74739
4.758612
4.769601
4.780835
4.791836
4.803428
4.814528
4.82547
4.836569
4.848111
4.858889
4.870131
4.881503
4.892469
4.90351
4.914831
4.925875
4.937145
4.948336
4.963699
4.974392
4.985063
4.99555
5.00651
5.017772
5.028718
5.039973
5.05135
5.06281
5.074172
5.086492
5.097354
5.107535
5.118755
5.130387
5.141017
5.152867
5.164013
5.174537
5.185658
5.197075
5.207963
5.219143
5.230713
5.242309
5.252867
5.264011
5.275133
5.286562
5.297584
5.308624
5.319695
5.331188
5.342312
5.353699
5.365194
5.376603
5.387733
5.39904
5.410494
5.421597
5.433145
5.444361
5.456131
5.466768
5.4794
5.490484
5.503329
5.512825
5.522213
5.533104
5.544312
5.555596
5.566913
5.577969
5.589013
5.600625
5.611346
5.622643
5.633843
5.645067
5.656031
5.667207
5.678619
5.689602
5.70089
5.712223
5.72305
5.734268
5.745874
5.756994
5.771713
5.781548
5.790878
5.800774
5.811258
5.822396
5.833609
5.844985
5.855971
5.867049
5.878463
5.889461
5.900712
5.912171
5.923063
5.934056
5.945564
5.956552
5.967619
5.979261
TARGET DESTROYED 
5.990028
6.003828
6.013805
6.023523
6.034798
6.046119
6.05699
6.068665
6.085488
6.095996
6.105881
6.116167
6.125734
6.14358
6.154536
6.165897
6.17696
6.188066
6.199469
6.210556
6.221917
6.232903
6.244018
6.255198
6.266406
6.277434
6.288628
6.299941
6.31093
6.322198
6.333451
6.344591
6.355691
6.367634
6.378431
6.389159
6.400354
6.411634
6.422742
6.433923
6.445127
6.456267
6.467461
6.478723
6.489795
6.500917
6.512465
6.523178
6.534793
6.545628
6.559905
6.570116
6.579711
6.590212
6.601423
6.612761
6.623766
6.635507
6.647298
6.658526
6.670012
6.681551
6.69319
6.704654
6.716123
6.727665
6.739262
6.750443
6.761589
6.772621
6.783944
6.795182
6.806137
6.817832
6.828685
6.839914
6.851114
6.862485
6.873104
6.884437
6.895788
6.906798
6.918073
6.929655
6.940426
6.951966
6.963632
6.974254
6.985657
6.997263
7.008887
7.019839
7.03093
7.041912
7.053043
7.064661
7.076249
7.087361
7.098833
7.109354
7.120584
7.131567
7.143043
7.154198
7.165298
7.176018
7.187208
7.198746
7.209586
7.220787
7.232378
7.243051
7.254082
7.265594
7.276437
7.287721
7.299083
7.310256
7.321754
7.333374
7.344041
7.360092
7.371007
7.381902
7.392497
7.403354
7.414828
7.425663
7.436709
7.447931
7.45917
7.470519
7.482054
7.493052
7.503689
7.515007
7.525999
7.536736
7.547845
7.55881
7.569649
7.580546
7.591147
7.602029
7.613143
7.623937
7.635103
7.646154
7.656878
7.667974
7.678988
7.689905
7.700914
7.712007
7.723004
7.734075
7.744628
7.755443
7.766478
7.777478
7.788969
7.800334
7.811418
7.82287
7.834493
7.845252
7.856261
7.867644
7.878599
7.889825
7.90163
7.91275
7.924049
7.93562
7.946764
7.958432
7.969997
7.981473
7.992745
TARGET DESTROYED 
8.004088
8.02094
8.032542
8.043603
8.054729
8.065971
8.077312
8.088309
8.099708
8.117872
8.130582
8.142809
8.158949
8.170273
8.181493
8.192165
8.2032
8.214094
8.224723
8.235793
8.247041
8.258116
8.269
8.279798
8.29072
8.301571
8.313205
8.32396
8.335217
8.345986
8.356917
8.368391
8.379186
8.389813
8.400983
8.411762
8.422528
8.433352
8.44443
8.455584
8.467046
8.478081
8.489278
8.500236
8.511399
8.522873
8.533944
8.544976
8.55609
8.567424
8.578819
8.589916
8.601094
8.612837
8.624208
8.635775
8.647278
8.658669
8.670107
8.681568
8.692952
8.704513
8.716161
8.727834
8.739406
8.753191
8.764463
8.775506
8.786192
8.796968
8.807964
8.819264
8.830414
8.841032
8.852322
8.863374
8.874163
8.885928
8.896855
8.907493
8.918945
8.930601
8.94123
8.95194
8.962099
8.972893
8.984294
8.995699
9.010947
9.021564
9.031975
9.041595
9.050944
9.061576
9.07256
9.084068
9.095055
9.106366
9.117618
9.129111
9.140119
9.151152
9.162667
9.173478
9.18435
9.196138
9.207204
9.218396
9.229704
9.240884
9.251942
9.26319
9.273953
9.285111
9.296446
9.307502
9.318448
9.330234
9.341458
9.352787
9.364826
9.375419
9.386134
9.398035
9.408962
9.421294
9.433269
9.44427
9.455373
9.467139
9.477942
9.488906
9.50023
9.510724
9.521661
9.533139
9.543877
9.555274
9.566419
9.577553
9.588881
9.599898
9.611374
9.62219
9.633368
9.644602
9.655798
9.667272
9.678082
9.689688
9.700343
9.71157
9.723072
9.734104
9.745147
9.756697
9.767596
9.779448
9.789993
9.801282
9.812706
9.823743
9.834832
9.849404
9.85923
9.868923
9.878065
9.888788
9.900092
9.910953
9.922392
9.933636
9.94516
9.955964
9.967093
9.978787
9.989416
10.00053
10.01197
10.02288
10.03391
10.04545
10.05687
10.06746
10.07904
10.08987
10.1013
10.11243
10.12327
10.1347
10.14589
10.15697
10.168
10.18046
10.19043
10.20168
10.21348
10.22418
10.23541
10.24707
10.25803
10.26944
10.28146
10.29209
10.30314
TARGET DESTROYED 
10.31497
10.3392
10.34937
10.35899
10.36955
10.3795
10.38936
10.39963
10.41094
10.42174
10.43326
10.44451
10.46349
10.4748
10.48443
10.49388
10.50359
10.51325
10.52314
10.53326
10.54453
10.5556
10.56669
10.5778
10.58896
10.60047
10.61467
10.62444
10.6339
10.64492
10.65603
10.66737
10.6788
10.68982
10.70074
10.7121
10.72352
10.73421
10.74562
10.75714
10.76781
10.77905
10.79015
10.80143
10.81306
10.82413
10.83477
10.84628
10.85702
10.86826
10.88037
10.89142
10.90224
10.91434
10.92523
10.93686
10.9511
10.96121
10.97119
10.98261
10.9939
11.00552
11.01688
11.02883
11.04263
