0.02
0.04
0.14
0.1779175
0.1955536
0.2075686
0.2192284
0.2337139
0.2450385
0.2556731
0.2704075
0.2815387
0.2924562
0.3047728
0.315323
0.3260432
0.3375314
0.3477984
0.3585331
0.3693614
0.3801808
0.3912356
0.4022058
0.4125597
0.4236302
0.4343562
0.4448936
0.4558304
0.4660582
0.4767091
0.4873373
0.4976764
0.5087928
0.5193597
0.5294999
0.5403716
0.5515884
0.5625528
0.5736657
0.5849614
0.5962626
0.6071237
0.6185914
0.6295159
0.6406564
0.6556205
0.6664075
0.6770834
0.6880167
0.6982271
0.7096233
0.7205389
0.7305951
0.7415472
0.7525825
0.7633842
0.7747034
0.7860736
0.7969905
0.8082169
0.8193594
0.8304713
0.8416721
0.8529893
0.8645719
0.875423
0.8866989
0.9008566
0.9119595
0.9229419
0.9345866
0.9452633
0.9565667
0.9681669
0.9793423
0.9899433
1.001467
1.012916
1.025181
1.036423
1.04729
1.063586
1.075191
1.085975
1.097351
1.108314
1.119184
1.13023
1.141182
1.152492
TARGET DESTROYED 
1.171002
1.182337
1.192911
1.205338
1.216432
1.235771
1.247967
1.258471
1.269202
1.279615
1.290365
1.300908
1.311309
1.322488
1.333722
1.344155
1.356125
1.367695
1.37797
1.38964
1.400474
1.411305
1.422439
1.433997
1.44477
1.459849
1.470631
1.48089
1.491492
1.5022
1.512532
1.523539
1.534438
1.545447
1.556566
1.568012
1.579382
1.590719
1.6015
1.612337
1.623527
1.635022
1.646045
1.657102
1.668689
1.679522
1.69067
1.701903
1.712905
1.72419
1.735543
1.746393
1.757574
1.768785
1.780696
1.792025
1.803812
1.815297
1.826927
1.838953
1.854051
1.864832
1.875605
1.886786
1.897086
1.907488
1.917972
1.928535
1.939348
1.951183
1.961843
1.972839
1.984443
1.995996
2.006654
2.01791
2.028765
2.03986
2.051284
2.062302
2.0735
2.084759
2.095835
2.106975
2.118329
2.129292
2.140893
2.151948
2.163009
2.173834
2.185571
2.196232
2.207499
2.218987
2.230437
2.241395
2.256666
2.267326
2.278043
2.289012
2.299572
2.310389
2.321113
2.331895
2.342269
2.353463
2.363851
2.375252
2.386287
2.39717
2.408363
2.419754
2.43081
2.441753
2.453187
2.464679
2.475802
2.486827
2.497807
2.509167
2.520298
2.531268
2.542352
TARGET DESTROYED 
2.560615
2.572339
2.584781
2.595479
2.606964
2.618349
2.636259
2.648083
2.66322
2.674419
2.684934
2.695947
2.706942
2.718513
2.729258
2.74073
2.751782
2.763145
2.774223
2.785594
2.796388
2.808038
2.818759
2.829841
2.840938
2.852342
2.863497
2.874495
2.885901
2.896942
2.908029
2.92027
2.93099
2.941724
2.952904
2.964006
2.975353
2.986819
2.997489
3.008466
3.019905
3.030884
3.042035
3.05788
3.068503
3.079327
3.090911
3.101639
3.112407
3.123864
3.13447
3.145498
3.156715
3.167348
3.177982
3.189028
3.200102
3.211327
3.223293
3.234696
3.245857
3.257411
3.268385
3.27922
3.29054
3.301728
3.312792
3.323832
3.340729
3.352028
3.363531
3.374644
3.385546
3.396918
3.408309
3.420852
3.433208
3.444285
3.455554
3.471071
3.481715
3.492457
3.503596
3.514311
3.525322
3.536672
3.547491
3.558728
3.569811
3.58094
3.591732
3.602661
3.613493
3.625158
3.637286
3.648491
3.659703
3.671318
3.682623
3.694087
3.705921
3.717915
3.729434
3.741095
3.752772
3.76446
3.775947
3.788011
3.800015
3.811359
3.822904
3.835417
3.849841
3.861284
3.872864
3.88941
3.901347
3.91334
TARGET DESTROYED 
3.929751
3.941938
3.953904
3.965483
3.977247
3.988805
4.000196
4.012282
4.030842
4.044285
4.055992
4.068144
4.080062
4.092293
4.103701
4.114879
4.127213
4.138817
4.15056
4.162362
4.173855
4.185822
4.197007
4.208254
4.219673
4.231443
4.243448
4.255318
4.266847
4.278355
4.289677
4.301022
4.317518
4.329043
4.341668
4.352935
4.364397
4.375781
4.387434
4.398937
4.410431
4.42261
4.434193
4.445787
4.457629
4.469307
4.480379
4.49242
4.504324
4.515414
4.527967
4.539314
4.550338
4.561814
4.573423
4.585384
4.597507
4.609392
4.621525
4.632812
4.644136
4.655961
4.667161
4.678513
4.690324
4.702334
4.713722
4.725338
4.741087
4.752479
4.763592
4.776253
4.7885
4.799503
4.810801
4.822738
4.834256
4.845726
4.857622
4.86936
4.880637
4.892054
4.903837
4.915123
4.926595
4.93863
4.950203
4.961665
4.973375
4.985884
4.997267
5.00889
5.020376
5.031724
5.042985
5.05496
5.066804
5.078415
5.090307
5.101952
5.113362
5.125051
5.136663
5.153111
5.164389
5.175828
5.187945
5.1993
5.21097
5.222466
5.234297
5.2461
5.257246
5.26934
5.280865
5.292153
5.303961
5.315151
TARGET DESTROYED 
5.331878
5.343482
5.354639
5.365935
5.377352
5.388973
5.406983
5.419931
5.431312
5.443063
5.454779
5.466394
5.478162
5.489657
5.501491
5.512893
5.524251
5.535591
5.546916
5.558267
5.574052
5.585525
5.597125
5.608751
5.620097
5.631563
5.64305
5.65592
5.667681
5.6792
5.690773
5.702726
5.7142
5.725443
5.737041
5.748516
5.759849
5.771508
5.782722
5.794294
5.805676
5.817268
5.8286
5.840324
5.85164
5.863517
5.87562
5.887678
5.898694
5.910331
5.92184
5.933133
5.944308
5.956068
5.968198
5.97974
5.991207
6.007577
6.019068
6.030243
6.041592
6.053377
6.064896
6.076724
6.088738
6.10008
6.111343
6.122879
6.134274
6.145491
6.156962
6.168733
6.180993
6.192297
6.203707
6.214736
6.226306
6.238045
6.250965
6.262321
6.273644
6.284988
6.296551
6.308208
6.31981
6.33207
6.343677
6.35534
6.36699
6.37836
6.389971
6.401805
6.413062
6.428834
6.440508
6.452367
6.463574
6.474989
6.487576
6.499388
6.510885
6.52272
6.534672
6.546016
6.55762
6.569914
6.580997
6.592969
6.605475
6.616822
6.628118
6.640098
6.651309
6.662509
6.674448
6.685822
6.697058
6.709119
6.72109
6.732369
6.743807
6.755444
6.767217
6.778812
6.790797
6.802512
6.813757
6.825229
6.836968
6.852592
TARGET DESTROYED 
6.869073
6.884177
6.895784
6.907381
6.919419
6.93059
6.942486
6.960912
6.973742
6.985399
6.996831
7.008574
7.020262
7.032079
7.043537
7.055866
7.067685
7.079107
7.091154
7.103208
7.115004
7.127617
7.140344
7.152822
7.164037
7.176164
7.188452
7.200217
7.211954
7.224143
7.236048
7.24744
7.260088
7.271084
7.286424
7.297753
7.309
7.320232
7.331558
7.342562
7.353591
7.364856
7.376116
7.387191
7.398451
7.409461
7.420914
7.431962
7.443157
7.454338
7.465833
7.476562
7.48789
7.498922
7.509952
7.521254
7.532411
7.54354
7.554858
7.566064
7.577237
7.588216
7.599454
7.610577
7.622197
7.633158
7.644128
7.655391
7.66673
7.677773
7.693051
7.703949
7.714566
7.725389
7.736636
7.746943
7.757502
7.768421
7.778864
7.789995
7.80191
7.813018
7.824629
7.836329
7.847531
7.859111
7.870646
7.881497
7.89288
7.903864
7.915006
7.92644
7.938225
7.948623
7.959733
7.970917
7.982086
7.993162
8.004315
8.015989
8.027035
8.037966
8.049318
8.061151
8.072127
8.082987
8.099751
8.111061
8.122321
8.13303
8.144331
8.155722
8.16618
8.177891
8.188925
8.199774
8.210569
8.221352
8.232228
8.242901
8.254259
8.265742
8.277011
8.288177
8.298653
8.309552
8.320386
8.331244
8.342048
8.353253
8.36383
8.374506
8.385556
8.396376
8.40699
8.417387
TARGET DESTROYED 
8.433444
8.444558
8.455612
8.466123
8.476483
8.487223
8.502585
8.513451
8.530746
8.542477
8.553476
8.5638
8.574196
8.584545
8.595084
8.605591
8.616027
8.626998
8.638157
8.649398
8.660557
8.671931
8.682926
8.694125
8.705231
8.716712
8.727728
8.73868
8.749954
8.761278
8.77218
8.784225
8.794814
8.805849
8.817217
8.828341
8.839215
8.850572
8.861765
8.872869
8.884176
8.895449
8.911037
8.921842
8.931944
8.942384
8.953149
8.963506
8.974063
8.985025
8.995635
9.006822
9.017965
9.029118
9.040335
9.051579
9.063443
9.074781
9.085541
9.097195
9.108762
9.120493
9.131831
9.143361
9.154468
9.165407
9.176502
9.187911
9.199237
9.210117
9.221097
9.232481
9.243834
9.254888
9.265979
9.277476
9.288635
9.300764
9.311184
9.322619
9.338262
9.348821
9.359494
9.370241
9.380429
9.391027
9.401784
9.412227
9.42261
9.434107
9.445092
9.456535
9.467498
9.478534
9.489609
9.501303
9.512005
9.523247
9.534553
9.545751
9.556731
9.568143
9.57924
9.590147
9.601954
9.612937
9.623765
9.635112
9.646191
9.657292
9.668918
9.681251
9.692104
9.70257
9.714675
9.725459
9.736229
9.751667
9.762242
9.773016
9.784024
9.794442
9.805081
9.815063
9.82553
9.836382
9.847249
9.858373
9.869695
9.880898
9.892002
9.903227
9.914289
9.926028
9.936652
9.947874
9.959085
9.970146
9.981272
9.992401
10.00367
10.01522
10.02585
10.03721
10.04833
10.05958
10.07105
10.08192
10.09301
10.1044
10.11566
10.1268
10.13822
10.14961
10.16462
10.17527
10.18566
10.19653
10.20762
10.21857
10.22867
10.24
10.25022
10.26086
10.27205
10.28334
10.29442
10.30557
10.31691
10.32798
10.33908
10.3505
10.36137
10.37323
10.38408
10.39524
10.40717
10.4183
10.42859
10.43975
10.45109
10.46205
10.47319
10.48461
10.49545
10.50679
10.51829
10.52913
10.54039
10.55214
10.56304
10.57884
10.58977
10.6002
10.61161
TARGET DESTROYED 
10.63634
10.64701
10.65732
10.66792
10.67867
10.68932
10.69961
10.71043
10.7293
10.74122
10.75155
10.76173
10.77264
10.78296
10.79415
10.80527
10.8165
10.82743
10.83861
10.84996
10.86127
10.87231
10.8834
10.89445
10.90575
10.91705
10.92794
10.9392
10.95082
10.96149
10.97706
10.98736
10.99879
11.00955
11.02063
11.03064
11.04097
11.05163
11.06202
11.07354
11.08465
11.09557
11.10691
11.11819
11.12923
11.14039
11.15179
11.16262
11.17404
11.18532
11.1962
11.20753
11.21924
11.22963
11.24093
11.25226
11.26356
11.27519
11.28727
11.2984
11.30999
11.32175
11.33312
11.34413
11.35585
11.36705
11.37825
11.39402
11.40463
11.41523
11.42561
11.43655
11.44691
11.45784
11.46879
11.4787
11.48941
11.50044
11.5112
11.52233
11.53402
11.5448
11.55626
11.56733
11.57825
11.58937
11.60106
11.61161
11.62295
11.64189
11.65364
11.6641
11.67658
11.68768
11.69891
11.70994
11.72103
11.73232
11.74354
11.75768
