0.02
0.04
0.14
0.1768165
0.1931925
0.2051549
0.218865
0.2333495
0.244593
0.2554078
0.270413
0.2811686
0.2922096
0.3046484
0.3150613
0.3258367
0.3369756
0.3473067
0.3586811
0.3697035
0.3807169
0.3919739
0.4033418
0.4142754
0.4254746
0.4370228
0.4479888
0.4588672
0.4707686
0.4817731
0.4922915
0.5042337
0.5149062
0.526431
0.5372362
0.5483087
0.5596272
0.5770268
0.588115
0.5985847
0.6099799
0.6215388
0.632497
0.6434091
0.6539798
0.6697206
0.6802898
0.6911464
0.7023539
0.7132185
0.7236317
TARGET DESTROYED 
0.7431288
0.754599
0.7743078
0.7858272
0.7962895
0.8075211
0.8177858
0.8281406
0.8386546
0.8497139
0.8609324
0.8724209
0.883239
0.8945607
0.9059857
0.9167499
0.9279625
0.9390328
0.950367
0.9614004
0.9729624
0.9838231
0.9955812
1.007158
1.018385
1.029693
1.040116
1.05074
1.066603
1.077653
1.088301
1.099342
1.110187
1.121392
1.131897
1.142612
1.153381
1.163962
1.17502
1.185629
1.196069
1.207176
1.218607
1.229417
1.240686
1.25198
1.262948
1.274177
1.285488
1.296421
1.308039
1.320282
1.33137
1.342992
1.354898
1.366211
1.377493
1.388281
1.399527
1.410675
1.4219
1.432965
1.444442
1.456122
1.471915
1.483277
1.494318
1.505259
1.515846
1.526812
1.538959
1.549431
1.560866
1.571744
1.582706
1.593172
1.60384
1.614729
1.62585
1.63729
1.647759
1.658876
1.669945
1.680469
TARGET DESTROYED 
1.696005
1.713462
1.726047
1.736696
1.747594
1.757999
1.768355
1.779163
1.78993
1.800859
1.81178
1.822634
1.833094
1.844008
1.85535
1.870543
1.881281
1.891935
1.902478
1.91324
1.924201
1.934456
1.9449
1.956357
1.966779
1.977882
1.98904
2.000462
2.011804
2.022591
2.033948
2.045323
2.056414
2.06719
2.078472
2.089632
2.100807
2.11226
2.123244
2.134303
2.145434
2.156569
2.167989
2.178845
2.190112
2.201461
2.212536
2.223506
2.23477
2.245904
2.257317
2.273509
2.283998
2.294999
2.305993
2.3167
2.328131
2.338942
2.34955
2.360551
2.371605
2.382551
2.393954
2.405388
2.41627
2.427385
2.438514
2.449448
2.460779
2.472011
2.483444
2.495392
2.506679
2.517728
2.529186
2.540298
2.551399
2.56269
2.573683
2.584078
2.595142
2.606205
2.616988
2.628339
2.63984
2.651
2.662347
2.678167
2.691123
2.702545
2.713599
2.725237
2.737752
2.749359
2.761344
2.772531
2.783555
2.79541
TARGET DESTROYED 
2.811606
2.823875
2.835161
2.846445
2.858217
2.870108
2.881493
2.892805
2.90563
2.916612
2.927673
2.93908
2.950839
2.968446
2.981732
2.993182
3.005245
3.016769
3.028358
3.03933
3.050221
3.061285
3.072832
3.08367
3.100442
3.111518
3.12245
3.132916
3.143786
3.154901
3.16565
3.176361
3.187092
3.197724
3.208489
3.220107
3.230821
3.241357
3.251971
3.263185
3.274004
3.284954
3.295914
3.307137
3.31855
3.329306
3.340927
3.351809
3.363
3.374025
3.385624
3.396705
3.407648
3.419107
3.430571
3.441626
3.452764
3.464287
3.475484
3.486534
3.503295
3.514116
3.525131
3.536564
3.547573
3.558629
3.569758
3.580506
3.59147
3.602153
3.612961
3.623746
3.634846
3.645537
3.656183
3.666862
3.677727
3.688462
3.699531
3.710819
3.73266
3.744305
3.754888
3.765348
3.776239
3.78757
3.798562
3.809634
3.821353
3.832299
3.843472
3.854878
3.865628
3.87691
3.888242
3.899152
3.914995
3.925668
3.936794
3.947473
3.958431
3.969162
3.980118
3.991151
4.00263
4.013509
4.029959
4.041613
4.053095
4.063974
TARGET DESTROYED 
4.079409
4.090755
4.101602
4.113042
4.123976
4.134448
4.145877
4.156775
4.167385
4.178387
4.190003
4.201021
4.218384
4.231316
4.242623
4.253768
4.264585
4.275504
4.286047
4.296731
4.308414
4.319221
4.33483
4.346064
4.358119
4.368487
4.379371
4.390673
4.401949
4.41291
4.424107
4.435335
4.446523
4.457678
4.468818
4.479874
4.491171
4.503225
4.515872
4.527232
4.539082
4.549919
4.561249
4.573055
4.583943
4.595056
4.606541
4.617506
4.628552
4.639896
4.651233
4.662852
4.674301
4.686056
4.697234
4.708554
4.719985
4.731213
4.747193
4.759249
4.770784
4.781407
4.792713
4.804067
4.815456
4.82704
4.83847
4.849071
4.860495
4.872379
4.883426
4.894907
4.906347
4.917475
4.928876
4.940337
4.951519
4.963018
4.974293
4.98556
4.997036
5.00833
5.019764
5.030981
5.042386
5.054041
5.069653
5.081554
5.092903
5.10434
5.116842
5.127692
5.139179
5.150075
5.166126
5.177047
5.188056
5.199124
5.209858
TARGET DESTROYED 
5.224527
5.235643
5.246317
5.257436
5.267903
5.278907
5.291243
5.308449
5.320203
5.330674
5.341401
5.35172
5.362632
5.373615
5.384791
5.395928
5.407069
5.418264
5.429409
5.440504
5.45199
5.462847
5.474317
5.485719
5.496629
5.507482
5.520223
5.531321
5.542255
5.552819
5.563433
5.579383
5.590799
5.601382
5.612596
5.623613
5.6344
5.645405
5.656022
5.666425
5.677298
5.688349
5.699122
5.710433
5.72088
5.731526
5.743001
5.754096
5.76463
5.776096
5.787088
5.798019
5.809322
5.820575
5.831798
5.843416
5.855176
5.866698
5.878011
5.889385
5.900475
5.911629
5.923368
5.934304
5.945207
5.956819
5.967851
5.983736
5.994638
6.005876
6.01622
6.026693
6.037857
6.048942
6.059702
6.069904
6.080664
6.091399
6.102274
6.113501
6.124848
6.135803
6.146853
6.158116
6.169129
6.180278
6.191504
6.203038
6.213783
6.224974
6.236729
6.247583
6.258498
6.270001
6.28096
6.292017
6.3035
6.314367
6.325601
6.336854
6.347901
6.359221
6.370676
6.38713
6.398122
6.409111
6.420019
6.430716
6.441329
6.452346
6.463035
6.47457
6.485094
6.495755
6.507528
6.518634
6.530215
6.541669
6.55228
6.562833
6.574746
6.585315
6.596077
6.607208
6.617725
6.628939
6.639971
6.65093
6.661734
6.672519
6.683699
6.6945
6.705139
6.716016
6.72664
TARGET DESTROYED 
6.742221
6.753116
6.763424
6.775498
6.791969
6.803969
6.815796
6.827389
6.839479
6.851015
6.869191
6.882228
6.894036
6.905718
6.917745
6.929177
6.940697
6.951943
6.963876
6.975472
6.986989
6.999619
7.011752
7.023364
7.035366
7.047563
7.059484
7.071436
7.082664
7.094195
7.105927
7.118025
7.129585
7.141463
7.153247
7.164821
7.17643
7.1884
7.199789
7.211217
7.223132
7.239501
7.251143
7.263021
7.274544
7.286333
7.297648
7.309359
7.321585
7.332938
7.344885
7.356494
7.368559
7.380117
7.391222
7.401848
7.412927
7.424352
7.435315
7.446341
7.457293
7.468047
7.47914
7.498346
7.509793
7.521286
7.53305
7.544641
7.556098
7.56728
7.578741
7.589794
7.600579
7.611543
7.622709
7.633734
7.644958
7.656075
7.667146
7.682659
7.694679
7.706335
7.717293
7.729205
7.742204
7.754245
7.76529
7.776475
7.787814
7.798806
7.810081
7.8215
7.832863
7.844317
7.85564
7.866473
7.877902
7.889109
7.900167
7.911526
7.922945
7.934355
7.945673
7.957111
7.967997
7.978793
7.990218
8.003544
8.014439
8.025592
8.037352
8.048473
8.060131
8.071157
8.082721
8.094803
8.106875
8.123466
8.135392
8.146428
8.157918
8.169445
8.180754
8.192359
8.203419
8.214683
8.226401
8.237828
8.249202
8.261111
8.27295
8.284025
8.296224
8.308289
8.319788
8.331196
8.343427
8.355184
8.366993
8.378402
8.390167
8.405972
8.422566
8.43428
8.445831
8.457413
8.469101
8.480827
8.492194
8.504285
8.516278
8.527866
8.540183
8.553311
8.569871
8.581985
8.593489
8.604952
8.616316
8.62843
8.640106
8.652043
8.663591
8.675534
8.68721
8.698783
8.710506
8.721915
8.733736
8.746564
8.75883
TARGET DESTROYED 
8.784483
8.796211
8.808443
8.820376
8.831743
8.843966
8.855817
8.86748
8.878877
8.891191
8.911356
8.92409
8.936053
8.948024
8.959961
8.971187
8.98236
8.999361
9.011442
9.024367
9.037566
9.049929
9.06246
9.075155
9.08799
9.10021
9.112994
9.125853
9.138359
9.150981
9.163751
9.17617
9.189783
9.202122
9.214253
9.226294
9.238503
9.250253
9.261433
9.272289
9.283258
9.294346
9.305827
9.316458
9.32767
9.33972
9.35052
9.363789
9.376412
9.388704
9.39974
9.411233
9.422738
9.434398
9.450004
9.461693
9.472911
9.484097
9.495268
9.506692
9.518567
9.530478
9.542777
9.555817
9.566922
9.579336
9.591122
9.602935
9.613976
9.625717
9.636975
9.647718
9.659089
9.67055
9.681573
9.692446
9.706542
9.717631
9.729895
9.741026
9.752325
9.763442
9.774769
9.785989
9.797324
9.808353
9.822596
