0.02
0.04
0.14
0.1771967
0.1909809
0.20138
0.2123418
0.2232487
0.2325712
0.2422649
0.2515543
0.2616856
0.272768
0.2841876
0.2971053
0.3064698
0.3175025
0.328891
0.3403026
0.3511999
0.3622098
0.3732919
0.3848116
0.3955937
0.4068946
0.4181166
0.432544
0.4423914
0.4522422
0.4631055
0.4738181
0.4854824
0.4961379
0.5075478
0.5185702
0.5297319
0.5410504
0.5524633
0.5636095
0.5761089
0.5859364
0.5971401
0.6081173
0.6189533
0.6299982
0.6412532
0.6524675
0.6636552
0.6746798
0.6861687
0.6970185
0.7082992
0.7198031
0.7310126
0.7417241
0.7530273
0.7642974
0.7751578
0.7865472
0.7975036
0.8088603
0.8203841
0.8311958
0.8423158
0.8535102
0.8647139
0.8756965
0.8913732
0.9029657
0.9138916
0.9253204
0.9367304
0.9475552
0.9588407
0.9704726
0.9815278
0.9926404
1.004276
1.014807
1.025792
1.037396
1.048204
1.059379
1.071022
1.082035
1.092874
1.104621
1.115342
1.126414
1.137849
1.149017
1.159929
1.171616
1.182327
1.19348
1.204788
1.215816
1.226891
1.238513
1.249457
1.260436
1.271905
1.282872
1.294399
1.305673
1.316357
1.327575
1.339047
1.349868
1.361226
1.37292
1.383624
1.394635
1.406185
1.41686
1.427994
1.439585
1.450689
1.461712
1.473423
1.484127
1.495191
1.506749
TARGET DESTROYED 
1.525034
1.540218
1.550325
1.569355
1.580557
1.590597
1.601944
1.613055
1.62624
1.635418
1.646352
1.657579
1.669113
1.679867
1.691762
1.702681
1.71352
1.724724
1.736156
1.747211
1.758219
1.769421
1.78047
1.791883
1.803203
1.813893
1.82526
1.836709
1.847513
1.858979
1.870215
1.881047
1.892646
1.903576
1.91451
1.925678
1.937175
1.948036
1.959325
1.970831
1.981977
1.992838
2.004185
2.015313
2.026273
2.037344
2.048611
2.060098
2.075682
2.085076
2.094736
2.105755
2.116802
2.128455
2.139786
2.15101
2.162181
2.173612
2.184478
2.195826
2.206825
2.217992
2.229113
2.240386
2.251591
2.262854
2.273967
2.285095
2.296228
2.307574
2.318609
2.330023
2.341886
2.352417
2.363451
2.374365
2.3857
2.396772
2.407849
2.4194
2.430296
2.441754
2.453273
2.464383
2.475608
2.487458
2.498376
2.509651
2.521286
2.532579
2.543824
2.555052
2.56631
2.577869
2.589247
2.605195
2.614738
2.624383
2.633862
2.644032
2.654173
2.665055
2.67631
2.687655
2.698724
2.709679
2.721187
2.732077
2.743393
2.754674
2.765583
2.776742
2.788166
2.799319
2.810545
2.821672
2.832613
2.844014
2.855364
2.866036
2.877326
2.888614
2.899628
2.91081
2.922089
2.933117
2.944424
2.955985
2.967399
2.978237
TARGET DESTROYED 
2.992989
3.003136
3.013149
3.023502
3.034924
3.046022
3.057422
3.079231
3.089672
3.099543
3.109948
3.127359
3.13891
3.148676
3.158801
3.168484
3.17886
3.189042
3.199131
3.210169
3.221524
3.232505
3.243757
3.254923
3.266723
3.277267
3.288603
3.299448
3.310858
3.322137
3.333053
3.344569
3.355375
3.366701
3.377805
3.389065
3.400229
3.411295
3.422729
3.43358
3.444854
3.456051
3.467133
3.478266
3.489616
3.500748
3.511939
3.522924
3.534234
3.545379
3.556501
3.567734
3.579567
3.59083
3.602702
3.613905
3.625632
3.637234
3.648572
3.660105
3.671995
3.686837
3.69638
3.706264
3.716077
3.726874
3.738477
3.749304
3.760405
3.772167
3.78298
3.793937
3.80538
3.816232
3.827393
3.838833
3.849648
3.860995
3.872184
3.883659
3.894693
3.905659
3.916711
3.928333
3.93916
3.950296
3.961385
3.972758
3.98391
3.994925
4.006251
4.017982
4.028436
4.040518
4.051104
4.06221
4.073586
4.084799
4.096454
4.1075
4.118994
4.130207
4.141571
4.153276
4.164311
4.17553
4.187161
4.198568
4.209974
4.220643
4.231618
4.242782
4.254167
4.265197
4.276196
4.287618
4.298525
4.30987
4.321103
4.33224
4.343496
4.354552
4.36657
4.376929
4.388299
4.399137
4.410617
4.421816
4.432825
4.44376
4.455137
4.466401
4.477211
4.488766
4.499652
TARGET DESTROYED 
4.513311
4.524271
4.540281
4.551602
4.56205
4.572905
4.584036
4.595841
4.606619
4.617442
4.628665
4.639908
4.651286
4.662336
4.673531
4.684712
4.695924
4.707058
4.718157
4.729348
4.740494
4.75215
4.767216
4.777321
4.786994
4.796969
4.807545
4.818791
4.829917
4.841536
4.852421
4.863358
4.874499
4.885921
4.89679
4.90799
4.919143
4.930534
4.941546
4.952879
4.963781
4.975472
4.987011
4.998394
5.009794
5.021553
5.032522
5.043942
5.055557
5.066885
5.078266
5.089465
5.100369
5.111709
5.122808
5.134173
5.145301
5.157011
5.168269
5.179168
5.19083
5.202132
5.213244
5.224602
5.23639
5.247385
5.258649
5.270519
5.28147
5.292713
5.3041
5.315277
5.326284
5.337677
5.350487
5.359974
5.371228
5.382263
5.393006
5.404616
5.415748
5.426533
5.437994
5.448955
5.459977
5.471954
5.482799
5.493672
5.50501
5.516142
5.527352
5.538416
5.549423
5.560771
5.571997
5.582946
5.594445
5.606243
5.616559
5.627807
5.638942
5.65003
5.661181
5.672427
5.683485
5.694701
5.706011
5.717233
5.728238
5.739898
5.750926
5.761907
5.77306
5.784495
5.795475
5.806559
5.817679
5.829005
5.840092
5.851339
5.862349
5.877128
5.887541
5.897172
5.90675
5.916201
TARGET DESTROYED 
5.929895
5.940577
5.956372
5.967187
5.977399
5.98743
5.996739
6.006514
6.016401
6.026548
6.03622
6.047374
6.05887
6.069934
6.080886
6.092281
6.103426
6.114337
6.125755
6.137797
6.147898
6.15911
6.170554
6.181434
6.192601
6.203896
6.214833
6.22621
6.237442
6.248486
6.259467
6.270971
6.282184
6.293613
6.304476
6.315484
6.326664
6.338027
6.348978
6.360106
6.371508
6.382504
6.393839
6.405891
6.416656
6.428067
6.439931
6.45126
6.462582
6.474149
6.485641
6.49694
6.508429
6.520329
6.531056
6.542551
6.5541
6.56565
6.576882
6.588607
6.599842
6.610849
6.622506
6.633344
6.644176
6.655669
6.666614
6.677824
6.689109
6.700486
6.711313
6.722667
6.733759
6.744874
6.756082
6.767099
6.778385
6.789464
6.800764
6.811836
6.823136
6.834133
6.845449
6.856683
6.868657
6.879333
6.890017
6.901203
6.912346
6.923464
6.934628
6.945787
6.957089
6.968192
6.983799
6.994552
7.005408
7.015768
7.026523
7.037471
7.047897
7.058224
7.068324
7.079002
7.08948
7.099823
7.110717
7.121209
7.131523
7.142884
7.154136
7.164525
7.175632
7.186947
7.197908
7.208894
7.22038
7.232156
7.242678
7.253826
7.26491
7.275943
7.287207
7.298299
7.309901
7.320882
7.331966
7.343097
7.354508
7.365427
7.376439
7.388319
7.398887
7.410099
7.421478
7.432964
7.444423
7.455995
7.467104
7.4787
7.490149
7.501554
7.513225
7.524351
7.535877
7.547266
7.558568
7.570805
7.581622
7.593416
7.604682
7.615831
7.627213
7.638586
7.649555
7.661057
7.67252
7.683612
7.694336
7.705486
7.716628
7.727684
7.738985
7.750081
7.761516
7.773251
7.784339
7.795073
7.80613
7.817229
7.829339
7.840758
7.852579
7.863516
7.874487
7.88586
7.896582
7.907461
7.918061
7.929018
7.94052
7.951628
7.962374
7.973582
7.984872
7.995944
8.006956
8.01853
8.029739
8.040813
8.051682
8.063191
8.074626
8.08553
8.096774
8.112972
8.124432
8.135904
8.147207
8.158699
8.170108
8.18084
8.191998
8.203571
8.214259
8.225441
8.236954
8.248
8.259038
8.270504
8.281267
8.292686
8.303842
8.314932
8.32622
8.337817
8.34856
8.359782
8.37111
8.38202
8.393039
8.404371
8.41554
8.426548
8.437901
8.449189
8.459931
8.471539
8.482662
8.493426
8.504772
8.519015
8.529566
8.539804
8.55012
8.560983
8.57183
8.582958
8.594384
8.608368
