0.02
0.04
0.14
0.1703206
0.1810283
0.1903992
0.2004403
0.2112154
0.2224935
0.2339882
0.2447309
0.2557995
0.2670908
0.2779355
0.2893811
0.3023992
0.3121253
0.322654
0.3338368
0.3450553
0.3561983
0.3675598
0.3790907
0.3900734
0.4010782
0.4121567
0.4240642
0.4394618
0.4486066
0.459354
0.4684722
0.4862815
0.4961673
0.5067871
0.5165308
0.5254103
0.5354681
0.5460892
0.5572442
0.5684559
0.5798068
0.5910275
0.6019543
0.6131086
0.6241089
0.6355003
0.6466199
0.6577241
0.6691781
0.6801065
0.6913388
0.7028151
0.7135723
0.7246974
0.7360615
0.7475356
0.758447
0.7703914
0.7806628
0.7920269
0.8030882
0.8142977
0.8254497
0.8364378
0.8477057
0.8589761
0.8702458
0.8817844
0.8933092
0.9049043
0.9162549
0.9281551
0.9388891
0.9508181
0.9619133
0.9730898
0.9850813
0.9957781
1.007536
1.019584
1.030354
1.041563
1.053005
1.064675
1.07609
1.087395
1.098319
1.109452
1.120928
1.131859
1.143014
1.154097
1.165543
1.176397
1.187683
1.199003
1.210056
1.221373
1.232721
1.243805
1.254833
1.266257
1.27701
1.288213
1.299524
1.310526
1.321807
1.333162
1.344064
1.355099
1.366838
1.377733
1.388764
1.400396
1.411192
1.422127
1.434344
1.444419
1.455964
1.467499
1.478058
1.489184
1.501098
1.511966
1.522751
1.534434
1.545177
1.556491
1.571516
1.585223
1.594702
1.604234
1.613273
1.623052
1.632267
1.642834
1.652528
1.663052
1.674316
1.686441
1.704577
1.714125
1.723458
1.732576
1.741792
1.752451
1.763513
1.774845
1.785936
1.799231
1.809858
1.819983
1.830795
1.841997
1.852832
1.864008
1.875226
1.886424
1.897599
1.908601
1.920169
1.931127
1.942311
1.953478
1.964622
1.975817
1.986964
1.998528
2.009272
2.020413
2.031558
2.048475
2.060896
2.071189
2.080942
2.090981
2.100993
2.110484
2.121021
2.133851
2.144417
2.154575
2.16592
2.176882
2.188211
2.199548
2.210447
2.221685
2.233134
2.243849
2.25516
2.266435
2.283047
2.293379
2.303214
2.313101
2.324154
2.335162
2.34453
2.35564
2.367631
2.380452
2.391066
2.401208
2.411446
2.422778
2.434647
2.445533
2.457211
2.468902
2.482612
2.493342
2.506016
2.517082
2.528086
2.539061
2.549902
2.560288
2.571312
2.582316
2.592765
2.603774
2.614322
2.62568
2.636836
2.647795
2.659124
2.67077
2.682022
2.693756
2.705485
2.716161
2.727439
2.738604
2.750393
2.761547
2.772494
2.784009
2.795776
2.806926
2.818966
2.831207
2.842413
2.853894
2.864853
2.875789
2.887275
2.898226
2.908937
2.920085
2.931053
2.941365
2.957966
2.969244
2.981113
2.992583
3.004397
3.015758
3.026341
3.036984
3.048015
3.059263
3.070532
3.081557
3.092964
3.10385
3.115252
3.126256
3.137789
3.148515
3.161172
3.172497
3.183089
3.193944
3.20535
3.215667
3.226779
3.237902
3.249682
3.260271
3.271467
3.283003
3.294129
3.305046
3.316877
3.32765
3.338604
3.350464
3.361541
3.373007
3.384481
3.39567
3.407443
3.41884
3.430184
3.441495
3.453148
3.464455
3.475538
3.487084
3.498886
3.510003
3.521496
3.532753
3.543833
3.555424
3.56767
3.577876
3.590163
3.600695
3.611489
3.630719
3.642307
3.652958
3.662497
3.673974
3.68499
3.69606
3.708012
3.719023
3.729726
3.740733
3.751955
3.762916
3.774154
3.785357
3.796414
3.807865
3.818822
3.830011
3.841273
3.852284
3.863688
3.874812
3.88586
3.896918
3.908305
3.919557
3.930554
3.94169
3.953064
3.963921
3.975267
3.989069
4.00003
4.01049
4.020752
4.031419
4.042229
4.053401
4.064513
4.076078
4.087531
4.09912
4.110504
4.122116
4.133543
4.144745
4.156233
4.167837
4.17924
4.190816
4.202314
4.213237
4.224751
4.236305
4.247524
4.258718
4.269979
4.281034
4.296509
4.307621
4.318189
4.328705
4.339319
4.349769
4.360378
4.37087
4.382304
4.392595
4.402781
4.413649
4.424411
4.43503
4.445946
4.457378
4.468028
4.479472
4.490462
4.502044
4.512759
4.524162
4.53517
4.546262
4.557679
4.568722
4.579778
4.590971
4.602188
4.613319
4.624389
4.635705
4.646919
4.658054
4.669791
4.680816
4.691834
4.703368
4.714342
4.725862
4.737123
4.748614
4.760097
4.771191
4.782769
4.793985
4.805268
4.81758
4.829189
4.840283
4.851088
4.861971
4.87319
4.884883
4.896013
4.907093
4.919255
4.929762
4.940774
4.952388
4.967908
4.978786
4.990137
5.000751
5.011359
5.021939
5.032426
5.043054
5.0601
5.070989
5.081168
5.092191
5.103326
5.114599
5.125872
5.136975
5.14797
5.15914
5.17029
5.181536
5.192667
5.203847
5.21502
5.226194
5.23742
5.248558
5.259731
5.270905
5.282464
5.293322
5.304366
5.316048
5.326754
5.338262
5.349472
5.360262
5.37146
5.382825
5.393856
5.404858
5.41609
5.427337
5.438926
5.450047
5.461664
5.47262
5.483106
5.494289
5.505522
5.516868
5.528069
5.540257
5.550672
5.561285
5.572454
5.584172
5.59588
5.607322
5.618833
5.630371
5.650685
5.662007
5.673572
5.684737
5.695327
5.708097
5.718875
5.729126
5.740809
5.751641
5.762661
5.77377
5.784801
5.796132
5.807563
5.818651
5.829401
5.841173
5.852542
5.863088
5.874177
5.88525
5.89661
5.907922
5.919325
5.929961
5.941373
5.95249
5.963301
5.974572
5.985883
5.996823
6.008292
6.019319
6.030459
6.041607
6.053259
6.064542
6.075985
6.087198
6.097558
6.109119
6.120425
6.13176
6.144208
6.155396
6.166976
6.17782
6.189248
6.200984
6.212504
6.223814
6.235147
6.246602
6.258051
6.269257
6.2807
6.292314
6.303287
6.319407
6.330343
6.34158
6.352314
6.362569
6.373213
6.384084
6.394275
6.404804
6.415619
6.425951
6.436403
6.446727
6.458027
6.468846
6.479
6.489756
6.501168
6.5115
6.52235
6.533332
6.544996
6.555523
6.566911
6.578118
6.589177
6.600497
6.61129
6.62251
6.633883
6.644677
6.655969
6.667358
6.678285
6.68962
6.701416
6.711796
6.722902
6.7344
6.745253
6.756388
6.767774
6.779185
6.790633
6.802095
6.813509
6.825048
6.836535
6.847685
6.85947
6.871064
6.882235
6.893602
6.905047
6.91679
6.927884
6.939331
6.951473
6.962349
6.973494
6.985361
7.042785
7.061605
7.073759
7.085192
7.096146
7.107285
7.11901
7.129538
7.14059
7.151507
7.162024
7.1733
7.184995
7.195611
7.206189
7.216733
7.227305
7.237639
7.247993
7.259119
7.270406
7.285322
7.296589
7.307453
7.318489
7.329309
7.340185
7.352068
7.362674
7.373683
7.385619
7.396554
7.408225
7.420325
7.431229
7.442572
7.454384
7.465932
7.477721
7.489694
7.501077
7.512326
7.523924
7.535424
7.547092
7.558758
7.569755
7.580204
7.59116
7.602032
7.612455
7.623549
7.634357
7.644991
7.660073
7.672723
7.684163
7.695397
7.706897
7.718017
7.728879
7.745464
7.757835
7.769047
7.780221
7.791487
7.802815
7.813868
7.825494
7.836421
7.847463
7.858675
7.869866
7.880656
7.891658
7.90284
7.913644
7.924891
7.935883
7.946519
7.957855
7.969206
7.980757
7.992755
8.016027
8.02832
8.040451
8.052316
8.063877
8.075168
8.086907
8.099099
8.111401
8.123111
8.135421
8.147264
8.159523
8.171639
8.183364
8.195615
8.207282
8.219913
8.231121
8.242116
8.253402
8.264345
8.275805
8.287683
8.299491
8.311978
8.323736
8.335802
8.34739
8.359406
8.371189
8.383201
8.395669
8.407784
8.419719
8.431989
8.449116
8.46182
8.473751
8.485559
8.497486
8.509347
8.521393
8.532913
8.54463
8.55742
8.569667
8.582118
8.594108
8.606687
8.618743
8.630121
8.642777
8.655618
8.667345
8.678861
8.690547
8.702994
8.714557
8.727051
8.74024
8.751998
8.764583
8.780453
8.791982
8.803743
8.815663
8.827418
8.839221
8.853673
8.864863
8.876303
8.888092
8.899416
8.910952
8.922647
8.937824
8.950075
8.961428
8.973859
8.985955
8.998199
9.010355
9.02279
9.03586
9.047142
9.058508
9.070086
9.081809
9.093347
9.105012
9.117086
9.128461
9.140907
9.153169
9.170713
9.187964
9.199601
9.211208
9.222479
9.234711
9.245991
9.256634
9.267435
9.277617
9.288082
9.298223
9.308337
9.318239
9.329
9.340351
9.350661
9.360902
9.371312
9.381531
9.392728
9.403929
9.41491
9.425989
9.437352
9.448465
9.459543
9.470771
9.482264
9.493131
9.504411
9.515409
9.52648
9.537737
9.549362
9.560064
9.571872
9.582779
9.593555
9.604852
9.616133
9.627062
9.638379
9.652121
9.661977
9.671859
9.683131
9.694136
9.705928
9.717435
9.728621
9.740166
9.755313
9.766198
9.776355
9.787107
9.797849
9.808974
9.820391
9.831379
9.84253
9.858721
9.86975
9.880079
9.890668
9.90127
9.911497
9.921765
9.932663
9.94294
9.953873
9.964036
9.975217
9.986634
9.997875
10.00895
10.02007
10.03131
10.04223
10.05346
10.06452
10.07591
10.08738
10.09806
10.10964
10.12052
10.13167
10.1428
10.1542
10.16556
10.17672
10.18835
10.19994
10.21099
10.22279
10.23464
10.24659
10.2587
10.27054
10.28238
10.29382
10.30519
10.31687
10.32803
10.3399
10.3548
10.36945
10.3811
10.39342
10.40493
10.41609
10.42732
10.43863
10.45022
10.46154
10.47271
10.48406
10.4957
10.5066
10.519
10.53051
10.54679
10.55785
10.56868
10.58102
10.59201
10.60277
10.61305
10.62383
10.63425
10.64466
10.65552
10.66628
10.67698
10.68831
10.70009
10.71144
10.7226
10.73388
10.74467
10.75562
10.76657
10.77795
10.7892
10.80015
10.81125
10.82271
10.83381
10.84475
10.85634
10.86712
10.87813
10.88931
10.90064
10.91168
10.9229
10.93457
10.94577
10.95764
10.96918
10.98061
10.99894
11.0102
11.02109
11.03296
11.04444
11.0556
11.06647
11.08096
11.09173
11.10459
11.11666
11.12778
11.13868
11.14987
11.16055
11.17177
11.1876
11.19965
11.21111
11.22261
11.23546
11.2471
11.25891
11.27018
11.2813
11.29302
11.3043
11.31563
11.32723
11.33852
11.35038
11.36214
11.37391
11.39045
11.40323
11.41463
11.42614
11.43809
11.44924
11.46131
11.47281
11.4846
11.49572
11.50728
11.5186
11.53049
11.54178
11.55288
11.56396
11.57518
11.58756
11.59818
11.60923
11.61959
11.62927
11.64014
11.65491
11.6662
11.67692
11.68762
11.69822
11.70951
11.72108
11.73199
11.74265
11.75336
11.76449
11.78074
11.79207
11.80294
11.81371
11.82436
11.83497
11.84608
11.857
11.86824
11.8787
11.88965
11.90074
11.91537
11.92577
11.93645
11.94668
11.95725
11.96755
11.97799
11.98836
12.00032
12.01104
12.02113
12.03163
12.04223
12.05849
12.07005
12.08009
12.09031
12.10067
12.11113
12.12099
12.1314
12.14166
12.15181
12.16298
12.1747
TARGET DESTROYED 
12.18604
12.20639
12.21939
12.23035
12.24155
12.25302
12.26383
12.27534
12.28649
12.29722
12.30893
12.32092
12.33209
12.34435
12.36465
12.37816
12.38976
12.40187
12.41333
12.42515
12.43821
12.44971
12.46137
12.47342
12.48507
12.49698
12.50943
12.52145
12.533
12.54425
12.5562
12.56787
12.57972
12.59207
12.60409
12.61924
12.63439
12.64999
12.66461
12.67902
12.69345
12.70852
12.72319
12.73885
12.75828
12.77325
12.78787
12.803
12.8185
12.83249
12.84757
12.85887
12.86979
12.88044
12.89108
12.90198
12.9123
12.92332
12.93414
12.94462
12.95594
12.96733
12.97809
12.98919
13.00085
13.01144
13.02286
13.03438
13.04503
13.05621
13.06767
13.0792
13.09006
13.10113
13.11248
13.12312
13.13466
13.14558
13.15666
13.16804
13.17928
13.1904
13.20172
13.21263
13.22383
13.23511
13.24632
13.25731
13.26874
13.27969
13.29092
13.30213
13.31315
13.32437
13.33632
13.34765
13.35922
13.37084
13.38241
13.39403
13.40564
13.41745
13.42876
13.43991
13.45212
13.46898
13.48041
13.49238
13.50431
13.51546
13.52667
13.53839
13.5491
13.5599
13.57074
13.5821
13.59308
13.60578
13.61667
13.62728
13.63798
TARGET DESTROYED 
13.6536
13.671
13.68219
13.69361
13.70542
13.71697
13.72776
13.7393
13.75765
13.7708
13.78222
13.7935
13.80467
13.81658
13.82741
13.83851
13.85043
13.8622
13.87363
13.88534
13.89712
13.9084
13.92005
13.9317
13.94309
13.9545
13.96525
13.97639
13.98812
13.99991
14.01074
14.02194
14.03371
14.04488
14.05662
14.06781
14.0792
14.09081
14.10213
14.11316
14.12495
14.13647
14.15311
14.165
14.17642
14.18808
14.19929
14.21067
14.22223
14.23368
14.24456
14.25593
14.2676
14.27844
14.28988
14.30123
14.31201
14.32365
14.33504
14.34663
14.35815
14.36969
14.38096
14.39276
14.40652
14.4194
14.43265
14.44575
14.45929
14.47237
14.48522
14.49817
14.51079
14.5236
14.53707
14.54959
14.56288
14.57704
14.58834
14.59959
14.61135
14.62339
14.63428
14.64542
14.65698
14.66844
14.67932
14.69077
14.70257
14.71323
14.72453
14.73579
14.7465
14.75759
14.76851
14.77894
14.79002
14.80135
14.81202
14.82317
14.83428
14.84542
14.86171
14.87336
14.88377
14.89443
TARGET DESTROYED 
14.90586
14.92083
14.933
14.94403
14.95526
14.96668
14.97744
14.98919
15.00714
15.01945
15.02993
15.0418
15.05275
15.06322
15.07409
15.08455
15.09483
15.10696
15.11742
15.12782
15.13884
15.14954
15.16023
15.17107
15.18161
15.19234
15.20319
15.21348
15.22655
15.23965
15.25294
15.26576
15.2794
15.29146
15.30343
15.315
15.32694
15.33952
15.3514
15.36265
15.37423
15.38582
15.39691
15.4089
15.42069
15.43265
15.44412
15.45651
15.4679
15.48029
15.49125
15.50292
15.51364
15.52472
15.53643
15.55267
15.56285
15.57335
15.58422
15.59479
15.6057
15.61853
15.62917
15.64017
15.65527
15.66617
15.67705
15.68791
15.69824
15.71192
15.72282
15.73479
15.74933
15.7603
15.77178
15.78349
15.79431
15.80614
15.81773
15.82883
15.84017
15.85122
15.86193
15.87387
15.8839
15.89367
15.90452
15.91578
15.92726
15.93805
15.94989
15.96046
15.97163
15.9833
15.99395
16.00521
16.01681
16.02753
16.03855
16.04984
16.06128
16.07216
16.08373
16.09455
16.10562
16.11713
16.12812
16.1398
16.15031
16.16141
16.17257
16.18404
16.19501
16.20615
16.21763
16.22852
16.24005
16.25593
16.26668
16.27643
16.28659
16.29737
16.30849
16.31974
16.33097
16.34212
16.3534
16.36447
16.37557
16.38683
16.39804
16.40968
16.42038
16.43146
16.44266
16.45409
16.46491
16.47606
16.4874
16.49854
16.50977
16.52083
16.53194
TARGET DESTROYED 
16.54339
16.55852
16.57692
16.58872
16.59849
16.60868
16.61954
16.63077
16.64177
16.65313
16.66423
16.67604
16.68731
16.69768
16.70922
16.72116
16.73104
16.74231
16.75361
16.76496
16.776
16.78694
16.79815
16.80933
16.82077
16.83169
16.84286
16.85393
16.86556
16.87685
16.88747
16.89861
16.9098
16.92102
16.93252
16.94795
16.95871
16.96933
16.97906
16.98919
16.99953
17.01052
17.02182
17.03279
17.04395
17.05571
17.06647
17.07801
17.08949
17.10127
17.11258
17.1239
17.13582
17.14685
17.15796
17.16915
17.18068
17.19157
17.20277
17.2138
17.22497
17.23622
17.24744
17.25854
17.27028
17.28101
17.29205
17.30337
17.31465
17.32601
17.33773
17.34845
17.35996
17.37125
17.38304
17.39376
17.40581
17.41701
17.42757
17.43909
17.45143
17.462
17.47332
17.48459
17.49589
17.50667
17.51826
17.52912
17.5404
17.55185
17.56267
17.57379
17.58527
17.59617
17.6073
17.61911
17.62984
17.64092
17.65274
17.6714
17.68164
17.69215
17.70338
17.71408
17.72548
17.73647
17.74767
17.75875
17.77024
17.78125
17.79244
17.80396
17.81456
17.82575
17.837
17.84815
17.85922
17.87058
17.88171
17.89314
17.90403
17.91517
17.92634
17.93748
17.9489
17.96002
17.97104
17.98227
17.99331
18.00451
18.01594
18.02689
18.03808
18.04934
18.06058
18.07146
18.08275
18.09429
18.10547
18.11757
18.12881
18.14006
18.15157
18.16287
18.17434
18.18571
18.19717
18.2085
18.22007
18.23158
18.26711
18.27786
18.28809
18.29841
TARGET DESTROYED 
18.30839
18.32207
18.33267
18.34851
18.35874
18.36866
18.37824
18.38942
18.40005
18.40966
18.42031
18.43036
18.44683
18.45862
18.46832
18.47824
18.48923
18.49884
18.50892
18.51873
18.52961
18.54073
18.55189
18.56322
18.57406
18.58593
18.59637
18.60772
18.61899
18.63003
18.64156
18.6525
18.66357
18.67484
18.68591
18.6972
18.70817
18.71948
18.73058
18.74194
18.75328
18.76422
18.7752
18.78653
18.79773
18.80879
18.82008
18.83117
18.84239
18.85365
18.86453
18.87637
18.88842
18.90005
18.91103
18.92261
18.93425
18.94536
18.95671
18.96844
18.97963
18.99117
19.00271
19.01369
19.02938
19.04015
19.0504
19.06039
19.07084
19.08113
19.09097
19.10225
19.11333
19.12446
19.13565
19.14682
19.15801
19.16916
19.18026
19.19143
19.20282
19.21393
19.22486
19.23631
19.24727
19.25853
19.26991
19.28117
19.29203
19.30334
19.31437
19.32593
19.33683
19.34781
19.3592
19.37028
19.3814
19.39272
19.40436
19.41532
19.42664
19.43808
19.44932
19.4617
19.47176
19.48381
19.4945
19.50607
19.51751
19.52861
19.53982
19.55124
19.56199
19.57333
19.58473
19.59553
19.60688
19.61877
19.62931
19.64118
19.65808
19.6704
19.68133
19.69261
19.70493
19.72163
19.73356
19.74538
19.7569
19.76855
19.78066
19.79221
19.80365
19.81518
19.82717
19.83912
19.85044
19.86236
19.87395
19.886
19.90172
19.91714
19.93325
19.94876
19.96058
19.97301
19.98492
19.99719
20.00945
20.02224
20.03512
20.04741
20.05938
20.07119
20.08261
20.09422
20.10633
20.11782
20.12948
20.14247
20.15462
20.16671
20.17824
20.18982
20.20213
20.21427
20.22622
20.23845
20.25036
20.26186
TARGET DESTROYED 
20.27358
20.2909
20.30405
20.32335
20.33714
20.34835
20.36023
20.37249
20.3839
20.3952
20.40654
20.42128
20.43493
20.45281
20.46555
20.47712
20.48913
20.50101
20.51283
20.52454
20.53685
20.54845
20.56015
20.57179
20.58349
20.59526
20.60711
20.61902
20.63017
20.64243
20.65471
20.66676
20.67823
20.69023
20.70201
20.71391
20.72535
20.73719
20.74904
20.76113
20.77321
20.78492
20.79689
20.8086
20.8198
20.83146
20.84368
20.85559
20.86703
20.87863
20.89067
20.90242
20.91415
20.92598
20.93786
20.94909
20.96035
20.97211
20.98357
20.99475
21.00639
21.01831
21.02974
21.0411
21.05363
21.06507
21.07727
21.08911
21.10064
21.11177
21.1235
21.13486
21.14448
21.15448
21.16575
21.1766
21.18803
21.20276
21.21295
21.22346
21.23445
21.24471
21.25546
21.2663
21.2773
21.28833
21.30008
21.31081
21.32185
21.3333
21.34481
21.3553
21.36711
21.37782
21.38929
21.40038
21.41136
21.42239
21.43433
21.44481
21.45685
21.46758
21.47835
21.48999
21.502
21.51366
21.52504
21.53672
21.54959
21.56156
21.57257
21.58351
21.59488
21.60566
21.61672
21.62777
21.63873
21.6498
21.6657
21.67756
21.68873
21.69962
21.71093
21.72212
21.73336
21.7441
21.75568
21.77111
21.78351
21.79554
21.80665
21.81877
21.8301
21.84162
21.85392
21.86565
21.87744
21.88988
21.90194
21.91402
21.93076
21.9425
21.9545
21.96585
21.97645
21.98744
21.99765
22.0081
22.01911
22.02929
22.04019
22.05067
22.06155
22.0727
22.08293
22.09317
22.1038
22.11518
22.12621
22.13735
22.14862
22.1599
22.17106
22.18208
22.1932
22.20434
22.21558
22.22664
22.2381
22.24909
22.26049
22.27136
22.28263
22.29368
22.30482
22.31642
22.328
22.33878
22.35081
22.36221
22.37287
22.38515
22.39651
22.40856
22.42182
22.43443
22.44568
22.45779
22.46977
22.48062
22.49304
22.5051
22.51743
22.52898
22.54049
22.5523
22.56339
22.57553
22.58779
22.59908
22.61042
22.6221
22.63324
22.64449
22.65656
22.67384
22.6858
22.69695
22.70851
22.71966
22.73143
22.74276
22.75391
22.76757
22.77935
22.79132
22.80326
22.81473
22.82578
22.83747
22.84889
22.86046
22.87226
22.88332
22.89476
22.90691
22.91842
22.92977
22.94153
22.95271
22.96393
22.97499
22.98717
22.99854
23.00945
23.02116
23.03266
23.04366
23.05494
23.06643
23.07728
23.08873
23.09982
23.11104
23.12243
23.13345
23.1442
23.15654
23.16835
23.17934
23.1908
23.20306
23.21462
TARGET DESTROYED 
23.22578
23.25367
23.27472
23.28757
23.29932
23.31045
23.32293
23.3341
23.34477
23.3615
23.37297
23.38404
23.39497
23.4069
23.41906
23.43023
23.44233
23.45412
23.46583
23.47787
23.4892
23.50054
23.51137
23.52288
23.53405
23.54602
23.55852
23.57078
23.58301
23.59449
23.60625
23.61788
23.62893
23.64021
23.6516
23.66293
23.67902
23.69145
23.70542
23.71721
23.72998
23.74198
23.75426
23.76699
23.77947
23.79171
23.80362
23.81584
23.82931
23.84146
23.85424
23.86652
23.88217
23.89637
23.90866
23.92206
23.93494
23.94695
23.95863
23.97379
