0.02
0.04
0.14
0.1820738
0.1940423
0.205415
0.2159027
0.2277092
0.2383133
0.2493068
0.2607225
0.271624
0.2827886
0.2963418
0.3051517
0.3163778
0.3278895
0.3387149
0.3497749
0.3613173
0.3721611
0.3833391
0.3965834
0.4055809
0.4168388
0.4288952
0.4391304
0.4506847
0.4616693
0.4726333
0.4837408
0.4952194
0.5062155
0.5177551
0.528731
0.5397377
0.5507191
0.5625429
0.5730924
0.5844013
0.5958838
0.6069422
0.6178183
0.6294531
0.6401685
0.6514056
0.6626574
0.6736291
0.6848681
0.6962694
0.7073727
0.7186915
0.729551
0.7407249
0.7522436
0.763266
0.7741037
0.7854428
0.7965474
0.8077902
0.8190089
0.8324627
0.8429084
0.8522184
0.8636187
0.8750941
0.8860177
0.9019886
0.9135022
0.9258976
0.9364715
0.9467176
0.9578039
0.9696909
0.9801708
0.9913331
1.002681
1.013959
1.025498
1.036006
1.047436
1.058619
1.069889
1.080789
1.092176
1.103216
1.114384
1.125876
1.136564
1.147941
1.159604
1.170164
1.181262
1.19287
1.204104
1.214756
1.226552
1.237102
1.248407
1.259875
1.270836
1.281975
1.293514
1.304079
1.315271
1.326929
1.337678
1.348957
1.360249
1.371058
1.382607
1.39407
1.404652
1.415793
1.42726
1.438182
1.449504
1.460747
1.471715
1.482905
1.494102
1.50515
1.516526
1.530266
1.539309
1.54891
1.560456
1.571335
1.582728
1.596019
1.604808
1.616046
1.627468
1.638529
1.649658
1.661029
1.672005
1.683417
1.694974
1.712392
1.722876
1.734886
1.74605
1.757135
1.768436
1.779675
1.790741
1.801787
1.813041
1.824185
1.835368
1.846942
1.857634
1.868848
1.88001
1.891234
1.902388
1.913662
1.924764
1.935798
1.947172
1.958253
1.969564
1.980591
1.991846
2.008814
2.022236
2.032415
2.042011
2.05211
2.06121
2.071285
2.081373
2.09258
2.104942
2.115764
2.126228
2.137074
2.148153
2.160029
2.171761
2.183216
2.193167
2.204041
2.215141
2.226524
2.240881
2.251176
2.260394
2.271114
2.282302
2.293902
2.306438
2.316074
2.326961
2.33824
2.349196
2.360693
2.3716
2.382757
2.393973
2.407602
2.418154
2.42885
2.439149
2.450449
2.46199
2.473565
2.484734
2.496376
2.507589
2.519118
2.530571
2.542521
2.553297
2.564891
2.576369
2.588125
2.59843
2.610335
2.620992
2.632685
2.643982
2.654835
2.666384
2.677683
2.688532
2.699677
2.7112
2.722174
2.733228
2.744686
2.758695
2.768942
2.779527
2.790396
2.8009
2.811738
2.833498
2.844007
2.854012
2.863885
2.874185
2.885371
2.899424
2.909856
2.920086
2.930138
2.941509
2.952578
2.963741
2.975889
2.986344
2.997037
3.008545
3.019643
3.030695
3.041833
3.052876
3.064075
3.075369
3.086311
3.098495
3.109015
3.119905
3.130999
3.142425
3.153495
3.164625
3.175982
3.18699
3.198004
3.209569
3.220357
3.231555
3.243222
3.254362
3.265028
3.276632
3.287343
3.298649
3.310176
3.321331
3.332661
3.344513
3.355735
3.367426
3.378923
3.390585
3.401879
3.413974
3.425235
3.436367
3.448016
3.460055
3.47101
3.482605
3.493852
3.504476
3.515945
3.527268
3.538262
3.54937
3.564314
3.574241
3.585035
3.595347
3.605104
3.614916
3.625415
3.639059
3.649066
3.659033
3.669997
3.680971
3.692398
3.704297
3.715035
3.726045
3.737124
3.748046
3.759848
3.77106
3.781764
3.792859
3.804116
3.815171
3.826585
3.837485
3.848674
3.860058
3.871287
3.882104
3.893394
3.908828
3.920193
3.931921
3.942456
3.95314
3.964763
3.975572
3.986799
3.998055
4.008609
4.019377
4.031067
4.041899
4.052921
4.063797
4.074488
4.08498
4.096132
4.106768
4.117879
4.128969
4.139305
4.150324
4.161754
4.172085
4.182817
4.198606
4.209531
4.221387
4.232656
4.243048
4.253622
4.263963
4.274083
4.284538
4.295022
4.305486
4.316626
4.328247
4.339245
4.350056
4.361534
4.372554
4.383718
4.395014
4.405977
4.417735
4.428605
4.439463
4.450692
4.462175
4.473128
4.484313
4.49605
4.506712
4.517809
4.529247
4.540229
4.551345
4.562733
4.573992
4.586007
4.597777
4.609179
4.62019
4.631834
4.643665
4.655136
4.666729
4.678013
4.689097
4.701401
4.71324
4.724539
4.736168
4.747314
4.75921
4.77085
4.781989
4.793688
4.805164
4.816735
4.829758
4.841602
4.852234
4.868106
4.880382
4.891327
4.903806
4.915123
4.926038
4.937548
4.948523
4.960381
4.971861
4.982982
4.994463
5.005766
5.016717
5.028464
5.039656
5.051248
5.063434
5.074535
5.085736
5.097929
5.110527
5.12156
5.132731
5.144658
5.156266
5.167949
5.179475
5.191834
5.20337
5.215019
5.226602
5.238111
5.25009
5.26158
5.272779
5.284588
5.295671
5.306676
5.318005
5.329422
5.340744
5.352551
5.36384
5.376922
5.388703
5.400079
5.412533
5.423485
5.435061
5.446245
5.456614
5.467647
5.478641
5.489065
5.499721
5.514415
5.530319
5.541361
5.552461
5.563888
5.574422
5.586481
5.597967
5.609011
5.624161
5.634355
5.644774
5.655571
5.666821
5.678078
5.689219
5.700658
5.711512
5.726696
5.738605
5.749729
5.761136
5.772048
5.783061
5.794292
5.805371
5.81617
5.827527
5.838762
5.849621
5.860712
5.871329
5.883008
5.894647
5.905531
5.916474
5.927927
5.938866
5.949821
5.961723
5.972594
5.983187
5.994491
6.005452
6.016265
6.027461
6.038271
6.04919
6.06036
6.071147
6.082437
6.093645
6.104584
6.115906
6.127652
6.138198
6.149042
6.160529
6.171217
6.186511
6.198001
6.209748
6.220956
6.231885
6.242762
6.254211
6.265578
6.276032
6.287608
6.298802
6.309711
6.320766
6.331859
6.342803
6.354877
6.365744
6.376958
6.38771
6.398673
6.409807
6.421534
6.432623
6.443648
6.455357
6.466093
6.477414
6.488319
6.499208
6.510502
6.522033
6.533351
6.544452
6.555455
6.566287
6.577264
6.58846
6.59946
6.610774
6.621968
6.632938
6.64423
6.655404
6.666674
6.677739
6.689823
6.700678
6.711898
6.723007
6.734616
6.746631
6.757875
6.769159
6.781028
6.791407
6.801511
6.813093
6.823937
6.836742
6.848245
6.863225
6.873866
6.885141
6.896964
6.907417
6.918767
6.929645
6.940214
6.951156
6.963471
6.975103
6.986014
6.997214
7.007683
7.018646
7.030363
7.041257
7.052208
7.063363
7.074129
7.085217
7.096774
7.107594
7.118807
7.130185
7.141027
7.154257
7.165157
7.175078
7.185879
7.197061
7.208223
7.219295
7.230481
7.242373
7.253178
7.263946
7.275198
7.286407
7.297754
7.308809
7.319808
7.330964
7.342371
7.353391
7.364592
7.376163
7.387319
7.398802
7.410729
7.421992
7.433549
7.445459
7.456798
7.46838
7.480031
7.491424
7.503126
7.514189
7.529645
7.540859
7.551585
7.562364
7.572751
7.583959
7.594394
7.605085
7.615642
7.626401
7.641845
7.653563
7.666203
7.677623
7.688433
7.699763
7.711232
7.722407
7.733647
7.744509
7.75558
7.767415
7.778504
7.789413
7.800406
7.811628
7.822449
7.833799
7.844953
7.855846
7.867117
7.878447
7.889416
7.900647
7.91227
7.923131
7.93438
7.945663
7.957053
7.969346
7.980514
7.991272
8.003344
8.014087
8.025185
8.036638
8.047124
8.057667
8.068542
8.079287
8.090629
8.101931
8.113847
8.124895
8.136329
8.148013
8.159904
8.171095
8.186496
8.19746
8.208063
8.219278
8.229838
8.240581
8.25066
8.261865
8.272591
8.283085
8.294652
8.305423
8.316634
8.327924
8.339054
8.350067
8.36142
8.372658
8.383767
8.394809
8.40591
8.417109
8.428532
8.439502
8.450582
8.461966
8.472959
8.484111
8.495432
8.506433
8.51777
8.529098
8.540029
8.551431
8.562794
8.574521
8.586476
8.597253
8.607893
8.619301
8.630537
8.641875
8.653188
8.664576
8.675915
8.687354
8.698639
8.710031
8.72109
8.732226
8.74441
8.754402
8.765716
8.780543
8.791102
8.802528
8.813669
8.824382
8.836461
8.851152
8.862325
8.872272
8.883576
8.894868
8.905947
8.917065
8.928366
8.939488
8.950624
8.961724
8.973024
8.984066
8.995392
9.00669
9.017775
9.028903
9.03995
9.051073
9.062663
9.073476
9.084757
9.09593
9.10701
9.118145
9.129465
9.140482
9.151634
9.163143
9.173991
9.185115
9.1963
9.207669
9.219947
9.230251
9.240891
9.252187
9.263439
9.274416
9.285737
9.296913
9.308092
9.3194
9.330424
9.341606
9.352963
9.364415
9.376512
9.387557
9.399378
9.411022
9.422768
9.433852
9.44545
9.458505
9.468657
9.480235
9.491317
9.50643
9.516998
9.526275
9.535322
9.545803
9.55688
9.568252
9.579628
9.590365
9.601558
9.61286
9.626483
9.636778
9.64685
9.657584
9.669345
9.679809
9.690968
9.702026
9.713413
9.724548
9.735642
9.746883
9.758042
9.769085
9.780427
9.791708
9.803313
9.814121
9.824933
9.836244
9.84744
9.858552
9.869757
9.881255
9.892887
9.903702
9.915137
9.926854
9.937543
9.949364
9.960711
9.971395
9.982728
9.994484
10.00502
10.01675
10.02793
10.03905
10.05022
10.06164
10.07261
10.0838
10.09552
10.10637
10.1172
10.12857
10.13955
10.15072
10.16494
10.17577
10.18588
10.19562
10.20551
10.21648
10.22768
10.23896
10.24993
10.26171
10.27229
10.28363
10.29486
10.30597
10.31688
10.32847
10.33957
10.3505
10.36162
10.37284
10.38402
10.39537
10.40641
10.41774
10.42876
10.4398
10.45114
10.46223
10.47336
10.48463
10.49585
10.50683
10.5181
10.5297
10.5406
10.55189
10.56352
10.57473
10.5859
10.59713
10.60853
10.61973
10.63122
10.64246
10.65328
10.66469
10.67603
10.68701
10.69821
10.70975
10.72081
10.7317
10.75393
10.76496
10.77437
10.78465
10.79564
10.80485
10.81609
10.82787
10.84094
10.85116
10.86117
10.87175
10.88337
10.89528
10.90588
10.91726
10.92783
10.93879
10.95103
10.96558
10.97605
10.98607
10.99637
11.00571
11.01708
11.02837
11.03953
11.05044
11.0617
11.07278
11.08402
11.09549
11.10622
11.1174
11.12896
11.14008
11.15129
11.16227
11.17388
11.18444
11.19609
11.20689
11.21806
11.22927
11.2406
11.25214
11.26357
11.27523
11.28729
11.29813
11.30999
11.321
11.33243
11.34397
11.35537
11.36634
11.37789
11.38914
11.40042
11.41173
11.42319
TARGET DESTROYED 
11.43437
11.44914
11.45989
11.47023
11.47995
11.48961
11.50099
11.51238
11.52308
11.53445
11.54546
11.55659
11.56784
11.57931
11.5902
11.60134
11.61273
11.62364
11.63493
11.65319
11.66407
11.67609
11.68706
11.69841
11.70973
11.72082
11.73192
11.74332
11.75409
11.76541
11.77677
11.78784
11.79886
11.81017
11.82186
11.83251
11.84433
11.85462
11.86585
11.87722
11.88846
11.90017
11.91075
11.92176
11.93302
11.94419
11.95525
11.96638
11.97802
11.98877
12.00018
12.01135
12.02216
12.03377
12.04527
12.05661
12.06836
12.07922
12.0907
12.10212
12.11399
12.12584
12.13801
12.1497
12.16198
12.17442
12.18664
12.19847
12.21147
12.22324
12.23475
12.24647
12.25769
12.27377
12.28492
12.2962
12.30688
12.3174
12.32836
12.33869
12.35026
12.3609
12.37127
12.38208
12.39246
TARGET DESTROYED 
12.40314
12.41869
12.43042
12.44119
12.45278
12.46508
12.47726
12.48812
12.49883
12.51006
12.52094
12.53164
12.54327
12.55406
12.56478
12.57579
12.58641
12.59669
12.60773
12.61856
12.62923
12.63998
12.65064
12.66139
12.67199
12.68297
12.69351
12.70415
12.7148
12.72624
12.73738
12.74885
12.76001
12.77075
12.78189
12.79349
12.80418
12.81533
12.8273
12.83889
12.85017
12.8609
12.87149
12.88252
12.8939
12.90491
12.92062
12.93172
12.9426
12.95382
12.96447
12.9753
12.98561
12.99643
13.00752
13.01898
13.03033
13.04152
13.05263
13.06372
13.07528
13.08596
13.09727
13.10853
13.11964
13.13092
13.14183
13.15312
13.16419
13.17553
13.18664
13.1979
13.20932
13.22094
13.23216
13.24292
13.25408
13.26521
13.27649
13.288
13.29895
13.31
13.32122
13.33241
13.34412
13.35626
13.36669
13.37807
13.38938
13.40056
13.41185
13.42307
13.4343
13.4458
13.45726
13.468
13.47936
13.49063
13.50167
13.51281
13.52397
13.53515
13.5468
13.55748
13.56876
13.58038
13.59103
13.60227
13.61622
13.63006
13.63979
13.65079
13.6613
13.67094
13.6811
13.69134
13.70215
13.71276
13.7227
13.73312
13.74296
13.75365
13.76478
13.77607
13.78701
13.79822
TARGET DESTROYED 
13.8098
13.82398
13.83578
13.84632
13.85646
13.86851
13.88012
13.89005
13.90096
13.91138
13.92106
13.93237
13.94382
13.95478
13.96574
13.97786
13.98817
13.99995
14.01088
14.02162
14.03288
14.04451
14.05581
14.06709
14.07917
14.08999
14.10145
14.11315
14.1248
14.13573
14.14712
14.15876
14.16991
14.18101
14.1921
14.20333
14.21484
14.22635
14.24082
14.25182
14.2624
14.27216
14.28231
14.29341
14.30454
14.31555
14.32728
14.33787
14.34903
14.36057
14.37141
14.38278
14.39389
14.40487
14.41615
14.42741
14.43833
14.44988
14.46088
14.47194
14.48315
14.49432
14.50537
14.51674
14.52782
14.5599
14.5708
14.58167
14.59219
14.60247
14.61371
14.62517
14.63628
14.64721
14.65874
14.66964
14.68077
14.692
14.70324
14.71438
14.72562
14.73648
14.74782
14.75931
14.77008
14.7814
14.79285
14.80358
14.8147
14.82622
14.83707
14.84874
14.85981
14.87061
14.88174
14.89345
14.90819
14.91833
14.92859
14.93842
14.94911
14.96012
14.97103
TARGET DESTROYED 
14.98228
14.99661
15.00737
15.01737
15.0281
15.03835
15.04936
15.06078
15.07178
15.08295
15.09425
15.10553
15.11709
15.12855
15.13896
15.14979
15.16175
15.17342
15.18529
15.19704
15.20869
15.22027
15.23097
15.24249
15.25333
15.26467
15.27595
15.28706
15.29854
15.3102
15.3211
15.33234
15.34371
15.35478
15.36604
15.37744
15.38876
15.39993
15.4114
15.42301
15.43366
15.44513
15.45641
15.46764
15.47885
15.49002
15.50114
15.51229
15.52336
15.53452
15.54638
15.55686
15.57146
15.58217
15.59206
15.60209
15.61243
15.62632
15.63601
15.64676
15.65671
15.66696
15.67814
15.68917
15.70007
15.71146
15.7251
15.73665
15.74879
15.75918
15.77003
15.781
15.79105
15.80132
15.81287
15.82409
15.83685
15.84888
15.86034
15.87228
15.88408
15.89592
15.9073
15.91943
15.93214
15.9446
15.95596
15.96711
15.97943
15.991
16.00264
16.01415
16.02584
16.03767
16.05046
16.0618
16.07347
16.08486
16.09605
16.10681
16.11868
16.1302
16.14244
16.15415
16.16638
16.17804
16.18896
16.20066
16.21203
16.22841
16.2393
16.25109
16.26231
16.27319
16.28533
16.29723
16.3089
16.32064
16.33262
16.34445
16.35649
16.36761
16.37908
16.39047
16.40144
16.41265
16.42365
16.43456
16.44556
16.4568
16.46798
16.47985
16.49048
16.5022
16.51315
16.52379
16.53486
16.54653
16.55749
16.56841
16.58039
16.592
16.60239
16.6133
16.62426
16.63541
16.6466
16.65779
16.66922
16.68013
16.69135
16.70285
16.71384
16.725
16.73584
16.74715
16.75846
16.76953
16.78069
16.79189
16.80297
16.81439
16.82613
16.83847
16.85
16.86144
16.87284
16.88932
16.9005
16.91219
16.92348
16.93451
16.94658
16.95809
16.96954
16.98185
16.99315
17.00405
17.01575
17.02677
17.0376
TARGET DESTROYED 
17.04875
17.06402
17.07421
17.08473
17.09583
17.10559
17.11573
17.12714
17.13845
17.15074
17.16264
17.17279
17.18325
17.19413
17.20506
17.21998
17.23147
17.24274
17.25414
17.26509
17.27611
17.28773
17.29965
17.31094
17.32196
17.33291
17.3441
17.35491
17.36625
17.3775
17.38825
17.39919
17.41088
17.4219
17.4329
17.44439
17.45537
17.46681
17.47938
17.49096
17.50299
17.51455
17.52682
17.53803
17.54954
17.56492
17.5765
17.58763
17.59863
17.6102
17.62123
17.63648
17.64863
17.66072
17.6721
17.68355
17.69508
17.70647
17.71907
17.7308
17.74181
17.75366
17.76573
17.77745
17.78915
17.80066
17.81252
17.82424
17.83639
17.84859
17.86006
17.87176
17.88218
17.89195
17.90206
17.91227
17.92307
17.93307
17.94336
17.95382
17.96509
17.97605
17.98726
17.99809
18.00943
18.02041
18.0317
18.04331
18.05393
18.06509
18.07773
18.09038
18.10271
18.11497
18.12795
18.14026
18.15389
18.16644
18.17858
18.19041
18.20226
18.21428
18.23195
18.24405
18.25568
18.26724
18.27888
18.29087
18.30294
18.31507
18.32709
18.33864
18.35066
18.36265
18.37441
18.3871
18.3995
18.4115
18.42313
18.43505
18.44712
18.45922
18.47072
18.48306
18.49401
18.50469
18.51599
18.52696
18.53782
18.54877
18.55975
18.57135
18.58282
18.59442
18.6047
18.61547
18.6271
18.64418
18.65522
18.66646
18.67788
18.689
18.70018
18.71238
18.72428
18.73684
18.74793
18.75964
18.77099
18.78285
18.79482
18.80599
18.8177
18.83047
18.84272
18.85485
18.86674
18.87909
18.8905
18.90601
TARGET DESTROYED 
18.91804
18.9353
18.94769
18.95913
18.97023
18.98188
18.99425
19.00764
19.02102
19.03317
19.04443
19.05564
19.0672
19.08031
19.09226
19.10406
19.11562
19.12737
19.13849
19.15065
19.16222
19.17348
19.18526
19.19689
19.20865
19.22059
19.23279
19.24436
19.25554
19.26725
19.27884
19.29012
19.30275
19.31426
19.32608
19.33737
19.34928
19.36144
19.3725
19.38401
19.39522
19.4058
19.41661
19.42822
19.43902
19.45035
19.46174
19.47325
19.48365
19.49494
19.50597
19.51729
19.52845
19.53958
19.55069
19.5622
19.57309
19.58822
19.59839
19.60869
19.61871
19.6291
19.64036
19.65455
19.66516
19.6753
19.68524
19.69609
19.70707
19.71827
19.72957
19.74393
19.75471
19.76544
19.77638
19.78706
19.79789
19.81013
19.821
19.83261
19.84321
19.85451
19.86542
19.87627
19.88865
19.89956
19.91097
19.92249
19.93386
19.94482
19.95632
19.9675
19.97887
19.99006
20.00167
20.01259
20.02368
20.03475
20.04608
20.05721
20.06833
20.07974
20.091
20.10233
20.11378
20.12432
20.13592
20.14707
20.16064
20.17338
20.18571
20.20333
20.21433
20.22389
20.2382
20.24949
20.25935
20.269
20.27958
20.28859
20.29944
20.31051
20.32147
20.33261
20.34414
20.35496
20.36608
20.37754
20.38851
20.39988
20.41109
20.42302
20.43379
20.44467
20.45554
20.46711
20.47808
20.48909
20.50047
20.5114
20.52245
20.53436
20.54553
20.55641
20.56725
20.57865
20.58952
20.60066
20.61224
20.62318
20.63429
20.64575
20.65652
20.66778
20.67944
20.68999
20.70128
20.71306
20.72405
20.73565
20.74712
20.75925
20.77027
20.78195
20.79364
20.80501
20.81669
20.82878
20.83939
20.8516
20.86316
20.8745
20.89065
20.90239
20.92373
20.93566
20.9471
20.95837
20.96944
20.98094
20.99156
21.0033
21.01483
21.02554
21.03644
21.04845
21.05945
21.07039
21.08327
21.09438
21.10563
21.11768
21.12908
21.1402
21.15231
21.1644
21.17608
21.18763
21.1994
21.21141
21.22383
21.23527
21.24672
21.25874
21.27061
21.2825
21.29377
21.30521
21.31709
21.32893
21.33986
21.3519
21.3634
21.37467
21.3863
21.39806
21.40999
21.42125
21.43332
21.44569
21.45698
21.46814
21.47988
21.49186
21.50435
21.51579
21.52818
21.53939
21.55052
21.56189
21.5728
21.58496
21.5997
21.6109
21.62591
21.63752
21.64958
21.66196
21.67318
21.68452
21.69548
21.70662
21.71846
21.72983
21.74098
21.75495
21.76604
21.77771
21.78942
21.80063
21.81265
21.82458
21.83776
21.84979
21.86168
21.87253
21.88448
21.89659
21.90768
21.91934
21.93059
21.94226
21.95349
21.96529
21.97645
21.98756
21.99922
22.01051
22.02216
22.03431
22.04602
22.05746
22.06864
22.08081
22.09242
22.10279
22.1137
TARGET DESTROYED 
22.12471
22.14063
22.15267
22.16465
22.17578
22.18693
22.19832
22.20965
22.2223
22.24148
22.25308
22.26603
22.27803
22.2886
22.29974
22.31124
22.32178
22.3327
22.34383
22.35435
22.3656
22.37711
22.38802
22.39911
22.41315
22.42532
22.43577
22.44638
22.45749
22.4681
22.47884
22.49303
