0.02
0.04
0.14
0.1710758
0.1858375
0.1957708
0.2048713
0.2206307
0.2320153
0.2431709
0.2540512
0.2646851
0.2754599
0.2880783
0.2992069
0.30913
0.3193712
0.3290245
0.3383033
0.3487172
0.3607508
0.3711566
0.3823154
0.3955331
0.4046423
0.4157837
0.4300757
0.4391102
0.4496183
0.4608397
0.4715092
0.4827921
0.4943208
0.5054674
0.5162996
0.5277041
0.5385081
0.549902
0.5612314
0.57213
0.5832756
0.5949787
0.6058972
0.6169488
0.6282048
0.6391201
0.6501124
0.6615204
0.6724466
0.6837193
0.6950551
0.7059323
0.717288
0.7282636
0.7394532
0.7507291
0.7621686
0.7730405
0.7846327
0.7953843
0.8065069
0.8176984
0.8291456
0.8399113
0.851191
0.8624252
0.8734031
0.8895901
0.9007219
0.9120953
0.9229804
0.9344574
0.9456656
0.9566944
0.967799
0.9789276
0.9904874
1.001711
1.012756
1.02362
1.034848
1.046206
1.057115
1.068451
1.079662
1.090661
1.101773
1.112996
1.124227
1.135524
1.146495
1.157718
1.168839
1.179985
1.191588
1.202313
1.21356
1.225294
1.235756
1.24705
1.258246
1.26957
1.280706
1.292131
1.303087
1.314331
1.325459
1.336406
1.347705
1.358938
1.369881
1.381268
1.392532
1.403516
1.414585
1.426337
1.436936
1.448206
1.45963
1.470601
1.481747
1.49333
1.504043
1.5153
1.526842
1.541269
1.550782
1.560826
1.570128
1.58054
1.591237
1.602282
1.613597
1.624836
1.635897
1.647082
1.658267
1.669321
1.68061
1.692018
TARGET DESTROYED 
1.709785
1.719938
1.72965
1.739396
1.748814
1.758278
1.768427
1.77915
1.790191
1.8013
1.812976
1.823781
1.834945
1.846401
1.864017
1.87443
1.884468
1.894668
1.90411
1.913796
1.923687
1.934825
1.945856
1.956867
1.968174
1.979298
1.990458
2.002043
2.012707
2.023977
2.035518
2.046571
2.057739
2.068718
2.079957
2.09091
2.102128
2.113341
2.124813
2.135713
2.146987
2.158254
2.169162
2.18054
2.191713
2.202673
2.214038
2.225104
2.236392
2.2478
2.259372
2.270646
2.282102
2.294104
2.305011
2.31971
2.329925
2.339086
2.350894
2.362179
2.373118
2.384976
2.396192
2.407207
2.418578
2.429677
2.440822
2.452237
2.463457
2.474707
2.485698
2.496901
2.507841
2.519034
2.530215
2.541407
2.55279
2.563894
2.579875
2.590171
2.600056
2.610398
2.620235
2.630524
2.640093
2.651026
2.662142
2.673895
2.684478
2.695679
2.706876
2.717859
2.729285
2.740376
2.751348
2.762792
2.773955
2.785212
2.796181
2.807336
2.818377
2.830018
2.840778
2.851889
TARGET DESTROYED 
2.866072
2.876677
2.88621
2.896886
2.907851
2.918937
2.93024
2.941949
2.95892
2.97008
2.980177
2.99009
3.000577
3.011234
3.021898
3.032607
3.043885
3.054049
3.065044
3.074786
3.085202
3.097142
3.107493
3.118855
3.130065
3.141009
3.152193
3.16392
3.174817
3.185958
3.196997
3.208388
3.21941
3.230435
3.241658
3.252959
3.263865
3.275418
3.286387
3.297516
3.30951
3.319915
3.331034
3.342657
3.353959
3.365143
3.376925
3.387953
3.399398
3.4117
3.422288
3.43349
3.444997
3.456499
3.467701
3.479325
3.490639
3.501894
3.513388
3.525364
3.536143
3.547517
3.559439
3.570586
3.58157
3.593064
3.603975
3.614948
3.626608
3.637264
3.652692
3.662996
3.672694
3.68284
3.692901
3.70261
3.713134
3.723963
3.734947
3.746044
3.757199
3.768375
3.779666
3.790735
3.801924
3.813087
3.825083
3.835445
3.84674
3.857755
3.868943
3.880351
3.891516
3.902476
3.928383
3.938416
3.948913
3.959021
3.968869
3.978869
3.989749
4.000958
4.012222
4.023586
4.03486
4.045764
4.057034
4.06813
4.079275
4.090274
4.101552
4.112629
4.124028
4.134995
4.14612
4.157667
4.168509
4.179698
4.19105
4.20201
4.214034
4.224513
4.235653
4.246673
4.257933
TARGET DESTROYED 
4.273587
4.284397
4.295061
4.305285
4.315857
4.326532
4.337362
4.348415
4.36549
4.377519
4.38824
4.398882
4.408995
4.419425
4.429993
4.440328
4.450617
4.461149
4.471372
4.481922
4.492984
4.504304
4.514834
4.526563
4.536985
4.548306
4.559815
4.570594
4.581735
4.593299
4.604092
4.615284
4.626938
4.637666
4.648787
4.660305
4.671075
4.682461
4.693849
4.704864
4.715755
4.731125
4.741711
4.751936
4.762652
4.772831
4.783239
4.794862
4.80609
4.817481
4.828798
4.840131
4.851494
4.863128
4.874597
4.885879
4.897021
4.908215
4.919297
4.930553
4.941848
4.952885
4.96417
4.975608
4.986408
4.997571
5.008927
5.019855
5.031086
5.042419
5.053348
5.064979
5.075956
5.086888
5.098163
5.109954
5.120953
5.132471
5.143895
5.155267
5.166056
5.177731
5.188849
5.200191
5.211705
5.223888
5.234497
5.245657
5.25673
5.268444
5.279415
5.290709
5.301545
5.3128
5.324024
5.335538
5.346193
5.357485
5.368559
5.379839
5.390917
5.402306
5.413813
5.424432
5.435558
5.447115
5.458195
5.469229
5.480258
5.491484
5.502781
5.514384
5.525814
5.536104
5.547322
5.558774
5.569922
5.58083
5.592382
5.603306
5.614349
5.62599
5.636536
5.64777
5.65928
5.670438
5.681708
5.692911
5.703685
5.714929
5.726379
5.737313
5.74832
5.760237
5.770634
5.784464
5.795434
5.805801
5.816403
5.826886
5.842171
5.852822
5.863984
5.87453
5.885647
5.897223
5.907917
5.9188
5.930171
5.940879
5.951593
5.962642
5.973149
5.983473
5.994081
6.00477
6.015311
6.026463
6.037257
6.048666
6.059276
6.070566
6.081262
6.091976
6.102796
6.113863
6.124297
6.134705
6.145569
6.156805
6.167858
6.179051
6.190187
6.201493
6.212488
6.224051
6.235738
6.246644
6.257224
6.268881
6.279469
6.290765
6.301832
6.313238
6.324258
TARGET DESTROYED 
6.339887
6.350976
6.362574
6.372869
6.383636
6.401347
6.413581
6.424931
6.435957
6.44697
6.458416
6.469426
6.48053
6.491967
6.502994
6.514404
6.525926
6.536721
6.54759
6.558991
6.569991
6.581094
6.592805
6.603647
6.614655
6.626132
6.637579
6.648327
6.659795
6.670494
6.681741
6.693758
6.704169
6.715114
6.726569
6.73768
6.748714
6.760026
6.770967
6.782129
6.793653
6.804594
6.815856
6.826951
6.838151
6.849349
6.860796
6.871834
6.883163
6.894668
6.906029
6.917476
6.933166
6.944236
6.955112
6.965788
6.976594
6.98724
6.998029
7.008779
7.019406
7.030312
7.042156
7.053184
7.065515
7.076489
7.087193
7.097971
7.10874
7.119752
7.130922
7.14236
7.153358
7.164754
7.175907
7.186783
7.1983
7.209223
7.220308
7.23141
7.242908
7.254362
7.265352
7.276565
7.287317
7.29872
7.310343
7.322706
7.333275
7.344584
7.355466
7.36644
7.378119
7.389329
7.400502
7.412035
7.423378
7.434705
7.445949
7.457212
7.468603
7.479838
7.49097
7.502052
7.5132
7.525171
7.536113
7.546813
7.558059
7.569097
7.580276
7.591461
7.602614
7.613788
7.625014
7.636316
7.647318
7.658417
7.66954
7.680779
7.692095
7.70317
7.714433
7.725677
7.736601
7.747814
7.759189
7.770354
7.781335
7.793462
7.804101
7.81492
7.826266
7.837041
7.848258
7.859912
7.870854
7.881747
7.893319
7.904141
7.915405
7.926783
7.937662
7.948919
7.960248
7.971098
7.982306
7.993907
8.004699
8.016158
8.027418
8.038031
8.05024
8.066315
8.076302
8.086439
8.09684
8.106705
8.116617
8.126372
8.136221
8.147196
8.156692
8.16729
8.178704
8.189697
8.20087
8.212278
8.223114
8.234365
8.246331
8.256879
8.267865
8.279053
8.290231
8.30127
8.312812
8.323701
8.334865
8.345995
8.357136
8.368434
8.379597
8.390806
8.40173
8.413778
8.424192
8.435358
8.446503
8.458033
8.468863
8.480168
8.491528
8.50306
8.514397
8.526263
8.537166
8.548845
8.560316
8.571852
8.583015
8.594898
8.606033
8.617455
8.628573
8.640176
8.651545
8.663293
8.674632
8.685984
8.697228
8.708362
8.719695
8.734094
8.744752
8.754366
8.764334
8.774204
8.785612
8.796547
8.807694
8.821554
