0.02
0.04
0.14
0.176112
0.1881447
0.1996595
0.2107573
0.2218304
0.2328378
0.244166
0.2550995
0.2662625
0.2774572
0.2889801
0.3017214
0.311143
0.3220342
0.3332482
0.3444621
0.3560203
0.3672686
0.3779914
0.3890992
0.4004372
0.4119117
0.4226499
0.4336941
0.4499276
0.4597903
0.4687051
0.4785688
0.4896278
0.5013429
0.5121424
0.5232517
0.5343004
0.5455028
0.5566899
0.5677736
0.5791422
0.5900953
0.6016307
0.6125739
0.6236261
0.6350184
0.646089
0.6574146
0.66835
0.6799916
0.6909473
0.7018725
0.7131147
0.7246982
0.7353911
0.7470331
0.7585306
0.768777
0.7801883
0.7916033
0.8026254
0.8136649
0.8248708
0.8359487
0.8471819
0.8585877
0.86934
0.8807737
0.8958761
0.9070891
0.9183874
0.9296954
0.9411515
0.9521367
0.9636204
0.9755613
0.9863374
0.9977556
1.009485
1.019966
1.031074
1.042652
1.054156
1.064516
1.076426
1.086844
1.098415
1.109468
1.120093
1.131643
1.142614
1.153906
1.164732
1.176355
1.187219
1.198429
1.209731
1.220699
1.232164
1.243373
1.254253
1.265493
1.276747
1.287647
1.298948
1.310239
1.321224
1.33235
1.343679
1.35471
1.365886
1.377129
1.388474
1.399413
1.411716
1.421784
1.432865
1.444363
1.455195
1.466413
1.477533
1.488889
1.499857
1.511345
1.522251
1.533397
1.544766
1.555736
1.566862
1.585432
1.595184
1.606641
1.618403
1.629025
1.640113
1.651562
1.662794
1.673713
1.684675
1.700146
1.709732
1.718622
1.729574
1.740756
1.752115
1.763002
1.774475
1.785255
1.796568
1.807785
1.818956
1.829929
1.84145
1.852724
1.863544
1.874832
1.886055
1.896985
1.908455
1.919354
1.930656
1.942151
1.95293
1.964002
1.975688
1.986769
1.998324
2.010083
2.021161
2.032615
2.044067
2.055649
2.066896
2.078179
2.089769
2.101136
2.11276
2.12393
2.135851
2.14682
2.158192
2.169693
2.181005
2.192401
2.203537
2.214735
2.226125
2.237045
2.248296
2.259694
2.270684
2.281665
2.293242
2.304519
2.315395
2.326894
2.33767
2.34882
2.360228
2.371143
2.38228
2.393634
2.404554
2.415675
2.427544
2.443412
2.452988
2.462793
2.472038
2.481841
2.491237
2.501386
2.512682
2.523679
2.534915
2.545991
2.557524
2.568317
2.579569
2.59091
2.608004
2.625133
2.634954
2.645399
2.656522
2.667825
2.679084
2.690033
2.701914
2.713892
2.724907
2.734837
2.746779
2.757497
2.768372
2.779463
2.79131
2.802445
2.814564
2.825071
2.835346
2.846471
2.858047
2.868805
2.88004
2.891747
2.902245
2.913536
2.925195
2.935855
2.947368
2.958324
2.969304
2.98065
2.992626
3.002886
3.014094
3.025479
3.036571
3.047741
3.059015
3.069886
3.081052
3.092348
3.103574
3.114406
3.125876
3.136835
3.14817
3.159449
3.170855
3.181992
3.193553
3.204772
3.216253
3.22777
3.239096
3.25053
3.26217
3.273298
3.284743
3.296115
3.307667
3.318949
3.330363
3.342106
3.353065
3.364614
3.375988
3.387206
3.398787
3.410089
3.421457
3.432378
3.443876
3.455001
3.46577
3.47708
3.488092
3.499223
3.51113
3.521681
3.532788
3.544043
3.555521
3.566244
3.577678
3.588752
3.599916
3.611173
3.622221
3.6333
3.64446
3.659212
3.697689
3.708006
3.717866
3.729208
3.740019
3.751289
3.762702
3.773617
3.784813
3.795897
3.807207
3.818223
3.829563
3.840715
3.851888
3.862949
3.8744
3.885455
3.896459
3.908117
3.918809
3.930049
3.94136
3.952381
3.963615
3.974776
3.986005
3.998126
4.008543
4.019303
4.030655
4.042168
4.053744
4.064527
4.075381
4.086442
4.097551
4.108907
4.119959
4.131065
4.142617
4.15359
4.164691
4.175783
4.186778
4.198257
4.209566
4.22045
4.231661
4.242948
4.254083
4.265025
4.276378
4.287415
4.298577
4.310196
4.321108
4.332196
4.344459
4.356796
4.368652
4.380954
4.392715
4.404027
4.415198
4.426679
4.43749
4.448891
4.460507
4.471121
4.482202
4.493462
4.504782
4.515972
4.527143
4.538118
4.549282
4.560767
4.571699
4.582816
4.594032
4.605198
4.616452
4.627612
4.63866
4.649729
4.660956
4.672617
4.683362
4.694504
4.705654
4.721189
4.732267
4.742982
4.75357
4.764555
4.775025
4.785257
4.795784
4.806135
4.816675
4.827512
4.837627
4.848193
4.858473
4.869382
4.880722
4.891382
4.901754
4.912998
4.924472
4.935406
4.946635
4.957805
4.968714
4.980186
4.992119
5.002852
5.013536
5.025375
5.035944
5.046953
5.058403
5.069407
5.080512
5.092044
5.102935
5.113931
5.125502
5.136398
5.147719
5.1593
5.17088
5.181914
5.19365
5.204884
5.216261
5.227776
5.239216
5.250479
5.262002
5.273465
5.284815
5.296605
5.308169
5.323302
5.334281
5.345052
5.355675
5.366158
5.377807
5.387981
5.401547
5.412408
5.422796
5.433506
5.444859
5.456326
5.466812
5.477601
5.487928
5.498621
5.509341
5.519647
5.530361
5.540776
5.551368
5.562464
5.572532
5.583347
5.594397
5.605636
5.616785
5.627729
5.639093
5.650192
5.661486
5.672603
5.683589
5.694958
5.706017
5.717125
5.728624
5.739446
5.750618
5.766411
5.776793
5.787066
5.797843
5.807928
5.818364
5.829555
5.840882
5.852121
5.863639
5.875216
5.886354
5.89788
5.909409
5.920754
5.932045
5.943319
5.95444
5.965286
5.976686
5.98748
5.999422
6.010318
6.021099
6.032248
6.043661
6.054625
6.065964
6.077132
6.088373
6.099498
6.110617
6.121636
6.132846
6.144399
6.155679
6.166929
6.178448
6.189718
6.201159
6.212437
6.223675
6.234986
6.246746
6.257695
6.268966
6.280428
6.292199
6.303104
6.314104
6.325767
6.336455
6.347635
6.358961
6.369844
6.381309
6.392602
6.403775
6.414732
6.426087
6.436919
6.44817
6.45975
6.470431
6.481868
6.493222
6.504018
6.515261
6.526395
6.537588
6.548594
6.560527
6.571036
6.582256
6.593585
6.604506
6.616328
6.627254
6.637986
6.649261
6.660447
6.671917
6.682652
6.693943
6.70515
6.716502
6.727443
6.738588
6.749708
6.76118
6.772125
6.783393
6.79456
6.80892
6.818834
6.828458
6.837763
6.848969
6.860187
6.871574
6.882463
6.893711
6.904742
6.91594
6.927275
6.938299
6.949539
6.960839
6.971794
6.982989
6.994392
7.005261
7.016603
7.027892
7.038816
7.049887
7.06131
7.072464
7.083981
7.094648
7.105791
7.117086
7.128289
7.139809
7.150742
7.16169
7.172959
7.184512
7.195527
7.206645
7.218318
7.229258
7.241743
7.252123
7.263372
7.274975
7.285916
7.297145
7.308593
7.319874
7.330626
7.342337
7.352942
7.36415
7.375599
7.386635
7.397698
7.409104
7.420136
7.431163
7.442543
7.453293
7.464612
7.476068
7.486925
7.498219
7.509758
7.520524
7.531602
7.543099
7.554154
7.565254
7.576705
7.587946
7.598666
7.609902
7.621024
7.632223
7.643624
7.654844
7.665669
7.676762
7.688145
7.699109
7.710295
7.721927
7.732594
7.744008
7.755176
7.766385
7.77798
7.788558
7.79978
7.811342
7.822117
7.833265
7.844531
7.859917
7.870221
7.880294
7.890039
7.900347
7.910602
7.920554
7.931135
7.94219
7.953032
7.96455
7.9756
7.986649
7.997687
8.009334
8.020144
8.031372
8.042669
8.053691
8.06483
8.076373
8.087231
8.098309
8.109684
8.120818
8.131769
8.143265
8.154171
8.165361
8.176494
8.187874
8.198751
8.210604
8.221207
8.232429
8.243883
8.255131
8.266317
8.27809
8.289234
8.3007
8.312607
8.323004
8.334509
8.345752
8.357359
8.368464
8.379753
8.391491
8.402613
8.413809
8.425557
8.437499
8.447619
8.459133
8.470006
8.481242
8.492964
8.503647
8.514633
8.526111
8.537548
8.548139
8.559958
8.570891
8.582348
8.594528
8.604382
8.615778
8.626546
8.637549
8.649316
8.659911
8.671462
8.682175
8.693521
8.704556
8.715908
8.727112
8.738057
8.749742
8.761065
8.771915
8.783013
8.794003
8.804914
8.816039
8.827368
8.838391
8.849642
8.860973
8.872334
8.883227
8.894476
8.909869
8.920064
8.930951
8.940603
8.952034
8.962414
8.972021
8.982966
8.993754
9.00384
9.014427
9.025782
9.036278
9.047671
9.058894
9.069968
9.081187
9.09244
9.103357
9.114513
9.125875
9.136844
9.148129
9.159478
9.170418
9.181686
9.193101
9.203878
9.21531
9.226766
9.237284
9.248617
9.259849
9.271249
9.28209
9.293839
9.304657
9.316115
9.327486
9.339158
9.35014
9.361732
9.372743
9.384583
9.395551
9.407078
9.418148
9.429658
9.44096
9.452031
9.463573
9.475104
9.486827
9.497509
9.509068
9.519834
9.531166
9.542777
9.553892
9.56479
9.576062
9.587437
9.597976
9.609484
9.620301
9.631653
9.643105
9.653965
9.665303
9.67663
9.688068
9.698971
9.709882
9.720887
9.732255
9.743726
9.754439
9.765621
9.776835
9.788126
9.799031
9.81057
9.821566
9.832642
9.843837
9.855317
9.86632
9.877546
9.88875
9.899714
9.911792
9.921932
9.93329
9.947857
9.958059
9.968409
9.978629
9.988395
10.00066
10.01071
10.02089
10.03193
10.04329
10.05436
10.06539
10.0767
10.08768
10.09899
10.11048
10.12147
10.13252
10.14381
10.15475
10.16633
10.17724
10.18832
10.19947
10.21076
10.22205
10.23324
10.24415
10.25555
10.2665
10.27765
10.28876
10.30027
10.31139
10.32275
10.33391
10.34521
10.35637
10.36806
10.37893
10.39088
10.40186
10.41321
10.42455
10.43568
10.44683
10.45908
10.4696
10.48185
10.49228
10.50289
10.51398
10.52559
10.5363
10.54745
10.55909
10.57004
10.58105
10.59256
10.60348
10.61458
10.62563
10.63739
10.64803
10.65937
10.67057
10.68183
10.69302
10.70401
10.71512
10.72659
10.73738
10.74969
10.76032
10.77106
10.78211
10.79389
10.80504
10.81551
10.82705
10.83792
10.84905
10.86049
10.87144
10.88246
10.89413
10.90509
10.91636
10.9275
10.93841
10.94986
10.96099
10.97197
10.98778
10.99911
11.00928
11.01959
11.02963
11.03948
11.05002
11.06236
11.07244
11.08308
11.09418
11.10615
11.11798
11.12998
11.13988
11.15009
11.16052
11.17007
11.18029
11.19078
11.20189
11.21289
11.22414
11.23536
11.24654
11.25834
11.26886
11.28005
11.29142
11.30231
11.31341
11.32512
11.33577
11.34695
11.35847
11.3694
11.38602
11.39673
11.40627
11.41831
11.43006
11.44134
11.45167
11.4625
11.47224
11.4824
11.493
11.50417
11.51571
11.52715
11.539
11.54935
11.56056
11.57185
11.58279
11.59409
11.6052
11.61625
11.62758
11.63855
11.64979
11.66094
11.67211
11.68328
11.69448
11.70578
11.71697
11.72837
11.73927
11.75049
11.76257
11.77319
11.78477
11.79602
11.80745
11.81875
11.83
11.8418
11.8528
11.8641
11.87611
11.88696
11.89821
11.90973
11.92093
11.93213
11.94428
11.95487
11.96612
11.97744
11.98845
11.99951
12.01093
12.02196
12.03717
12.04736
12.05709
12.06715
12.07703
12.08697
12.09822
12.10957
12.1206
12.13167
12.14308
12.15397
12.16523
12.17651
12.18779
12.19886
12.21005
12.22103
12.23229
12.24349
12.25454
12.26564
12.27697
12.2881
12.29927
12.31046
12.32168
12.33284
12.3442
12.35501
12.36663
12.37742
12.3887
12.3998
12.41126
12.42242
12.43387
12.44527
12.45648
12.46775
12.47905
12.49067
12.50222
12.51297
12.52448
12.53674
12.54724
12.55818
12.56923
12.58053
12.59216
12.60265
12.61395
12.62522
12.63639
12.6478
12.6592
12.66954
12.68092
12.69957
12.71066
12.72091
12.73188
12.74322
12.75425
12.76527
12.77659
12.78765
12.79877
12.81074
12.82892
12.83974
12.84951
12.8593
12.86891
12.87881
12.88813
12.89941
12.91067
12.92171
12.93281
12.94433
12.95506
12.96653
12.97757
12.98883
12.99986
13.01116
13.02247
13.03339
13.04774
13.05771
13.06769
13.07827
13.08917
13.10054
13.11164
13.12292
13.13387
13.14525
13.15628
13.16843
13.18034
13.19166
13.20327
13.21507
13.22739
13.23864
13.2501
13.26207
13.27404
13.28584
13.29751
13.30914
13.3209
13.33284
13.34469
13.35667
13.3686
13.38036
13.3915
13.4034
13.41541
13.42766
13.43896
13.45071
13.46239
13.474
13.48567
13.50174
13.51378
13.52535
13.53699
13.54849
13.56019
13.57184
13.58378
13.60229
13.61558
13.62778
13.63909
13.65106
13.66271
13.67401
13.68555
13.6973
13.70911
13.72046
13.73225
13.74377
13.75481
13.76585
13.77723
13.7878
13.79907
13.80996
13.82072
13.83197
13.84297
13.85341
13.86411
13.87474
13.88549
13.89692
13.90792
13.91845
13.92939
13.93974
13.95074
13.96154
13.97225
13.9831
13.99461
14.00543
14.01652
14.0276
14.03866
14.05005
14.06103
14.07234
14.08357
14.09903
14.11153
14.12261
14.13414
14.14603
14.15711
14.1686
14.17995
14.19153
14.2034
14.21504
14.22663
14.23775
14.24892
14.26022
14.27058
14.28134
14.29236
14.30303
14.31391
14.32418
14.33516
14.34612
14.3569
14.36771
14.37855
14.3882
14.39823
14.40901
14.41864
14.42968
14.44116
14.45224
14.46307
14.47449
14.48546
14.49661
14.50865
14.51897
14.53031
14.54189
14.55274
14.56692
14.57756
14.58729
14.59753
14.60947
14.61996
14.63165
14.6437
14.65502
14.66718
14.68728
14.70147
14.71462
14.72783
14.74106
14.75376
14.76648
14.77941
14.79225
14.80529
14.81815
14.83095
14.85076
14.864
14.8768
14.88923
14.90192
14.91493
14.92809
14.94104
14.95476
14.9667
14.97918
14.99063
15.00296
15.0141
15.02365
15.03466
15.04615
15.05699
15.0681
15.07939
15.09048
15.10173
15.11259
15.12325
15.1345
15.14546
15.15615
15.17213
15.18359
15.19457
15.20513
15.21605
15.22753
15.2384
15.24933
15.26079
15.2718
15.28264
15.29387
15.3062
15.31674
15.32711
15.33709
15.34728
15.35719
15.36792
15.37921
15.39047
15.40176
15.41265
15.42402
15.43494
15.44644
15.45779
15.46924
15.48072
15.49248
15.50411
15.51453
15.5257
15.53689
15.5483
15.55951
15.57088
15.58191
15.59309
15.60444
15.61516
15.62667
15.63758
15.6488
15.6602
15.6714
15.68281
15.69415
15.70538
15.71682
15.72826
15.73949
15.75115
15.76252
15.77354
15.78488
15.79635
15.80791
15.81878
15.83049
15.842
15.85288
15.86439
15.87572
15.88976
15.90017
15.91036
15.92017
15.93626
15.9477
15.9573
15.96709
15.97801
15.98728
15.99791
16.00712
16.01711
16.02726
16.03828
16.0493
16.06075
16.07206
16.08277
16.0942
16.10517
16.11644
16.12752
16.13864
16.14999
16.16133
16.17205
16.18324
16.19446
16.20965
16.21954
16.22961
16.23938
16.25045
16.26218
16.27263
16.28387
16.29502
16.30621
16.3176
16.32859
16.33963
16.35119
16.36248
16.3739
16.38555
16.3968
16.40834
16.41966
16.43168
16.44283
16.454
16.46548
16.47698
16.4879
16.49887
16.51067
16.52155
16.5326
16.54423
16.55487
16.56618
16.57746
16.58875
16.60012
16.61144
16.62263
16.63399
16.64525
16.65672
16.66812
16.67964
16.69043
16.70214
16.7131
16.72483
16.73573
16.74709
16.75832
16.76912
16.78032
16.79182
16.80265
16.81369
16.8254
16.83623
16.84735
16.85897
16.86978
16.8808
16.89229
16.90322
16.91443
16.92601
16.9366
16.94777
16.95947
16.97041
16.98149
16.9929
17.0038
17.01487
17.0265
17.03718
17.0484
17.05971
17.07337
17.08377
17.09409
17.10352
17.11526
17.12598
17.13718
17.1485
17.15978
17.17089
17.18711
17.19831
17.20793
17.21724
17.2269
17.23608
17.24564
17.26038
17.2701
17.27971
17.29037
17.30098
17.31172
17.3231
17.33405
17.3452
17.35659
17.36775
17.37905
17.39005
17.40111
17.41233
17.42347
17.43484
17.44589
17.45691
17.46818
17.47966
17.49059
17.50166
17.5129
17.52408
17.53529
17.54638
17.5577
17.56879
17.5804
17.59202
17.60314
17.6145
17.62605
17.63745
17.6489
17.66004
17.67162
17.68281
17.69433
17.70577
17.71725
17.72896
17.73989
17.75156
17.76241
17.77422
17.78527
17.79704
17.82064
17.83105
17.85088
17.86226
17.87271
17.88363
17.89429
17.90489
17.91567
17.9265
17.93772
17.94862
17.95968
17.97056
17.98179
17.99315
18.00406
18.0151
18.02653
18.0377
18.04867
18.05995
18.07154
18.0821
18.09373
18.10476
18.11576
18.12697
18.13821
18.14911
18.1605
18.17146
18.18276
18.1939
18.20524
18.21618
18.2278
18.23865
18.24993
18.26122
18.27221
18.28321
18.29437
18.30554
18.31688
18.328
18.33954
18.35028
18.36536
18.37587
18.38609
18.39599
18.40723
18.41895
18.4302
18.44223
18.45345
18.46501
18.47623
18.48734
18.4984
18.50989
18.52086
18.53205
18.54333
18.55426
18.56544
18.57693
18.58781
18.599
18.61032
18.62135
18.63251
18.64379
18.65488
18.66623
18.67743
18.68837
18.6994
18.71073
18.72183
18.73369
18.74463
18.75598
18.76715
18.77864
18.79024
18.80093
18.81232
18.82362
18.83501
18.8462
18.85797
18.86903
18.88019
18.89448
18.91026
18.92072
18.93133
18.94242
18.9538
18.96456
18.97599
18.98745
18.99849
19.00994
19.02061
19.03163
19.04299
19.05427
19.06517
19.07655
19.08763
19.09864
19.11049
19.1211
19.13209
19.14347
19.15444
19.16573
19.17707
19.18785
19.19914
19.21088
19.22161
19.23258
19.24401
19.25501
19.26628
19.27742
19.28849
19.29995
19.31106
19.32219
19.33355
19.34484
19.35649
19.36803
19.37912
19.39072
19.40214
19.41344
19.42563
19.43654
19.44774
19.45967
19.4708
19.48484
19.49446
19.50488
19.51618
19.52772
19.53839
19.54961
19.56116
19.57211
19.58307
19.5945
19.60564
19.61663
19.62803
19.63898
19.65036
19.66161
19.67272
19.68404
19.69507
19.70612
19.71732
19.72854
19.73976
19.75067
19.76217
19.77313
19.78444
19.79563
19.8068
19.81793
19.82992
19.84066
19.85137
19.86265
19.87416
19.8852
19.89645
19.90803
19.91905
19.93023
19.94193
19.95254
19.96382
19.97563
19.98607
20.01051
20.01985
20.02934
20.03857
20.04814
20.05942
20.0715
20.08176
20.09278
20.10402
20.11549
20.12652
20.13754
20.14859
20.16003
20.17124
20.18212
20.19347
20.20446
20.21579
20.22703
20.23795
20.2491
20.26058
20.27199
20.28268
20.29385
20.30501
20.31618
20.32753
20.33842
20.34981
20.36087
20.37218
20.38323
20.39443
20.40559
20.41677
20.42784
20.43908
20.45024
20.46143
20.47246
20.48397
20.49495
20.50608
20.51726
20.52849
20.54017
20.55172
20.56343
20.57561
20.58663
20.59827
20.60985
20.6214
20.63336
20.649
20.65931
20.68303
20.69396
20.70436
20.71515
20.72617
20.73728
20.7481
20.75819
20.76909
20.77998
20.79011
20.80088
20.81967
20.83107
20.84177
20.85217
20.86359
20.8748
20.88581
20.89706
20.90837
20.91927
20.9306
20.94206
20.95311
20.9641
20.97571
20.98663
20.99759
21.00892
21.02007
21.03099
21.04244
21.05332
21.06464
21.07597
21.08727
21.09838
21.10986
21.12033
21.13165
21.1428
21.15486
21.16507
21.17645
21.18736
21.19862
21.21069
21.22106
21.23206
21.24351
21.25446
21.26667
21.27718
21.28803
21.2994
21.31075
21.32157
21.33361
21.34475
21.35629
21.36772
21.37966
21.39125
21.40255
21.41405
21.42612
21.43808
21.44822
21.46062
21.4717
21.48316
21.4943
21.50506
21.51632
21.52757
21.53855
21.54999
21.56137
21.57235
21.58386
21.59478
21.60659
21.61778
21.62819
21.63964
21.65074
21.66223
21.67276
21.68397
21.69525
21.70637
21.71734
21.72884
21.74395
21.75427
21.76451
21.77438
21.7841
21.79429
21.80392
21.81533
21.82649
21.84024
21.85064
21.86042
21.871
21.88223
21.89694
0.02
0.04
0.14
0.1844635
0.1976853
0.20958
0.2216848
0.2334313
0.2436575
0.2543748
0.2653453
0.2761518
0.2867906
0.2979028
0.3106489
0.3218536
0.3324038
0.3430108
0.3538629
0.3655984
0.3761028
0.3923697
0.4054786
0.4208117
0.4318633
0.4437166
0.4558407
0.4669128
0.4776183
0.4891005
0.5001749
0.5105525
0.521189
0.534084
0.5448645
0.556329
0.5671904
0.5775962
0.5879645
0.5994912
0.6104501
0.6213199
0.6330638
0.6437757
0.6547837
0.6662071
0.6771215
0.6884364
0.6997996
0.7107762
0.7218627
0.7332451
0.7449434
0.7570277
0.7694312
0.7799551
0.7905458
0.8013985
0.8119561
0.822694
0.8337026
0.8447953
0.8557674
0.8674119
0.8782386
0.8894856
0.9006999
0.911798
0.9235859
0.9348929
0.9463157
0.9580545
0.9693239
0.9811003
0.9924505
1.003981
1.016247
1.026927
1.038293
1.050163
1.061296
1.073249
1.084056
1.094838
1.105957
1.117516
1.128409
1.139501
1.150902
1.162093
1.173229
1.184881
1.195889
1.207165
1.218501
1.2295
1.240968
1.251886
1.263037
1.275765
1.287899
1.300637
1.31216
1.324426
1.33512
1.347528
1.358518
1.369954
1.380871
1.392402
1.403242
1.414316
1.425759
1.436841
1.44841
1.459128
1.470677
1.481633
1.49261
1.503834
1.515379
1.526161
1.537372
1.549017
1.560605
1.576448
1.586919
1.596772
1.611397
1.623776
1.635913
1.646663
1.657335
1.668056
1.678428
1.689081
1.699692
1.710431
1.725992
1.738509
1.749973
1.760736
1.771947
1.783489
1.794193
1.810441
1.821128
1.832089
1.842635
1.853851
1.866772
1.878426
1.889091
1.899837
1.910286
1.92069
1.93186
1.942756
1.953302
1.963723
1.97474
1.985636
1.996237
2.007246
2.018187
2.02876
2.039922
2.051246
2.062331
2.073379
2.084802
2.095782
2.107092
2.118448
2.129229
2.140794
2.152115
2.162926
2.174142
2.186002
2.196465
2.207577
2.218909
2.230645
2.241911
2.253737
2.265182
2.27622
2.288052
2.299259
2.310354
2.322041
2.333659
2.34486
2.355855
2.367695
2.37891
2.390153
2.401687
2.412606
2.424218
2.435817
2.446751
2.458393
2.469289
2.480631
2.49158
2.50299
2.514569
2.536418
2.547653
2.559391
2.570999
2.582599
2.593353
2.609729
2.620805
2.63265
2.643161
2.654559
2.665755
2.676697
2.687792
2.699332
2.710306
2.721466
2.73282
2.744083
2.75474
2.766582
2.777184
2.788886
2.799814
2.811097
2.821866
2.83352
2.844489
2.855631
2.866635
2.877659
2.888952
2.90036
2.911051
2.922415
2.933711
2.944888
2.956087
2.967408
2.978376
2.989472
3.000675
3.011732
3.022815
3.034396
3.045393
3.056283
3.06776
3.07923
3.090112
3.101408
3.112781
3.124212
3.135876
3.147309
3.159003
3.170366
3.182223
3.193495
3.205119
3.216732
3.228136
3.239639
3.251731
3.262647
3.273534
3.284986
3.295945
3.307087
3.318442
3.329489
3.340683
3.35208
3.36292
3.374233
3.385302
3.396492
3.407914
3.418768
3.430033
3.441325
3.452372
3.467963
3.477907
3.487853
3.497627
3.51228
3.522946
3.532784
3.542507
3.553258
3.562668
3.572741
3.582551
3.592438
3.603842
3.615037
3.626091
3.637164
3.648826
3.663014
3.672865
3.6841
3.695143
3.706971
3.718425
3.729299
3.740409
3.752122
3.763075
3.774338
3.786155
3.797433
3.808868
3.820676
3.832599
3.843696
3.854894
3.866143
3.877795
3.889068
3.900326
3.911297
3.922566
3.933741
3.945185
3.956138
3.967466
3.978518
3.989756
4.001011
4.012197
4.023158
4.03482
4.045739
4.056961
4.068404
4.079335
4.090504
4.102243
4.113262
4.124136
4.135854
4.146918
4.158079
4.169694
4.180916
4.192584
4.204426
4.215824
4.22707
4.23878
4.250073
4.26121
4.27272
4.285274
4.296235
4.307558
4.318616
4.329779
4.340991
4.352401
4.363279
4.374489
4.385583
4.396781
4.407999
4.419152
4.430361
4.441494
4.452695
4.46404
4.475031
4.486313
4.497242
4.50869
4.519732
4.530891
4.542047
4.554407
4.56506
4.575749
4.58662
4.59793
4.609409
4.620373
4.631279
4.642503
4.653763
4.665393
4.676
4.687312
4.698454
4.713666
4.724017
4.734622
4.744763
4.754989
4.766532
4.777771
4.789179
4.801033
4.812301
4.824056
4.835315
4.846513
4.858725
4.870446
4.882001
4.89398
4.905242
4.916512
4.927686
4.939075
4.950741
4.961635
4.972948
4.984749
4.995394
5.006485
5.018513
5.02988
5.041225
5.052742
5.063591
5.074674
5.086131
5.09718
5.108187
5.119553
5.130492
5.142421
5.153778
5.165046
5.176795
5.188167
5.199587
5.211227
5.223448
5.235117
5.246157
5.257432
5.269269
5.280905
5.292555
5.304348
5.315536
5.327088
5.338683
5.350425
5.361591
5.373571
5.385063
5.397151
5.408513
5.420247
5.432195
5.443978
5.455953
5.467207
5.479248
5.491597
5.503497
5.515181
5.526531
5.537827
5.549118
5.560518
5.571772
5.583043
5.594001
5.605219
5.617104
5.6283
5.639622
5.65105
5.662424
5.673658
5.685112
5.696469
5.707855
5.719779
5.731016
5.742256
5.754167
5.76582
5.777241
5.793202
5.804615
5.815781
5.827097
5.83817
5.849205
5.863778
5.875005
5.886723
5.89784
5.909378
5.921193
5.93296
5.944112
5.955558
5.967304
5.9785
5.98974
6.001821
6.012812
6.024522
6.036094
6.048266
6.060004
6.071071
6.081972
6.092647
6.103484
6.114141
6.124754
6.135374
6.145618
6.156502
6.167253
6.177697
6.188576
6.199437
6.210092
6.220599
6.231154
6.241747
6.252323
6.262421
6.273679
6.284535
6.29563
6.306953
6.318361
6.32937
6.340306
6.351524
6.36284
6.373888
6.385299
6.396182
6.40769
6.419202
6.430416
6.441975
6.453187
6.464254
6.475453
6.488178
6.499549
6.510909
6.522383
6.533611
6.544436
6.557003
6.568332
6.579119
6.590142
6.601571
6.612509
6.623579
6.634761
6.646059
6.657634
6.668609
6.679364
6.690678
6.701496
6.712258
6.723351
6.734756
6.745764
6.757132
6.768293
6.779332
6.790417
6.801723
6.813455
6.825598
6.841895
6.853088
6.864113
6.875502
6.88781
6.899045
6.909929
6.921451
6.932686
6.943706
6.954712
6.966064
6.977015
6.988705
7.000208
7.011297
7.023058
7.035401
7.046305
7.057318
7.068951
7.079915
7.091077
7.102492
7.113353
7.124414
7.135889
7.146854
7.158297
7.169811
7.180603
7.191763
7.202955
7.213893
7.224953
7.236747
7.247502
7.259458
7.271049
7.283287
7.294842
7.307106
7.318931
7.330038
7.34132
7.353224
7.364634
7.37616
7.387816
7.398961
7.410763
7.422371
7.433381
7.444406
7.456119
7.469134
7.479977
7.49156
7.503536
7.51463
7.525721
7.537217
7.547991
7.559561
7.57086
7.581928
7.592872
7.60426
7.615092
7.626779
7.638168
7.649397
7.66155
7.672933
7.684654
7.695728
7.70719
7.718477
7.729465
7.740419
7.75145
7.762409
7.773483
7.785008
7.796437
7.807311
7.818948
7.830235
7.841569
7.852845
7.863847
7.875095
7.886224
7.902451
7.914299
7.925863
7.938113
7.949131
7.959869
7.971238
7.982444
7.993831
8.00493
8.016421
8.027214
8.038218
8.049417
8.060442
8.071817
8.08327
8.094187
8.105329
8.116527
8.127693
8.138603
8.150043
8.160989
8.172694
8.183978
8.194828
8.206225
8.217774
8.229409
8.243378
8.255048
8.266854
8.278255
8.289581
8.300918
8.311995
8.323008
8.335507
8.34667
8.357831
8.369142
8.379803
8.390676
8.402321
8.41354
8.425215
8.436583
8.448025
8.459538
8.470685
8.481969
8.493054
8.507454
8.519317
8.529928
8.541251
8.553208
8.564504
8.575677
8.586726
8.597575
8.608824
8.619979
8.630831
8.642385
8.653558
8.664102
8.674884
8.686001
8.697308
8.708461
8.719708
8.730765
8.742264
8.753492
8.764322
8.775301
8.786631
8.797903
8.809269
8.820445
8.831712
8.842691
8.854133
8.865086
8.876594
8.887716
8.898983
8.909946
8.921114
8.932213
8.94291
8.953953
8.970039
8.980849
8.992023
9.003312
9.014356
9.025908
9.037771
9.049119
9.060111
9.071445
9.082559
9.093508
9.104594
9.115705
9.126703
9.138084
9.149233
9.160351
9.172197
9.183231
9.194298
9.205481
9.216908
9.227818
9.239007
9.250064
9.261271
9.272224
9.283846
9.294851
9.306602
9.31816
9.329232
9.34034
9.35208
9.363151
9.374672
9.386228
9.397017
9.408256
9.419852
9.43098
9.442265
9.453466
9.464833
9.475906
9.487308
9.498352
9.51056
9.522361
9.53359
9.544991
9.556644
9.568636
9.579613
9.59078
9.602106
9.61299
9.624278
9.635413
9.646676
9.657806
9.669194
9.680017
9.691306
9.702538
9.713545
9.724745
9.736737
9.74754
9.758383
9.769421
9.780626
9.791816
9.803107
9.814169
9.82571
9.83719
9.848111
9.859231
9.870811
9.881658
9.892804
9.904124
9.916
9.926942
9.937813
9.948792
9.959827
9.971299
9.982667
9.993429
10.00459
10.01618
10.03255
10.04357
10.05451
10.06583
10.07679
10.08781
10.09951
10.11047
10.1216
10.13268
10.14363
10.15455
10.16535
10.17672
10.18828
10.1992
10.2101
10.22071
10.231
10.24121
10.2518
10.26195
10.27315
10.28475
10.29533
10.30666
10.31788
10.32872
10.34004
10.35198
10.36253
10.37359
10.38486
10.39583
10.41752
10.42855
10.44025
10.45289
10.46442
10.47498
10.48544
10.49545
10.50706
10.51853
10.52925
10.54012
10.55184
10.56242
10.57364
10.58495
10.59619
10.60729
10.61864
10.62947
10.64309
10.65378
10.66377
10.67438
10.68547
10.69658
10.70781
10.7191
10.7302
10.74114
10.75257
10.76359
10.77498
10.78597
10.79726
10.80821
10.81949
10.83078
10.84221
10.85314
10.86424
10.8753
10.88685
10.89827
10.90989
10.92093
10.93281
10.94408
10.9557
10.96723
10.97859
10.99016
11.00168
11.0132
11.0247
11.03639
11.04735
11.05895
11.07032
11.08146
11.09729
11.10833
11.11971
11.13042
11.14159
11.15258
11.16343
11.17465
11.18579
11.19642
11.20762
11.2187
11.22993
11.24092
11.25244
TARGET DESTROYED 
11.2635
11.28069
11.29267
11.30426
11.31503
11.32649
11.33748
11.34885
11.35995
11.37087
11.38228
11.39493
11.40725
11.41875
11.42943
11.44035
11.45139
11.46195
11.47273
11.48421
11.49492
11.50609
11.5183
11.53022
11.54195
11.55415
11.5652
11.57649
11.58757
11.59834
11.60946
11.62072
11.63225
11.64323
11.65417
11.66478
11.67574
11.68668
11.69812
11.7092
11.72009
11.73084
11.7418
11.7528
11.7634
11.77426
11.7854
11.79619
11.80727
11.81866
11.82954
11.84114
11.85234
11.86342
11.8742
11.88571
11.89675
11.90794
11.91886
11.93012
11.94152
11.95271
11.96354
11.9744
11.98544
11.99629
12.00773
12.01947
12.03009
TARGET DESTROYED 
12.04116
12.05782
12.06956
12.08179
12.09352
12.10442
12.11529
12.12636
12.14284
12.15397
12.16536
12.17793
12.18991
12.2015
12.21233
12.22312
12.23422
12.24539
12.25692
12.26846
12.2793
12.29053
12.303
12.31393
12.32504
12.33693
12.34811
12.35917
12.37071
12.3826
12.39449
12.40563
12.4171
12.42838
12.4396
12.45115
12.46176
12.47279
12.48471
12.49522
12.50643
12.51768
12.52838
12.54152
12.55418
12.56654
12.57838
12.59031
12.60276
12.61449
12.62654
12.639
12.65098
12.66256
12.67467
12.68643
12.69776
12.70937
12.72164
12.734
12.74588
12.75767
12.77023
12.78168
12.79366
12.80552
12.81773
12.83016
12.84212
12.85385
12.86637
12.87799
12.88962
12.90201
12.91402
12.92609
12.93769
12.94969
12.96163
12.97399
12.98584
12.9978
13.00941
13.02142
TARGET DESTROYED 
13.03358
13.05205
13.06348
13.07592
13.09662
13.10871
13.12181
13.13465
13.14608
13.15743
13.1692
13.18057
13.19237
13.20421
13.21603
13.22783
13.24411
13.25574
13.26756
13.27878
13.29028
13.30247
13.31436
13.32631
13.33807
13.35059
13.36181
13.37341
13.3859
13.39742
13.40927
13.42177
13.43339
13.44497
13.45653
13.46853
13.48013
13.49172
13.50354
13.51509
13.52677
13.53876
13.55259
13.56372
13.57587
13.5877
13.59955
13.61135
13.62308
13.6348
13.64615
13.65781
13.66996
13.68138
13.69297
13.70465
13.71626
13.72816
13.74016
13.75225
13.76991
13.78153
13.79348
13.80556
13.81773
13.82929
13.84219
13.85421
13.86576
13.87764
13.8898
13.90133
13.91365
13.92507
13.93684
13.94846
13.96029
13.97189
13.98381
13.99519
14.00657
14.01877
14.03029
14.04233
14.05439
14.0659
14.07742
14.08884
14.10076
14.1122
14.12383
14.13574
14.14725
14.15938
14.1715
14.18313
14.19501
14.20665
14.21842
14.22983
14.24165
14.25357
14.26573
14.27732
14.28939
14.30223
14.31421
14.32568
14.33803
TARGET DESTROYED 
14.34984
14.37229
14.38445
14.39575
14.40758
14.41948
14.43081
14.44258
14.45478
14.46634
14.47792
14.48972
14.50209
14.51547
14.52828
14.53978
14.55309
14.56605
14.57787
14.58954
14.60143
14.61304
14.62488
14.63686
14.64825
14.66088
14.67328
14.68527
14.69695
14.70869
14.72065
14.7327
14.74443
14.75637
14.76813
14.77949
14.79118
14.80324
14.81594
14.8277
14.83932
14.85206
14.8636
14.87493
14.88655
14.89772
14.90932
14.92123
14.93275
14.94409
14.95553
14.96731
14.97868
14.99033
15.00228
15.01352
15.0255
15.03746
15.04978
15.0613
15.07292
15.0849
15.09649
15.10866
15.12057
15.13204
15.14368
15.15536
15.16707
15.17872
15.19001
15.20159
15.21288
15.22462
15.23698
15.24847
15.26001
15.27167
15.28357
15.29533
15.30818
15.32055
15.3327
15.34404
15.35577
TARGET DESTROYED 
15.36809
15.38706
15.39961
15.41127
15.42385
15.43742
15.45056
15.46715
15.47884
15.49032
15.50197
15.51325
15.52543
15.53735
15.5494
15.56183
15.57352
15.58562
15.5974
15.60896
15.62103
15.63295
15.64489
15.65667
15.66851
15.6798
15.6918
15.70357
15.71499
15.72753
15.73952
15.75146
15.76307
15.77462
15.78666
15.79815
15.81001
15.8219
15.83371
15.84639
15.85862
15.87206
15.88427
15.89623
15.90793
15.92002
15.93235
15.94386
15.95591
15.96791
15.97995
15.99179
16.00323
16.01444
16.02612
16.03813
16.05025
16.06174
16.07349
16.0856
16.09717
16.10882
16.12075
16.13279
16.14519
16.15664
16.16898
16.18097
16.19261
16.20422
16.21572
16.22698
16.2387
16.25023
16.26159
16.27307
16.28483
16.29627
16.30884
16.32076
16.33343
16.34464
16.35643
16.36895
16.38022
16.39225
16.40434
16.4156
16.42747
16.43917
16.451
16.46262
16.47463
16.4866
16.49867
16.51069
16.52254
16.53593
16.54779
16.55998
16.5728
16.58449
16.60107
16.61265
16.62468
16.63648
16.64847
16.66001
16.67246
16.68424
16.69551
16.70714
16.71894
16.73072
16.74239
16.75406
16.76596
16.77754
16.78934
16.80139
16.813
16.82501
16.83721
16.84904
16.86115
16.87354
16.8856
16.89705
16.90857
16.92011
16.93198
16.94369
16.95543
16.98265
16.99486
17.00667
17.01872
17.03017
17.04156
17.05346
17.06501
17.07666
17.0882
17.09986
17.11129
17.12307
17.13512
17.14685
17.15853
17.17062
17.18212
17.19393
17.20578
17.21779
17.22946
17.24136
17.25344
17.2651
17.27692
17.28931
17.30087
17.31318
17.32519
17.33744
17.3496
17.36133
17.37306
17.38533
17.39701
17.40915
17.42139
17.43304
17.44484
17.45634
17.46812
17.4798
17.4917
17.50402
17.51637
17.52807
17.54025
17.55371
17.56544
17.57774
17.58946
17.60112
17.61242
17.624
17.63564
17.64721
17.65966
17.6719
17.68369
17.69514
17.70701
17.71915
17.73549
17.74753
17.75956
17.77136
TARGET DESTROYED 
17.78315
17.80147
17.81347
17.82572
17.83776
17.84918
17.86123
17.873
17.88555
17.89716
17.90899
17.92105
17.93461
17.94747
17.95884
17.97046
17.98189
17.9936
18.00535
18.01751
18.02894
18.04108
18.05311
18.0651
18.07736
18.08935
18.10134
18.11335
18.12501
18.13673
18.14828
18.1595
18.17135
18.18302
18.19526
18.2072
18.21927
18.23086
18.24255
18.25415
18.26597
18.27781
18.28962
18.30197
18.31405
18.32587
18.33806
18.34968
18.36094
18.3726
18.38531
18.39702
18.40904
18.42118
18.4328
18.44428
18.45573
18.46758
18.47911
18.49078
18.50322
18.51627
18.52789
18.53976
18.55211
18.56358
18.57542
18.589
18.6013
18.61322
18.62502
18.63695
18.64859
18.6607
18.67245
18.68454
18.69613
18.70815
18.72007
18.73191
18.74405
18.75567
18.76795
18.77983
18.79134
18.80349
18.81516
18.82717
18.84365
18.85556
18.86822
18.87987
18.89185
18.9039
18.91582
18.92764
18.94001
18.95183
18.96339
18.97503
18.98656
18.99814
19.01033
19.02239
19.0354
19.04697
19.05863
19.07035
19.08203
19.09376
19.10544
19.11768
19.13007
19.14226
19.15404
19.16619
19.17814
19.19
19.2019
19.21363
19.22546
19.23741
19.2489
19.26047
19.27165
19.28354
19.29508
19.30807
19.32106
19.33294
19.34477
19.35656
19.36868
19.38042
19.39307
19.40515
19.41776
19.42934
19.4415
19.45331
19.46565
19.47791
19.48966
19.50204
19.51402
19.52658
19.53851
19.55117
19.56289
19.5744
19.5866
19.60093
19.61352
19.62558
19.63774
19.65022
19.66216
19.67424
19.68639
19.69793
19.71019
19.72231
19.73418
19.74577
19.75787
19.76996
TARGET DESTROYED 
19.78256
19.80157
19.81462
19.82842
19.8399
19.85186
19.86401
19.87655
19.88858
19.90079
19.91207
19.92364
19.93516
19.94655
19.96286
19.97466
19.98713
19.9989
20.01073
20.02269
20.03489
20.04672
20.05856
20.07095
20.08252
20.09422
20.10617
20.11882
20.13041
20.14233
20.15439
20.16594
20.17861
20.19139
20.203
20.21423
20.22575
20.23721
20.24852
20.25989
20.27174
20.28368
20.29508
20.30758
20.31962
20.33093
20.34266
20.35484
20.36633
20.37766
20.38916
20.40071
20.41216
20.42429
20.43625
20.44796
20.4594
20.47086
20.48288
20.49432
20.50604
20.51767
20.52903
20.54045
20.5528
20.56421
20.57598
20.58807
20.59977
20.61188
20.62362
20.63514
20.6467
20.66089
20.67311
20.68475
20.69599
20.70723
20.7186
20.73296
