0.02
0.04
0.14
0.1726762
0.1853319
0.1949893
0.2055539
0.2157955
0.2254687
0.236654
0.2481144
0.2590883
0.2705102
0.2813937
0.2926282
0.3057496
0.3153005
0.326296
0.3371035
0.3486437
0.3595439
0.3707353
0.3820622
0.3930962
0.4044937
0.4155937
0.4264971
0.4378121
0.4493218
0.4632418
0.4730901
0.4828684
0.4935867
0.5049251
0.5164352
0.5269828
0.5382032
0.5496289
0.5605596
0.5717748
0.5830468
0.5939941
0.6054929
0.6165141
0.6276315
0.6387482
0.6500507
0.6631298
0.6742353
0.6838116
0.6947968
0.7059097
0.7171127
0.7280697
0.7393424
0.7503985
0.7620013
0.7742764
0.7852087
0.7951786
0.8063046
0.8175821
0.8314273
0.8407639
0.8511521
0.862092
0.8732255
0.888886
0.9001109
0.9111798
0.9223145
0.9337954
0.9445904
0.9560283
0.9671604
0.9782396
0.9891976
1.001188
1.012188
1.023913
1.034884
1.045121
1.057179
1.067536
1.080359
1.08979
1.101058
1.112203
1.123292
1.134858
1.145506
1.156882
1.168077
1.179445
1.190227
1.201527
1.212745
1.224211
1.23584
1.246524
1.257807
1.269149
1.280222
1.291427
1.302913
1.313998
1.325022
1.336384
1.34726
1.358531
1.36965
1.381021
1.392328
1.404335
1.414986
1.425727
1.437411
1.448421
1.459061
1.470321
1.481376
1.492799
1.503834
1.51636
1.526252
1.537233
1.548982
1.559538
1.570846
1.584884
1.599415
1.6092
1.61917
1.628111
1.637524
1.646768
1.656323
1.666401
1.67761
1.688874
1.706606
1.715896
1.724928
1.734732
1.74469
1.755836
1.766969
1.778064
1.789447
1.804089
1.814263
1.824142
1.834003
1.845225
1.856636
1.867653
1.878527
1.89017
1.901079
1.912079
1.923322
1.934668
1.945575
1.957006
1.968139
1.979238
1.990232
2.00178
2.019001
2.031777
2.04206
2.052918
2.062458
2.074426
2.084323
2.095591
2.106436
2.116864
2.12646
2.137419
2.147995
2.158275
2.16947
2.180954
2.192391
2.202734
2.213914
2.224966
2.236025
2.24726
2.258669
2.269665
2.284278
2.293975
2.303938
2.314313
2.325571
2.33648
2.350437
2.361552
2.372331
2.384122
2.394455
2.405159
2.415468
2.426104
2.437472
2.449111
2.460311
2.471824
2.484228
2.494908
2.50603
2.517686
2.528945
2.54039
2.551832
2.563287
2.575412
2.586238
2.596996
2.60813
2.619348
2.630535
2.641871
2.652949
2.664431
2.675312
2.686776
2.698322
2.709078
2.72034
2.731768
2.742825
2.75436
2.76582
2.776387
2.787732
2.799922
2.810915
2.82162
2.833242
2.844347
2.855273
2.86678
2.877747
2.889081
2.90033
2.911085
2.922368
2.933916
2.945472
2.961095
2.972789
2.983952
2.994351
3.006096
3.018242
3.029038
3.040396
3.052727
3.06323
3.074147
3.085503
3.096156
3.108004
3.118973
3.129855
3.140771
3.152236
3.163501
3.174325
3.18545
3.196745
3.208021
3.219009
3.230159
3.241203
3.252479
3.263649
3.275035
3.285939
3.297116
3.308246
3.319494
3.331033
3.341753
3.352949
3.364348
3.375453
3.386627
3.397822
3.40885
3.42006
3.431649
3.442486
3.453482
3.464755
3.476113
3.487081
3.49918
3.510212
3.522485
3.533803
3.544812
3.556295
3.567913
3.579349
3.596025
3.606658
3.621083
3.633359
3.649119
3.65926
3.669461
3.67951
3.692903
3.704883
3.715555
3.725821
3.736759
3.747852
3.75841
3.768819
3.780247
3.791299
3.80372
3.815452
3.825914
3.836641
3.847323
3.857887
3.868577
3.879773
3.890906
3.901588
3.911906
3.923337
3.934088
3.945364
3.956222
3.967624
3.978634
3.989677
4.000969
4.015728
4.026474
4.037437
4.048452
4.059995
4.070875
4.082294
4.094569
4.105643
4.116545
4.127054
4.137472
4.148561
4.16633
4.18462
4.202504
4.221084
4.232004
4.242894
4.253883
4.264282
4.275044
4.285863
4.296457
4.3074
4.318304
4.333926
4.344876
4.35604
4.366823
4.377878
4.389242
4.400114
4.410652
4.421872
4.432048
4.443129
4.454098
4.465416
4.47693
4.488076
4.498212
4.50943
4.520395
4.531433
4.542848
4.554234
4.564712
4.576057
4.586993
4.597989
4.609379
4.620628
4.631448
4.642634
4.653515
4.664476
4.67597
4.687698
4.698483
4.709898
4.720795
4.730936
4.741981
4.752806
4.763226
4.774479
4.785921
4.796356
4.807872
4.818839
4.829124
4.840889
4.851734
4.862619
4.873837
4.885175
4.895811
4.907274
4.918641
4.92978
4.940978
4.95194
4.962967
4.974242
4.985342
5.00204
5.013119
5.024439
5.035677
5.04672
5.058494
5.069594
5.080886
5.092438
5.103628
5.115169
5.126386
5.13759
5.149296
5.160759
5.171655
5.182979
5.193938
5.204886
5.216228
5.227531
5.238493
5.24976
5.260485
5.272073
5.283973
5.294845
5.306188
5.318205
5.330196
5.341471
5.353224
5.364266
5.376586
5.388855
5.400629
5.411619
5.424276
5.435324
5.44591
5.457379
5.470107
5.481593
5.492656
5.503802
5.515033
5.526207
5.537589
5.54922
5.559984
5.570314
5.580607
5.59104
5.601335
5.611784
5.62212
5.632215
5.642714
5.654026
5.668866
5.685288
5.696269
5.708534
5.719506
5.730255
5.741599
5.752747
5.763313
5.774693
5.786173
5.79718
5.80879
5.820165
5.831302
5.842737
5.855136
5.866401
5.877575
5.88983
5.900612
5.91129
5.922648
5.933636
5.944571
5.956038
5.967162
5.978007
5.989489
6.001239
6.01188
6.023652
6.034865
6.046052
6.057632
6.06858
6.07975
6.091084
6.103247
6.114903
6.126022
6.137206
6.14878
6.159858
6.171065
6.182716
6.193935
6.205184
6.217101
6.228181
6.240073
6.251683
6.262768
6.274447
6.286278
6.297282
6.308546
6.320184
6.33138
6.342636
6.358523
6.369796
6.380932
6.392151
6.403245
6.415015
6.425847
6.437542
6.44892
6.459692
6.471284
6.482979
6.494011
6.505659
6.516763
6.527802
6.53967
6.551282
6.562295
6.573774
6.585402
6.59661
6.608169
6.619539
6.630351
6.64224
6.654417
6.664933
6.676516
6.688415
6.699494
6.71053
6.722291
6.733414
6.744432
6.755949
6.767352
6.778516
6.789971
6.801588
6.813254
6.824189
6.835011
6.846204
6.857084
6.868213
6.879067
6.891018
6.902028
6.912906
6.924026
6.934825
6.945902
6.956882
6.967693
6.985515
6.996997
7.008155
7.019019
7.030103
7.045851
7.05787
7.069088
7.079825
7.091124
7.102265
7.114886
7.126479
7.13795
7.148725
7.159292
7.169901
7.18044
7.190815
7.201228
7.211886
7.222768
7.238115
7.249353
7.260614
7.272016
7.284062
7.295927
7.307113
7.318383
7.329563
7.340979
7.351918
7.362858
7.374217
7.385393
7.396695
7.407712
7.419211
7.430131
7.441294
7.452571
7.463655
7.475052
7.486443
7.497293
7.508585
7.519679
7.53041
7.541689
7.5529
7.564072
7.575334
7.586477
7.597789
7.609201
7.620453
7.631275
7.64218
7.653832
7.66784
7.677682
7.687878
7.698032
7.709258
7.720353
7.731706
7.742732
7.757823
7.772546
7.783577
7.794147
7.806355
7.817615
7.828306
7.838786
7.849289
7.859698
7.870982
7.880961
7.89215
7.902801
7.913082
7.924703
7.93481
7.944885
7.955944
7.966983
7.977488
7.988829
8.0001
8.010859
8.022291
8.033386
8.044351
8.056207
8.066912
8.07794
8.089092
8.100434
8.11148
8.123946
8.134249
8.145166
8.15605
8.16777
8.178397
8.189495
8.201011
8.211993
8.223598
8.234845
8.246339
8.257672
8.269373
8.280767
8.292239
8.303639
8.315133
8.326569
8.337748
8.34963
8.360635
8.372045
8.383881
8.399179
8.409673
8.420423
8.431555
8.442057
8.45233
8.462786
8.473913
8.484303
8.494488
8.505156
8.515876
8.526485
8.537607
8.549061
8.560083
8.571121
8.5832
8.593457
8.604635
8.616231
8.627065
8.638125
8.649519
8.660913
8.671666
8.683019
8.694136
8.705321
8.716529
8.727551
8.73899
8.750081
8.761214
8.772116
8.783807
8.794883
8.806405
8.81775
8.828946
8.843178
8.853708
8.864246
8.874142
8.885743
8.897325
8.908207
8.920084
8.930914
8.941886
8.953165
8.964316
8.97536
8.986606
8.99771
9.00901
9.020077
9.031494
9.042459
9.054064
9.065242
9.080465
9.091521
9.102604
9.112763
9.123591
9.135073
9.145197
9.156486
9.16751
9.177854
9.188749
9.199902
9.211042
9.222261
9.233338
9.243665
9.25504
9.266845
9.277306
9.287953
9.299346
9.310064
9.320801
9.331843
9.342326
9.353442
9.36475
9.375922
9.38672
9.397533
9.408021
9.418908
9.430402
9.441202
9.452551
9.463561
9.474652
9.48589
9.497397
9.508709
9.520329
9.5315
9.542756
9.554307
9.566207
9.577057
9.588488
9.599879
9.610826
9.622068
9.633906
9.649347
9.659462
9.670659
9.680921
9.691598
9.702538
9.712973
9.723407
9.733736
9.74923
9.759539
9.770141
9.780414
9.790826
9.801624
9.811975
9.823043
9.834014
9.844961
9.856163
9.867771
9.878408
9.88972
9.900843
9.911948
9.923197
9.935066
9.945831
9.95672
9.968051
9.979189
9.990179
10.00177
10.01318
10.02398
10.03515
10.04619
10.05742
10.06869
10.07983
10.09081
10.10215
10.11328
10.12471
10.13667
10.14744
10.15898
10.17008
10.18157
10.19262
10.2041
10.21559
10.22646
10.23809
10.24975
10.26066
10.27179
10.28378
10.29503
10.30627
10.31717
10.32797
10.34011
10.35086
10.36145
10.37275
10.38404
10.39551
10.4064
10.42177
10.43269
10.44243
10.45308
10.46223
10.47198
10.48184
10.4924
10.50344
10.51477
10.52569
10.53701
10.54826
10.55921
10.57063
10.58171
10.59279
10.60416
10.61576
10.62628
10.63742
10.64907
10.6599
10.671
10.68282
10.69348
10.70454
10.71616
10.72682
10.73808
10.74957
10.7606
10.77153
10.78307
10.79427
10.80543
10.81682
10.82783
10.83936
10.85093
10.86191
10.87344
10.88492
10.89634
10.90772
10.92949
10.94147
10.95247
10.96306
10.97299
10.98294
10.9931
11.00433
11.01911
11.03002
11.04027
11.05124
11.06178
11.07245
11.083
11.09402
11.10491
11.11614
11.12732
11.13837
11.14965
11.1608
11.17192
11.1833
11.19437
11.20561
11.21688
11.22784
11.23923
11.25025
11.26535
11.27554
11.28572
11.29605
11.30635
11.31725
11.33232
11.34293
11.35386
11.3642
11.37431
11.38463
11.39558
11.4068
11.41837
11.42981
11.44128
11.4528
11.46453
11.47566
11.48742
11.49897
11.50999
11.52125
11.53278
11.54342
11.55499
11.56621
11.57705
11.58814
11.59992
11.6104
11.62174
11.63308
11.64719
11.65818
11.66892
11.67831
11.68872
11.70024
11.71161
11.72276
11.73412
11.74535
11.75649
11.7678
11.77908
11.79006
11.80138
11.81232
11.82364
11.83496
11.84626
11.8572
11.8686
11.87941
11.89103
11.90234
11.913
11.92425
11.93982
11.95035
11.96104
11.97173
11.98244
11.99298
12.00388
12.01521
12.02682
12.03716
12.0469
12.05822
12.06904
12.07906
12.08992
12.10127
12.1121
12.12342
12.13468
12.14584
12.15719
12.16826
12.1794
12.19048
12.20179
12.2128
12.22396
12.23542
12.2467
12.25746
12.2686
12.27982
12.29089
12.30212
12.31326
12.32475
12.33626
12.34745
12.35884
12.37017
12.3814
12.39276
12.40405
12.41597
12.4268
12.43826
12.4496
12.46065
12.47187
12.4835
12.49489
12.50592
12.51728
12.52843
12.53962
12.55075
12.56181
12.57311
12.58447
12.59552
12.60658
12.62173
12.63258
12.64282
12.65464
TARGET DESTROYED 
12.66473
12.68264
12.69341
12.70401
12.71445
12.72457
12.73581
12.74699
12.75821
12.76962
12.78056
12.79153
12.8031
12.81441
12.8332
12.84562
12.85695
12.86733
12.87806
12.88924
12.90996
12.9213
12.93122
12.94176
12.95286
12.96225
12.9731
12.98344
12.99348
13.00395
13.01534
13.02631
13.03734
13.04937
13.0595
13.0708
13.08255
13.09325
13.10447
13.11559
13.12682
13.13791
13.14917
13.16027
13.17207
13.18273
13.19382
13.20495
13.21628
13.22735
13.2385
13.25015
13.26533
13.27631
13.28726
13.29736
13.30767
13.31816
13.32833
13.33897
13.35018
13.36124
13.37241
13.38385
13.39473
13.4061
13.41722
TARGET DESTROYED 
13.42821
13.44289
13.46211
13.47377
13.48425
13.49527
13.50655
13.51785
13.52882
13.53988
13.551
13.56215
13.57345
13.58492
13.59601
13.60687
13.61818
13.62945
13.6408
13.65161
13.66555
13.67532
13.68514
13.69627
13.70747
13.71862
13.7299
13.74107
13.75235
13.76609
13.77618
13.78667
13.79724
13.80791
13.8191
13.83036
13.84136
13.85269
13.86384
13.87497
13.88625
13.8973
13.90912
13.91997
13.93088
13.94558
13.95605
13.96677
13.97692
13.98769
13.99983
14.01075
14.02227
14.03431
14.04581
14.05707
14.06836
14.07948
14.09064
14.10179
14.11284
14.1241
14.13564
14.14641
14.15742
14.16902
14.17999
14.19116
14.2023
14.21354
14.2249
14.23594
14.24685
14.25823
14.26925
14.28052
14.29165
14.30278
14.31414
14.32547
14.3366
14.3481
TARGET DESTROYED 
14.35937
14.37441
14.38535
14.40259
14.41379
14.42464
14.43527
14.44481
14.45572
14.46757
14.47819
14.48921
14.50115
14.51155
14.52294
14.53442
14.54548
14.55628
14.56776
14.57876
14.58999
14.60122
14.61608
14.62687
14.63774
14.64787
14.65777
14.66833
14.67917
14.69038
14.7021
14.71279
14.72393
14.73513
14.74622
14.75758
14.76863
14.77983
14.79105
14.80253
14.81344
14.82452
14.83558
14.8468
14.85828
14.86917
14.8805
14.89211
14.9065
14.9176
14.92796
14.93926
14.94989
14.96152
14.97288
14.98453
14.99536
15.00674
15.01828
15.0294
15.0407
15.0523
15.06336
15.07452
15.08564
15.09657
15.10774
15.11899
15.13007
15.14143
15.15252
15.16369
15.17488
15.18634
15.19716
15.20846
15.21934
15.23054
15.24175
15.25313
15.26413
15.27545
15.29185
15.30362
15.31505
15.32617
15.3384
15.34972
15.36103
15.37197
15.38295
15.39434
15.40525
15.41671
15.42744
15.43894
15.45004
15.46116
15.47259
15.48411
15.49469
15.50593
15.51746
15.52911
15.53992
15.55064
15.56164
15.57309
15.58412
15.59527
15.60666
15.61768
15.62864
15.64023
TARGET DESTROYED 
15.65163
15.66989
15.68128
15.69147
15.70237
15.71331
15.72339
15.73356
15.74396
15.75434
15.76427
15.77432
15.78513
15.79659
15.81597
15.82799
15.83873
15.84944
15.86021
15.87088
15.8808
15.89136
15.90196
15.91257
15.92343
15.93395
15.94454
15.96042
15.97096
15.98084
15.99113
16.00205
16.01272
16.02307
16.03331
16.04307
16.05461
16.0666
16.07853
16.09084
16.10317
16.11594
16.12572
16.13571
16.14584
16.15586
16.16593
16.1759
16.18762
16.19853
16.20962
16.22092
16.23212
16.24288
16.25417
16.26611
16.27658
16.28764
16.29907
16.31023
16.32126
16.33266
16.34404
16.35502
16.36646
16.37735
16.38847
16.39993
16.41095
16.42265
16.43353
16.44432
16.4557
16.46705
16.47824
16.48983
16.50123
16.51226
16.52389
16.53511
16.5466
16.55787
16.56928
16.58115
16.59208
16.60353
16.61518
16.62635
16.64177
16.65238
16.66211
16.67183
16.68205
16.6928
16.70396
16.71539
16.72641
16.73771
16.74889
16.7598
16.7709
16.78248
16.79345
16.8045
16.81619
16.82676
16.83796
16.84957
16.86036
16.8714
16.88288
16.89436
16.90508
16.91643
16.92726
16.93863
16.94996
16.96092
16.97197
16.98357
16.99446
17.00563
17.01751
17.0283
17.03955
17.05152
17.06218
17.07366
TARGET DESTROYED 
17.08522
17.09964
17.10994
17.12034
17.12988
17.14031
17.15154
17.16295
17.17383
17.18495
17.19636
17.20771
17.22487
17.23829
17.25022
17.26186
17.27334
17.28476
17.29657
17.30853
17.32498
17.33683
17.34919
17.36097
17.37223
17.38343
17.3949
17.40625
17.418
17.42935
17.44083
17.45212
17.46359
17.4748
17.48645
17.49824
17.51008
17.52191
17.53355
17.54532
17.55708
17.56841
17.57964
17.59212
17.60373
17.61478
17.62645
17.63756
17.64832
17.65918
17.67423
17.68562
17.69613
17.70711
17.71791
17.7286
17.74103
17.75249
17.76797
17.77952
17.79141
17.80368
17.81433
17.82465
17.83518
17.84477
17.85522
17.86538
17.87575
17.88703
17.89739
17.90744
17.91883
17.92967
17.94083
17.95248
17.96305
17.97422
17.98581
17.99664
18.00764
18.02179
18.03275
18.04302
18.05394
18.06376
18.07496
18.08616
18.09724
18.10848
18.11956
18.13068
18.1423
18.15349
18.16429
18.17546
18.18654
18.19801
18.20946
18.22075
18.23251
18.24364
18.25499
18.26681
18.27814
18.2895
18.30124
18.31217
18.32364
18.33519
18.3465
18.35789
18.3693
18.38063
18.392
18.40323
18.4145
18.42559
18.43708
18.44841
18.45979
18.47077
18.48234
18.49309
18.50459
18.51604
18.52663
18.53776
18.54936
18.56017
18.57118
18.58292
18.59359
18.60475
18.6166
18.62717
18.63848
18.64982
18.66054
18.67199
18.68337
18.69439
18.71002
TARGET DESTROYED 
18.72084
18.73535
18.74553
18.75626
18.76795
18.78478
18.79659
18.80728
18.81777
18.82788
18.83835
18.8482
18.85775
18.86813
18.87905
18.89049
18.9015
18.91246
18.92418
18.93516
18.94624
18.95728
18.96849
18.97959
18.99067
19.00206
19.0133
19.0243
19.03551
19.04684
19.05777
19.0691
19.0804
19.09134
19.10266
19.11358
19.12501
19.13602
19.15073
19.16068
19.17053
19.18073
19.1918
19.2031
19.2148
19.22603
19.23803
19.24951
19.2604
19.27212
19.28374
19.29501
19.30647
19.31812
19.32925
19.34039
19.35181
19.36275
19.37405
19.38512
19.39655
19.41135
19.42169
19.43132
19.44137
19.45188
19.46301
19.47409
19.48542
19.49644
19.50796
19.51893
19.53007
19.54128
19.55255
19.56344
19.57475
19.58594
19.59706
19.60835
19.61948
19.63047
19.64182
19.65547
19.6652
19.67517
19.68643
19.69772
19.70907
19.71992
19.73119
19.74239
19.75414
19.76523
19.77596
19.78724
19.79881
19.80975
19.82116
19.83301
19.84391
19.85505
19.86693
19.87795
19.8889
19.90034
19.91149
19.9225
19.93501
19.9448
19.95612
19.96727
19.97826
19.98955
20.001
20.01166
20.02325
20.03451
20.04552
20.05685
20.06804
20.07945
20.09045
20.10158
20.1127
20.12401
20.13848
20.14875
20.1579
20.16836
20.17831
20.18948
20.20065
20.21179
20.22285
20.23424
20.24528
20.2565
20.26755
20.27866
20.28997
20.3012
20.31224
20.32346
20.33502
20.34573
20.3568
20.36812
20.37936
20.39032
20.40165
20.41267
20.42399
20.43535
20.44632
20.45747
20.46857
20.47974
20.49117
20.50237
20.51384
20.52494
20.53705
20.54734
20.55878
20.57021
20.58135
20.59271
20.60394
20.61555
20.6267
20.63778
20.64939
20.65996
20.67133
20.68291
20.69362
20.70486
20.71617
20.72718
20.73817
20.74968
20.76054
20.77171
20.78324
20.79438
20.80565
20.81677
20.82786
20.83875
20.85367
20.8636
20.87319
20.88286
20.89313
20.90412
20.9155
20.92644
20.93749
20.94867
20.96049
20.9712
20.98247
20.99367
21.00489
21.01666
21.0271
21.03816
21.05
21.06046
21.0719
21.08301
21.09401
21.10518
21.11707
21.12751
21.13879
21.15009
21.16121
21.17226
21.1837
21.1948
21.20587
21.21763
21.2284
21.2397
21.25145
21.26245
21.2739
21.28527
21.29635
21.30754
21.31913
21.3304
21.34152
21.35289
21.36441
21.37508
21.38671
21.39742
21.40857
21.41986
21.4312
21.44224
21.45358
21.46477
21.47568
21.48692
21.49832
21.50909
21.52027
21.53216
21.54262
21.55418
21.56528
21.57618
21.59056
21.59978
21.60848
21.61967
21.63074
21.64462
21.65548
21.66555
21.67556
21.68674
21.69795
21.70918
21.72054
21.73155
21.74272
21.75376
21.76907
21.78
21.79021
21.80074
21.81065
21.82101
21.83105
21.84196
21.85305
21.86435
21.8754
21.88669
21.8981
21.90882
21.92024
21.93159
21.94243
21.9538
21.96491
21.97607
21.98709
21.99867
22.0094
22.02068
22.03214
22.04309
22.05447
22.06547
22.07654
22.08757
22.09901
22.11026
22.12123
22.13304
22.14413
22.15513
22.16652
22.18032
22.1904
22.20047
22.21197
22.223
22.23509
22.25653
