0.02
0.04
0.14
0.1688946
0.1827064
0.193921
0.2050031
0.2158039
0.226244
0.2362992
0.2460471
0.2559801
0.2675354
0.2788825
0.2915574
0.3011702
0.311765
0.3227358
0.3341278
0.3454755
0.3572194
0.3676907
0.3788575
0.3899184
0.4012915
0.412601
0.4237081
0.4345592
0.44623
0.4566766
0.4720873
0.4814046
0.4905298
0.501635
0.5129982
0.5243796
0.5353057
0.5467378
0.5575101
0.5687356
0.579887
0.5909287
0.6022674
0.6136335
0.6246142
0.6357989
0.6470081
0.6580164
0.6691861
0.6803984
0.6913053
0.7026826
0.714056
0.7252773
0.7362304
0.7475714
0.7588402
0.7695662
0.7808854
0.7919935
0.8029521
0.8145465
0.825527
0.8365195
0.847856
0.8590652
0.8701072
0.8847778
0.8965172
0.9073071
0.9192425
0.930521
0.9412473
0.9527086
0.9641237
0.9751525
0.9864473
0.9985405
1.009581
1.020822
1.031803
1.042824
1.053873
1.065155
1.076367
1.087616
1.098651
1.109843
1.120769
TARGET DESTROYED 
1.138504
1.148849
1.158349
1.168917
1.178954
1.188563
1.198257
1.207705
1.217246
1.227982
1.246214
1.257301
1.267413
1.276557
1.286138
1.295511
1.305636
1.316914
1.327902
1.339272
1.350414
1.361774
1.373401
1.384409
1.395251
1.406554
1.417466
1.428652
1.439743
1.450981
1.462227
1.473562
1.48454
1.496162
1.506799
1.518456
1.533574
1.543417
1.553088
1.562644
1.573794
1.584989
1.596458
1.607301
1.61853
1.629708
1.641017
1.652342
1.66408
1.674958
1.686465
1.69829
1.709543
1.720964
1.732216
1.743541
1.754884
1.765986
1.777445
1.788434
1.799582
1.810654
1.821874
1.832991
1.844171
1.855812
1.866624
1.877671
1.888906
1.900312
1.912491
1.922767
1.934291
1.946145
1.956949
1.968273
1.980012
1.990915
2.002288
2.014297
2.025076
2.036405
2.047971
2.058993
2.070358
2.08197
2.092554
2.103862
2.116045
2.126011
TARGET DESTROYED 
2.13974
2.149444
2.158814
2.170209
2.186393
2.197292
2.206939
2.216984
2.226543
2.236088
2.245258
2.255153
2.266366
2.277667
2.28864
2.299833
2.310946
2.322408
2.333541
2.344456
2.355635
2.367122
2.377948
2.389179
2.400277
2.411437
2.42257
2.433877
2.44502
2.456144
2.467433
2.479121
2.489964
2.501173
2.511944
2.523245
2.534301
2.545708
2.556711
2.568041
2.579524
2.590819
2.602221
2.617522
2.627254
2.637677
2.648049
2.66042
2.670561
2.682154
2.693549
2.704629
2.716103
2.726892
2.738225
2.749466
2.76051
2.771702
2.782856
2.794251
2.805586
2.816602
2.827551
2.838892
2.850206
2.86103
2.872299
2.883617
2.894505
2.905761
2.91692
2.928097
2.939384
2.951266
2.961771
2.972803
2.984052
2.99589
3.007001
3.01808
3.02964
3.040693
3.05207
3.06364
3.074799
3.086603
3.097736
3.108891
3.120547
3.131402
3.142426
3.153613
3.165357
3.175843
3.187109
3.198604
3.209583
3.220785
3.232459
3.243003
3.254221
3.26578
3.276429
3.288169
3.299017
3.30992
3.321297
3.33279
3.343618
3.354655
3.365879
3.378072
3.388349
3.399318
3.410533
3.421867
3.432997
3.444134
3.455337
3.466655
3.477534
3.489278
3.500243
3.510984
3.522383
3.533554
3.544495
3.555786
3.567256
3.578254
3.589429
3.600955
3.611625
3.622707
3.634367
3.645254
3.656301
3.667619
3.679159
3.689823
3.700916
3.712413
3.723694
3.739439
3.749717
3.759021
3.769004
3.779058
3.789196
3.798952
3.808905
3.819927
3.831437
3.842213
3.853545
3.864745
3.876434
3.886935
3.898634
3.909517
3.920609
3.931719
3.942992
3.953884
3.965374
TARGET DESTROYED 
3.979407
3.988877
3.999447
4.009894
4.020967
4.032653
4.043344
4.054975
4.072072
4.083214
4.092787
4.102684
4.11331
4.123447
4.134083
4.144017
4.1545
4.166514
4.17668
4.187957
4.19894
4.210133
4.221196
4.232332
4.243755
4.254596
4.265949
4.276979
4.288364
4.299388
4.310483
4.321695
4.332961
4.344007
4.355168
4.366664
4.377464
4.388834
4.399931
4.411171
4.42227
4.433391
4.444921
4.456526
4.467547
4.479289
4.49044
4.502653
4.514976
4.525856
4.536219
4.54778
4.559104
4.57038
4.582181
4.592769
4.604441
4.615803
4.627221
4.638613
4.650023
4.661639
4.672791
4.684078
4.695187
4.706117
4.717381
4.728794
4.73994
4.751173
4.76221
4.775904
4.786874
4.797463
4.807595
4.824012
4.834828
4.847002
4.857693
4.86924
4.880249
4.891374
4.902383
4.913758
4.924725
4.935819
4.947127
4.958318
4.969397
4.98102
4.992131
5.00266
5.014342
5.02517
5.036383
5.047637
5.058938
5.069963
5.081254
5.092419
5.103336
5.114815
5.125728
5.136864
5.148478
5.159534
5.170716
5.182237
5.193741
5.20498
5.216609
5.22776
5.239478
5.251654
5.263524
5.275335
5.286929
5.299286
5.31089
5.322572
5.334531
5.345868
5.357477
5.369552
5.381042
5.392184
5.404968
5.416604
5.427626
5.438858
5.450535
5.461757
5.473124
5.484565
5.496179
5.508375
5.52196
5.533934
TARGET DESTROYED 
5.551736
5.563261
5.574548
5.58594
5.596882
5.608543
5.6264
5.638733
5.650752
5.66188
5.673201
5.684802
5.695903
5.706799
5.718389
5.729824
5.740796
5.751929
5.763825
5.775405
5.786588
5.798223
5.809628
5.821178
5.832959
5.844308
5.855751
5.867481
5.879269
5.89093
5.902499
5.914622
5.925717
5.936986
5.948679
5.965518
5.977327
5.988668
6.000606
6.012391
6.024069
6.035487
6.046866
6.058461
6.070312
6.082036
6.093376
6.105289
6.117311
6.127918
6.138572
6.149758
6.160382
6.170905
6.181879
6.192317
6.203292
6.213839
6.224547
6.235084
6.245958
6.256365
6.26706
6.277461
6.288111
6.29856
6.309745
6.320924
6.33222
6.343097
6.354313
6.365918
6.376816
6.387826
6.399063
6.410272
6.421515
6.432486
6.443734
6.454783
6.466059
6.477191
6.488478
6.499629
6.510867
6.52406
6.534777
6.54515
6.555951
6.56728
6.578908
6.590191
6.601653
6.613407
6.62453
6.635922
6.647712
6.658824
6.670314
6.682007
6.693183
6.704493
6.715861
6.72716
6.738873
6.750024
6.761347
6.772729
6.784144
6.795044
6.805848
6.817408
6.828465
6.83942
6.850707
6.861901
6.872798
6.884085
6.895406
6.906644
6.918149
6.929205
6.940104
6.951132
6.963071
6.974378
6.98527
6.996278
7.007336
7.018396
7.02995
7.040754
7.051928
7.063735
7.074311
7.085191
7.096692
7.107954
7.12387
7.134897
7.146005
7.156857
7.168324
7.179543
7.190087
7.201112
7.212089
7.223021
7.234561
7.245406
7.256448
7.2681
7.279411
7.290812
7.301913
7.31279
7.324245
7.335617
7.346826
7.357673
7.36913
7.380356
7.391096
7.402069
7.412808
7.423737
7.434638
7.445839
7.456963
7.467829
7.479491
7.490692
7.501647
7.512647
7.526095
7.538363
7.549871
7.5608
7.571897
7.583573
7.594235
7.60538
7.617002
7.627729
7.639263
7.650293
7.661261
7.67251
7.683722
7.694638
7.706022
7.717568
7.728257
7.739515
7.750957
7.761949
7.774116
7.785436
7.796869
7.80764
7.818878
7.830079
7.841305
7.853413
7.864282
7.874111
7.885715
7.896873
7.908106
7.919162
7.930473
7.940992
7.952564
7.963435
7.974236
7.985578
7.996832
8.008054
8.019557
8.03123
8.043031
8.054261
8.072994
8.085335
8.096332
8.108463
8.119518
8.133214
