0.02
0.04
0.14
0.1815612
0.1956338
0.2071223
0.21697
0.2268273
0.2377528
0.2470522
0.2571857
0.2668736
0.2766205
0.2873959
0.2986808
0.3097003
0.3210583
0.3320429
0.3431975
0.3584009
0.3677257
0.3773199
0.3879337
0.3989824
0.4100568
0.4213577
0.4323849
0.4437051
0.4554875
0.4659395
0.4773957
0.4884252
0.4995945
0.5106628
0.522041
0.5332704
0.5443342
0.5552648
0.5664695
0.5781505
0.5891213
0.6000728
0.6118267
0.6235465
0.63397
0.6451262
0.6562295
0.6670139
0.6786186
0.6894485
0.7005283
0.7117214
0.7227987
0.7342193
0.745344
0.7564104
0.7678695
0.7786083
0.7900254
0.8009996
0.8122132
0.8237659
0.8348368
0.8464097
0.8570471
0.8680356
0.8793499
0.8957785
0.9066861
0.9179892
0.9287909
0.9403478
0.9511845
0.9623426
0.9738629
0.9847958
0.9959058
1.007487
1.018702
1.029523
1.041025
1.051754
1.063325
1.074461
TARGET DESTROYED 
1.085596
1.103412
1.114605
1.124865
1.137055
1.151963
1.162793
1.173472
1.182824
1.192687
1.20382
1.214557
1.22605
1.244121
1.254402
1.263971
1.273885
1.284113
1.293892
1.303958
1.314835
1.325967
1.337654
1.34844
1.359598
1.370848
1.382246
1.393043
1.40457
1.415472
1.426573
1.438241
1.44887
1.460025
1.471747
1.482492
1.49363
1.505048
1.516003
1.527035
1.538623
1.549436
1.560694
1.572014
1.583031
1.594037
1.605478
1.616454
1.628038
1.639262
1.650983
1.662245
1.673928
1.684834
TARGET DESTROYED 
1.696538
1.710581
1.720816
1.73064
1.742546
1.753774
1.76512
1.776496
1.787961
1.799205
1.81079
1.821886
1.832873
1.844266
1.856568
1.873504
1.883435
1.898169
1.908414
1.918014
1.929325
1.940783
1.951775
1.962869
1.97423
1.985563
1.996248
2.00793
2.018776
2.029643
2.040984
2.052012
2.063355
2.074832
2.085775
2.098845
2.110157
2.122152
2.133588
2.144124
2.154423
2.165287
2.176096
2.187006
2.197329
2.208443
2.219519
2.230655
2.242189
2.253741
2.265038
2.276461
2.28813
2.299177
2.310585
2.322366
2.333439
2.344766
2.356344
2.367751
2.379431
2.39039
2.401941
2.413198
2.424454
2.435679
2.446815
2.457867
2.4691
2.480498
2.491391
2.503439
2.514027
2.525277
2.536849
2.547778
2.559278
2.570875
2.581711
2.593357
2.604953
2.615318
2.626686
2.638387
2.649016
2.660178
2.671626
TARGET DESTROYED 
2.682629
2.700384
2.71067
2.722653
2.733761
2.744889
2.756266
2.767065
2.778332
2.789917
2.805975
2.815623
2.825691
2.834874
2.845129
2.856204
2.867539
2.878664
2.889819
2.900966
2.912158
2.923424
2.934572
2.945812
2.956946
2.967829
2.979242
2.990703
3.001645
3.012588
3.023864
3.034917
3.046271
3.057253
3.068667
3.079654
3.090842
3.102117
3.113316
3.124359
3.1356
3.146622
3.158091
3.168914
3.180555
3.191871
3.204067
3.214834
3.226089
3.238153
3.248975
3.260462
3.271918
3.283194
3.294522
3.306241
3.31741
3.328811
3.340302
3.351724
3.363245
3.374561
3.385667
3.397259
3.408788
3.419841
3.430837
3.442035
3.453734
3.468598
3.479073
3.489209
3.498956
3.509073
3.51913
3.528612
3.540055
3.551014
3.562033
3.57355
3.584444
3.595522
3.606971
3.617856
3.62908
3.640445
3.651393
3.662673
3.673934
3.684893
3.696088
3.707193
3.718611
3.7298
3.740938
3.751862
TARGET DESTROYED 
3.763047
3.776855
3.786972
3.796553
3.807981
3.819554
3.830149
3.841413
3.852631
3.864132
3.875491
3.887055
3.903653
3.91356
3.923576
3.932986
3.942946
3.952842
3.963619
3.975005
3.985951
3.997472
4.008311
4.019647
4.030669
4.042061
4.05303
4.064191
4.075307
4.086584
4.097574
4.109045
4.12018
4.131051
4.142406
4.153775
4.164696
4.175823
4.187027
4.198393
4.209263
4.221358
4.232314
4.247183
4.257525
4.266838
4.276692
4.288176
4.299459
4.310936
4.322358
4.333371
4.344558
4.356041
4.366728
4.378001
4.389392
4.400309
4.41152
4.422852
4.433989
4.444949
4.456231
4.467293
4.478483
4.489944
4.501566
4.512167
4.523255
4.534367
4.54563
4.556796
4.567996
4.579688
4.590247
4.601456
4.612738
4.624247
4.635448
4.646772
4.657952
4.669543
4.680686
4.692207
4.704268
4.714676
4.726293
4.737512
4.7486
4.759894
4.771802
4.782311
4.793788
TARGET DESTROYED 
4.805047
4.820756
4.839388
4.851467
4.86238
4.8732
4.883631
4.894165
4.904922
4.915673
4.926463
4.937068
4.948414
4.959456
4.969707
4.980402
4.991714
5.002136
5.013089
5.024176
5.04097
5.051224
5.062014
5.073053
5.083399
5.093955
5.104874
5.11538
5.127438
5.138954
5.149275
5.160027
5.170895
5.181662
5.192705
5.203307
5.213777
5.224495
5.235661
5.246687
5.257776
5.268972
5.280276
5.291648
5.302374
5.313862
5.324817
5.336026
5.347439
5.358678
5.369758
5.380988
5.392091
5.403853
5.41488
5.426233
5.438052
5.449377
5.46048
5.472099
5.483375
5.49475
5.506169
5.51794
5.528789
5.540381
5.551724
5.563092
5.574548
5.58589
5.597217
5.60923
5.620098
5.631711
5.642445
5.654231
5.664751
5.67616
5.687738
5.698293
5.709372
5.721269
5.731863
5.743196
5.754817
5.765732
5.776563
5.788183
5.799098
5.810203
5.821603
5.832531
5.847658
5.85818
TARGET DESTROYED 
5.868198
5.88252
5.893256
5.903094
5.91312
5.923671
5.940153
5.95103
5.96143
5.972781
5.983874
5.995192
6.006272
6.017439
6.028378
6.040239
6.050782
6.062122
6.073231
6.084745
6.095623
6.106987
6.118005
6.12916
6.140245
6.151273
6.162507
6.173831
6.184884
6.196247
6.207337
6.218297
6.229801
6.241441
6.251924
6.263095
6.274336
6.285376
6.296645
6.307791
6.31891
6.330309
6.341224
6.352378
6.363562
6.374775
6.385821
6.397394
6.408306
6.419403
6.430627
6.441989
6.454247
6.46477
6.476326
6.488306
6.499551
6.511013
6.522857
6.534303
6.545808
6.557799
6.569112
6.580115
6.591812
6.603297
6.614292
6.62543
6.63694
6.647675
6.658982
6.670278
6.681262
6.696843
6.708243
6.718479
6.728762
6.739148
6.749098
6.760158
6.769785
6.780389
6.790757
6.800805
6.811426
6.82263
6.833562
6.844874
6.856289
6.867325
6.878449
6.889676
6.90078
6.912008
6.923569
6.934411
6.945523
6.957215
6.967774
6.978765
6.990696
7.001184
7.012328
7.024128
7.034667
7.045905
7.057161
7.068257
7.07945
7.09095
7.102016
7.113451
7.124917
7.136154
7.147581
7.159085
7.170383
7.181834
7.193081
7.204804
7.215847
7.227174
7.238879
7.250191
7.261373
7.272949
7.283971
7.295477
7.306952
7.318445
7.329609
7.341109
7.351731
7.362945
7.374134
7.385142
7.396173
7.407327
7.418389
7.429623
7.440957
7.452019
7.463593
TARGET DESTROYED 
7.474579
7.499042
7.522742
7.534118
7.544222
7.554067
7.563824
7.573834
7.583376
7.592997
7.603652
7.614514
7.625726
7.637087
7.648089
7.659486
7.67065
7.681523
7.692939
7.704382
7.715136
7.726213
7.737793
7.7486
7.759748
7.771268
7.782065
7.793429
7.804943
7.815797
7.829513
7.840019
7.849334
7.860246
7.871572
7.882734
7.896978
