0.02
0.04
0.14
0.1733977
0.184954
0.1940609
0.2037786
0.2149239
0.2311308
0.2425177
0.2536796
0.2650838
0.2774963
0.287198
0.3006373
0.3092319
0.3204035
0.3318921
0.3428725
0.3539954
0.3653979
0.3763129
0.3874986
0.398794
0.4124143
0.4236735
0.4324179
0.4433681
0.4548323
0.4655808
0.4768977
0.4879959
0.4991466
0.5103753
0.5213946
0.5327756
0.5437952
0.5549379
0.5662398
0.5773511
0.5886417
0.5998123
0.6111135
0.6222364
0.6331472
0.6442681
0.6555761
0.6667711
0.6779546
0.6889517
0.7003202
0.71142
0.7225855
0.7336971
0.7448976
0.7562684
0.7678055
0.7788352
0.7895885
0.8007742
0.8120321
0.8230074
0.8343792
0.8454725
0.8565886
0.867816
0.8790255
0.8951047
0.9066497
0.9174916
0.9295633
0.9396474
0.950999
0.9621552
0.9733121
0.9844898
0.995792
1.006937
1.018095
1.029735
1.040312
1.05163
1.062961
1.074162
1.085465
1.096517
1.10793
1.118551
1.129952
1.140861
1.151985
1.163469
1.174386
1.18539
1.197081
1.207761
1.219025
1.230542
1.241592
1.252498
1.264168
1.274836
1.285899
1.297462
1.308749
1.31952
1.330919
1.341812
1.352945
1.364575
1.375537
1.386384
1.398417
1.408741
1.419974
1.431319
1.442689
1.453662
1.464952
1.475887
1.487154
1.498265
1.509676
1.520519
1.531911
1.54275
1.55861
1.571928
1.581057
1.589987
1.599556
1.608315
1.617129
1.62727
1.638597
1.649711
1.660744
1.672463
1.689273
1.700031
1.709885
1.719519
1.729739
1.745417
1.758043
1.76869
1.778187
1.787899
1.798255
1.807722
1.817351
1.828428
1.839636
1.852683
1.864663
1.876826
1.88814
1.898827
1.908787
1.91858
1.929085
1.940059
1.951571
1.963637
1.974325
1.984767
1.996363
2.007143
2.018669
2.02994
2.040654
2.051933
2.065219
2.075224
2.085346
2.096827
2.107817
2.118856
2.130338
2.141019
2.15255
2.16414
2.175539
2.186722
2.198606
2.209547
2.221085
2.235378
2.245798
2.256104
2.267015
2.278426
2.289639
2.301199
2.31267
2.324252
2.335289
2.346213
2.357458
2.369061
2.380035
2.390893
2.402089
2.413513
2.424623
2.435534
2.446939
2.457989
2.469039
2.48051
2.494809
2.504516
2.515227
2.525044
2.535721
2.547267
2.558232
2.569316
2.580628
2.591712
2.602976
2.614058
2.625053
2.636169
2.648194
2.659204
2.669963
2.681397
2.692215
2.703225
2.714872
2.725584
2.736768
2.748469
2.759154
2.770452
2.782147
2.792699
2.804324
2.815647
2.826208
2.837489
2.84867
2.859832
2.871271
2.882432
2.897244
2.907387
2.918303
2.928519
2.938782
2.949557
2.960335
2.971074
2.982498
2.993397
3.005958
3.017282
3.027124
3.038307
3.049518
3.060629
3.071669
3.083015
3.093899
3.105124
3.116549
3.127698
3.138956
3.149881
3.161359
3.172794
3.183427
3.194558
3.205767
3.216867
3.228214
3.239204
3.250347
3.261618
3.273221
3.284132
3.295874
3.306941
3.318228
3.329514
3.340887
3.35191
3.36386
3.375001
3.386055
3.397278
3.408368
3.419413
3.431347
3.443837
3.45468
3.465284
3.475833
3.487009
3.497947
3.508709
3.520428
3.531274
3.54652
3.557118
3.568226
3.577905
3.588255
3.599077
3.609696
3.619867
3.628815
3.639094
3.650682
3.661495
3.672863
3.684156
3.695062
3.708619
3.719748
3.730172
3.740373
3.750867
3.761962
3.77331
3.784654
3.795783
3.806737
3.817869
3.829191
3.840441
3.851278
3.862749
3.873966
3.884813
3.89649
3.907382
3.918473
3.930118
3.94118
3.952565
3.964048
3.975418
3.986753
3.998291
4.009377
4.020797
4.032186
4.043465
4.055227
4.066323
4.077885
4.088788
4.100399
4.111628
4.123154
4.134152
4.145525
4.156856
4.167946
4.179341
4.190201
4.205367
4.216417
4.226335
4.236399
4.246879
4.25693
4.267516
4.2771
4.288431
4.299043
4.310318
4.321495
4.332631
4.343854
4.354808
4.366435
4.377182
4.388381
4.400454
4.410599
4.421829
4.433109
4.444582
4.456687
4.466675
4.477963
4.488931
4.500278
4.511605
4.522795
4.533814
4.544788
4.555823
4.567086
4.578333
4.589764
4.601274
4.612169
4.623651
4.63528
4.64659
4.657717
4.669384
4.681399
4.691518
4.702991
4.714814
4.725656
4.737103
4.748656
4.759758
4.770876
4.782262
4.793349
4.80443
4.815817
4.826778
4.838305
4.853269
4.863578
4.87321
4.88435
4.894557
4.904374
4.914756
4.925369
4.936193
4.947976
4.958606
4.969778
4.981301
4.992368
5.00323
5.014769
5.025547
5.036777
5.048134
5.059251
5.070256
5.081843
5.092755
5.104722
5.115358
5.126236
5.137298
5.149038
5.159745
5.170847
5.182034
5.193321
5.204333
5.21565
5.226955
5.23824
5.249656
5.260908
5.272152
5.28343
5.294701
5.309638
5.32118
5.332664
5.343221
5.354182
5.365209
5.375926
5.386358
5.397693
5.408251
5.4189
5.430115
5.440938
5.451935
5.465976
5.477124
5.488294
5.500176
5.515694
5.526542
5.537557
5.548193
5.559727
5.570897
5.581792
5.592863
5.604182
5.615252
5.626412
5.637236
5.648769
5.659606
5.670806
5.682039
5.694833
5.709673
5.720848
5.732093
5.741998
5.752515
5.763242
5.773948
5.784687
5.794658
5.805667
5.816031
5.827518
5.838385
5.849696
5.860768
5.871869
5.883121
5.894216
5.905376
5.916616
5.927816
5.939189
5.950227
5.961297
5.972782
5.983906
5.994744
6.006231
6.017926
6.029536
6.041026
6.052161
6.063684
6.075546
6.086484
6.097818
6.109792
6.120482
6.131388
6.142498
6.153835
6.169101
6.181187
6.19181
6.203517
6.214399
6.225174
6.23618
6.248641
6.26043
6.271991
6.283017
6.294083
6.305267
6.316572
6.327785
6.339096
6.35024
6.360992
6.372425
6.383845
6.394431
6.406344
6.417271
6.427994
6.439581
6.450827
6.46242
6.474427
6.486372
6.497526
6.508681
6.519911
6.531498
6.542934
6.5539
6.565268
6.576585
6.587239
6.59844
6.609598
6.621154
6.632607
6.643433
6.655063
6.665951
6.677372
6.688291
6.699726
6.710666
6.721739
6.73374
6.743681
6.754357
6.765733
6.776676
6.787962
6.799181
6.810092
6.821419
6.83617
6.846488
6.857515
6.867421
6.877547
6.888675
6.899918
6.910723
6.921784
6.9354
6.945732
6.956555
6.967118
6.978543
6.989926
7.001602
7.013799
7.024556
7.036237
7.048866
7.059067
7.070291
7.081593
7.092584
7.103689
7.115151
7.126036
7.137258
7.148931
7.159644
7.170747
7.181906
7.193372
7.204481
7.215672
7.227059
7.23832
7.249862
7.260947
7.272277
7.283406
7.294878
7.30601
7.317498
7.328976
7.340348
7.352288
7.364025
7.385242
7.397207
7.407744
7.419474
7.431533
7.443834
7.455796
7.467703
7.479871
7.495924
7.507033
7.519492
7.531538
7.543711
7.556632
7.570154
7.581839
7.594749
7.607208
7.617964
7.628421
7.639605
7.650513
7.661379
7.672099
7.682785
7.693555
7.708609
7.720722
7.732946
7.744187
7.759675
7.771445
7.783545
7.794877
7.806353
7.818275
7.829759
7.840962
7.852681
7.864371
7.875828
7.888057
7.90028
7.91112
7.922738
7.935142
7.947089
7.958425
7.970106
7.980432
7.990722
8.001423
8.011548
8.02174
8.032618
8.042736
8.053077
8.063369
8.074251
8.08434
8.094873
8.105885
8.117022
8.128418
8.139425
8.15062
8.165236
8.175612
8.185728
8.195466
8.206383
8.217483
8.229036
8.239882
8.251753
8.262734
8.273324
8.284761
8.295884
8.306814
8.318284
8.32953
8.340708
8.351748
8.362796
8.373879
8.385161
8.396756
8.407741
8.41901
8.430711
8.442122
8.45356
8.46501
8.476315
8.488344
8.49967
8.511093
8.522325
8.533961
8.547832
8.558692
8.569684
8.580122
8.590123
8.602015
8.61296
8.624154
8.635394
8.646766
8.657827
8.668993
8.680143
8.690898
8.702326
8.71367
8.726569
8.737201
8.748232
8.758578
8.769926
8.780726
8.791703
8.802866
8.81904
8.829317
8.840412
8.850998
8.861114
8.872128
8.882766
8.893312
8.90384
8.914838
8.924797
8.935466
8.946723
8.95612
8.967052
8.977184
8.988428
8.999427
9.010744
9.021755
9.033026
9.044204
9.055417
9.066716
9.077859
9.088783
9.100057
9.111176
9.122511
9.133904
9.144689
9.155932
9.167235
9.178386
9.189521
9.200941
9.212003
9.223753
9.234435
9.246271
9.257228
9.268748
9.280469
9.291407
9.30382
9.314747
9.325727
9.337681
9.348843
9.35985
9.371452
9.383068
9.394162
9.40575
9.417875
9.428868
9.440638
9.451923
9.46254
9.479354
9.490969
9.502797
9.514563
9.525278
9.536399
9.547563
9.558748
9.569783
9.581553
9.591911
9.603302
9.614585
9.625499
9.63715
9.648103
9.659096
9.670298
9.681584
9.692856
9.703702
9.714998
9.729815
9.74104
9.751903
9.763072
9.774634
9.786022
9.79765
9.808234
9.819167
9.830426
9.841002
9.852605
9.864325
9.874958
9.885955
9.897799
9.908898
9.919988
9.930246
9.940891
9.952304
9.963496
9.973725
9.984924
9.996424
10.00736
10.01851
10.02986
10.04072
10.05206
10.06347
10.07441
10.08541
10.09712
10.10861
10.11958
10.13038
10.14114
10.15648
10.16736
10.17766
10.18834
10.19897
10.20902
10.21962
10.23138
10.24205
10.25328
10.26462
10.27577
10.28692
10.29824
10.30929
10.32046
10.33182
10.34284
10.35413
10.36533
10.37604
10.3874
10.3989
10.4098
10.42118
10.43231
10.44309
10.45454
10.46564
10.47721
10.488
10.49913
10.51281
10.52511
10.53659
10.54786
10.57424
10.58476
10.59718
10.60845
10.61948
10.63096
10.64344
10.65932
10.67032
10.68165
10.69244
10.70351
10.71511
10.72604
10.73722
10.74857
10.76551
10.77899
10.79108
10.80278
10.81497
10.82682
10.83832
10.85
10.86112
10.87344
10.88564
10.89769
10.90942
10.92075
10.93272
10.94382
10.95509
10.96693
10.98257
10.99404
11.00574
11.01721
11.02823
11.04006
11.05207
11.06352
11.07512
11.08643
11.09856
11.11074
11.12211
11.13397
11.14527
11.15641
11.16815
11.17981
11.19066
11.20225
11.21394
11.22463
11.23601
11.24745
11.2587
11.27006
11.28132
11.29205
11.30299
11.31431
11.32494
11.33595
11.34738
11.35803
11.36921
11.38032
11.39116
11.40191
11.4135
11.42436
11.43509
11.44647
11.45741
11.46866
11.48049
11.49165
11.50342
11.51742
11.52849
11.53997
11.55138
11.56218
11.5743
11.58576
11.59691
11.60877
11.62029
11.63222
11.64754
11.65821
11.66969
11.68043
11.69154
11.7025
11.71417
11.72986
11.74155
11.75286
11.76533
11.77621
11.78736
11.79803
11.80922
11.81995
11.83202
11.84271
11.85422
11.86588
11.87743
11.88992
11.90146
11.91313
11.92498
11.93725
11.94886
11.95972
11.97121
11.98262
11.99334
12.00486
12.01734
12.02852
12.04041
12.05211
12.06409
12.07547
12.0866
12.09814
12.10967
12.12067
12.13184
12.14191
12.15257
12.16383
12.17492
12.18576
12.19714
12.20689
12.2182
12.22896
12.24
12.25095
12.26202
12.27212
12.28392
12.29443
12.3059
12.32107
12.33262
12.34317
12.35404
12.36495
12.37523
12.38584
12.39636
12.40666
12.41828
12.43037
12.44212
12.45275
12.46407
12.47539
12.48651
12.49797
12.5095
12.52094
12.53229
12.54263
12.55392
12.56499
12.57623
12.58738
12.5988
12.60972
12.62091
12.6322
12.64372
12.65569
12.66817
12.68063
12.6933
12.70578
12.71807
12.73066
12.74194
12.75342
12.76648
12.77827
12.79046
12.80273
12.81497
12.82703
12.83979
12.8519
12.86456
12.87652
12.88852
12.90077
12.91242
12.9248
12.93677
12.94884
12.96084
12.97338
12.98952
13.00964
13.02224
13.03477
13.04617
13.05824
13.06955
13.08096
13.09219
13.10379
TARGET DESTROYED 
13.11527
13.13276
13.14475
13.15785
13.17066
13.18232
13.19354
13.20525
13.21637
13.22749
13.23909
13.25058
13.26151
13.27298
13.2845
13.29637
13.30847
13.31987
13.33133
13.34256
13.35355
13.36511
13.37659
13.3881
13.40049
13.4115
13.4228
13.43409
13.44541
13.45665
13.46841
13.48059
13.4922
13.50408
13.51609
13.52866
13.54116
13.55324
13.56448
13.57626
13.58777
13.59968
13.61122
13.62222
13.63358
13.64434
13.65524
13.66663
13.68231
13.69271
13.70355
13.71894
13.73085
13.74154
13.75252
13.76492
13.77608
13.78729
13.79825
13.80887
13.82336
13.83552
13.84746
13.85871
13.87074
13.88288
13.89382
13.90548
13.91868
13.9303
13.94094
13.95196
13.9623
13.97337
13.98429
13.99464
14.0054
14.0171
14.02742
14.03795
14.04982
14.05997
14.07089
14.08187
14.09293
14.10403
14.11519
14.12636
14.13765
14.14898
14.16112
14.17392
14.18675
14.19998
14.21254
14.22519
14.23715
14.24935
14.26131
14.27328
14.28574
14.29804
TARGET DESTROYED 
14.31056
14.33403
14.34655
14.35899
14.37103
14.38394
14.39754
14.41065
14.42313
14.43532
14.44792
14.46033
14.47274
14.48551
14.49837
14.51064
14.52379
14.53546
14.54772
14.55951
14.57104
14.58294
14.59405
14.60662
14.61841
14.63048
14.64104
14.65277
14.66493
14.67624
14.68816
14.70017
14.71132
14.7234
14.73482
14.74644
14.75928
14.77138
14.78356
14.79535
14.80788
14.82021
14.83325
14.84443
14.85603
14.86748
14.87848
14.89032
14.90166
14.91361
14.9251
14.93638
14.94762
14.95914
14.97078
14.98198
14.99339
15.00943
15.02063
15.03237
15.04329
15.05416
15.06577
15.07673
15.08787
15.09956
15.11042
15.12142
15.13331
15.14452
15.15636
15.16861
15.17992
15.19161
15.20319
15.21483
15.22637
15.2385
15.25001
15.26124
15.27344
15.28515
15.29706
15.30914
15.32092
15.3329
15.34415
15.35549
15.36756
15.37987
15.39108
15.40265
15.41484
15.4278
15.44008
15.45176
15.46367
15.47562
15.48803
15.50076
15.51274
15.52476
TARGET DESTROYED 
15.53628
15.55509
15.56737
15.57902
15.59034
15.60241
15.61472
15.62713
15.64087
15.65364
15.66538
15.67752
15.68939
15.70138
15.72161
15.73382
15.74628
15.75784
15.77037
15.78304
15.79478
15.80719
15.81915
15.83111
15.84343
15.85543
15.86793
15.88027
15.89204
15.90395
15.91697
15.9287
15.94165
15.95355
15.96605
15.97833
15.99443
16.00794
16.02012
16.03296
16.04485
16.05681
16.06798
16.07917
16.08966
16.10156
16.11308
16.12411
16.13605
16.14745
16.15995
16.17056
16.18213
16.19287
16.20404
16.21556
16.22647
16.23793
16.26008
16.28374
16.30693
16.32991
16.34063
16.35246
16.36372
16.37555
16.39202
16.40339
16.4158
16.4286
16.44052
16.45194
16.46402
16.47553
16.48802
16.50136
16.51307
16.52532
16.53708
16.54952
16.56178
16.57353
16.58546
16.59689
16.60918
16.62186
16.63275
16.64457
16.65711
16.67003
16.68293
16.69467
16.70666
16.71924
16.73265
16.74537
16.75854
16.77157
16.78512
16.79865
16.81153
16.82519
16.83791
16.85118
16.86387
16.87645
16.89008
16.90278
16.9145
16.9264
16.93861
16.95043
16.96198
16.97371
16.98596
16.99816
17.0096
17.02106
17.03258
17.04411
17.05565
17.06717
17.08355
17.0962
17.10754
17.1195
17.13124
17.14227
17.15395
17.1659
17.17694
17.18863
17.20081
17.21219
17.22423
17.23575
17.24705
17.25929
17.27086
17.28268
17.29401
17.30593
17.31807
17.33007
17.34111
17.35274
17.36424
17.3758
17.38982
17.404
17.41822
17.43266
17.44651
17.461
17.47562
17.48994
17.50544
17.52046
17.53607
17.55091
17.56645
17.58211
17.59616
17.61058
17.62432
17.63585
17.64725
17.65873
17.66996
17.68486
17.6957
17.71091
17.72328
17.73498
TARGET DESTROYED 
17.746
17.76377
17.77514
17.7864
17.79748
17.81763
17.83123
17.84447
17.8569
17.86845
17.88022
17.89174
17.90343
17.91546
17.92698
17.93908
17.95081
17.96282
17.97513
17.98688
17.99932
18.01171
18.02349
18.03586
18.04815
18.05987
18.07191
18.08354
18.09508
18.10764
18.11924
18.1317
18.14357
18.15514
18.16709
18.17894
18.19073
18.20231
18.21465
18.22622
18.23826
18.25062
18.26195
18.27462
18.28633
18.29905
18.31081
18.32271
18.33463
18.34693
18.3586
18.37133
18.38329
18.39467
18.40634
18.41813
18.42982
18.4416
18.45308
18.47035
18.48298
18.4948
18.50688
18.51955
18.53202
18.54418
18.55626
18.5698
18.58389
18.597
18.61086
18.62288
18.63435
18.64536
18.65687
18.6683
18.68015
18.6913
18.70287
18.71544
18.72617
18.73738
18.74985
18.761
18.77331
18.78478
18.79544
18.80722
18.81882
18.83562
18.84815
18.85905
18.87091
18.88289
18.89441
18.90592
18.91789
18.92964
18.9406
18.95194
18.96315
18.97404
18.98534
18.99682
19.00774
19.0187
19.03021
19.04111
19.05242
19.06417
19.07468
19.08579
19.0973
19.10814
19.11925
19.13078
19.14512
19.15615
19.16706
19.17767
19.18839
19.19956
19.20952
19.22089
19.23203
19.24281
19.25397
19.26517
19.27615
19.28742
19.29912
19.30981
19.32141
19.33231
19.3434
19.35493
19.36599
19.37701
19.38815
19.39892
19.41065
19.42205
19.43332
19.44481
19.4562
19.46772
19.47934
19.49084
19.5025
19.5142
19.52513
19.53687
19.54798
19.55924
19.57044
19.58248
19.59389
19.60428
19.61566
19.62702
19.63822
19.65075
19.66027
19.67182
19.68374
19.69594
19.70573
19.7163
19.73026
TARGET DESTROYED 
19.74075
19.75564
19.76792
19.77847
19.78967
19.80454
19.81557
19.82548
19.83596
19.84753
19.85914
19.87064
19.88136
19.89212
19.90295
19.91346
19.92402
19.93473
19.94609
19.95693
19.96834
19.98001
19.99044
20.00185
20.01292
20.02417
20.0355
20.04693
20.05833
20.06981
20.08056
20.09144
20.10285
20.11364
20.12478
20.13667
20.1476
20.15837
20.16983
20.1812
20.19236
20.20393
20.21532
20.22661
20.23813
20.24963
20.26155
20.27276
20.28392
20.29504
20.30686
20.31844
20.33017
20.34095
20.35258
20.36403
20.37536
20.38713
20.39878
20.40984
20.4207
20.43229
20.44311
20.4588
20.47043
20.48162
20.49288
20.50521
20.51702
20.52818
20.54004
20.55141
20.56252
20.57413
20.58545
20.59824
20.60965
20.62123
20.63358
20.64494
20.65631
20.66742
20.67934
20.69039
20.70194
20.71376
20.72472
20.73607
20.74763
20.75932
20.77274
20.78441
20.79599
20.80706
20.81839
20.82959
20.84033
20.85131
20.86262
20.8735
20.88442
20.8958
20.90694
20.91818
20.9299
20.9412
20.95258
20.96397
20.97529
20.98707
20.99953
21.01092
21.02258
21.03469
21.04645
21.05789
21.06936
21.08206
21.09308
21.10479
21.11689
21.12804
21.14388
21.1559
21.16792
21.17896
21.19041
21.20224
21.21391
21.22462
21.23583
21.24608
21.25697
21.26752
21.27818
21.28825
21.29847
21.30904
21.31992
21.33198
21.34255
21.35333
21.3647
21.37569
21.38781
21.3985
21.40924
21.42049
21.43184
21.44274
21.45393
21.46501
21.47613
21.4873
21.49863
21.51048
21.52212
21.53296
21.54418
21.55537
21.56684
21.57749
21.58898
21.60119
21.61251
21.62385
21.63447
21.64506
21.65633
21.66733
21.67768
21.68929
21.70098
21.71228
21.72741
21.73898
21.75052
21.76137
21.77342
21.78457
21.80067
21.81274
21.82454
21.83647
21.84773
21.8596
21.87094
21.88262
21.89365
21.90425
21.91605
21.92754
21.93972
21.95124
TARGET DESTROYED 
21.96345
21.97954
21.99185
22.00293
22.01537
22.02763
22.04057
22.05225
22.06372
22.07447
22.08568
22.09768
22.10906
22.12043
22.13218
22.14285
22.15471
22.16658
22.17793
22.19022
22.20242
22.21402
22.2254
22.23661
22.24883
22.26381
22.27546
22.28686
22.29827
22.30988
22.32128
22.33256
22.34403
22.3553
22.36712
22.37771
22.3893
22.40088
22.41181
22.42326
22.43459
22.44548
22.45651
22.47433
22.48579
22.49695
22.50846
22.52055
22.53215
22.54296
22.5545
22.56569
22.57633
22.58778
22.59933
22.61121
22.62287
22.63442
22.64558
22.65787
22.66937
22.68064
22.69202
22.7034
22.71496
22.72602
22.73873
22.74959
22.76079
22.77222
22.78342
22.79489
22.80581
22.81711
22.82795
22.83901
22.85069
22.86257
22.87351
22.88441
22.8953
22.90607
22.91758
22.92969
22.94135
22.95298
22.96462
22.97526
22.98609
22.99748
23.00844
23.01952
23.03142
23.04247
23.05357
23.06597
23.07729
23.08859
23.10011
23.11093
23.12238
23.13787
23.14974
23.16085
23.17216
23.18317
23.19371
23.20517
23.21737
23.22892
23.24119
23.25207
23.26391
23.27507
23.28597
23.29714
23.30837
23.3195
23.33078
23.34231
23.3535
23.36473
23.37607
23.3873
23.39857
23.40945
23.42133
23.43243
23.44396
23.456
23.46757
23.47914
23.49048
23.5029
23.51498
23.52628
23.53825
23.54982
23.56148
23.57383
23.58547
23.5969
23.60957
23.62173
23.63264
23.64307
23.65421
23.66585
23.67667
23.68798
23.69951
23.71491
23.72672
23.7381
23.74965
23.76202
23.77365
23.78519
23.79713
23.81321
23.82464
23.83647
23.84809
23.86059
23.87222
23.8838
23.89524
23.90651
23.91793
23.92964
23.94151
23.95284
23.96475
23.9765
23.98792
23.99976
24.01195
24.02318
24.03475
24.04599
24.05835
24.0695
24.08089
24.09241
24.10377
24.11539
24.12656
24.13815
24.1503
24.16143
24.17303
24.18511
24.19653
24.20812
24.22007
24.2318
24.24329
24.25474
24.26674
24.27822
24.28944
24.30141
24.31358
24.32549
24.33752
24.3487
24.35963
24.37095
24.38289
24.39386
24.40525
24.41678
24.42786
24.4395
24.45169
24.46294
24.47933
24.49143
24.50353
24.51521
24.52736
24.53988
24.55233
24.56408
24.57564
24.58723
24.59906
24.61057
24.62208
24.63443
24.64635
24.65778
24.67016
24.68229
24.69344
24.70474
24.71718
24.72852
24.7401
24.7524
24.76397
24.77588
24.78747
24.79922
24.81035
24.82263
24.83411
24.84634
24.85794
24.86942
24.8818
24.89304
24.90471
24.91719
24.92853
24.93993
24.95197
24.96332
24.97466
24.98625
24.99762
25.00842
25.02032
25.03149
25.04237
25.05381
25.06504
25.07618
25.08749
25.09848
25.11003
25.12229
25.13387
25.14965
25.16135
25.17345
25.18494
25.19711
25.20809
25.21891
25.23049
25.24171
25.25339
25.26515
25.27614
25.28755
25.29844
25.3095
25.32119
25.3324
25.34311
25.35489
25.36625
25.37716
25.38974
25.40081
25.41163
25.42336
25.43483
25.44684
25.45791
25.46942
25.48067
25.49227
25.50388
25.51582
25.52754
25.53852
25.551
25.56185
25.57273
25.58458
25.59611
25.60734
25.61871
25.63904
25.64981
25.6604
25.67109
25.68175
25.69278
25.7034
25.71455
25.72509
25.74018
25.7522
25.76543
25.77661
25.78789
25.79906
25.81001
25.82652
25.83827
25.84982
25.86104
25.87239
25.88422
25.8962
25.90776
25.91942
25.93165
25.94312
25.95531
25.96672
25.97766
25.98972
26.00119
26.01262
26.02409
26.03606
26.04791
26.05919
26.071
26.08241
26.09381
26.10561
26.11696
26.12828
26.13944
26.15046
26.16172
26.17296
26.18452
26.19572
26.2075
26.21895
TARGET DESTROYED 
26.23117
26.24793
26.25981
26.27118
26.28283
26.29406
26.3061
26.3174
26.32911
26.3407
26.35204
26.36384
26.37653
26.38965
26.40103
26.41345
26.42439
26.43642
26.44718
26.45826
26.46988
26.48083
26.49675
26.50759
26.52288
26.53531
26.54758
26.55865
26.57011
26.5814
26.59523
