0.02
0.04
0.14
0.1717449
0.183878
0.1934693
0.2047394
0.2162867
0.2275192
0.2393299
0.2497492
0.2608486
0.2720225
0.2830924
0.2960929
0.3053249
0.3162774
0.3275963
0.3387066
0.3501672
0.3617222
0.3721781
0.3834957
0.3945069
0.4056387
0.4168584
0.4280387
0.4394063
0.4505834
0.4615359
0.4766107
0.4859447
0.4950629
0.506631
0.517424
0.5287477
0.5397291
0.5511929
0.5619712
0.5732407
0.5842757
0.5955955
0.6070683
0.6177596
0.6292915
0.6403178
0.6513056
0.6628073
0.6737999
0.684882
0.6961662
0.7075592
0.7183548
0.7296252
0.7407911
0.7518382
0.7631949
0.7749023
0.785243
0.7966847
0.8079057
0.8190206
0.8300642
0.8415784
0.8523054
0.8636804
0.8750445
0.8899159
0.9008653
0.9124485
0.9240695
0.9349604
0.9464592
0.9581261
0.9693138
0.9802217
0.9917231
1.002656
1.01421
1.025904
1.036319
1.047351
1.058745
1.070017
1.081011
1.092343
1.103141
1.114233
1.125958
1.136492
1.147805
1.159121
1.170182
1.181318
1.192624
1.20359
1.214872
1.226181
1.237604
1.248233
1.259689
1.270735
1.281978
1.293806
1.304081
1.315408
1.326616
1.337536
1.349784
1.36032
1.371767
1.382411
1.394105
1.404748
1.415826
1.427023
1.438138
1.450137
1.461529
1.471754
1.482969
1.494289
1.50625
1.516781
1.528102
1.539638
1.550146
1.561742
1.575283
1.584883
1.594182
1.604515
1.619812
1.629356
1.638302
1.648106
1.659726
1.670718
1.681782
1.697818
1.707662
1.71711
1.726819
1.736569
1.747823
1.759249
1.770356
1.781348
1.792747
1.80374
1.815022
1.832038
1.844548
1.855271
1.865245
1.874726
1.88591
1.896567
1.905675
1.915079
1.9249
1.935756
1.947497
1.958669
1.96956
1.982157
1.992534
2.00296
2.014048
2.025906
2.036602
2.04766
2.059246
2.069973
2.081071
2.092627
2.10334
2.114586
2.126009
2.137559
2.148165
2.159511
2.170373
2.181983
2.192945
2.20403
2.215151
2.226478
2.237404
2.248991
2.260576
2.27178
2.283097
2.294661
2.30592
2.317462
2.328946
2.34078
2.35239
2.363207
2.374885
2.385892
2.397447
2.409177
2.420055
2.431946
2.443354
2.454574
2.46575
2.476965
2.488019
2.49954
2.510579
2.521605
2.532724
2.544124
2.555173
2.566466
2.577363
2.588738
2.59991
2.611447
2.6221
2.633601
2.649108
2.659345
2.668792
2.678739
2.688083
2.697499
2.709468
2.720021
2.731147
2.742441
2.753523
2.76497
2.776039
2.78687
2.801769
2.813518
2.822776
2.832194
2.843086
2.854122
2.8652
2.876543
2.887463
2.898707
2.910204
2.921033
2.932219
2.943541
2.954558
2.965849
2.976984
2.988559
2.999143
3.010488
3.021558
3.03281
3.044305
3.055526
3.066938
3.078113
3.089231
3.100655
3.111676
3.122961
3.133834
3.145114
3.156367
3.167417
3.178932
3.190031
3.201453
3.212799
3.224297
3.235291
3.246798
3.258463
3.269418
3.281027
3.292249
3.303108
3.314767
3.326075
3.337119
3.348217
3.359918
3.370942
3.381988
3.393077
3.404209
3.415143
3.42672
3.437681
3.448812
3.460382
3.471119
3.482291
3.493545
3.504528
3.515775
3.527059
3.538026
3.549351
3.560529
3.571523
3.582743
3.594223
3.605088
3.616267
3.627587
3.63859
3.650101
3.660991
3.67218
3.683243
3.694881
3.710721
3.720818
3.731191
3.74117
3.751029
3.761113
3.770587
3.78088
3.790904
3.801947
3.812978
3.824293
3.83536
3.846471
3.857961
3.868825
3.879929
3.891504
3.902544
3.913868
3.924826
3.935868
3.947061
3.959023
3.969535
3.980505
3.992892
4.003427
4.01406
4.025589
4.036414
4.047419
4.05931
4.070087
4.081316
4.092716
4.103895
4.115075
4.126849
4.138017
4.149397
4.161366
4.172044
4.183528
4.194945
4.206276
4.217898
4.229128
4.24068
4.251996
4.263433
4.274811
4.285933
4.297357
4.309182
4.320001
4.331263
4.342559
4.353752
4.364677
4.37625
4.387014
4.39884
4.409591
4.420594
4.431792
4.442945
4.453973
4.465319
4.476901
4.487611
4.512299
4.522565
4.535193
4.545912
4.557362
4.568303
4.579412
4.590253
4.601833
4.61301
4.62369
4.633986
4.644566
4.655308
4.666032
4.676671
4.687577
4.698508
4.709075
4.719404
4.729689
4.745506
4.762208
4.773111
4.784201
4.795257
4.806499
4.817687
4.828835
4.840419
4.851286
4.862585
4.873623
4.884744
4.895819
4.907202
4.918457
4.929408
4.940712
4.951746
4.963077
4.974268
4.98526
4.996552
5.009184
5.019707
5.030072
5.041354
5.052425
5.063387
5.074901
5.085971
5.096865
5.108214
5.119366
5.130398
5.141968
5.152954
5.163841
5.175217
5.186667
5.197342
5.208894
5.219978
5.230969
5.242511
5.25331
5.264683
5.276554
5.287879
5.299445
5.311152
5.322462
5.33392
5.345656
5.35714
5.368728
5.379914
5.392235
5.402928
5.414746
5.426139
5.437309
5.448005
5.459808
5.470702
5.481709
5.4936
5.503976
5.515142
5.526397
5.537548
5.549502
5.5611
5.571673
5.582733
5.593793
5.60446
5.615669
5.627616
5.638397
5.649366
5.660678
5.671516
5.682681
5.694455
5.705069
5.716221
5.727881
5.738378
5.750063
5.761283
5.772177
5.78345
5.794443
5.805677
5.817095
5.832903
5.844234
5.85543
5.866239
5.87714
5.887902
5.89879
5.909686
5.920616
5.931656
5.943145
5.954411
5.965781
5.977174
5.987413
5.998328
6.009367
6.020909
6.031702
6.042628
6.05322
6.063474
6.074395
6.085102
6.096318
6.106668
6.117926
6.128667
6.139112
6.14999
6.161096
6.171752
6.182314
6.193262
6.20373
6.21431
6.225469
6.236225
6.247571
6.259036
6.269894
6.281153
6.292293
6.303082
6.314618
6.325698
6.336806
6.348006
6.359272
6.37042
6.381464
6.392769
6.403956
6.415205
6.426604
6.437774
6.449959
6.460726
6.472076
6.48373
6.4951
6.50646
6.517737
6.529335
6.541159
6.552081
6.56387
6.575253
6.586514
6.597637
6.609601
6.620902
6.631816
6.643455
6.654454
6.665675
6.67691
6.687996
6.699349
6.710365
6.721714
6.732765
6.74388
6.755836
6.766467
6.777341
6.788563
6.799852
6.810935
6.82204
6.833333
6.844523
6.855856
6.866679
6.878634
6.893287
6.903773
6.914728
6.924699
6.934611
6.945007
6.955395
6.965968
6.975925
6.986319
6.997346
7.008918
7.019805
7.031756
7.042212
7.053164
7.064242
7.075806
7.086666
7.097948
7.109382
7.120303
7.131282
7.142724
7.153654
7.1649
7.176301
7.18742
7.19876
7.210027
7.220807
7.232019
7.243273
7.25435
7.26547
7.276918
7.288108
7.299546
7.310924
7.322878
7.333761
7.345342
7.356246
7.367811
7.387636
7.398962
7.409809
7.420319
7.431509
7.442816
7.453717
7.465123
7.476434
7.488328
7.499675
7.510819
7.521405
7.53246
7.54343
7.554311
7.565357
7.576933
7.587767
7.599166
7.610345
7.621383
7.632422
7.64374
7.654934
7.666549
7.677434
7.688197
7.699565
7.710814
7.721793
7.732995
7.74418
7.755352
7.766697
7.777758
7.788948
7.800203
7.811423
7.822381
7.833919
7.845326
7.857006
7.868109
7.879638
7.891401
7.902504
7.915028
7.925524
7.93709
7.948375
7.965503
7.977027
7.987853
7.999035
8.010097
8.020892
8.032722
8.044477
8.055645
8.066666
8.078204
8.09061
8.102309
8.11333
8.124336
8.135491
8.146736
8.158001
8.168971
8.179901
8.191355
8.202785
8.213756
8.224626
8.235609
8.247152
8.258522
8.269116
8.281042
8.292113
8.302809
8.313907
8.325595
8.336837
8.348242
8.359136
8.369684
8.381043
8.392476
8.40313
8.414577
8.426126
8.437471
8.448837
8.4601
8.471171
8.482202
8.493513
8.504182
8.515652
8.527462
8.538414
8.549826
8.560847
8.57213
8.583198
8.594879
8.605995
8.61786
8.629351
8.640691
8.652262
8.663714
8.67546
8.68633
8.698271
8.712213
8.723001
8.734349
8.746381
8.75749
8.768906
8.780622
8.792024
8.803573
8.815768
8.828382
8.83941
8.85111
8.862498
8.873374
8.884635
8.89642
8.907534
8.918971
8.93024
8.941187
8.952338
8.963727
8.975582
8.987176
8.998654
9.010326
9.027706
9.040812
9.052485
9.063911
9.075728
9.087109
9.098226
9.109993
9.120872
9.131567
9.142694
9.153407
9.164196
9.174109
9.18511
9.196304
9.208046
9.218568
9.229699
9.241142
9.252118
9.263262
9.274743
9.285815
9.296713
9.308486
9.319284
9.330263
9.3418
9.352591
9.363973
9.375199
9.386293
9.397272
9.408744
9.419711
9.430797
9.442486
9.453198
9.464349
9.475884
9.486827
9.498003
9.509805
9.521313
9.532567
9.544188
9.555453
9.567198
9.578809
9.59017
9.601614
9.614233
9.62431
9.636023
9.647381
9.659369
9.670586
9.682547
9.694411
9.706051
9.717711
9.729919
9.741046
9.752361
9.764068
9.77585
9.787653
9.799498
9.810897
9.822474
9.834554
9.845932
9.857737
9.869275
9.881071
9.892968
9.904243
9.916479
9.928018
9.939371
9.951339
9.962932
9.974611
9.987108
9.998907
10.01073
10.02289
10.03442
10.04623
10.05838
10.06982
10.08133
10.09279
10.10403
10.12118
10.13293
10.14549
10.15684
10.16803
10.17975
10.19102
10.20229
10.21396
10.22534
10.23627
10.24749
10.259
10.26986
10.281
10.2937
10.30416
10.31453
10.32505
10.33568
10.34685
10.35831
10.36911
10.38027
10.39185
10.40298
10.41371
10.42533
10.43614
10.44728
10.45956
10.4698
10.48086
10.4932
10.52875
10.53985
10.55131
10.56372
10.57471
10.58609
10.59701
10.60746
10.61925
10.6319
10.64395
10.65546
10.66723
10.67968
10.69135
10.70312
10.71537
10.72679
10.73827
10.74989
10.7619
10.77329
10.78499
10.79784
10.80992
10.82185
10.83403
10.84596
10.85803
10.86976
10.88179
10.89416
10.90532
10.91685
10.92915
10.941
10.95278
10.96518
10.97741
10.98875
11.00069
11.01293
11.02446
11.03587
11.04765
11.06059
11.07214
11.08428
11.09573
11.10695
11.11859
11.13011
11.14159
11.1531
11.16444
11.17617
11.18754
11.19953
11.2114
11.22818
TARGET DESTROYED 
11.2412
11.26276
11.27485
11.28614
11.29767
11.30928
11.32082
11.3326
11.34442
11.35575
11.36745
11.37964
11.3918
11.41311
11.42594
11.43734
11.4492
11.46094
11.47224
11.48422
11.49597
11.50873
11.51997
11.53169
11.54228
11.55299
11.56419
11.57559
11.58657
11.5977
11.60929
11.62009
11.63115
11.64256
11.65367
11.66498
11.67612
11.68734
11.69838
11.70969
11.72055
11.73185
11.74312
11.75429
11.76533
11.7766
11.78766
11.79939
11.8102
11.8211
11.8325
11.8438
11.85515
11.86592
11.87721
11.88814
11.89937
11.91069
11.92163
11.93295
11.94408
11.95522
11.9665
11.9779
11.98927
12.00109
12.01286
12.02423
12.03553
12.04717
12.05904
12.07058
12.08159
12.09325
12.10452
12.11596
12.12753
12.13878
12.15021
12.16144
12.17256
12.18363
12.19525
12.20607
12.21736
12.22852
12.23939
12.25074
12.26169
12.27723
12.28693
12.29653
12.30586
12.31559
12.3266
12.33739
12.34867
TARGET DESTROYED 
12.35994
12.37383
12.38348
12.39359
12.40468
12.41554
12.42715
12.43815
12.44957
12.46068
12.47155
12.48293
12.50001
12.51156
12.52152
12.53126
12.54104
12.55077
12.56115
12.57059
12.5808
12.59218
12.60296
12.61428
12.62554
12.6367
12.64807
12.65919
12.67047
12.68136
12.69295
12.7035
12.71465
12.72623
12.73714
12.74832
12.75962
12.77089
12.78198
12.79337
12.80401
12.81535
12.82668
12.83783
12.84897
12.86584
12.87616
12.88621
12.89627
12.90595
12.9165
12.92801
12.9396
12.95061
12.96175
12.97278
12.98391
12.99506
13.00632
13.01738
13.02879
13.03988
13.0514
13.06213
13.07362
13.08458
13.0957
13.1072
13.118
13.1293
13.14048
13.1515
13.16316
13.17373
13.1851
13.19618
13.20761
13.21842
13.23396
13.24389
13.25368
13.2643
13.27552
13.28673
13.29812
13.31004
13.32099
13.3324
13.34334
13.35429
13.36548
13.3769
13.38808
13.39921
13.41049
13.42177
13.43253
13.44386
13.45487
13.46621
13.47731
13.48946
13.49969
13.51103
13.52271
13.53317
13.54418
13.55555
13.56659
13.57812
13.58931
13.60031
13.6117
13.6232
13.63465
TARGET DESTROYED 
13.64578
13.66303
13.67422
13.68552
13.69717
13.70908
13.72005
13.73184
13.74977
13.76242
13.77363
13.78464
13.79628
13.80771
13.81923
13.83032
13.8433
13.8547
13.86576
13.87688
13.88791
13.89877
13.91003
13.92162
13.93234
13.94338
13.95448
13.96568
13.97773
13.98859
13.99969
14.01076
14.02156
14.03312
14.04424
14.05588
14.06628
14.07747
14.08923
14.09988
14.11104
14.12211
14.1333
14.14453
14.15567
14.16717
14.17808
14.18921
14.20087
14.21155
14.22269
14.23374
14.24509
14.25618
14.26748
14.28256
14.29328
14.30323
14.31359
14.32431
14.33583
14.34711
14.35932
14.37016
14.38186
14.39309
14.40414
14.41533
14.42675
14.43766
14.44895
14.46018
14.47125
14.48246
14.49376
14.50476
14.51613
14.52707
14.53874
14.54931
14.56063
14.57173
14.58291
14.59421
14.60531
14.6166
14.62778
14.63874
14.65006
14.66143
14.67308
14.684
14.69551
14.70683
14.71805
14.72943
14.79613
14.80649
14.81625
14.8267
14.83699
14.84815
14.85985
14.87047
14.88164
14.89302
14.90458
14.91527
14.92671
14.93768
14.94889
14.96006
14.971
14.98259
14.994
15.00446
15.01584
15.02697
15.038
15.04916
15.06064
TARGET DESTROYED 
15.07152
15.08808
15.10005
15.11061
15.12088
15.13156
15.14266
15.15953
15.17113
15.18349
15.19477
15.20562
15.21691
15.22803
15.23906
15.25037
15.26157
15.27263
15.2839
15.2953
15.3062
15.31727
15.3285
15.33972
15.35107
15.36199
15.37779
15.38899
15.3998
15.41072
15.42092
15.43118
15.44163
15.45226
15.46292
15.47368
15.48495
15.49606
15.50762
15.51835
15.52968
15.54092
15.55245
15.5632
15.57446
15.58545
15.59662
15.60824
15.61965
15.6308
15.64127
15.65281
15.66434
15.67635
15.68735
15.69902
15.71072
15.72177
15.73309
15.74447
15.75558
15.7671
15.77841
15.78971
15.80077
15.81216
15.82357
15.83494
15.84631
15.8578
15.86872
15.88036
15.89211
15.90316
15.91399
15.92624
15.93658
15.94811
15.95917
15.97013
15.98126
15.993
16.00351
16.01475
16.02617
16.03701
16.04829
16.06002
16.07064
16.0822
16.09318
16.10434
16.11531
16.12687
16.1376
16.14909
16.16036
16.17132
16.18228
16.19366
16.20466
16.21607
16.22729
16.23873
16.24979
16.26161
16.27221
16.28357
16.29443
16.30517
16.31623
16.32761
16.33876
16.34999
16.3611
16.37221
16.38342
16.3948
16.40572
16.41689
16.42796
16.43933
16.45648
16.46769
TARGET DESTROYED 
16.47982
16.49619
16.50704
16.51801
16.52914
16.54002
16.55147
16.56862
16.58091
16.59179
16.60221
16.61345
16.62449
16.63566
16.64654
16.65793
16.66873
16.68025
16.69159
16.70266
16.7135
16.72519
16.73608
16.74707
16.75886
16.76969
16.78059
16.79186
16.80284
16.814
16.82561
16.83642
16.84777
16.85995
16.87041
16.88107
16.89261
16.90349
16.91459
16.92615
16.93708
16.9482
16.95962
16.97035
16.98173
16.9934
17.00414
17.01551
17.02654
17.03749
17.04878
17.06047
17.07164
17.0834
17.09472
17.10642
17.1181
17.12953
17.14124
17.15239
17.16401
17.17606
17.1869
17.19868
17.21024
17.22138
17.23235
17.24356
17.25471
17.26588
17.27706
17.28818
17.29968
17.31205
17.32425
17.33699
17.34966
17.36207
17.37258
17.38398
17.3949
17.40599
17.41722
17.42845
17.4395
17.45098
17.46199
17.47317
17.48427
17.4957
17.50653
17.51792
17.53335
17.54336
17.55337
17.5634
17.57403
17.58509
17.59587
17.60716
17.61836
17.62954
17.64106
17.65212
17.66289
17.67442
17.68534
17.69638
17.70779
17.71881
17.73008
17.74166
17.7523
17.76355
17.7748
17.78579
17.79721
17.80913
17.81999
17.83164
17.84312
17.85453
17.86591
17.8774
17.88892
17.90018
17.91191
17.92377
17.93438
17.94582
17.95698
17.96889
17.97977
17.99182
18.00231
18.01371
18.02545
18.03646
18.04752
18.05961
18.07031
18.08127
18.09259
18.10369
18.11483
18.12686
18.13707
18.1486
18.16071
18.17089
18.18294
18.19336
18.20406
18.2152
18.22666
18.23769
18.2492
18.26005
18.27111
18.28281
18.29368
18.30476
18.31594
18.32713
18.33809
18.34938
18.36051
18.37163
18.38268
18.39417
TARGET DESTROYED 
18.40516
18.42093
18.43169
18.44236
18.45915
18.47023
18.48075
18.49111
18.50186
18.51828
18.53478
18.55147
18.56759
18.58487
18.60154
18.61961
18.63588
18.64656
18.66239
18.67277
18.6834
18.69398
18.70435
18.71487
18.72618
18.7365
18.74699
18.75821
18.76877
18.77995
18.79169
18.80257
18.81336
18.82503
18.83579
18.84688
18.85885
18.86931
18.88039
18.89212
18.90278
18.91432
18.92536
18.93643
18.94749
18.95895
18.96979
18.98116
18.99255
19.00391
19.01443
19.02589
19.03674
19.0481
19.05947
19.07109
19.08154
19.09302
19.10372
19.11517
19.12661
19.13756
19.14875
19.16059
19.17233
19.18371
19.19506
19.20674
19.22585
19.23653
19.24711
19.25794
19.26882
19.27959
19.28993
19.30092
19.31199
19.32191
19.33308
19.34376
19.35389
19.36465
19.37532
19.38568
19.39657
19.40664
19.41714
19.42779
19.4391
19.45022
19.4613
19.47254
19.48355
19.49489
19.50617
19.51717
19.52844
19.53992
19.55069
19.56186
19.57309
19.58446
19.59543
19.60663
19.61766
19.62898
19.64008
19.65107
19.66242
19.67362
19.68483
19.69653
19.70782
19.71929
19.73092
19.74232
19.75337
19.76636
19.77982
19.80079
19.81531
19.82955
19.84324
19.85625
19.86888
19.88076
19.89252
19.90425
19.91568
19.92736
19.93879
19.95044
19.96265
19.97402
19.98552
19.99761
20.00983
20.02137
20.03315
20.04488
20.05611
20.06763
20.07966
20.09134
20.10307
20.11479
20.12675
20.13931
20.15122
20.16321
20.17499
20.18663
20.19874
20.21059
TARGET DESTROYED 
20.22174
20.24886
20.26118
20.27238
20.28421
20.29592
20.30739
20.31963
20.33978
20.35272
20.36452
20.37634
20.38852
20.39972
20.4108
20.42202
20.43303
20.44432
20.45547
20.46668
20.47826
20.48914
20.50021
20.51143
20.52267
20.53359
20.54505
20.55621
20.5676
20.57882
20.58977
20.60091
20.61239
20.62331
20.6345
20.64571
20.65665
20.66787
20.6795
20.69013
20.7013
20.71273
20.72365
20.73464
20.74619
20.75721
20.76857
20.78037
20.79176
20.80268
20.81446
20.83167
20.84261
20.8535
20.86502
20.87574
20.8864
20.90061
20.91188
20.9215
20.93251
20.94282
20.9532
20.96339
20.97375
20.98386
20.99403
21.00413
21.01472
21.02559
21.03645
21.04741
21.05899
21.06985
21.08102
21.09233
21.10352
21.11454
21.12603
21.13705
21.14891
21.15968
21.17052
21.18171
21.19281
21.20372
21.21508
21.22651
21.23748
21.24867
21.26039
21.27104
21.28223
21.29322
21.30453
21.31563
21.32716
21.34041
21.3507
21.36049
21.37202
21.38663
