0.02
0.04
0.14
0.1759975
0.1881126
0.2030687
0.2139188
0.2243972
0.2354273
0.2461225
0.2623378
0.2730734
0.2845216
0.2956566
0.3063493
0.3172886
0.3282793
0.3396142
0.3512526
0.3620132
0.372412
0.3833183
0.3941948
0.4046606
0.4155249
0.4263267
0.4368676
0.4482727
0.4584832
0.4695682
0.4799878
0.491229
0.5029951
0.5137808
0.5244561
0.535661
0.5467377
0.5579461
0.569017
0.5804093
0.5914805
0.6028683
0.61391
0.6248956
0.6360306
0.6476921
0.6585233
0.6738612
0.6844223
0.6961197
TARGET DESTROYED 
0.7152867
0.7266604
0.7372581
0.7481056
0.7597857
0.7796276
0.7912195
0.8036662
0.8148363
0.826296
0.8372096
0.8483007
0.8597161
0.8708579
0.882068
0.8936435
0.9041382
0.9158276
0.9267159
0.9377307
0.948833
0.960582
0.971222
0.9825521
0.9939986
1.004922
1.017116
1.028785
1.039575
1.051513
1.062173
1.078307
1.088935
1.099701
1.110471
1.121001
1.131814
1.142404
1.152949
1.163729
1.174031
1.184772
1.195377
1.206034
1.216918
1.228523
1.239415
1.25053
1.262236
1.273476
1.284697
1.295984
1.307029
1.318293
1.329481
1.34056
TARGET DESTROYED 
1.355605
1.367228
1.378178
1.389223
1.407989
1.419934
1.430997
1.441449
1.452222
1.463367
1.479064
1.490155
1.501703
1.512872
1.52381
1.534888
1.546153
1.556811
1.568288
1.580472
1.590659
1.601452
1.612537
1.623085
1.633901
1.645065
1.655991
1.666811
1.677691
1.688385
1.699916
1.712687
1.725048
1.735961
1.747505
1.758111
1.769204
1.780432
1.791221
1.802633
1.813528
1.823886
1.834882
1.845916
1.856638
1.867469
1.883361
1.89453
1.905074
1.916701
1.928018
1.938979
1.949674
1.960435
1.97188
1.983128
1.993929
2.004694
2.016087
2.027178
2.037711
2.049313
2.060433
2.071254
2.081908
2.093187
2.103656
2.115012
2.125406
2.136171
2.147502
2.158393
2.170089
2.181304
2.191806
2.202586
2.213651
2.224095
2.235213
2.246351
TARGET DESTROYED 
2.261148
2.272293
2.287753
2.299426
2.31178
2.323257
2.340654
2.352701
2.363658
2.374351
2.385378
2.39638
2.406872
2.417814
2.428565
2.439779
2.450955
2.462595
2.473573
2.484333
2.495097
2.50585
2.516825
2.527807
2.538661
2.549498
2.560049
2.570933
2.582466
2.593363
2.603907
2.61482
2.625726
2.636511
2.646977
2.657936
2.669126
2.680671
2.69682
2.708245
2.720958
2.732634
2.744344
2.755403
2.766822
2.778769
2.789807
2.801943
2.814553
2.825454
2.836666
2.847828
2.858904
2.869982
2.88124
2.892843
2.903603
2.914662
2.925998
2.937436
2.948459
2.959872
2.971736
2.983006
2.99417
3.005933
3.017313
3.028943
3.040027
3.051673
3.062762
3.073605
3.084989
3.096473
3.112541
3.123934
3.135382
3.147294
3.158707
3.170141
3.181431
3.193011
3.205229
3.217133
3.228372
3.239469
3.250766
3.262355
3.273152
3.284543
3.295657
3.306364
3.317641
3.32917
3.340841
3.35209
3.363011
3.374133
3.384966
3.396791
3.40798
3.419231
3.430856
3.442246
3.453589
TARGET DESTROYED 
3.469929
3.481515
3.492422
3.504318
3.515921
3.531816
3.543532
3.554574
3.566302
3.584037
3.596764
3.607697
3.618663
3.630393
3.641957
3.653352
3.665098
3.676007
3.687243
3.698551
3.710287
3.722791
3.734763
3.746436
3.75716
3.768362
3.780546
3.791676
3.80372
3.815022
3.826053
3.837473
3.849126
3.860483
3.871824
3.883573
3.895472
3.906725
3.91835
3.929922
3.941186
3.957303
3.968973
3.980819
3.991961
4.00368
4.014879
4.026804
4.039121
4.050317
4.062604
4.074508
4.086162
4.097621
4.109282
4.121172
4.132344
4.143887
4.154581
4.165735
4.177489
4.188725
4.199821
4.210834
4.221577
4.232956
4.244495
4.255767
4.267037
4.277868
4.288701
4.299891
4.311295
4.322422
4.33352
4.345519
4.35603
4.371754
4.382791
4.393684
4.4043
4.415601
4.42707
4.438755
4.450707
4.462487
4.474022
4.485393
4.497049
4.508575
4.520154
4.532301
4.544098
4.555498
4.567998
4.579432
4.591068
4.602583
4.61394
4.62503
4.636491
4.648158
4.6604
4.67164
4.683119
4.694711
4.707399
4.719043
4.731812
4.743494
4.755843
4.767877
4.780233
4.791293
4.807288
4.818952
4.83048
4.841795
4.853721
4.865781
4.877846
4.889154
4.901125
4.912654
4.924212
4.936126
4.947682
4.959159
4.970487
4.982039
4.993573
5.005351
5.016943
5.028677
5.040392
5.051759
5.063518
5.075594
5.087082
5.098813
5.110577
5.12248
5.133985
5.146378
5.157604
5.169395
5.181194
5.19369
TARGET DESTROYED 
5.210121
5.222806
5.238936
5.250645
5.262309
5.273705
5.292295
5.305484
5.317016
5.328189
5.339633
5.35177
5.363221
5.374347
5.385827
5.39747
5.408988
5.420647
5.43278
5.444402
5.455613
5.467723
5.479548
5.49179
5.504426
5.518023
5.530567
5.544095
5.55579
5.56718
5.57941
5.591366
5.603158
5.614957
5.626472
5.637926
5.649821
5.665507
5.676599
5.687876
5.699324
5.710652
5.721734
5.733549
5.746314
5.757067
5.768595
5.779744
5.790486
5.802089
5.81305
5.824
5.835257
5.846891
5.857588
5.868787
5.880221
5.890897
5.902538
5.914025
5.924998
5.936266
5.947377
5.958192
5.969801
5.981075
5.991699
6.002714
6.014431
6.025292
6.03653
6.047925
6.059327
6.070252
6.085944
6.098366
6.109419
6.120454
6.131742
6.143772
6.154903
6.165968
6.177301
6.18807
6.199074
6.210859
6.222904
6.23401
6.245357
6.256107
6.267314
6.278497
6.289597
6.300925
6.312565
6.323599
6.334822
6.346313
6.357296
6.369073
6.380465
6.391433
6.403636
6.41508
6.4262
6.437829
6.44949
6.461184
6.473834
6.485318
6.497553
6.514008
6.526044
6.538195
6.549906
6.568908
6.580938
6.591905
6.60283
6.614243
6.624611
6.635276
6.646706
6.65733
6.668447
6.679739
6.690293
TARGET DESTROYED 
6.705186
6.717059
6.739319
6.751053
6.762424
6.772996
6.784662
6.795719
6.807494
6.818073
6.828795
6.839537
6.856647
6.869256
6.880851
6.891351
6.902627
6.914023
6.925359
6.936899
6.953086
6.96424
6.975102
6.985915
6.99705
7.007679
7.019135
7.030694
7.041427
7.052465
7.063679
7.074153
7.085349
7.096586
7.107349
7.118178
7.12959
7.140926
7.152792
7.164778
7.177028
7.188135
7.199349
7.210827
7.222465
7.233505
7.244888
7.255694
7.267617
7.278927
7.290303
7.301711
7.313284
7.324375
7.33576
7.347439
7.358453
7.374194
7.385571
7.396726
7.407905
7.419133
7.430444
7.441826
7.452967
7.4647
7.476543
7.48767
7.499238
7.510606
7.522674
7.534369
7.546082
7.55741
7.569108
7.580513
7.591739
7.603483
7.615266
7.626853
7.638311
7.649519
7.662341
7.673446
7.684738
7.695644
7.706986
7.718163
7.729296
7.740561
7.752163
7.765596
7.776887
7.788492
7.800261
7.816
7.827379
7.838466
7.850244
7.862207
7.874329
7.885503
7.897188
7.908054
7.919455
7.930755
7.941874
7.95304
7.964722
7.975638
7.986374
7.997703
8.008627
8.020296
8.031666
TARGET DESTROYED 
8.056439
8.067859
8.079105
8.098571
8.110422
8.121262
8.132067
8.14266
8.153543
8.165364
8.175781
8.187189
8.198134
8.209526
8.225907
8.237082
8.248104
8.259012
8.270222
8.281415
8.292117
8.303164
8.314365
8.325231
8.336382
8.347903
8.358981
8.370308
8.381287
8.392492
8.403581
8.415195
8.426426
8.445478
8.457855
8.469448
8.480533
8.491659
8.5032
8.514518
8.525511
8.536968
8.548633
8.559754
8.571424
8.582665
8.593553
8.604561
8.615409
8.626343
8.637437
8.654508
8.666219
8.678127
8.689981
8.701454
8.713175
8.725191
8.736362
8.74749
8.75843
8.770109
8.781601
8.792907
8.804437
8.816131
8.827148
8.838025
8.849273
8.860286
8.871116
8.882058
8.893445
8.904214
8.915198
8.926708
8.937658
8.948527
8.959637
8.97098
8.982487
8.993742
9.00541
9.016494
9.027405
9.038269
9.049295
9.062988
9.074519
9.090439
9.101728
9.114083
9.125181
9.136404
9.150847
