0.02
0.04
0.14
0.1754024
0.1880696
0.1991559
0.2107114
0.2212931
0.2327406
0.2431416
0.2533774
0.2698525
0.2804695
0.291345
0.3021881
0.3127447
0.3240604
0.3361215
0.3466333
0.3581026
0.3690964
0.3802109
0.3908317
0.4017839
0.4124072
0.4226036
0.4332558
0.4440755
0.4547736
0.4752035
0.4854695
0.4973883
0.5079895
0.5186401
0.5298473
0.5400979
0.5511152
0.5623138
0.5736702
0.5848287
0.5961235
0.6070301
0.6183146
0.6298259
0.6405629
0.6517987
0.6629744
0.6787688
0.6894017
0.7008852
0.7115666
0.7219336
TARGET DESTROYED 
0.7432403
0.7551995
0.774992
0.7869874
0.7981879
0.8083538
0.8192585
0.8302305
0.8421304
0.8525831
0.8638824
0.8750873
0.8862298
0.8972532
0.9090099
0.9203518
0.9307708
0.9420425
0.9530884
0.9642504
0.976061
0.9866847
0.998301
1.009963
1.021569
1.033399
1.044137
1.054636
1.065624
1.08123
1.092026
1.102208
1.113088
1.123448
1.134063
1.144701
1.15497
1.165856
1.176803
1.187685
1.199092
1.210369
1.221525
1.232507
1.243729
1.254687
1.266043
1.277325
1.28823
1.299743
1.311506
1.323027
1.334683
1.345854
1.357051
1.368284
1.379858
1.390486
1.40178
1.412794
1.423914
1.435107
1.446764
1.458202
1.469284
1.484751
1.495649
1.506209
1.516658
1.528355
1.540091
1.551008
1.562516
1.573957
1.585189
1.596164
1.60691
1.61754
1.628297
1.63879
1.649417
TARGET DESTROYED 
1.663591
1.674157
1.684921
1.695729
1.714105
1.72609
1.736429
1.748428
1.759764
1.769933
1.780549
1.791489
1.80206
1.813373
1.824471
1.836096
1.847541
1.858091
1.869216
1.885001
1.896293
1.907277
1.9179
1.929266
1.939779
1.950692
1.961603
1.972552
1.983218
1.994384
2.005084
2.016081
2.027313
2.038036
2.048825
2.059393
2.070158
2.081304
2.092804
2.103598
2.114781
2.126293
2.137151
2.148484
2.159882
2.170782
2.182092
2.193331
2.204311
2.215996
2.22755
2.239061
2.250542
2.262099
2.273971
2.284983
2.300666
2.31212
2.32258
2.334107
2.345761
2.356566
2.366967
2.377823
2.388241
2.399141
2.410349
2.421167
2.432406
2.443577
2.455106
2.466658
2.477793
2.488874
2.500481
2.511939
2.52295
2.534993
2.546275
2.557438
2.569193
2.580755
2.592121
2.605839
2.617829
2.629092
2.640026
2.651067
2.662391
2.673556
2.684698
2.696348
2.713105
2.724279
2.735298
2.74715
2.758744
2.770159
2.781643
2.792962
2.803892
TARGET DESTROYED 
2.819393
2.831428
2.842936
2.854537
2.865548
2.877079
2.888338
2.89991
2.911038
2.922381
2.94043
2.952826
2.964094
2.975478
2.986117
2.997595
3.009174
3.021158
3.033045
3.044299
3.05552
3.066872
3.07881
3.090419
3.101666
3.11317
3.129766
3.141332
3.153879
3.165401
3.176661
3.190104
3.201856
3.213456
3.224959
3.236897
3.24841
3.260296
3.27193
3.283154
3.294514
3.305526
3.316428
3.327811
3.338754
3.34997
3.36102
3.371833
3.383062
3.394279
3.40486
3.41573
3.427097
3.43791
3.448667
3.459842
3.471781
3.482874
3.49443
3.5049
3.516183
3.527746
3.542904
3.554321
3.565255
3.577876
3.589234
3.600394
3.611548
3.622685
3.633899
3.645015
3.656208
3.667387
3.678893
3.68965
3.700975
3.712393
3.723309
3.734515
3.745753
3.756922
3.768559
3.780274
3.791287
3.802233
3.813795
3.824614
3.83531
3.846628
3.858395
3.869522
3.880525
3.891377
3.902593
3.913441
3.924344
3.935462
3.946842
3.962474
3.973087
3.984003
3.995075
4.005643
4.017007
4.028338
4.039044
4.050358
4.061463
4.072346
4.083529
4.094971
4.105644
4.116346
4.127902
4.139086
4.150249
4.161423
TARGET DESTROYED 
4.176343
4.187767
4.205224
4.218019
4.229195
4.23959
4.251268
4.262639
4.275117
4.285933
4.297629
4.308733
4.319755
4.330696
4.341566
4.352991
4.369387
4.380675
4.391999
4.402999
4.415
4.427413
4.438735
4.450717
4.462517
4.473067
4.484066
4.495275
4.505733
4.516626
4.528346
4.539019
4.549999
4.561387
4.572104
4.584198
4.595569
4.606149
4.617162
4.628463
4.639116
4.650568
4.661814
4.673433
4.684652
4.696045
4.706843
4.717995
4.72912
4.740066
4.751824
4.762978
4.780432
4.791319
4.802744
4.814306
4.826705
4.838295
4.84941
4.860719
4.871663
4.882978
4.894848
4.906011
4.917577
4.929599
4.941037
4.952478
4.963749
4.974472
4.985661
4.99735
5.008314
5.019237
5.030496
5.04162
5.052684
5.064075
5.074876
5.086331
5.098056
5.109154
TARGET DESTROYED 
5.125041
5.142538
5.155052
5.166359
5.177424
5.188262
5.204074
5.215127
5.226322
5.237145
5.24818
5.260112
5.270895
5.28218
5.293871
5.305223
5.316774
5.328374
5.340519
5.351665
5.363091
5.37396
5.385127
5.39664
5.407765
5.419217
5.430603
5.442342
5.453779
5.465953
5.477108
5.488186
5.499457
5.510802
5.521881
5.533056
5.544481
5.555509
5.566804
5.579163
5.590089
5.60137
5.6127
5.628034
5.639568
5.65056
5.661797
5.672705
5.683689
5.695059
5.706519
5.718062
5.729406
5.740454
5.751754
5.763082
5.774253
5.786121
5.797415
5.80847
5.819492
5.83091
5.842025
5.853354
5.865222
5.876631
5.888312
5.899526
5.911478
5.922809
5.935108
5.946665
5.957228
5.968678
5.980293
5.991012
6.002529
6.013986
6.025056
6.040766
6.051866
6.063188
6.074274
6.085736
6.097089
6.107658
6.119238
6.131021
6.142328
6.154386
6.165515
6.177027
6.188188
6.199674
6.210844
6.221993
6.233509
6.245062
6.256072
6.267414
6.279027
6.289956
6.301428
6.313364
6.325086
6.337475
6.348705
6.360002
6.37114
6.382961
6.394278
6.40536
6.416696
6.427695
6.43875
6.45005
6.465316
6.476709
6.487538
6.498633
6.509817
6.521088
6.533058
6.544374
6.555594
TARGET DESTROYED 
6.570998
6.582943
6.594123
6.60557
6.616236
6.628089
6.639343
6.64994
6.661374
6.672155
6.68357
6.701821
6.714741
6.725627
6.73672
6.747602
6.758325
6.769729
6.780884
6.792663
6.803362
6.814602
6.825762
6.836924
6.847969
6.85923
6.870167
6.885392
6.89647
6.907162
6.917872
6.929115
6.940283
6.951755
6.962771
6.973764
6.984958
6.996472
7.007262
7.018487
7.029621
7.040735
7.051971
7.06332
7.074294
7.085917
7.097159
7.108145
7.119072
7.130255
7.141422
7.152788
7.163775
7.174902
7.185837
7.197323
7.208396
7.219691
7.230533
7.242098
7.252955
7.264082
7.275305
7.286915
7.297821
7.313762
7.325554
7.336831
7.348195
7.358974
7.369824
7.381172
7.391816
7.402828
7.413803
7.424456
7.435408
7.446504
7.457339
7.469531
7.480725
7.491469
7.503106
7.51416
7.52537
7.53598
7.547074
7.558262
7.568954
7.581
7.591877
7.603001
7.614032
7.624861
7.635775
7.646665
7.657049
7.667804
7.679019
7.690341
7.701602
7.712524
7.727759
7.738905
7.749584
7.760929
7.771608
7.782779
7.795096
7.806569
7.817674
7.829047
7.839942
7.850937
7.862014
7.872741
7.883974
7.895675
7.906605
7.918137
7.929225
7.940076
7.951024
7.96244
7.973533
7.984601
7.99575
8.006581
8.017355
8.028742
8.039205
8.050121
TARGET DESTROYED 
8.074893
8.086144
8.097217
8.116709
8.12951
8.144938
8.156072
8.168785
8.180258
8.191523
8.20252
8.213603
8.225393
8.235947
8.247315
8.258731
8.269361
8.280588
8.292178
8.303063
8.314227
8.325336
8.336457
8.347702
8.359314
8.3703
8.381638
8.394164
8.406059
8.417212
8.428349
8.439239
8.450011
8.461034
8.471823
8.482638
8.494067
8.505215
8.516106
8.527513
8.538317
8.54933
8.565516
8.578769
8.589612
8.601061
8.61277
8.624122
8.635488
8.646479
8.657013
8.667668
8.678993
8.690038
8.70116
8.712296
8.723117
8.73381
8.744546
8.755835
8.767277
8.778868
8.789514
8.800873
8.812822
8.826998
8.83869
8.850412
8.861795
8.873858
8.884766
8.896008
8.909885
