0.02
0.04
0.14
0.1758599
0.1902828
0.2012285
0.2120514
0.2228872
0.2339789
0.2449025
0.2563061
0.2671912
0.2782685
0.2896595
0.3007217
0.3138807
0.3232359
0.3346956
0.3455631
0.361087
0.3709013
0.3812545
0.3908044
0.4013909
0.4123354
0.4235156
0.4346436
0.4460379
0.4571893
0.4684911
0.4796284
0.4907227
0.502057
0.5128863
0.5240453
0.5352955
0.546548
0.5576109
0.5687979
0.5798049
0.5909576
0.6025385
0.6134329
0.6249359
0.6357277
0.6472756
0.6580555
0.6690985
0.6805778
0.6913981
0.7025411
0.7138472
0.7249553
0.7360508
0.7471926
0.7590818
0.7694922
0.780991
0.7926759
0.8034632
0.8145257
0.8258465
0.8375818
0.8484191
0.8591133
0.8701027
0.8815926
0.8981389
0.909945
0.9198427
0.9309207
0.9424262
0.9538131
0.9647877
0.9762657
0.9867726
0.9979339
1.010299
1.020718
1.032889
1.044104
1.053919
1.065576
1.076723
1.087327
1.099214
1.110562
1.121813
1.131912
1.144016
1.154445
1.169797
1.179822
1.189314
1.198847
1.207937
1.219277
1.230355
TARGET DESTROYED 
1.241341
1.258975
1.269458
1.279207
1.288314
1.297962
1.307257
1.318354
1.329599
1.340997
1.351886
1.363136
1.374819
1.393404
1.404101
1.41392
1.423334
1.433038
1.442509
1.451912
1.462114
1.473271
1.484602
1.495748
1.506994
1.51835
1.529443
1.540409
1.551441
1.562766
1.573765
1.585032
1.596349
1.607422
1.627156
1.637603
1.647958
1.657707
1.667526
1.677387
1.687956
1.698257
1.707899
1.718962
1.730782
1.741379
1.752666
1.764021
1.774827
1.786101
1.797821
1.808914
1.819543
1.830783
1.84265
1.852892
1.864242
1.875398
1.886519
1.897839
1.91296
1.922576
1.932577
1.942639
1.953901
1.964818
1.97624
1.987129
1.998682
2.009788
2.020672
2.031821
2.043149
2.05529
2.065919
2.077768
2.088915
2.100342
2.111955
2.123417
2.134629
2.146234
2.157818
2.168746
2.179925
2.191128
2.20217
2.21351
2.224683
2.236293
2.246934
2.258146
2.269178
2.280835
2.291872
2.30317
2.314787
2.32599
2.337151
2.348523
2.360085
2.371136
2.382412
2.394105
2.404999
2.416504
2.427737
2.438788
2.45002
2.46165
TARGET DESTROYED 
2.472605
2.486878
2.497207
2.50666
2.516468
2.526839
2.537889
2.549241
2.560445
2.571442
2.582592
2.593861
2.604929
2.61599
2.627929
2.644698
2.655797
2.666083
2.681097
2.690848
2.702041
2.713174
2.724266
2.735634
2.746609
2.75769
2.769189
2.780392
2.791399
2.802438
2.813988
2.824957
2.835867
2.847233
2.858316
2.869451
2.880741
2.892483
2.903046
2.914127
2.925587
2.936819
2.947793
2.958877
2.970051
2.981348
2.992595
3.005638
3.015647
3.025912
3.037184
3.048244
3.059949
3.070655
3.081758
3.093548
3.104131
3.115164
3.126708
3.137478
3.148757
3.160503
3.171316
3.182365
3.194171
3.205295
3.216978
3.228754
3.240105
3.251897
3.263272
3.274752
3.286417
3.29832
3.309399
3.320678
3.332605
3.34389
3.354972
3.365771
3.377414
3.388114
3.399427
TARGET DESTROYED 
3.4111
3.425623
3.436379
3.446725
3.456987
3.472203
3.482642
3.492773
3.502711
3.513357
3.52334
3.533455
3.543409
3.55308
3.563076
3.57923
3.590705
3.600477
3.610799
3.620488
3.630776
3.64014
3.65141
3.662596
3.673838
3.684982
3.696229
3.707242
3.718708
3.729843
3.740768
3.751954
3.763146
3.774338
3.785387
3.796579
3.807974
3.819957
3.830416
3.841421
3.853146
3.863678
3.875049
3.885865
3.89721
3.908332
3.919661
3.930659
3.941894
3.953038
3.964335
3.975897
3.987161
3.998593
4.010484
4.021642
4.033045
4.044531
4.055691
4.067113
4.078705
4.090018
4.101504
4.113019
4.124444
4.135646
4.147167
4.158337
4.170007
4.181628
4.192954
4.20369
4.214956
4.22647
4.241494
4.251519
4.261373
4.271055
4.281898
4.29136
4.301652
4.313091
4.324001
4.335167
4.346697
4.357714
4.368656
4.380175
4.391093
4.402204
4.413449
4.42486
4.435641
4.447043
4.458179
TARGET DESTROYED 
4.469382
4.483883
4.493855
4.503908
4.520363
4.531962
4.541641
4.551736
4.561427
4.570795
4.580735
4.590511
4.600913
4.612042
4.623472
4.634394
4.646122
4.657041
4.667924
4.679209
4.690216
4.70137
4.712569
4.723892
4.734884
4.746099
4.757131
4.768521
4.779607
4.790772
4.802114
4.813357
4.8245
4.835443
4.846687
4.857634
4.868916
4.880198
4.89124
4.902479
4.913759
4.925181
4.936456
4.94801
4.959642
4.970959
4.982371
4.99381
5.005125
5.019716
5.029615
5.039227
5.050961
5.062262
5.073477
5.085005
5.096514
5.107222
5.118509
5.129907
5.141204
5.151958
5.163141
5.17423
5.185993
5.196713
5.208062
5.219087
5.23038
5.241353
5.252393
5.263686
5.2748
5.286278
5.297368
5.308399
5.319718
5.330701
5.341857
5.353099
5.364123
5.375444
5.386591
5.397983
5.410126
5.420456
5.431862
TARGET DESTROYED 
5.443481
5.457723
5.467855
5.477728
5.487097
5.498112
5.509238
5.520468
5.531597
5.542901
5.554012
5.565005
5.576633
5.587365
5.598901
5.615421
5.626776
5.636326
5.646595
5.657675
5.667256
5.677033
5.686366
5.696337
5.706871
5.717973
5.729584
5.740386
5.751911
5.762711
5.774248
5.789665
5.799816
5.80924
5.818792
5.830201
5.841002
5.851986
5.863172
5.874563
5.885509
5.896864
5.908232
5.919144
5.930348
5.941539
5.952692
5.963892
5.97485
5.986401
5.997209
6.008536
6.02008
6.031464
6.042846
6.054018
6.065579
6.077113
6.088177
6.099669
6.111338
6.122404
6.133532
6.144971
6.156192
6.167643
6.178768
6.190232
6.201518
6.213017
6.22433
6.235455
6.246931
6.258086
6.269128
6.280659
6.292132
6.303457
6.314887
6.326297
6.337445
6.34842
6.359775
6.370791
6.382117
6.39325
6.404127
6.415503
6.426881
6.437652
6.448659
6.460673
6.471034
6.482369
6.493716
6.504704
6.515866
6.527347
6.538425
TARGET DESTROYED 
6.549644
6.563311
6.57279
6.583148
6.598247
6.608114
6.618307
6.628429
6.638467
6.649356
6.659288
6.669269
6.681031
6.692224
6.709418
6.720515
6.731056
6.740144
6.750031
6.759431
6.769338
6.780121
6.790034
6.80154
6.812713
6.823639
6.834753
6.846688
6.857224
6.868447
6.879918
6.890792
6.902019
6.913056
6.924155
6.935416
6.946559
6.9577
6.968863
6.980227
6.991481
7.002662
7.013591
7.024803
7.035891
7.047518
7.058073
7.069405
7.080627
7.091869
7.102973
7.114407
7.126473
7.137185
7.14869
7.160524
7.171525
7.182832
7.194692
7.206394
7.21724
7.229044
7.240023
7.251432
7.262808
7.274366
7.285667
7.297256
7.308461
7.320314
7.331118
7.343204
7.353694
7.364698
7.376257
7.387234
7.398836
7.410029
7.420534
7.431796
7.446315
7.456911
7.466652
7.476501
7.485923
7.497347
7.508525
7.51954
7.530778
7.541954
7.55297
7.564275
7.575695
7.586569
7.598075
7.608932
7.620099
7.631578
7.64278
7.653614
7.664713
7.676161
7.687156
7.698273
7.709596
7.720641
7.731823
7.743285
7.754102
7.765269
7.776773
7.788089
7.798983
7.810357
7.821445
7.832644
7.844532
7.856291
7.866417
7.878117
7.889268
7.900269
7.912223
7.923074
7.934279
7.945834
7.957
7.968189
7.979146
7.990383
8.001456
8.012921
8.023837
8.034925
8.046331
8.057285
8.068485
8.080073
8.090908
8.102241
8.11539
8.128872
8.138732
8.148818
8.158604
8.168744
8.179131
8.189454
8.199746
8.210949
8.22177
8.233999
8.245066
8.256823
8.26731
8.2821
8.292545
8.305676
8.316206
8.325488
8.334897
8.344693
8.355166
8.366393
8.377834
8.388596
8.399878
8.411496
8.422246
8.433313
8.444763
8.455626
8.467103
8.478322
8.489367
8.500555
8.511881
8.522711
8.533937
8.5461
8.55642
8.56772
8.578814
8.589753
8.600945
8.612307
8.630445
8.640122
8.650457
8.659949
8.669473
8.679301
8.688917
8.700207
8.711614
8.722978
8.73371
8.745128
8.756093
8.767286
8.778526
8.789611
8.80074
8.812049
8.823159
8.834246
8.845774
8.856951
8.868608
8.879164
8.890084
8.901795
8.912505
8.923916
8.934867
8.946
8.95725
8.968593
8.979761
8.991096
9.002154
9.013537
9.025087
9.036632
9.048191
9.059411
9.070812
9.082124
9.09374
9.105047
9.116154
9.13169
9.141801
9.152085
9.162468
9.172984
9.183162
9.19517
9.205702
9.217193
9.228486
9.239437
9.250532
9.261851
9.272866
9.284056
9.295213
9.306436
9.317433
9.3292
9.33995
9.35124
TARGET DESTROYED 
9.36232
9.387238
9.398021
9.409041
9.419504
9.429908
9.440249
9.45085
9.461543
9.471402
9.48228
9.493846
9.504821
9.523565
9.535414
9.545589
9.55513
9.565401
9.575347
9.585505
9.595675
9.605412
9.61623
9.62749
9.638539
9.649899
9.66138
9.672387
9.683913
9.694398
9.705813
9.716612
9.728493
9.739425
9.750294
9.761561
9.772541
9.783817
9.794916
9.805942
9.817481
9.828553
9.839507
9.85075
9.861886
9.873199
9.884106
9.895808
9.911251
9.921535
9.931965
9.942793
9.953061
9.9627
9.974511
9.985886
9.998193
10.00867
10.02017
10.03159
10.04357
10.05443
10.0664
10.07755
10.08896
10.10034
10.11153
10.12221
10.13296
10.1438
10.15504
10.16577
10.18016
10.19144
10.20311
10.21432
10.22519
10.2365
10.2478
10.26188
