0.02
0.04
0.14
0.1772743
0.1899062
0.2002434
0.2107843
0.2207256
0.2303962
0.2414699
0.2524644
0.2631317
0.2739389
0.2850932
0.2988668
0.3074236
0.3184678
0.3301011
0.3409297
0.3571315
0.3675717
0.3765788
0.3856556
0.3969876
0.4080992
0.4189667
0.4305223
0.441435
0.4527561
0.4658497
0.4749396
0.4861404
0.4974685
0.5085256
0.5197043
0.5311383
0.5419195
0.5531251
0.5643859
0.5753721
0.5870236
0.5978115
0.6092603
0.6206
0.6316991
0.6424014
0.6537642
0.6649191
0.6762422
0.6872171
0.6984074
0.7094872
0.7205658
0.7318529
0.7431098
0.7541069
0.7657568
0.7767257
0.787717
0.7988851
0.8099945
0.8210849
0.832458
0.843593
0.8547662
0.8659974
0.8769904
0.8932701
0.9043882
0.9160843
0.9268443
0.9378116
0.9490412
0.9604387
0.9714512
0.9825528
0.9939144
1.004896
1.016298
1.028167
1.038657
1.049955
1.061092
1.073107
1.083418
1.095287
1.106007
1.116744
1.128004
1.139018
1.150256
1.161402
1.17259
1.183705
1.195114
1.206125
1.217777
1.228866
1.239321
1.250671
1.26209
1.273005
1.284204
1.295655
1.306656
1.317683
1.32914
1.340233
1.351331
1.362792
1.373351
1.385011
1.396213
1.406979
1.418242
1.429759
1.440457
1.451674
1.463015
1.473826
1.485276
1.496868
1.507951
1.518838
1.530091
1.541399
1.55222
1.569353
1.581356
1.590909
1.604
1.617446
1.627071
1.636517
1.649387
1.658874
1.670227
1.681386
1.692686
1.703736
1.720589
1.730178
1.73896
1.74825
1.75966
1.770635
1.781953
1.792982
1.804253
1.817638
1.827072
1.838063
1.849088
1.859961
1.871027
1.88242
1.89346
1.90478
1.915788
1.927063
1.938314
1.949703
1.961269
1.972412
1.983826
1.995543
2.006603
2.017574
2.029322
2.040041
2.051241
2.062564
2.07334
2.084762
2.096332
2.107722
2.118834
2.130499
2.141522
2.153309
2.16476
2.176044
2.186949
2.19854
2.20978
2.222903
2.234607
2.244245
2.255364
2.266874
2.281339
2.292563
2.303283
2.314574
2.324769
2.334868
2.344049
2.354418
2.365895
2.376879
2.387931
2.399302
2.410444
2.421463
2.432954
2.443727
2.454993
2.466841
2.477282
2.488427
2.499846
2.511027
2.522007
2.533219
2.544459
2.555472
2.566806
2.578229
2.588937
2.600547
2.611571
2.623204
2.633945
2.644945
2.655962
2.667167
2.678783
2.689883
2.701137
2.712668
2.723803
2.73518
2.746778
2.757691
2.768769
2.780775
2.79162
2.802989
2.814381
2.825572
2.837223
2.847842
2.859077
2.87023
2.88144
2.892425
2.90382
2.915262
2.929666
2.939803
2.949792
2.959171
2.969424
2.980479
2.991594
3.002658
3.013863
3.025263
3.036256
3.049142
3.060878
3.071231
3.08137
3.092769
3.104304
3.115658
3.127228
3.138277
3.14933
3.159108
3.170182
3.181653
3.192571
3.203779
3.215009
3.226376
3.239747
3.25041
3.259657
3.270783
3.281958
3.293239
3.3047
3.31609
3.327507
3.338688
3.35033
3.361149
3.372419
3.383505
3.394947
3.40632
3.417092
3.428686
3.439473
3.450677
3.462392
3.472983
3.4842
3.495626
3.50641
3.517629
3.529181
3.540074
3.551164
3.562788
3.573415
3.588136
3.598514
3.607834
3.617289
3.628394
3.639453
3.650848
3.662052
3.676394
3.687709
3.698787
3.709062
3.720223
3.73161
3.742004
3.752456
3.76323
3.77359
3.784778
3.79594
3.807044
3.817965
3.829413
3.840261
3.851515
3.862892
3.874274
3.886147
3.897028
3.907379
3.918423
3.930022
3.940829
3.952084
3.963654
3.974521
3.985698
3.996879
4.007868
4.01899
4.031098
4.041567
4.052651
4.064086
4.075264
4.087016
4.098116
4.109636
4.120769
4.131999
4.142967
4.154463
4.166008
4.177085
4.188479
4.199881
4.210682
4.221778
4.23783
4.248931
4.261304
4.272226
4.283877
4.295516
4.307192
4.317532
4.328896
4.340189
4.351054
4.362528
4.374062
4.384507
4.396129
4.406746
4.417941
4.429403
4.440475
4.451587
4.462947
4.473814
4.484891
4.496714
4.507487
4.518528
4.529725
4.541702
4.552629
4.563486
4.574659
4.585512
4.596937
4.607992
4.619338
4.630674
4.641553
4.65343
4.664305
4.674757
4.685976
4.697615
4.708654
4.719756
4.731502
4.743076
4.754462
4.765891
4.788701
4.799653
4.809879
4.820052
4.831288
4.842389
4.853652
4.864771
4.879098
4.889714
4.905753
4.917794
4.928518
4.939756
4.950783
4.961974
4.973002
4.984136
4.996119
5.007795
5.019056
5.030151
5.041153
5.051893
5.062961
5.073804
5.08453
5.095452
5.106231
5.117867
5.128625
5.139915
5.150907
5.161535
5.172737
5.183545
5.194051
5.204989
5.21682
5.227813
5.238642
5.249997
5.260875
5.272581
5.284001
5.294852
5.306222
5.317023
5.32794
5.339335
5.35094
5.361756
5.373295
5.384123
5.395296
5.406264
5.418225
5.428988
5.440509
5.451514
5.46268
5.474246
5.485287
5.496378
5.507617
5.518482
5.529544
5.540475
5.551422
5.566907
5.577515
5.588011
5.598827
5.609758
5.621115
5.631512
5.641563
5.651794
5.667108
5.677659
5.688052
5.698713
5.708872
5.719331
5.729843
5.740092
5.750632
5.76512
5.776477
5.787631
5.798847
5.809522
5.820978
5.832767
5.843331
5.853935
5.866288
5.877021
5.887958
5.899784
5.910758
5.921738
5.933566
5.944311
5.955802
5.967281
5.978053
5.989518
6.000646
6.011468
6.022401
6.033498
6.044608
6.056141
6.067111
6.078079
6.08945
6.1001
6.110716
6.121395
6.132823
6.143671
6.155684
6.167327
6.178066
6.18934
6.200104
6.211569
6.227484
6.23925
6.250512
6.261739
6.272425
6.283784
6.295174
6.305654
6.316823
6.328056
6.339448
6.350926
6.361972
6.373022
6.384275
6.395394
6.406672
6.417627
6.428622
6.43969
6.450918
6.46273
6.47311
6.484158
6.495979
6.510339
6.522088
6.533596
6.544421
6.556185
6.567579
6.57851
6.589874
6.601029
6.612606
6.624126
6.635254
6.646643
6.658222
6.669294
6.680457
6.691524
6.702793
6.714383
6.725745
6.737294
6.748759
6.759378
6.770625
6.782288
6.79424
6.806265
6.817307
6.828215
6.839786
6.851079
6.862245
6.873999
6.889013
6.900702
6.911657
6.92314
6.934167
6.945385
6.956377
6.967697
6.978619
6.989931
7.001285
7.012248
7.023727
7.035227
7.046201
7.057757
7.069192
7.080575
7.092192
7.103263
7.11452
7.125947
7.137137
7.148495
7.159996
7.172435
7.183957
7.195257
7.207218
7.218556
7.230344
7.241985
7.253057
7.265556
7.277674
7.289515
7.300719
7.312144
7.323941
7.336205
7.347807
7.359148
7.371332
7.383517
7.394966
7.406791
7.418742
7.430412
7.441928
7.454813
7.467729
7.479284
7.490752
7.502127
7.51363
7.525149
7.536601
7.548059
7.563897
7.575089
7.586206
7.597056
7.607981
7.618999
7.629997
7.644647
7.668825
7.681167
7.692213
7.703564
7.716607
7.731174
7.743471
7.755691
7.76884
7.780619
7.793808
7.805691
7.817244
7.828292
7.84011
7.851359
7.862692
7.875216
7.887564
7.899455
7.91096
7.922346
7.93424
7.945927
7.95711
7.968574
7.980313
7.992421
8.003489
8.014601
8.025679
8.037127
8.048167
8.059227
8.070726
8.081803
8.09297
8.104296
8.120762
8.132611
8.144016
8.155469
8.167219
8.178647
8.189981
8.202081
8.214175
8.225226
8.242405
8.254317
8.266573
8.278293
8.290008
8.302488
8.314461
8.32609
8.337907
8.3497
8.361108
8.37326
8.384538
8.39642
8.408779
8.420719
8.433138
8.444976
8.456839
8.468607
8.480636
8.491773
8.503667
8.516015
8.527791
8.539728
8.551436
8.563188
8.575183
8.586886
8.599281
8.611815
8.62424
8.636298
8.649117
8.660242
8.671782
8.684196
8.696494
8.709643
8.721413
8.733612
8.746187
8.757351
8.769266
8.781469
8.7931
8.804927
8.817281
8.829244
8.841188
8.852176
8.863966
8.875743
8.888334
8.900515
8.913603
8.93062
8.942143
8.953461
8.965046
8.976568
8.988354
9.00009
9.01233
9.024708
9.036893
9.049319
9.060631
9.072329
9.084316
9.096318
9.108343
9.120914
9.132942
9.145888
9.157943
9.169494
9.182321
9.193624
9.206062
9.243533
9.256592
9.268181
9.279933
9.292288
9.303541
9.315719
9.327506
9.339303
9.351163
9.363233
9.375183
9.386595
9.398513
9.41109
9.422633
9.433719
9.444714
9.457136
9.468229
9.47966
9.491375
9.502879
9.514316
9.525778
9.537594
9.549673
9.560982
9.572604
9.585001
9.596956
9.60896
9.621003
9.636596
9.649078
9.660411
9.671486
9.683596
9.694391
9.705326
9.716777
9.727507
9.739181
9.750175
9.765826
9.778694
9.791182
9.80273
9.814427
9.826167
9.837894
9.849813
9.86155
9.87342
9.886596
9.898852
9.910198
9.922424
9.934467
9.947215
9.959097
9.970645
9.982795
9.993751
10.00516
10.01692
10.02953
10.04136
10.05304
10.06519
10.07646
10.08895
10.10102
10.11298
10.12503
10.13719
10.1494
10.16041
10.17214
10.18395
10.19621
10.20813
10.21961
10.23143
10.24299
10.25508
10.26687
10.27845
10.29004
10.3012
10.31674
10.3281
10.33954
10.35142
10.36319
10.37469
10.38575
10.39763
10.40849
10.41977
10.43328
10.44432
10.45688
10.46837
10.48007
10.49183
10.50318
10.51489
10.52664
10.53936
10.55061
10.562
10.57369
10.58504
10.59656
10.60748
10.61873
10.63106
10.64227
10.65411
10.66616
10.67716
10.68868
10.70067
10.7121
10.72343
10.73494
10.74687
10.75835
10.77024
10.78172
10.79312
10.80482
10.81723
10.82997
10.84166
10.85312
10.86485
10.87645
10.88829
10.90067
10.91246
10.92429
10.93581
10.94763
10.95939
10.97165
10.98747
10.99938
11.01084
11.02253
11.03443
11.04691
11.05838
11.06971
11.08167
11.09295
11.10554
11.1175
11.12879
11.14089
11.15271
11.16475
11.17743
11.1888
11.20086
11.21374
11.22493
11.23676
11.24932
11.26072
11.27248
11.28391
11.29552
11.3063
11.31698
11.33012
11.34152
11.35288
11.36478
11.37681
11.38782
11.39934
11.41024
11.42145
11.43288
11.44378
11.45494
11.46638
11.47778
11.48891
11.50002
11.51118
11.52188
11.53314
11.54454
11.55555
11.56659
11.57827
11.58905
11.60011
11.61178
11.62273
11.63387
11.64539
11.65653
11.66789
11.67895
11.69021
11.70145
11.71243
11.72295
11.73465
11.74691
11.7576
11.76856
11.7798
11.79092
11.80178
11.81269
11.82365
11.83492
11.84649
11.85826
11.86969
11.88659
11.89854
11.92206
11.93368
11.94441
11.95695
11.96883
11.98083
11.99311
12.00919
12.0217
12.0335
12.04506
12.05692
12.06841
12.08064
12.09206
12.10315
12.1148
12.12635
12.13779
12.14974
12.16148
12.17279
12.18488
12.19705
12.20825
12.2197
12.23191
12.24325
12.25581
12.26725
12.2788
12.29077
12.30212
12.3144
12.32675
12.33824
12.35041
12.3622
12.37355
12.38644
12.39858
12.4098
12.42207
12.43415
12.44583
12.45762
12.46962
12.48222
12.49421
12.5055
12.51768
12.52942
12.54051
12.55188
12.5684
12.58055
12.59284
12.60452
12.61668
12.62902
12.64062
12.65237
12.66408
12.67508
12.687
12.69896
12.71052
12.7226
12.73398
12.745
12.75672
12.76834
12.77944
12.79066
TARGET DESTROYED 
12.80279
12.81977
12.83315
12.84469
12.85614
12.86767
12.87917
12.89085
12.90238
12.91842
12.93202
12.94506
12.95773
12.96912
12.98104
12.99269
13.0049
13.0166
13.02881
13.04188
13.05317
13.06504
13.07694
13.08873
13.10068
13.11331
13.12488
13.13642
13.14847
13.15988
13.17191
13.18347
13.19493
13.2074
13.21978
13.2319
13.24325
13.25958
13.27185
13.28321
13.29474
13.30699
13.3185
13.32998
13.34175
13.35402
13.3665
13.37789
13.38995
13.40229
13.41504
13.42649
13.43821
13.44958
13.46126
13.47368
13.48505
13.4971
13.50903
13.52141
13.53362
13.5457
13.55706
13.5686
13.58127
13.59309
13.60572
13.61835
13.63089
13.64261
13.65441
13.66722
13.67967
13.69106
13.70271
13.71499
13.72693
13.73906
13.75068
13.76229
13.77459
13.78694
13.79971
TARGET DESTROYED 
13.81217
13.83136
13.84458
13.85731
13.87203
13.88597
13.89852
13.9106
13.92244
13.93475
13.94707
13.95845
13.97502
13.99078
14.00305
14.01611
14.02927
14.04109
14.05276
14.06503
14.07703
14.08991
14.10224
14.11481
14.12623
14.13797
14.15072
14.16236
14.17472
14.18697
14.19977
14.21249
14.22526
14.23659
14.24784
14.25895
14.27028
14.28164
14.29313
14.30364
14.3147
14.32584
14.337
14.34822
14.3592
14.37088
14.38191
14.3934
14.4044
14.4166
14.4272
14.43845
14.45028
14.46106
14.47248
14.48377
14.49457
14.50604
14.51672
14.52755
14.53908
14.55059
14.56162
14.57328
14.58484
14.59655
14.6083
14.6257
14.6373
14.6493
14.66073
14.67226
14.68393
14.69565
14.70694
14.71833
14.72991
14.74131
14.75286
14.76429
14.77575
14.78801
14.80036
14.81278
14.82545
14.8376
14.85057
14.86331
14.87523
14.88771
14.90093
14.91394
14.92707
14.93973
14.95231
14.96518
14.97763
14.99048
15.00252
15.01576
15.02841
15.04109
15.0541
15.06719
15.09138
15.10442
15.11774
15.1309
15.14281
15.15607
15.16871
15.18156
15.19416
15.2072
15.2192
15.23232
15.24543
TARGET DESTROYED 
15.25855
15.27798
15.29094
15.30329
15.32022
15.33298
15.34574
15.3585
15.37167
15.38393
15.39709
15.41101
15.42487
15.43744
15.44941
15.46183
15.47434
15.48661
15.49938
15.51155
15.53007
15.54231
15.55499
15.56811
15.58171
15.59581
15.60825
15.6212
15.63485
15.64842
15.66091
15.67449
15.6919
15.70604
15.71845
15.73139
15.74289
15.7543
15.76673
15.77895
15.79215
15.80475
15.81726
15.82949
15.84178
15.8537
15.86655
15.87903
15.89087
15.90256
15.91455
15.92578
15.93723
15.94883
15.95979
15.97548
15.9867
15.99835
16.00989
16.02155
16.0339
16.04617
16.05757
16.07323
16.08984
16.10183
16.11412
16.12586
16.13826
16.15016
16.16296
16.1748
16.18671
16.19916
16.21043
16.22248
16.23517
16.24752
16.25935
16.27245
16.28445
16.29665
16.30843
16.3203
16.33253
16.34485
16.35746
16.37027
16.38289
16.39457
16.40751
16.42035
16.43357
16.44608
16.4585
16.47068
16.48316
16.49513
16.50777
16.5193
16.532
16.54402
16.55536
16.56788
16.58017
16.5915
16.60332
16.6155
16.6271
16.64006
16.65152
16.6636
16.67533
16.68732
16.69975
16.71671
16.7287
16.74073
16.75207
16.76307
16.77384
16.78518
16.7962
16.80798
16.82025
16.83194
16.84399
16.85577
16.86825
16.8808
16.89239
16.90475
16.91694
16.92846
16.94089
16.95284
16.96427
16.97627
16.98841
16.99999
17.01181
17.02397
17.03592
17.04831
17.05964
17.07153
17.08422
17.09625
17.10758
17.1202
17.13246
17.14455
17.15662
17.16873
17.18113
17.19284
17.20462
17.21725
17.22879
17.241
17.25255
17.26435
17.27622
17.28842
17.29992
17.31236
17.3249
17.33687
17.34938
17.36197
17.37418
17.38639
17.39897
17.4161
TARGET DESTROYED 
17.42824
17.44603
17.45955
17.47151
17.48526
17.49913
17.51081
17.52316
17.54293
17.55613
17.56864
17.58316
17.59748
17.60953
17.62249
17.63452
17.64677
17.65899
17.67123
17.68368
17.69692
17.70926
17.7221
17.73433
17.74671
17.75936
17.77149
17.7842
17.79744
17.80969
17.82202
17.83403
17.84733
17.86078
17.87444
17.88684
17.89867
17.90998
17.92222
17.93375
17.94483
17.95639
17.97192
17.98411
17.99714
18.0085
18.02036
18.03338
18.04553
18.05775
18.06945
18.08201
18.0941
18.11165
18.12454
18.13696
18.14977
18.16247
18.17424
18.18691
18.19995
18.2127
18.22474
18.23654
18.24918
18.26198
18.27422
18.28617
18.29919
18.31184
18.32426
18.33732
18.34968
18.36235
18.37505
18.38725
18.40015
18.41213
18.42492
18.4368
18.44884
18.46024
18.4725
18.48464
18.49755
18.51294
18.52481
18.53666
18.54819
18.55958
18.57162
18.58415
18.59682
18.60812
18.62123
18.63327
18.64486
18.65743
18.66944
18.68198
18.69345
18.70438
18.71602
18.72659
18.73759
18.74891
18.76004
18.77118
18.78232
18.79376
18.8096
18.8206
18.83134
18.84139
18.85192
18.8631
18.87327
18.88388
18.89433
18.90571
18.91767
18.92845
18.93906
18.95018
18.96355
18.97552
TARGET DESTROYED 
18.98747
19.00911
19.02213
19.03524
19.0479
19.06062
19.07335
19.08553
19.0982
19.11059
19.12428
19.13876
19.15232
19.16532
19.17753
19.19041
19.20289
19.21547
19.22792
19.24077
19.25312
19.26592
19.27901
19.29098
19.30347
19.31581
19.32759
19.34046
19.35255
19.365
19.37793
19.39049
19.40284
19.41577
19.42774
19.44041
19.45285
19.4653
19.47737
19.49506
19.5075
19.51995
19.53229
19.54482
19.55683
19.56898
19.58214
19.59415
19.60709
19.62021
19.63293
19.64527
19.6571
19.66955
19.6821
19.6942
19.70679
19.7191
19.73159
19.74418
19.75622
19.76897
19.78162
19.79377
19.80673
19.81941
19.8327
19.84537
19.85741
19.86984
19.88247
19.89475
19.90638
19.91864
19.93056
19.94227
19.95407
19.9665
19.97806
19.99363
20.01357
20.02646
20.03897
20.05149
20.06435
20.07662
20.08926
20.10113
20.11411
20.12598
20.13801
20.15075
20.16319
20.17566
20.18894
20.20622
20.21873
20.23175
20.24573
20.25783
20.26966
20.28281
20.29483
20.30731
20.31952
20.33076
20.34468
20.35894
20.37406
20.38851
20.41673
20.43165
20.44663
20.46053
20.47469
20.48939
20.50313
20.51752
20.53163
20.54638
20.56041
20.57457
20.58877
20.60266
20.61676
20.63056
20.64346
20.65752
20.67101
20.68497
20.69866
20.71214
20.72534
20.73836
20.75148
20.76509
20.77894
20.79229
20.80573
20.81899
20.83294
20.84664
20.86026
20.8736
20.88745
20.90051
20.91434
20.92801
20.946
20.95973
20.97297
20.98638
20.99967
21.01354
21.02684
21.04003
21.05341
21.067
21.08089
21.09382
21.10759
21.12284
21.13648
21.15
21.16357
21.17636
21.18988
21.20321
21.217
21.23052
21.24337
21.25718
21.27087
21.28455
21.29868
21.31183
21.32529
21.33779
21.34976
21.36251
21.37488
21.38493
21.40531
21.42492
21.44555
21.46622
21.48646
21.50661
21.52654
21.54699
21.56734
21.58717
21.6073
21.62788
TARGET DESTROYED 
21.64866
21.6827
21.70404
21.72398
21.74965
21.7698
21.7905
21.81196
21.83326
21.85341
21.86821
21.88764
21.91011
21.93268
21.95507
21.97713
21.99957
22.02183
22.04407
22.06648
22.08868
22.11202
22.13354
22.15592
22.1783
22.20056
22.22271
22.24531
22.26783
22.29026
22.3124
22.33493
22.35688
22.37935
22.40161
22.42407
22.44629
22.46879
22.49113
22.51346
22.52916
22.54487
22.56062
22.57617
22.59097
22.60513
22.61991
22.63903
22.65381
22.66894
22.68405
22.69951
22.71573
22.7308
22.74556
22.76093
22.77594
22.7907
22.80568
22.82089
22.83574
22.85046
22.86498
22.88008
22.89501
22.90982
22.92561
22.9399
22.9549
22.96915
22.98395
22.99906
23.01396
23.02896
23.04323
23.05946
23.07403
23.08881
23.10322
23.11812
23.13321
23.1482
23.16318
23.17838
23.19329
23.2081
23.22361
23.2382
23.25274
23.26767
23.28284
23.29826
23.31299
23.32783
23.34256
23.35771
23.37238
23.38803
23.40726
23.42207
23.43696
23.45204
23.46743
23.48274
23.49838
23.51347
23.52809
23.54296
23.5582
23.57246
23.58795
23.60226
23.617
23.63202
23.64749
23.66181
23.67579
23.69046
23.70503
23.71976
23.7346
23.74981
23.76463
23.77905
23.79401
23.80939
23.82427
23.83981
23.85423
23.86933
23.88382
23.89771
23.91147
23.92611
23.93964
23.95394
23.96786
23.98598
24.00146
24.01634
TARGET DESTROYED 
24.03178
24.05435
24.06992
24.08462
24.09934
24.11362
24.12883
24.14356
24.16128
24.17375
24.18662
24.20046
24.21366
24.22584
24.23836
24.25057
24.26379
24.27597
24.29015
24.30439
24.31761
24.33039
24.34322
24.35623
24.37017
24.38231
24.3944
24.40791
24.42029
24.43322
24.44582
24.45793
24.47054
24.4829
24.49569
24.50819
24.52055
24.53367
24.54657
24.55903
24.57196
24.58453
24.59746
24.60978
24.6233
24.6358
24.64886
24.66092
24.67383
24.68681
24.70001
24.71282
24.72483
24.73733
24.74964
24.76212
24.77532
24.78776
24.80054
24.81327
24.82516
24.83831
24.85022
24.86754
24.8802
24.89225
24.90468
24.91676
24.92933
24.94154
24.95413
24.96646
24.97891
24.99083
25.00263
25.01482
25.02697
25.03916
25.05156
25.0637
25.07526
25.08741
25.09927
25.11122
25.12324
25.13492
25.14746
25.15898
25.17101
25.18358
25.19522
25.20728
25.2192
25.23108
25.24306
25.2554
25.26772
25.28087
25.29326
25.31014
25.32407
25.33612
25.34911
25.36179
25.37732
