0.02
0.04
0.14
0.1741757
0.1877052
0.1987462
0.2087248
0.220358
0.2317865
0.243756
0.2533672
0.2633871
0.2725807
0.2822211
0.2940369
0.3063653
0.316032
0.3277355
0.3386431
0.3537843
0.3641312
0.3740096
0.383729
0.3938993
0.4051386
0.4163028
0.4274382
0.4387259
0.4500101
0.4609911
0.4719969
0.4833745
0.494743
0.5055804
0.516836
0.5281421
0.5392694
0.5503342
0.5615716
0.5727281
0.5837047
0.5954752
0.6062849
0.6173708
0.6287721
0.6397884
0.6507621
0.6622738
0.673224
0.6842683
0.695822
0.7066247
0.7177196
0.7293038
0.7402826
0.7522241
0.7627326
0.7736992
0.7849591
0.7961214
0.8074075
0.8186834
0.8297465
0.8408431
0.8520939
0.8632838
0.8741359
0.8904612
0.9018009
0.9131092
0.9238137
0.9352247
0.9464168
0.9574963
0.968614
0.9803002
0.9909534
1.002065
1.013543
1.024599
TARGET DESTROYED 
1.035673
1.054717
1.065943
1.084427
1.095196
1.104994
1.115227
1.130068
1.142384
1.153432
1.164723
1.1758
1.187041
1.198245
1.209284
1.220787
1.231654
1.242857
1.253905
1.265203
1.276283
1.287549
1.298753
1.309844
1.320955
1.332189
1.343437
1.3546
1.365632
1.377054
1.388139
1.399361
1.410434
1.421679
1.432829
1.443901
1.455024
1.466255
1.477396
1.488966
1.499775
1.511125
1.522138
1.53337
1.5446
1.555502
1.56658
1.578438
1.589091
1.600622
1.612244
1.623377
1.634918
1.646713
1.657863
1.669547
1.681086
1.692657
1.703886
1.715425
1.726909
1.738591
1.750066
1.761341
1.772752
1.783936
1.795377
1.806347
1.817672
1.829112
1.839784
1.851165
1.862304
1.873284
1.884421
1.895911
1.906882
1.921324
TARGET DESTROYED 
1.931581
1.944932
1.954715
1.964728
1.974567
1.984469
1.993797
2.003818
2.021085
2.032636
2.041984
2.05154
2.061389
2.071482
2.081252
2.091798
2.102781
2.114074
2.125198
2.136592
2.147604
2.15892
2.170012
2.181155
2.192273
2.203512
2.214985
2.225832
2.236882
2.248338
2.259323
2.27036
2.281642
2.292721
2.304275
2.315405
2.326224
2.337427
2.348878
2.359951
2.370902
2.38213
2.393575
2.404877
2.416422
2.428335
2.439387
2.450577
2.462392
2.473622
2.484721
2.496433
2.507811
2.519108
2.530432
2.541831
2.553258
2.564897
2.576228
2.587511
2.598757
2.610121
2.621487
2.633212
2.644338
2.655181
2.666245
2.68153
2.691287
2.701689
2.711431
2.721437
2.731557
2.742313
2.753545
2.764638
2.775909
2.787229
2.798464
2.809929
2.820876
2.832026
2.842925
2.854109
2.865464
2.876406
2.887529
2.899085
2.909971
2.921075
2.932343
2.943736
2.954506
2.965714
2.976954
2.988131
2.999341
3.010486
3.021684
3.032989
3.044296
3.055137
3.066518
3.078
3.089206
3.100764
3.112247
3.123112
3.134462
3.145884
TARGET DESTROYED 
3.156988
3.17194
3.182545
3.192127
3.203086
3.212826
3.223195
3.234499
3.245936
3.25728
3.274664
3.286871
3.299182
3.309231
3.320342
3.331874
3.342728
3.353869
3.365193
3.376127
3.387407
3.398947
3.409953
3.421034
3.432121
3.443289
3.459313
3.470085
3.480013
3.48964
3.499812
3.510392
3.521653
3.532638
3.543836
3.555027
3.566679
3.577301
3.588677
3.599595
3.610842
3.622016
3.633497
3.644328
3.655512
3.666808
3.678085
3.68919
3.700574
3.712294
3.723655
3.734852
3.746605
3.757606
3.769061
3.780529
3.791609
3.802721
3.814238
3.825483
3.836595
3.848218
3.859426
3.870853
3.882341
3.89337
3.904924
3.916193
3.927376
3.938831
3.950324
3.961568
3.972602
3.984163
3.9959
4.006751
4.017699
4.029252
4.040486
4.051448
4.062918
4.07359
4.085307
4.09643
4.107279
4.11863
4.129672
4.140738
4.151753
4.163373
4.174194
4.185348
4.196913
4.208149
4.218939
4.230532
4.245385
4.255965
4.266317
4.276299
4.286633
TARGET DESTROYED 
4.296711
4.310797
4.321159
4.331472
4.341748
4.35194
4.368533
4.380034
4.391018
4.401558
4.411891
4.422455
4.432373
4.442022
4.4529
4.463632
4.473645
4.484334
4.494431
4.504726
4.51547
4.526682
4.537891
4.549154
4.5604
4.571334
4.582787
4.593714
4.604944
4.616116
4.627556
4.638591
4.649634
4.661448
4.672029
4.683252
4.694466
4.705507
4.716591
4.728045
4.739479
4.750109
4.761279
4.772439
4.78378
4.794975
4.806152
4.817327
4.828594
4.839677
4.851163
4.862819
4.874088
4.886073
4.897407
4.908639
4.920254
4.931661
4.943002
4.954686
4.966171
4.978145
4.988716
5.00059
5.012435
5.027093
5.037842
5.048241
5.058696
5.068592
5.079061
5.089081
5.099104
5.109415
5.120835
5.132077
5.143177
5.154136
5.165325
5.176622
5.187701
5.199189
5.210082
5.221217
5.232537
TARGET DESTROYED 
5.243523
5.258161
5.268396
5.278703
5.288925
5.305571
5.31679
5.32712
5.337438
5.347569
5.357281
5.367711
5.377463
5.387389
5.398394
5.409506
5.420677
5.431766
5.443225
5.454733
5.465804
5.476409
5.487645
5.498997
5.510359
5.52115
5.532545
5.543485
5.554711
5.566031
5.577141
5.588124
5.599727
5.610518
5.621728
5.63281
5.644297
5.655254
5.666636
5.677611
5.689134
5.700613
5.712443
5.723263
5.734986
5.746003
5.757654
5.768752
5.780527
5.795637
5.805627
5.816026
5.825536
5.836607
5.847883
5.858912
5.87065
5.882023
5.892418
5.903669
5.915156
5.92592
5.937
5.94842
5.959453
5.97061
5.981839
5.993422
6.004123
6.015399
6.026639
6.037913
6.049125
6.059921
6.071589
6.082374
6.093477
6.104712
6.116008
6.127022
6.138096
6.149591
6.16079
6.171954
6.183438
6.195147
6.205901
6.217398
6.229424
6.239889
6.251303
6.262803
6.273912
6.285169
6.296672
6.307733
6.318805
6.330258
6.341236
6.35262
6.36364
6.37464
6.386023
6.397799
6.408465
6.419418
6.430691
6.441681
6.453042
6.464757
6.475321
6.486312
6.49774
6.509075
6.520023
6.531224
6.542517
6.553426
6.564641
6.576137
6.586989
6.602705
6.612775
6.623177
6.633691
6.64409
6.654092
6.664864
6.675004
6.684801
6.695423
6.706225
6.717886
6.729115
6.739731
6.75108
6.762212
6.773547
6.78454
6.795969
6.806781
6.817975
6.829638
6.840316
6.851648
6.862758
6.873833
6.885047
TARGET DESTROYED 
6.896282
6.910437
6.921289
6.931798
6.941198
6.952136
6.963317
6.974425
6.985744
6.997146
7.008867
7.025702
7.036841
7.046935
7.056482
7.0664
7.076352
7.086106
7.097158
7.107932
7.119136
7.130599
7.141621
7.152632
7.164183
7.174931
7.186402
7.197339
7.20864
7.219689
7.230983
7.24265
7.253935
7.265808
7.276897
7.287671
7.298292
7.309015
7.320559
7.331447
7.3426
7.353741
7.364876
7.375984
7.387359
7.398567
7.4135
7.423263
7.433628
7.443808
7.455511
7.466664
7.478548
7.490003
7.500693
7.512325
7.523942
7.534751
7.546258
7.556996
7.5683
7.579716
7.590649
7.601925
7.613229
7.624099
7.635599
7.646741
7.657526
7.668808
7.680232
7.691152
7.702284
7.713749
7.724675
7.735961
7.747306
7.758238
7.769418
7.780706
7.792125
7.803386
7.814904
7.825887
7.837215
7.849435
7.859684
7.870939
7.882383
7.893685
7.905061
7.916264
7.927582
7.938445
7.949965
7.960969
7.972
7.983211
7.994505
8.005639
8.016966
8.027822
8.039095
8.050166
8.061612
8.072559
8.083634
8.095174
8.106257
8.117158
8.128819
8.140335
8.151316
8.162096
8.17385
8.184833
8.19617
8.207273
8.218246
8.229424
8.2403
8.252358
8.268132
8.279243
8.290022
8.301423
8.313683
8.324571
8.335756
8.351699
8.362266
8.373224
8.384109
8.394703
8.40527
8.416361
8.427341
8.437959
8.448773
8.459908
8.471134
8.481987
8.492477
8.503552
8.514803
8.525699
8.537099
8.548044
8.559542
8.570652
8.582149
TARGET DESTROYED 
8.592781
8.619525
8.631103
8.641965
8.65366
8.665501
8.676058
8.687091
8.698196
8.7099
8.720793
8.731944
8.742693
8.762656
8.774638
8.785288
8.796547
8.80694
8.817433
8.82769
8.838425
8.85008
8.860826
8.872057
8.883912
8.894546
8.905604
8.917682
8.928452
8.93945
8.949944
8.961768
8.972275
8.983588
8.99485
9.006586
9.017397
9.028613
9.039602
9.050848
9.065911
9.076243
9.087229
9.097751
9.107755
9.118366
9.129331
9.14
9.151017
9.162521
9.173536
9.185249
9.195908
9.209716
9.221468
9.231712
9.241662
9.251846
9.26321
9.27683
