0.02
0.04
0.14
0.1742947
0.1864274
0.1972359
0.2082862
0.2195425
0.2307507
0.2419569
0.2529636
0.2640682
0.2752857
0.2865625
0.2997115
0.3089628
0.3198672
0.3310776
0.3424199
0.3536255
0.3652504
0.3762786
0.3871862
0.3981374
0.4105075
0.4204546
0.4317436
0.4429678
0.4541211
0.4653431
0.4797064
0.4898893
0.4989891
0.509702
0.5210272
0.5321822
0.5433056
0.5545036
0.5660341
0.5766771
0.5880508
0.5994591
0.610666
0.6214638
0.6328064
0.6437846
0.6551265
0.6664591
0.6772554
0.6887189
0.699828
0.7113957
0.7219992
0.7333906
0.7448092
0.7558246
0.767188
0.7779647
0.7891546
0.8004596
0.8116466
0.8226241
0.8338577
0.8449006
0.8560722
0.8673885
0.8783933
0.8938726
0.9050506
0.9164038
0.9277294
0.9390832
0.950464
0.9619166
0.972727
0.984545
0.9956306
1.006357
1.017699
1.029445
1.040074
1.051361
1.062164
1.073325
1.08523
1.095719
1.111935
1.124246
1.133954
1.144086
1.153812
1.163345
1.172804
1.18176
1.191494
1.202363
1.213964
1.224541
1.236264
1.247042
1.258322
1.270887
1.280529
1.291654
1.303016
1.314003
1.32524
1.336493
1.347701
1.358563
1.369941
1.380998
1.392408
1.403449
1.414505
1.425559
1.437012
1.448199
1.459312
1.470384
1.482261
1.492623
1.504053
1.515089
1.526748
1.537499
1.549031
1.559788
1.57324
1.583144
1.594823
1.605731
1.621038
1.630023
1.640026
1.651916
1.663042
1.674501
1.693275
1.704519
1.716247
1.727172
1.738357
1.749939
1.761716
1.772468
1.783407
1.794682
1.805604
1.818873
1.829538
1.839858
1.850418
1.861654
1.872434
1.883835
1.894819
1.906093
1.917308
1.929313
1.940626
1.951086
1.961921
1.973357
1.984232
1.995294
2.006409
2.018157
2.028747
2.040068
2.051307
2.062385
2.074265
2.084853
2.096226
2.10794
2.124775
2.135383
2.145141
2.155437
2.166113
2.176555
2.187506
2.197647
2.208858
2.220249
2.231143
2.242445
2.253509
2.264655
2.280143
2.290708
2.300323
2.310084
2.32058
2.33202
2.343366
2.355779
2.367471
2.37766
2.388714
2.399048
2.410057
2.421019
2.434002
2.444597
2.455215
2.466517
2.477892
2.489839
2.502065
2.514181
2.525156
2.535226
2.546884
2.556742
2.568129
2.57895
2.590029
2.601384
2.612376
2.62348
2.635255
2.64938
2.660135
2.671397
2.68146
2.692276
2.703521
2.713693
2.725145
2.736156
2.747393
2.758749
2.773962
2.784995
2.795928
2.807043
2.817619
2.828777
2.839774
2.849914
2.860449
2.871305
2.881212
2.891727
2.902748
2.913399
2.924518
2.935676
2.946646
2.962982
2.974879
2.985639
2.996465
3.006551
3.017483
3.028868
3.03996
3.050385
3.061588
3.074114
3.084646
3.095422
3.10689
3.117661
3.128425
3.139554
3.149973
3.160479
3.172007
3.18199
3.193167
3.204555
3.214644
3.225207
3.236377
3.247434
3.258651
3.270171
3.281154
3.292219
3.303589
3.314405
3.325768
3.337789
3.348018
3.359208
3.371283
3.38213
3.39326
3.404807
3.415666
3.427599
3.439852
3.450833
3.460878
3.472042
3.483927
3.494924
3.506199
3.517412
3.528798
3.540205
3.55188
3.563298
3.574104
3.585994
3.596992
3.60796
3.622381
3.638198
3.648954
3.659847
3.670972
3.682185
3.693317
3.70463
3.715615
3.726666
3.737952
3.749178
3.760428
3.77206
3.782736
3.793723
3.804832
3.816132
3.827156
3.838278
3.849604
3.860933
3.872551
3.883418
3.894645
3.905285
3.916798
3.927659
3.939052
3.950704
3.961836
3.97309
3.984213
3.995123
4.006107
4.017329
4.028276
4.039454
4.051248
4.062243
4.075427
4.087036
4.097494
4.108086
4.120083
4.130656
4.142285
4.153564
4.165275
4.176685
4.188081
4.199612
4.211089
4.222044
4.233628
4.2456
4.259617
4.27026
4.281065
4.291939
4.303236
4.314719
4.332419
4.343452
4.354859
4.365785
4.376512
4.388357
4.399468
4.409814
4.421342
4.431721
4.442868
4.454212
4.464489
4.475073
4.486402
4.498063
4.508682
4.519835
4.531182
4.542534
4.55364
4.564992
4.575786
4.586679
4.598009
4.609107
4.621076
4.63169
4.642575
4.653735
4.665
4.676507
4.687879
4.69879
4.709691
4.721221
4.732183
4.743288
4.75511
4.765985
4.776842
4.787859
4.799172
4.810774
4.822021
4.833909
4.845267
4.856588
4.868381
4.879665
4.891293
4.902732
4.914198
4.925608
4.937111
4.948975
4.959817
4.971628
4.983487
4.994779
5.009838
5.021915
5.032969
5.044455
5.055932
5.067258
5.07855
5.089604
5.101146
5.111863
5.124027
5.134894
5.145502
5.156526
5.168812
5.179302
5.190747
5.202109
5.212474
5.223804
5.234794
5.246199
5.257655
5.268172
5.279304
5.290457
5.302105
5.31307
5.324851
5.335926
5.346241
5.357972
5.370138
5.380494
5.391092
5.402958
5.414162
5.425637
5.436637
5.447057
5.458481
5.46983
5.480488
5.491592
5.502815
5.513985
5.525475
5.537313
5.548546
5.559929
5.571525
5.583194
5.596776
5.607845
5.619169
5.630251
5.641423
5.652489
5.669858
5.687068
5.698941
5.709784
5.720492
5.731294
5.742729
5.753629
5.765017
5.777058
5.787969
5.7988
5.809563
5.820312
5.830268
5.840509
5.851043
5.861697
5.87207
5.886486
5.897674
5.909385
5.920331
5.931468
5.942543
5.953664
5.964724
5.9759
5.987119
5.998355
6.009631
6.020456
6.031463
6.042685
6.053608
6.065393
6.077402
6.089325
6.100225
6.111247
6.122705
6.133509
6.14514
6.156312
6.167336
6.178657
6.189789
6.201297
6.21282
6.224051
6.235711
6.247175
6.257827
6.268694
6.279509
6.290208
6.300546
6.311015
6.32157
6.331777
6.342451
6.352976
6.368371
6.378966
6.389296
6.399762
6.410489
6.421272
6.43172
6.442148
6.452501
6.463818
6.474953
6.486202
6.497619
6.508265
6.519559
6.530633
6.542893
6.554085
6.564683
6.575322
6.586721
6.598013
6.609138
6.620721
6.641458
6.65262
6.664475
6.675911
6.686821
6.698425
6.709187
6.720348
6.731635
6.742514
6.753656
6.764841
6.776444
6.787466
6.798473
6.809548
6.820733
6.831932
6.843359
6.854267
6.865852
6.87673
6.887758
6.899003
6.910288
6.921547
6.932757
6.943959
6.955335
6.966007
6.977181
6.988977
6.999595
7.010827
7.022102
7.032987
7.048525
7.059702
7.070674
7.081913
7.092305
7.103015
7.113892
7.12456
7.135524
7.146298
7.157244
7.168776
7.180824
7.191645
7.202992
7.214104
7.225246
7.236399
7.247773
7.25912
7.270099
7.281403
7.293237
7.304111
7.314729
7.32614
7.337902
7.34834
7.35931
7.370653
7.381801
7.392777
7.40407
7.415215
7.426492
7.437825
7.449426
7.460505
7.472368
7.483421
7.498727
7.508968
7.519146
7.528597
7.53891
7.549688
7.560679
7.571771
7.583335
7.594272
7.609294
7.620642
7.631243
7.642683
7.65334
7.664399
7.675711
7.686727
7.698101
7.714157
7.725753
7.737835
7.748242
7.759209
7.770195
7.78183
7.792761
7.80441
7.815333
7.826558
7.83778
7.8483
7.859932
7.871596
7.881838
7.893089
7.905156
7.915825
7.926579
7.937626
7.949154
7.960368
7.971332
7.98285
7.994296
8.005651
8.01663
8.028351
8.039349
8.050293
8.061521
8.072883
8.083821
8.0951
8.10673
8.118052
8.1296
8.140745
8.151644
8.163133
8.175237
8.18611
8.197001
8.208215
8.219542
8.230244
8.241715
8.253334
8.264436
8.276215
8.288217
8.299244
8.310566
8.321825
8.333549
8.344683
8.355387
8.366928
8.378178
8.390124
8.406835
8.419099
8.430295
8.440914
8.452168
8.462878
8.474144
8.485319
8.496399
8.507569
8.518622
8.529664
8.541218
8.552404
8.563487
8.574782
8.585956
8.597315
8.608441
8.619648
8.630548
8.641808
8.652693
8.663749
8.675176
8.687359
8.698132
8.708821
8.720069
8.730751
8.742267
8.753562
8.764486
8.775505
8.787159
8.798011
8.809172
8.820369
8.831816
8.844099
8.855287
8.866282
8.877357
8.888974
8.900762
8.912099
8.92335
8.935135
8.946347
8.957621
8.968896
8.980752
8.991829
9.00287
9.014708
9.026042
9.037317
9.048723
9.059784
9.071066
9.082172
9.093092
9.108627
9.123705
9.135565
9.146366
9.157283
9.168431
9.179322
9.190762
9.202169
9.213173
9.22438
9.235755
9.246509
9.257637
9.268859
9.279966
9.290819
9.301848
9.312612
9.324409
9.3359
9.346838
9.357661
9.368916
9.37972
9.391072
9.402039
9.413053
9.424604
9.435885
9.44661
9.457716
9.469285
9.479852
9.491078
9.502151
9.513142
9.524311
9.535177
9.546256
9.557789
9.569391
9.580816
9.592228
9.606543
9.616852
9.626999
9.638895
9.64957
9.660933
9.672565
9.684093
9.694906
9.710137
9.721547
9.732271
9.743213
9.759716
9.771256
9.781744
9.793114
9.804053
9.814739
9.826127
9.837475
9.848486
9.859802
9.87055
9.88129
9.892445
9.903515
9.914833
9.926236
9.937182
9.948823
9.960293
9.971063
9.982479
9.994059
10.0047
10.01546
10.02666
10.03789
10.04891
10.06042
10.07185
10.08274
10.09393
10.10543
10.11607
10.12711
10.13919
10.1501
10.16151
10.1731
10.18372
10.19541
10.20618
10.21684
10.22827
10.23919
10.25074
10.26186
10.27368
10.28501
10.29648
10.30819
10.32013
10.33244
10.3434
10.35511
10.36656
10.37729
10.38878
10.39998
10.41148
10.42278
10.43409
10.45115
10.46293
10.47396
10.48491
10.49712
10.50841
10.51993
10.53109
10.54263
10.55416
10.56494
10.57694
10.58768
10.59882
10.61006
10.62107
10.6322
10.6435
10.6546
10.66471
10.67649
10.68736
10.69819
10.7092
10.71946
10.7303
10.74127
10.7527
10.76382
10.77505
10.7861
10.7972
10.80831
10.81971
10.83102
10.84238
10.8538
10.86505
10.87644
10.88807
10.8994
10.91073
10.9222
10.93429
10.94499
10.95656
10.96803
10.9795
11.01403
11.02543
11.03561
11.04634
11.05731
11.06806
11.07879
11.08915
11.10523
11.11871
11.12909
11.14009
11.15113
11.16218
11.17326
11.18419
11.19554
11.20658
11.21753
11.23418
11.24619
11.25684
11.26725
11.27787
11.28938
11.29985
11.31124
11.32219
11.33392
11.34455
11.35569
11.36707
11.37786
11.38912
11.40122
11.41197
11.42317
11.43425
11.44515
11.45621
11.46769
11.47864
11.4903
11.50132
11.51218
11.52324
11.53477
11.54548
11.55711
11.56804
11.57909
11.59058
11.60564
11.6237
11.63517
11.64597
11.65741
11.6685
11.67975
11.691
11.70211
11.71328
11.72435
11.73551
11.74681
11.75792
11.76915
11.7804
11.79199
11.80381
11.81426
11.82619
11.8373
11.8476
11.85842
11.8705
11.88111
11.89395
11.9053
11.92155
11.93298
11.94359
11.95523
11.96624
11.97685
TARGET DESTROYED 
11.9883
12.00804
12.01981
12.03114
12.05049
12.06357
12.07532
12.08601
12.09737
12.1092
12.12067
12.13135
12.14205
12.15298
12.16437
12.17512
12.18636
12.1973
12.20809
12.21936
12.23011
12.24189
12.25282
12.26369
12.27452
12.28556
12.29636
12.30748
12.31861
12.32981
12.3405
12.35124
12.36241
12.37339
12.38384
12.39442
12.40556
12.41726
12.42921
12.43982
12.45068
12.46167
12.47256
12.48425
12.49586
12.50638
12.51757
12.52913
12.54007
12.55165
12.56252
12.57828
12.58954
12.59985
12.61098
12.62183
12.63269
12.64419
12.65534
12.66581
12.67666
12.6871
12.69778
12.7088
12.72036
12.73139
12.74251
12.75354
12.76472
12.7761
12.78715
12.79857
12.81025
12.82087
12.83274
12.84391
12.85458
12.86519
12.87653
12.88766
12.89888
12.91018
12.9212
12.93251
12.94366
12.95484
12.96724
12.97812
12.98897
13.00041
13.01187
13.02324
13.03465
13.04633
13.05728
13.08808
13.10009
13.11178
13.12318
13.13358
13.14533
13.15666
13.16754
13.1787
13.18976
13.20083
13.21189
13.22285
13.2339
TARGET DESTROYED 
13.24514
13.26595
13.27855
13.29666
13.30938
13.32179
13.33301
13.34396
13.35509
13.3664
13.37777
13.38972
13.4008
13.41182
13.42349
13.43491
13.44587
13.4573
13.46785
13.47881
13.48972
13.50093
13.51188
13.52267
13.53419
13.54508
13.5561
13.5675
13.57836
13.5899
13.60107
13.61224
13.62624
13.63774
13.6482
13.65966
13.67097
13.68167
13.69261
13.70394
13.71468
13.72516
13.7361
13.74715
13.75759
13.76865
13.77956
13.79121
13.80264
13.81413
13.82585
13.83734
13.84877
13.86033
13.87163
13.88343
13.89457
13.90621
13.91761
13.93485
13.94571
13.95696
13.96792
13.97925
13.99025
14.00124
14.0127
14.02354
14.03448
14.04596
14.05733
14.06872
14.07979
14.09045
14.10247
14.11467
14.12606
14.13755
14.14819
14.15931
14.1705
14.18181
14.19299
14.20403
14.21563
14.22696
14.23804
14.24889
14.26021
14.27124
14.28272
14.29409
14.30464
14.31575
TARGET DESTROYED 
14.32728
14.34257
14.35378
14.36446
14.37592
14.39357
14.40576
14.41725
14.4287
14.43968
14.45121
14.46216
14.47349
14.48521
14.49595
14.50657
14.51705
14.52846
14.53923
14.55066
14.56192
14.57258
14.58394
14.59491
14.61058
14.62217
14.63276
14.64338
14.65475
14.66536
14.67665
14.68871
14.69991
14.71112
14.72227
14.73271
14.74335
14.75442
14.76618
14.77791
14.79011
14.80375
14.81522
14.82748
14.84055
14.853
14.86532
14.87834
14.89126
14.90445
14.91662
14.92876
14.94093
14.95378
14.96649
14.97877
14.99115
15.00388
15.01653
15.02851
15.04209
15.05418
15.0667
15.0795
15.09201
15.10301
15.113
15.12403
15.13433
15.14504
15.15547
15.16541
15.17586
15.18712
15.19884
15.21
15.22053
15.23217
15.24298
15.25405
15.26507
15.27652
15.28749
15.30341
15.31376
15.32422
15.33531
15.34524
15.35547
15.36623
15.3767
15.38816
15.39927
15.41039
15.42185
15.43284
15.44413
15.45546
15.46681
15.47772
15.48885
15.50015
15.51103
15.52229
15.53401
15.54509
15.5566
15.56818
15.57976
15.59121
15.6027
15.61806
15.62879
15.63972
15.65044
15.66191
15.67282
15.68361
15.69487
15.70624
15.7178
15.72894
15.73986
15.75119
15.7616
15.77256
15.78353
15.79364
15.8048
15.81628
15.82701
15.83815
15.84933
15.86028
15.87143
15.88289
15.89404
15.90491
15.91677
15.92819
15.93992
15.95244
15.96343
15.98019
15.99199
TARGET DESTROYED 
16.00386
16.02038
16.03238
16.04432
16.05638
16.06788
16.08065
16.09825
16.11124
16.12369
16.13503
16.14645
16.15884
16.17065
16.18198
16.19367
16.20576
16.21742
16.23005
16.2431
16.25626
16.26907
16.28121
16.29317
16.30533
16.31692
16.32965
16.34126
16.35403
16.36563
16.37729
16.38941
16.40174
16.4139
16.42599
16.43783
16.45083
16.46299
16.47323
16.48355
16.49406
16.50502
16.51654
16.52736
16.5384
16.54982
16.56111
16.57318
16.58461
16.59545
16.60606
16.617
16.6278
16.63893
16.65028
16.66148
16.67728
16.68826
16.69855
16.70899
16.72035
16.73063
16.74183
16.75269
16.76286
16.77356
16.78527
16.79599
16.80665
16.81795
16.82948
16.84089
16.85296
16.86431
16.87657
16.88856
16.89975
16.93022
16.96038
16.99144
17.02245
17.0534
17.08502
17.11583
17.14702
17.18181
17.2057
17.22836
17.25122
17.27423
17.29729
17.32065
17.34126
17.36156
17.38138
17.39861
17.42124
17.44372
17.46567
17.48806
17.51059
17.53337
17.55517
17.57733
17.60021
17.62207
17.64453
17.66715
17.6897
17.71149
17.73416
17.7562
17.77836
17.80106
17.82364
17.84563
17.86822
17.89013
17.91261
17.93514
17.94595
17.95745
17.96833
17.97947
17.99067
18.00206
18.01317
18.0244
TARGET DESTROYED 
18.03548
18.04997
18.06042
18.07114
18.08128
18.09193
18.10266
18.11355
18.12496
18.13637
18.14693
18.15862
18.176
18.18793
18.19757
18.20785
18.21928
18.2291
18.23926
18.24969
18.25935
18.27039
18.28096
18.29229
18.30367
18.31464
18.3263
18.33836
18.34922
18.36532
18.37707
18.38857
18.39958
18.41118
18.4232
18.4351
18.44695
18.45847
18.47008
18.48212
18.4931
18.50432
18.51562
18.52685
18.53834
18.5491
18.56007
18.57154
18.5826
18.59392
18.60577
18.61703
18.62792
18.63917
18.65034
18.6612
18.67313
18.68466
18.69526
18.70825
18.71992
18.73118
18.7431
18.75435
18.76491
18.77629
18.78802
18.79917
18.81018
18.82127
18.832
18.8436
18.8542
18.86482
18.8758
18.88669
18.89693
18.90788
18.91879
18.92907
18.94026
18.95167
18.96301
18.97501
18.98637
18.99756
19.00905
19.0206
19.03221
19.0436
19.0601
19.07195
19.0832
19.09465
19.10535
19.11622
19.12728
19.13821
19.14851
19.15997
19.17132
19.18295
19.19398
19.20503
19.21669
19.22744
19.2384
19.25064
19.26178
19.2726
19.28325
19.29492
19.30556
19.3164
19.32796
19.33942
19.35137
19.36336
19.37469
19.38687
19.39804
19.40984
19.42203
19.43348
19.44548
19.45772
19.46962
19.48111
19.49323
19.50483
19.51575
19.52682
19.53763
19.5482
19.55922
19.57061
19.58123
19.59205
19.60695
19.61832
19.62979
19.64133
TARGET DESTROYED 
19.65328
19.67089
19.68249
19.69409
19.70538
19.71684
19.72907
19.75303
19.76593
19.77778
19.78963
19.80105
19.81169
19.82383
19.83551
19.84689
19.85856
19.87015
19.88166
19.89316
19.90457
19.91622
19.92764
19.93894
19.95029
19.96117
19.97246
19.98456
19.99563
20.00764
20.0186
20.02988
20.04218
20.05334
20.06478
20.07681
20.08797
20.10012
20.11125
20.12275
20.13442
20.14758
20.1594
20.17105
20.18164
20.19316
20.20472
20.21547
20.22707
20.23853
20.24997
20.26194
20.27296
20.28437
20.29552
20.30648
20.31706
20.32842
20.33932
20.35017
20.3613
20.37286
20.38338
20.39456
20.40582
20.41703
20.42794
20.43917
20.45006
20.46166
20.47241
20.48832
20.50056
20.51127
20.52228
20.53328
20.54468
20.55546
20.56656
20.57778
20.58851
20.59899
20.61023
20.6215
20.63177
20.64274
20.6539
20.66517
20.67661
20.68779
20.69841
20.71005
20.72101
20.73166
20.74297
20.754
20.76443
20.77573
20.78667
20.79699
20.80763
20.81918
20.83018
20.84128
20.852
20.86251
20.87404
20.88611
20.8966
20.90751
20.92055
20.93157
20.94324
20.95452
20.96547
20.97698
20.9881
20.99867
21.00987
21.02065
21.03145
21.0431
21.05425
21.06611
21.07808
21.0889
21.10047
21.11151
21.12379
21.13515
21.14578
21.15664
21.16838
21.17907
21.18996
21.20714
21.2184
21.22994
21.24107
21.25248
21.2637
21.27481
21.28637
21.29721
21.30865
21.31985
21.33136
21.34332
21.35516
21.36634
21.37694
21.3883
21.39887
21.40987
21.42158
21.43262
21.44432
21.45503
21.46571
21.477
21.48798
21.4984
21.50925
21.52024
21.53278
21.5444
21.55479
21.56505
21.57615
21.58812
21.59846
21.60962
21.62154
21.63586
21.64595
21.65624
21.66737
21.67842
21.6898
21.70136
21.71257
21.72808
21.73972
21.75141
21.7622
21.77316
21.78469
21.79542
21.80642
21.81758
21.82903
21.84084
21.85176
21.86237
21.87312
21.88471
21.89566
21.90709
21.91857
21.92917
21.94497
21.95666
21.96785
21.9786
21.9893
22.00095
22.0119
22.02281
22.03449
22.04582
22.05714
22.06779
22.07918
22.09024
22.10154
22.11361
22.12563
22.13682
22.14842
22.15949
22.17028
22.18082
22.19167
22.20282
22.21333
22.22434
22.2352
22.24623
22.25746
22.26874
22.27966
22.29121
22.30222
22.31326
22.3247
22.33649
22.3474
22.35968
22.37031
22.38052
22.3918
22.40277
22.41412
22.42534
22.43642
22.44836
22.45997
22.47116
22.48277
22.49413
22.50555
22.51765
22.52853
22.5401
22.55212
22.56343
22.57461
22.58652
22.59747
22.60875
22.61997
22.63121
22.64231
22.65366
22.67035
22.68144
22.69262
22.70395
22.71562
22.72666
22.73765
22.7495
22.76117
22.77255
22.78371
22.79524
22.80618
22.81748
22.82909
22.84033
22.85182
22.86251
22.87401
22.88865
22.90033
22.91209
22.92351
22.9348
22.94552
22.95672
22.96776
22.9791
22.99033
23.0013
23.01231
23.02474
23.03665
23.0476
23.05967
23.07187
23.08356
23.09549
23.10791
23.11865
23.13051
23.14186
23.15393
23.16545
23.17672
23.18855
23.20057
23.21194
23.22283
23.23453
23.24535
23.25695
23.26889
23.28024
23.29205
23.30437
23.3152
23.32761
23.33857
23.34951
23.36336
23.3759
23.38731
23.40445
23.41486
23.4295
