0.02
0.04
0.14
0.1744926
0.1880718
0.1998016
0.2126144
0.2241508
0.2347594
0.2460532
0.257596
0.2685511
0.2828229
0.2929493
0.302346
0.3132705
0.3245557
0.3359474
0.3476432
0.3580031
0.3692193
0.3801337
0.3926161
0.4034624
0.4133989
0.4251399
0.4358146
0.4498968
0.4597618
0.4695219
0.485041
0.4949054
0.5041599
0.5140669
0.5251682
0.5363546
0.5475403
0.5588139
0.5699012
0.580974
0.5923278
0.6035629
0.6146197
0.6256614
0.6366581
0.6479642
0.6590565
0.6702821
0.6813106
0.6925146
0.7037244
0.7148517
0.7261026
0.7372892
0.748338
0.7598554
0.7710074
0.7819817
0.7930542
0.8043204
0.8154323
0.8268201
0.8379353
0.8490478
0.860409
0.8717827
0.8824173
0.8965827
0.9079326
0.9195191
0.930315
0.9418963
0.9531615
0.9645911
0.975976
0.9875153
0.9991039
1.010569
1.021997
1.033797
1.04387
1.055635
1.066301
1.077461
1.088482
1.099684
1.111401
1.122758
1.132945
1.144217
1.155561
1.166571
1.177849
1.18925
1.200168
1.211352
1.222884
1.233953
1.244868
1.256443
1.267377
1.278498
1.289985
1.300757
1.312091
1.323481
1.334211
1.34536
1.356793
TARGET DESTROYED 
1.374541
1.38462
1.40395
1.414859
1.424609
1.433869
1.443499
1.452852
1.463244
1.474954
1.48567
1.496781
1.508209
1.519252
1.530202
1.541724
1.552831
1.564142
1.579667
1.589546
1.598234
1.608652
1.619624
1.630718
1.642049
1.653122
1.664262
1.675432
1.686694
1.698158
1.709111
1.720103
1.731494
1.742479
1.753616
1.764856
1.776056
1.787276
1.798386
1.809517
1.820831
1.831955
1.843164
1.854483
1.86554
1.877504
1.888024
1.898797
1.910534
1.921508
1.932546
1.943621
1.955002
1.967048
1.978394
1.989864
2.001461
2.013305
2.02497
2.036488
2.047785
2.058884
2.07039
2.082197
2.093182
2.104706
2.115839
2.12705
2.138617
2.14961
2.160669
2.172589
2.183236
2.194353
2.205498
2.216554
2.22765
2.239522
2.250205
2.26134
2.272879
2.283698
2.294873
2.306149
2.317392
2.328709
2.343675
2.353032
2.362839
2.372885
2.382343
2.392617
2.403729
2.41488
2.426301
2.437233
TARGET DESTROYED 
2.451574
2.461891
2.471356
2.482565
2.49968
2.51118
2.520675
2.530321
2.539993
2.549455
2.559467
2.568946
2.580304
2.591392
2.602514
2.614164
2.624953
2.636195
2.647249
2.66229
2.67195
2.68147
2.692166
2.703243
2.7144
2.725469
2.736685
2.747802
2.75895
2.770006
2.781253
2.792748
2.803688
2.815157
2.826022
2.837205
2.848263
2.859479
2.870608
2.881783
2.893191
2.904357
2.915955
2.926796
2.938476
2.949925
2.96117
2.97291
2.984142
2.995435
3.007036
3.018518
3.029907
3.041044
3.052608
3.063841
3.075186
3.086396
3.097944
3.10982
3.120742
3.132039
3.143104
3.154697
3.166032
3.17724
3.188676
3.199881
3.210675
3.222479
3.232905
3.244353
3.255637
3.266777
3.277756
3.289133
3.300212
3.311461
3.322819
3.333554
3.344902
3.356346
3.367164
3.378422
3.390687
3.400451
3.411611
3.423694
3.433997
3.445043
3.456915
3.467524
3.478928
3.490134
3.501031
3.512249
3.524072
3.534591
3.545878
3.557169
3.567984
3.579497
3.590989
3.601565
3.613029
3.624012
3.635378
3.646667
3.657479
3.668597
3.679858
3.691112
3.702373
3.713208
3.724684
3.73602
3.747109
3.758153
3.76907
3.783901
3.794749
TARGET DESTROYED 
3.809569
3.81978
3.831408
3.842469
3.853557
3.864733
3.876162
3.887434
3.90568
3.917059
3.928053
3.938305
3.948378
3.958781
3.968454
3.978537
3.988594
3.998679
4.009936
4.021527
4.032433
4.043681
4.054901
4.065689
4.077125
4.088248
4.09945
4.110626
4.121813
4.13296
4.144025
4.155295
4.166563
4.177413
4.188789
4.200023
4.211082
4.222746
4.233325
4.244412
4.256267
4.26685
4.277947
4.289298
4.300427
4.311718
4.323144
4.334366
4.345968
4.357555
4.368985
4.380152
4.39159
4.402887
4.414438
4.425879
4.437216
4.448715
4.460195
4.471817
4.482897
4.494337
4.506129
4.519001
4.529293
4.540155
4.551023
4.562187
4.573436
4.584448
4.595537
4.607225
4.618198
4.629066
4.640696
4.651515
4.662685
4.674201
4.684964
4.696218
4.707469
4.718477
4.72964
4.740878
4.752216
4.763144
4.774448
4.785573
4.796671
4.807898
4.819106
4.830544
4.841676
4.852625
4.86377
4.879367
4.889819
4.900427
4.911356
4.921891
4.932943
4.943812
4.954389
4.965031
4.975717
4.986299
4.996644
5.007117
5.017447
5.027781
5.038337
5.048986
5.061097
5.071575
5.082321
5.093568
5.104998
5.116244
5.127322
5.138304
5.149968
5.161404
5.171906
5.182729
5.194105
5.205377
5.216376
5.227721
5.23905
5.249839
5.261677
5.272566
5.283386
5.294671
5.30602
5.31712
5.328561
TARGET DESTROYED 
5.344761
5.355605
5.366583
5.37745
5.387992
5.398846
5.410009
5.420218
5.43082
5.442142
5.453135
5.471148
5.482934
5.495602
5.506826
5.517774
5.529068
5.540271
5.551354
5.562499
5.573851
5.585011
5.595938
5.607545
5.618689
5.629826
5.640991
5.651803
5.662994
5.674352
5.685264
5.696586
5.708079
5.718928
5.729939
5.741275
5.752447
5.763721
5.774789
5.786148
5.796984
5.808306
5.819403
5.830631
5.841845
5.852968
5.864147
5.875278
5.886423
5.897897
5.909121
5.921266
5.932317
5.943873
5.955097
5.966379
5.977828
5.993476
6.003663
6.014194
6.024453
6.034328
6.04555
6.056542
6.067645
6.079183
6.090121
6.101308
6.113254
6.123722
6.13482
6.145871
6.157248
6.168237
6.179354
6.190626
6.201772
6.212977
6.224303
6.235474
6.246341
6.257666
6.268793
6.280016
6.291338
6.302312
6.31339
6.32473
6.335715
6.346931
6.358278
6.370359
6.380798
6.392948
6.403496
6.415277
6.426141
6.437747
6.449077
6.460294
6.471881
6.482978
6.494246
6.506201
6.516843
6.528104
6.539525
6.550725
6.561676
6.573164
6.584329
6.595137
6.606714
6.617428
6.628471
6.640136
6.65102
6.662201
6.673467
6.68474
6.695649
6.707465
6.718073
6.729917
6.740754
6.751523
6.762578
6.774106
6.785155
6.796072
6.807415
6.818505
6.829466
6.841383
6.852006
6.863643
6.874516
6.885545
6.896477
6.907865
6.918936
6.930119
6.941462
6.953285
6.964003
6.97496
6.986012
6.997234
7.008408
7.01984
7.030764
7.042053
7.052903
7.064178
7.075396
7.086622
7.097872
7.108968
7.124084
7.133541
7.142971
7.152076
7.162385
7.173923
7.184692
7.196028
7.207629
7.218216
7.229508
7.240678
7.25181
7.262987
7.274241
7.285266
7.296437
7.307644
7.318786
7.330036
7.341656
7.352504
7.363521
7.3747
7.385781
7.397079
7.408163
7.419317
7.430369
7.441859
7.453094
7.463894
7.475152
7.486708
7.497783
7.509029
7.520556
7.531944
7.543201
7.554813
7.56565
7.577075
7.588748
7.59985
7.611151
7.622854
7.633758
7.645316
7.656732
7.667461
7.678629
7.690145
7.700984
7.712028
7.723503
7.734639
7.74555
7.75699
7.768034
7.7792
7.790575
7.802052
7.812643
7.830724
7.841144
7.851251
7.878474
