0.02
0.04
0.14
0.1689026
0.1810925
0.1912301
0.2010791
0.2167397
0.2281086
0.2397902
0.2502769
0.261299
0.2724678
0.2862186
0.2975227
0.3068776
0.3170396
0.3287145
0.3396375
0.3505679
0.3616981
0.3727529
0.384117
0.3950981
0.4062437
0.4175664
0.4285044
0.4399939
0.4514883
0.4620266
0.4761836
0.4861644
0.4955007
0.5066406
0.5180595
0.5290483
0.5403039
0.5519134
0.5625801
0.5737373
0.5851113
0.5963506
0.6073349
0.6189623
0.6295263
0.6405061
0.6519315
0.6635612
0.6740463
0.6854915
0.6963407
0.7074715
0.7190204
0.7299392
0.7409546
0.7525423
0.763598
0.774887
0.7861927
0.7977548
0.8080143
0.8195748
0.8303579
0.8415369
0.8530027
0.8639449
0.8760051
0.890736
0.902151
0.9128087
0.9246315
0.9356427
0.9467685
0.9582272
0.9694449
0.9807128
0.9918994
1.003786
1.014583
1.025659
1.037023
1.047756
1.058753
1.070245
1.08138
1.092125
1.103547
1.114682
1.125697
1.137052
1.1482
1.159431
1.170635
1.181681
1.19279
1.204122
1.215285
1.226257
1.237963
1.248889
1.260019
1.271235
1.282159
1.293532
TARGET DESTROYED 
1.312186
1.323198
1.333477
1.344245
1.355603
1.367392
1.377838
1.389984
1.40845
1.419317
1.42902
1.43951
1.448654
1.458606
1.468071
1.478226
1.489443
1.500947
1.511784
1.522875
1.534346
1.545477
1.560562
1.570373
1.579963
1.590191
1.601377
1.612225
1.623622
1.635149
1.645885
1.65702
1.668465
1.679592
1.690629
1.70217
1.712707
1.724435
1.735318
1.746466
1.757437
1.769079
1.77985
1.791074
1.802548
1.813358
1.824792
1.836288
1.847278
1.859046
1.877109
1.888206
1.897607
1.907306
1.917334
1.927028
1.936925
1.948763
1.958679
1.969872
1.980878
1.992048
2.003441
2.014874
2.025635
2.036929
2.048288
2.05926
2.070321
2.081516
2.092702
2.103973
2.115288
2.126223
2.137383
2.148547
2.159557
2.175071
2.185567
2.195487
2.205538
2.21559
2.226516
2.237914
2.248979
2.260346
2.271745
2.28362
2.294701
2.306098
2.317745
2.329643
2.340819
2.351977
2.36326
2.374492
2.386035
2.396794
2.407917
2.419267
2.430246
2.441646
2.452906
2.464205
2.474988
2.486619
2.497218
2.508612
2.519831
2.530841
2.542082
TARGET DESTROYED 
2.556826
2.567411
2.577559
2.587888
2.598682
2.60999
2.621168
2.632204
2.643695
2.665912
2.677402
2.687457
2.697203
2.706843
2.718318
2.729423
2.740376
2.75181
2.762752
2.774024
2.785393
2.796449
2.807395
2.818707
2.829765
2.840936
2.852395
2.863254
2.874534
2.886297
2.897176
2.90795
2.919797
2.930202
2.941458
2.952983
2.963879
2.974893
2.98635
2.997465
3.008568
3.019758
3.030767
3.041828
3.053274
3.064434
3.075711
3.086632
3.097832
3.109422
3.12018
3.131262
3.142514
3.153747
3.165085
3.176601
3.188157
3.199675
3.211216
3.222725
3.234848
3.246107
3.258522
3.268851
3.280667
3.292009
3.303404
3.315009
3.326184
3.337646
3.348562
3.359987
3.371074
3.382155
3.3932
3.404584
3.415606
3.426919
3.438423
3.449081
3.46036
3.471442
3.482947
3.494812
3.505217
3.51613
3.527281
3.538398
3.550486
3.560889
3.571829
3.583305
3.594235
3.605367
3.616626
3.627716
3.638908
3.650669
3.661459
3.6726
3.683807
3.694687
3.705896
3.71727
3.728228
3.739511
3.750944
3.761756
3.777292
3.78801
3.799175
3.810049
3.820574
3.830451
3.840668
3.850947
3.860965
3.871174
3.880743
3.891068
3.902459
3.91334
3.9245
3.935945
3.946629
3.957912
3.969225
3.980195
3.991425
4.002957
4.014011
4.02506
4.036242
4.047729
4.058551
4.069818
4.08069
4.091902
4.103349
4.114337
4.125474
4.136782
4.148396
4.160458
4.170771
4.181353
4.192369
4.203965
4.215029
4.226204
4.237731
4.24916
4.260505
4.272004
4.283954
4.295063
4.306403
4.318422
4.329084
4.340831
TARGET DESTROYED 
4.355296
4.372453
4.383997
4.394704
4.4053
4.415854
4.427132
4.438335
4.449615
4.460494
4.471792
4.482947
4.49414
4.505406
4.51647
4.527548
4.540148
4.552654
4.562439
4.572794
4.584016
4.594653
4.605961
4.617298
4.628171
4.639502
4.650785
4.66186
4.672702
4.684107
4.695114
4.7063
4.717753
4.728762
4.740111
4.751698
4.762086
4.773373
4.784924
4.795675
4.806715
4.818459
4.829116
4.840672
4.852317
4.867483
4.87794
4.88974
4.901269
4.913435
4.92481
4.935605
4.945901
4.95682
4.967052
4.977777
4.988317
4.99918
5.010427
5.021614
5.032684
5.043807
5.055078
5.066163
5.077623
5.09005
5.102501
5.112888
5.1239
5.134545
5.144718
5.155667
5.166884
5.178003
5.189059
5.200676
5.211511
5.222642
5.233952
5.245191
5.255995
5.267696
5.278499
5.290156
5.301628
5.313552
5.324014
5.335461
5.346422
5.358092
5.369315
5.380532
5.391584
5.403054
5.414011
5.425299
5.43644
5.452041
5.467032
5.477695
5.488348
5.499515
5.510389
5.521668
5.533104
5.544136
5.555735
5.566387
5.577474
5.588698
5.599864
5.611425
5.622397
5.633571
5.644502
5.655844
5.666923
5.677984
5.68924
5.700645
5.71193
5.723669
5.734095
5.745224
5.756393
5.767799
5.778595
5.789683
5.801502
5.812135
5.823318
5.83479
5.845507
5.856859
5.868232
5.879078
5.890319
5.901905
5.913631
5.926969
5.939028
5.949629
5.960454
5.971625
5.981959
5.997894
6.008709
6.020256
6.031426
6.042373
6.053502
6.063792
6.074436
6.085392
TARGET DESTROYED 
6.101642
6.112936
6.124866
6.136458
6.147119
6.158626
6.170841
6.181366
6.191976
6.203167
6.214268
6.225455
6.23697
6.254641
6.266745
6.278256
6.289264
6.299776
6.3105
6.321522
6.332028
6.34296
6.354319
6.365079
6.375896
6.387877
6.398946
6.409797
6.420806
6.431027
6.441695
6.452059
6.462283
6.473229
6.484207
6.494715
6.505843
6.516133
6.526807
6.538372
6.549313
6.560418
6.571646
6.583201
6.594317
6.605162
6.616349
6.62746
6.63902
6.650122
6.661736
6.672954
6.683887
6.694862
6.705757
6.717521
6.728462
6.73977
6.751133
6.762174
6.77367
6.785335
6.796512
6.807926
6.819512
6.830619
6.841965
6.853685
6.865025
6.876167
6.887856
6.898895
6.910151
6.921755
6.936608
6.946591
6.956693
6.966802
6.977128
6.988302
6.999368
7.010466
7.021437
7.032702
7.043904
7.055187
7.066199
7.077416
7.088369
7.099778
7.110807
7.126751
7.138074
7.148699
7.159883
7.171682
7.181888
7.192354
7.203589
7.213986
7.224464
7.235183
7.245984
7.256524
7.267681
7.278483
7.288991
7.299631
7.310495
7.321247
7.332411
7.34291
7.354479
7.365311
7.375777
7.38713
7.398648
7.409297
7.42054
7.431644
7.442973
7.454095
7.465139
7.476449
7.487825
7.498806
7.509851
7.521001
7.532388
7.543836
7.554902
7.566545
7.577591
7.589146
7.600616
7.611806
7.623669
7.635122
7.646441
7.657588
7.669255
7.680267
7.691682
7.70326
7.714412
7.727267
7.737601
7.748756
7.76047
7.772171
7.783079
7.794176
7.805435
7.8165
7.827715
7.838832
7.849904
7.861112
7.87221
7.883509
7.89476
7.905923
7.917285
7.928129
7.939562
7.950661
7.961643
7.97279
7.984439
7.995066
8.006338
8.017651
8.028761
8.039852
8.05113
8.06221
8.073433
8.084821
8.095616
8.10683
8.118649
8.129039
8.140393
8.15194
8.16284
8.174155
8.185367
8.196441
8.207371
8.220665
8.234252
8.24529
8.254983
8.264857
8.280382
8.291723
8.303085
8.314185
8.325293
8.336783
8.347692
8.358643
8.369947
8.381098
8.392161
8.40397
8.414791
8.426894
8.439114
8.450699
8.46157
8.472532
8.483617
8.495051
8.506496
8.517258
8.528331
8.539621
8.551082
8.562632
8.57281
8.584422
8.594969
8.606438
8.617722
8.628751
8.640026
8.650826
8.66234
8.674231
8.68556
8.695101
8.705139
8.716278
8.727263
8.73875
8.75053
8.761204
8.772704
8.784801
8.796152
TARGET DESTROYED 
8.811358
8.822485
8.833391
8.843763
8.855081
8.8655
8.876564
8.887395
8.89769
8.909301
8.926885
8.939313
8.951404
8.962025
8.973243
8.984639
8.995656
9.006548
9.01822
9.029467
9.040579
9.052393
9.063129
9.073804
9.085098
9.095951
9.107518
9.118417
9.129566
9.140618
9.151922
9.163082
9.174218
9.185548
9.196812
9.209312
9.223456
9.234398
9.244813
9.255372
9.266783
9.278602
9.290577
9.301497
9.312557
9.322713
9.33459
9.346205
9.357605
9.369349
9.380884
9.391458
9.407202
9.418777
9.431279
9.442423
9.45377
9.464666
9.476234
9.487398
9.498446
9.510116
9.522894
9.535753
9.550836
9.565379
9.576681
9.58744
9.598773
9.610682
9.622172
9.632935
9.643624
9.654684
9.665824
9.676874
9.688399
9.699121
9.710396
9.721412
9.732784
9.743826
9.755239
9.766123
9.777349
9.788545
9.80005
9.811046
9.822111
9.833081
9.844763
9.855604
9.866742
9.877873
9.889247
9.900325
9.911501
9.922523
9.93407
9.944921
9.9561
9.967441
9.978471
9.989449
10.00117
10.01193
10.02307
10.03457
10.04567
10.05727
10.06835
10.07946
10.09125
10.10283
10.11427
10.12585
10.13748
10.14898
10.16084
10.17238
10.18356
10.19496
10.20637
10.21828
10.22914
10.2402
10.25176
10.26346
10.27379
10.28559
10.29626
10.3073
10.31897
10.33064
10.3413
10.35245
10.36434
10.37589
10.38678
10.4014
10.41172
10.42209
10.43336
10.44498
10.45523
10.46498
10.47553
10.48856
10.49999
10.51155
10.52349
10.53562
10.54829
10.55921
10.57571
10.58803
10.59859
10.60912
10.62071
10.63233
10.6441
10.65606
10.66798
10.67899
10.69095
10.70332
10.7166
10.72773
10.73909
10.74968
10.76073
10.77208
10.78291
10.7942
10.80527
10.81608
10.82737
10.83861
10.8498
10.86097
10.87193
10.88321
10.89447
10.90551
10.91703
10.92809
10.93968
10.95082
10.96251
10.97419
10.98607
10.99758
11.00946
11.02123
11.03241
11.04361
11.05488
11.06619
11.07666
11.08713
11.0975
11.10771
11.11936
11.13034
11.14201
11.15465
11.16517
11.17624
11.18666
11.19678
11.20818
11.21977
11.23118
11.24287
11.25456
11.26575
11.27806
11.28972
11.30137
11.31331
11.32536
11.33645
11.34753
11.35934
11.37696
11.39457
11.41225
11.42387
11.43461
11.44705
11.45806
11.46922
11.4804
11.49189
11.50473
11.5162
11.52783
11.5399
11.55155
11.56178
11.57417
11.58632
11.59825
11.61049
11.62247
11.64104
11.65338
11.66619
11.67906
11.6923
11.70402
TARGET DESTROYED 
11.72061
11.73263
11.75084
11.76859
11.77968
11.79013
11.80015
11.81117
11.82208
11.83294
11.84424
11.85584
11.86618
11.87751
11.88955
11.9009
11.91171
11.92325
11.93435
11.94618
11.95771
11.97032
11.98285
11.99466
12.00625
12.01749
12.02888
12.04068
12.05094
12.0621
12.07362
12.08576
12.09706
12.10832
12.11991
12.13132
12.14306
12.15476
12.16597
12.17778
12.19012
12.20198
12.21333
12.22493
12.23653
12.24751
12.2591
12.27023
12.28112
12.29208
12.303
12.31408
12.32751
12.33928
12.35082
12.3626
12.3751
12.38693
12.39848
12.41085
12.42272
12.43455
12.44723
12.46075
12.47413
12.48548
12.49601
12.5081
12.51941
12.53024
12.54243
12.55431
12.56496
12.5766
12.58903
12.6003
12.612
12.6232
12.63398
12.64498
12.65616
12.66769
12.67912
12.69054
12.70202
12.71387
12.72611
12.73733
12.74846
12.76005
12.77196
12.78301
12.79428
12.80597
12.8159
12.82681
12.84058
12.8526
12.86407
12.87515
12.88622
12.89711
12.91096
