0.02
0.04
0.14
0.1771152
0.193043
0.2059206
0.219257
0.2314917
0.2441111
0.2551534
0.2659632
0.2827466
0.2952209
0.3059274
0.316595
0.327408
0.3376499
0.3486441
0.3596203
0.3701105
0.3808622
0.3912218
0.4018022
0.4129943
0.4234525
0.4340566
0.4449266
0.4558679
0.4668448
0.4783106
0.4893314
0.5005158
0.5119874
0.5229665
0.5338953
0.5452157
0.5562705
0.5673437
0.5787536
0.5898328
0.6007894
0.6125654
0.6230957
0.6344476
0.6458251
0.6567578
0.6678671
0.683409
0.6943516
0.7053528
0.7162331
0.7268896
0.7378783
0.7491083
0.7597519
0.7704275
0.7817021
0.7920569
0.8028567
0.8140241
0.8250982
0.8359756
0.8467597
0.8577199
0.8689926
0.8803637
0.8914108
0.905178
0.9162021
0.9280397
0.9387869
0.9499456
0.9619703
0.9724534
0.9833873
0.9948781
1.005967
1.017189
1.029666
1.043195
1.054486
1.067253
1.078387
1.095003
1.105534
1.116099
1.126588
1.13729
1.148273
TARGET DESTROYED 
1.167292
1.178776
1.189379
1.200935
1.212253
1.222844
1.233835
1.252845
1.264745
1.275979
1.287186
1.297694
1.307886
1.321653
1.336674
1.347748
1.358125
1.368784
1.380178
1.390718
1.401699
1.412847
1.423842
1.434802
1.445876
1.456487
1.467508
1.478602
1.494754
1.506221
1.517152
1.528529
1.539182
1.550589
1.561869
1.572513
1.583806
1.595482
1.606187
1.617326
1.628907
1.639618
1.650896
1.66246
1.682351
TARGET DESTROYED 
1.696864
1.707747
1.725022
1.736696
1.747544
1.758565
1.769176
1.780204
1.790807
1.801438
1.812554
1.823399
1.834331
1.846003
1.856349
1.867398
1.877962
1.889009
1.904725
1.915436
1.926491
1.937235
1.948156
1.95907
1.96988
1.981015
1.991852
2.002477
2.01351
2.024127
2.036652
2.047313
2.057673
2.068616
2.079241
2.090221
2.101721
2.114513
2.125255
2.135916
2.146922
2.15746
2.168517
2.179907
2.190672
2.202024
2.212859
2.223401
2.234324
2.245751
2.256651
2.267981
2.279785
2.290359
2.301267
2.316968
2.327742
2.338991
2.349731
2.360537
2.371616
2.382502
2.393098
2.404404
2.416071
2.427077
2.438091
2.449813
2.460826
2.472075
2.483025
2.494732
2.505685
2.516937
2.528316
2.539793
2.551317
2.562701
2.573764
2.585068
2.596503
2.607808
2.619653
2.630689
2.641609
2.652932
2.664819
2.676011
2.686679
2.697816
2.708416
2.72437
2.735259
TARGET DESTROYED 
2.750057
2.761122
2.77278
2.783555
2.794318
2.805315
2.822995
2.834968
2.846534
2.857009
2.86841
2.879845
2.890705
2.901783
2.91316
2.92421
2.962481
2.974229
2.985685
2.996484
3.007465
3.018903
3.033312
3.044943
3.05639
3.068283
3.079517
3.091908
3.103015
3.116275
3.126945
3.13905
3.150861
3.167357
3.178733
3.189193
3.200582
3.212247
3.22355
3.234566
3.245914
3.256834
3.268358
3.2875
3.298861
3.309977
3.321323
3.332869
3.344305
3.355587
3.367802
3.379368
3.390875
3.402335
3.414178
3.426788
3.438151
3.449539
3.460741
3.471754
3.483079
3.494468
3.505852
3.517146
3.528392
3.539364
3.55057
3.561896
3.573007
3.58947
3.600738
3.612803
3.624084
3.635951
3.647611
3.6589
3.670017
3.68141
3.692261
3.703763
3.714901
3.725637
3.736736
3.74817
3.759097
3.769953
3.781168
TARGET DESTROYED 
3.796338
3.806979
3.818015
3.829304
3.840398
3.851917
3.863076
3.874064
3.885213
3.896258
3.907531
3.925945
3.937943
3.948971
3.960172
3.97111
3.982125
3.997865
4.009133
4.020077
4.031469
4.043045
4.053905
4.065457
4.075863
4.086567
4.097481
4.108497
4.119718
4.131488
4.142215
4.152842
4.164148
4.175127
4.186335
4.197623
4.208781
4.220226
4.231668
4.24312
4.254119
4.265091
4.276746
4.28848
4.299419
4.310583
4.321399
4.332305
4.342965
4.353974
4.365442
4.37677
4.387762
4.39917
4.415151
4.426119
4.437051
4.448591
4.459819
4.47108
4.482378
4.494963
4.506117
4.517607
4.529648
4.541324
4.552588
4.564715
4.576099
4.587795
4.599734
4.611096
4.622069
4.633688
4.645365
4.657126
4.668275
4.67994
4.691061
4.702353
4.714781
4.725976
4.737173
4.748812
4.760221
4.772054
4.784028
4.796047
TARGET DESTROYED 
4.811245
4.823373
4.839164
4.856369
4.868567
4.879303
4.890212
4.901343
4.912702
4.923615
4.934638
4.945983
4.9571
4.968441
4.979522
4.99548
5.006342
5.016987
5.027804
5.039941
5.050797
5.061988
5.073197
5.08404
5.094777
5.105374
5.11675
5.127829
5.138902
5.149774
5.160376
5.171111
5.181937
5.193456
5.204293
5.215051
5.225457
5.236415
5.25215
5.263589
5.274385
5.285766
5.29644
5.307186
5.318164
5.328935
5.339451
5.350279
5.361247
5.372069
5.382899
5.394814
5.405978
5.417401
5.429043
5.439741
5.45069
5.462317
5.473122
5.484144
5.495831
5.50658
5.517766
5.529023
5.54018
5.551224
5.562672
5.573542
5.585019
5.596121
5.607247
5.619186
5.629961
5.641034
5.656976
5.667789
5.678667
5.689466
5.700235
5.711257
5.722462
5.733483
5.744439
5.755586
5.766582
5.778487
5.789111
5.800357
5.81135
5.821565
5.833015
5.843381
5.854325
5.865458
5.875805
5.886317
5.897285
5.908773
5.919818
5.931549
5.942157
5.95327
5.964777
5.975789
TARGET DESTROYED 
5.990927
6.001606
6.012938
6.023308
6.034586
6.045519
6.055618
6.071023
6.082224
6.099092
6.111801
6.122629
6.133033
6.144302
6.154764
6.166121
6.176381
6.187027
6.197873
6.20824
6.2194
6.230663
6.241865
6.25296
6.264189
6.275533
6.286198
6.297613
6.308729
6.320366
6.331094
6.342093
6.353396
6.364539
6.375945
6.386962
6.398264
6.409241
6.420284
6.432008
6.442582
6.453846
6.465117
6.476255
6.491646
6.502656
6.513277
6.523972
6.534904
6.545545
6.556123
6.567013
6.577904
6.588125
6.599145
6.611222
6.62227
6.633815
6.645444
6.65699
6.668426
6.680104
6.691198
6.702299
6.713516
6.724458
6.735835
6.747059
6.758173
6.769279
6.780517
6.791637
6.802885
6.813998
6.825006
6.836279
6.847496
6.858679
6.870263
6.881506
6.892799
6.908069
6.918609
6.929604
6.940025
6.950525
6.961278
6.971761
6.98214
6.993182
7.004194
7.015226
7.026907
7.037579
7.04947
7.060429
7.070998
7.08256
7.093757
7.104941
7.116421
7.127315
7.138251
7.150259
TARGET DESTROYED 
7.174499
7.185393
7.204649
7.216886
7.227641
7.238246
7.248788
7.259396
7.270323
7.281886
7.292088
7.302752
7.317929
7.328793
7.340034
7.35085
7.362025
7.372926
7.383667
7.394119
7.404753
7.415867
7.426487
7.437473
7.448078
7.46074
7.471802
7.482547
7.493536
7.503839
7.515164
7.526411
7.537602
7.548464
7.560037
7.571157
7.582273
7.593376
7.60468
7.615386
7.627259
7.638221
7.649545
7.660726
7.671614
7.682717
7.694131
7.704816
7.716454
7.732316
7.743793
7.754624
7.765395
7.776151
7.78706
7.797757
7.807884
7.81874
7.830112
7.84109
7.852356
7.864477
7.875557
7.886554
7.897196
7.908381
7.919573
7.930629
7.942031
7.952749
7.96503
7.976678
7.987144
7.998116
8.008898
8.020002
8.031297
8.042147
8.05351
8.064762
8.075754
8.086976
8.098206
8.109462
8.121078
8.132324
8.143796
8.160445
8.171492
8.18346
8.194168
8.204612
8.215726
8.226208
8.236932
8.247655
8.257897
8.268437
8.281027
8.291874
8.305791
8.31716
8.327874
8.338186
8.348948
8.35935
8.370625
8.381941
8.392323
8.405788
