0.02
0.04
0.14
0.1738789
0.1857803
0.196532
0.2074021
0.2186812
0.2283334
0.2388634
0.250012
0.260491
0.2716651
0.2829099
0.294135
0.3068731
0.3163278
0.3275045
0.3387015
0.3500793
0.3608974
0.3721082
0.3833449
0.3943522
0.4056156
0.4171997
0.4281718
0.4395157
0.4508836
0.4655577
0.4745787
0.4843914
0.4955257
0.5062341
0.5174545
0.5287878
0.5397184
0.5511685
0.5619693
0.5732179
0.5844145
0.595786
0.6067128
0.6179999
0.6288109
0.6402036
0.6515924
0.6624005
0.6737338
0.6848768
0.6961674
0.7072453
0.7184577
0.7295761
0.7408025
0.7520851
0.7631669
0.7743083
0.7854341
0.7964154
0.8086216
0.8192668
0.8301125
0.8411939
0.8525012
0.8634775
0.8745977
0.8899984
0.9011996
0.9122836
0.9239024
0.9349425
0.9470781
0.9574705
0.9692057
0.980581
0.9914755
1.002651
1.013808
1.025827
1.036168
1.047308
1.058272
1.069716
1.08138
1.091782
1.103619
1.114169
1.125599
1.137014
1.14891
1.158744
1.170364
1.18149
1.192695
1.203451
1.215217
1.226366
1.237316
1.24835
1.259536
1.270547
1.2819
1.292948
1.303982
1.31538
1.326314
1.337672
1.349086
1.359853
1.371427
1.382567
1.393789
1.404762
1.416119
1.426867
1.438216
1.449646
1.460567
1.47176
1.483168
1.49412
1.505187
1.516508
1.527376
1.540007
1.550331
1.561201
1.574631
1.583856
1.594
1.608899
1.61877
1.627538
1.637677
1.648955
1.660092
1.671327
1.682727
1.701694
1.712389
1.723401
1.734788
1.746004
1.757905
1.768937
1.779488
1.790608
1.801844
1.812877
1.824042
1.83528
1.846415
1.857871
1.869001
1.879835
1.891228
1.90226
1.913449
1.924713
1.935746
1.947121
1.958257
1.969453
1.980552
1.991549
2.002791
2.020035
2.032753
2.042851
2.052188
2.062041
2.072142
2.081788
2.093723
2.105005
2.11474
2.125653
2.137262
2.148106
2.159316
2.170835
2.182065
2.193091
2.204061
2.215292
2.226948
2.237352
2.248838
2.259853
2.270914
2.282386
2.293265
2.30794
2.317485
2.330366
2.341116
2.351471
2.361322
2.371703
2.38282
2.393758
2.405008
2.416715
2.427713
2.439165
2.450793
2.461949
2.473437
2.485171
2.496293
2.507658
2.519156
2.530506
2.5421
2.553387
2.565137
2.576261
2.587031
2.598465
2.609492
2.620464
2.632087
2.643263
2.654094
2.665142
2.676539
2.687512
2.699239
2.710125
2.721452
2.732915
2.744074
2.755493
2.767337
2.778882
2.789528
2.801661
2.812015
2.82315
2.834515
2.845494
2.856662
2.868019
2.87915
2.890199
2.901518
2.91258
2.92351
2.934944
2.946258
2.962281
2.973531
2.984218
2.995801
3.006387
3.016882
3.027511
3.037462
3.047672
3.058169
3.068701
3.079029
3.089487
3.099977
3.110269
3.12132
3.1315
3.142138
3.153312
3.16452
3.175569
3.186927
3.197967
3.209282
3.220904
3.231709
3.242607
3.253918
3.265243
3.276427
3.287213
3.298802
3.309662
3.321138
3.332283
3.343209
3.354414
3.365815
3.376725
3.38807
3.399466
3.410294
3.421325
3.433336
3.443807
3.455113
3.466945
3.478211
3.489901
3.501406
3.512842
3.524032
3.535525
3.547067
3.55859
3.57032
3.582566
3.593039
3.604588
3.615789
3.627009
3.646139
3.65725
3.668248
3.678347
3.689491
3.700956
3.711843
3.723021
3.734252
3.745459
3.756491
3.767879
3.779063
3.789904
3.801328
3.812317
3.823649
3.835022
3.845937
3.857023
3.868934
3.879315
3.89065
3.901941
3.91284
3.924266
3.935555
3.946701
3.957707
3.968869
3.984797
3.996017
4.007031
4.018392
4.0296
4.0413
4.053354
4.065169
4.076009
4.087744
4.09886
4.109771
4.121107
4.132104
4.143188
4.154836
4.16659
4.17756
4.188832
4.200378
4.211185
4.223125
4.234417
4.245345
4.256741
4.267722
4.278246
4.289459
4.305363
4.316644
4.327829
4.338618
4.348672
4.359633
4.371522
4.3821
4.393148
4.404558
4.415821
4.427049
4.437939
4.449105
4.460235
4.471516
4.48273
4.494063
4.505231
4.516328
4.527568
4.538431
4.550027
4.560891
4.572241
4.583888
4.595004
4.605885
4.616642
4.627892
4.639279
4.650426
4.661613
4.672697
4.684106
4.694845
4.705998
4.717449
4.728613
4.739745
4.750942
4.762004
4.77304
4.784569
4.795352
4.806511
4.817796
4.829123
4.84126
4.852347
4.864071
4.875488
4.887065
4.898788
4.910321
4.921853
4.933642
4.944819
4.956234
4.967906
4.984312
4.995076
5.006434
5.017318
5.028149
5.039103
5.050123
5.060589
5.071822
5.082651
5.093852
5.104702
5.115226
5.12605
5.137597
5.148223
5.158486
5.17015
5.180995
5.191915
5.203589
5.214365
5.225417
5.236231
5.247194
5.258034
5.268738
5.280031
5.29047
5.301598
5.312539
5.323211
5.334278
5.345532
5.356509
5.367135
5.377384
5.388424
5.398666
5.409514
5.42078
5.432194
5.443334
5.454459
5.465746
5.476601
5.487895
5.49936
5.510412
5.521711
5.533582
5.54423
5.55573
5.567088
5.578164
5.590173
5.601459
5.612761
5.623739
5.635236
5.646836
5.665588
5.677141
5.688944
5.700404
5.711343
5.722381
5.733705
5.744708
5.755921
5.767419
5.77843
5.789474
5.80096
5.811673
5.822898
5.834313
5.845119
5.856546
5.868304
5.879177
5.890059
5.904582
5.915709
5.926792
5.937357
5.948267
5.959319
5.969838
5.980909
5.992044
6.002673
6.01376
6.024817
6.035257
6.046394
6.057488
6.068714
6.08022
6.091444
6.102617
6.114063
6.125526
6.136915
6.148724
6.159862
6.171388
6.183248
6.194392
6.205744
6.217563
6.228761
6.239804
6.251168
6.261898
6.273371
6.284797
6.295938
6.307213
6.318572
6.329918
6.345996
6.357432
6.368636
6.378927
6.389864
6.401736
6.412055
6.422723
6.43432
6.444658
6.455478
6.46717
6.477645
6.489052
6.499914
6.510395
6.52173
6.532518
6.543439
6.554496
6.565034
6.576042
6.587363
6.598064
6.609832
6.621146
6.631783
6.642458
6.653598
6.664111
6.674547
6.685405
6.696087
6.706618
6.717361
6.727981
6.738697
6.750444
6.761306
6.772253
6.783821
6.794874
6.806354
6.81734
6.828415
6.839892
6.850875
6.862293
6.873391
6.884812
6.896362
6.907916
6.919235
6.930633
6.94179
6.953386
6.964059
6.97534
6.986567
6.998168
7.014109
7.025491
7.037195
7.047751
7.05879
7.070274
7.081295
7.093174
7.10491
7.115898
7.127139
7.138391
7.149204
7.159447
7.170303
7.180388
7.191226
7.202764
7.213724
7.224719
7.239254
7.250159
7.261246
7.271937
7.282712
7.294162
7.305143
7.31586
7.327075
7.338257
7.34935
7.360389
7.371699
7.382969
7.394167
7.4053
7.416512
7.427732
7.438684
7.449695
7.460699
7.471626
7.482517
7.493711
7.505504
7.516394
7.527439
7.538216
7.548972
7.559198
7.570246
7.580447
7.591596
7.60208
7.612797
7.623344
7.634403
7.648965
7.659876
7.671611
7.687569
7.700234
7.712216
7.723066
7.734467
7.745494
7.756569
7.767612
7.778339
7.790183
7.801693
7.812806
7.823673
7.83478
7.845592
7.856503
7.867535
7.878694
7.890036
7.900663
7.911909
7.923161
7.934103
7.945597
7.956613
7.968275
7.980181
7.991667
8.003183
8.01401
8.025768
8.03713
8.048626
8.060438
8.073203
8.085011
8.096494
8.108559
8.119855
8.131185
8.142978
8.153881
8.165682
8.177692
8.188713
8.199823
8.21163
8.223372
8.235594
8.24691
8.258036
8.269165
8.280349
8.291526
8.302836
8.313771
8.324906
8.33613
8.347194
8.358495
8.374156
8.385675
8.39626
8.407249
8.418581
8.429416
8.440205
8.451681
8.462199
8.472756
8.483953
8.494008
8.505799
8.517623
8.528202
8.539549
8.55152
8.562346
8.573723
8.58548
8.596015
8.607473
8.619947
8.63191
8.643282
8.655321
8.66713
8.679207
8.690503
8.702916
8.715863
8.727401
8.738731
8.750163
8.761666
8.772735
8.783609
8.794324
8.805214
8.816731
8.827485
8.838853
8.849972
8.865805
8.877016
8.888797
8.900313
8.912015
8.924258
8.93645
8.948548
8.960843
8.973056
8.984599
8.996379
9.007742
9.019892
9.03127
9.042968
9.060246
9.072935
9.085249
9.096819
9.108515
9.120559
9.131857
9.143054
9.155057
9.166741
9.178823
9.190511
9.202472
9.214093
9.22637
9.238086
9.249394
9.261554
9.273058
9.284829
9.296708
9.307942
9.320419
9.33254
9.343947
9.355591
9.367543
9.379433
9.391126
9.402864
9.414635
9.426348
9.437965
9.449828
9.461715
9.472925
9.484651
9.496406
9.507636
9.519624
9.531487
9.542618
9.553848
9.564851
9.575891
9.587344
9.598532
9.60963
9.620846
9.636914
9.648354
9.660455
9.672249
9.684393
9.695907
9.707191
9.719274
9.731071
9.746902
9.75925
9.771541
9.78338
9.796247
9.808262
9.819949
9.831208
9.842798
9.854717
9.866758
9.877969
9.889733
9.901491
9.912436
9.923956
9.935583
9.947096
9.958485
9.970817
9.982211
9.994463
10.0062
10.01791
10.02942
10.04111
10.0529
10.06454
10.07597
10.08797
10.09954
10.11137
10.12331
10.13547
10.14629
10.15762
10.16959
10.18051
10.19189
10.20354
10.21543
10.2274
10.23954
10.25172
10.26327
10.27426
10.28599
10.29747
10.30954
10.32142
10.33278
10.34436
10.35602
10.36786
10.38036
10.39151
10.40296
10.41615
10.42675
10.4378
10.454
10.46501
10.4759
10.48727
10.49855
10.50951
10.52051
10.53166
10.54247
10.55369
10.56481
10.57551
10.58688
10.59796
10.60927
10.64278
10.65401
10.66478
10.67563
10.68689
10.69804
10.70947
10.72045
10.73163
10.74288
10.75408
10.76557
10.77676
10.78765
10.79874
10.80964
10.82076
10.83164
10.84291
10.85414
10.86577
10.87696
10.88792
10.89881
10.90976
10.92076
10.93209
10.94358
10.95513
10.96792
10.97889
10.9899
11.00321
11.03729
11.05047
11.06258
11.075
11.08613
11.09698
11.1083
11.12279
11.13535
11.1466
11.15763
11.17
11.18097
11.19267
11.20497
11.21707
11.22918
11.24037
11.25282
11.26379
11.27498
11.28699
11.29923
11.31117
11.32245
11.33457
11.34661
11.35781
11.36911
11.38697
11.3984
11.4103
11.4215
11.43313
11.44469
11.45592
11.46714
11.47891
11.49051
11.50216
11.51379
11.52514
11.53715
11.54851
11.55968
11.57079
11.58169
11.59218
11.6029
11.61423
11.62529
11.63605
11.65254
11.66396
11.67607
11.68777
11.69893
11.70973
11.72121
11.73288
11.74429
11.75541
11.7671
11.77819
11.79011
11.80331
11.81502
11.82629
11.83784
11.84999
11.86153
11.87328
11.8851
11.89648
11.90818
11.91936
11.93097
11.94257
11.95462
11.96654
11.97808
11.98958
12.00134
12.01222
12.02353
12.03523
12.04661
12.05804
12.07463
12.08655
12.09796
12.11001
12.12158
12.13447
12.14631
12.15764
12.16892
12.17985
12.19137
12.20283
12.21364
12.22596
12.2374
12.24888
12.26018
12.27125
12.28258
12.29366
12.30543
12.31707
12.32736
12.33861
12.34982
12.36054
12.37207
12.38368
12.39421
12.40573
12.41821
12.42916
12.4409
12.45243
12.46313
12.47409
12.48541
12.49539
12.50562
12.5164
12.52646
12.53645
12.5473
12.55824
12.56971
12.5809
12.59213
12.60358
12.61569
12.6263
12.63756
12.64948
12.66185
12.67231
12.68288
12.69352
12.70456
12.71629
12.72714
12.73798
12.74968
12.76533
12.77605
12.7875
12.79813
12.80983
12.82144
12.83251
12.84399
12.85532
12.8661
12.87785
12.889
12.90011
TARGET DESTROYED 
12.91154
12.93115
12.9431
12.95536
12.96657
12.97779
12.98887
13.00003
13.01112
13.02258
13.0341
13.05402
13.0665
13.07741
13.08858
13.09931
13.1106
13.12182
13.13295
13.14421
13.15543
13.16681
13.17788
13.18914
13.20002
13.21191
13.22383
13.23614
13.24826
13.26011
13.27153
13.28285
13.29481
13.30676
13.31839
13.32925
13.34136
13.35313
13.36412
13.37586
13.38788
13.3995
13.41121
13.42753
13.43949
13.4514
13.4632
13.47468
13.48689
13.49867
13.51009
13.5221
13.53317
13.54391
13.55489
13.56575
13.5765
13.58729
13.5976
13.60827
13.61956
13.63056
13.64572
13.65811
13.67066
13.68236
13.69405
13.70563
13.71687
13.72792
13.73853
13.74969
13.76011
13.77097
13.78142
13.79245
13.80334
13.81434
13.8257
13.83624
13.84648
13.85758
13.86845
13.87875
13.89006
13.90134
13.9118
13.92369
13.93551
13.94635
13.95798
13.96928
13.98043
13.99176
14.00304
14.01427
14.02586
14.03777
14.04879
14.06075
14.07144
14.08244
14.0986
14.11106
14.12254
14.13367
14.14466
14.15573
14.1671
14.17796
14.18906
14.20084
14.21168
14.22334
14.2351
14.24566
14.25648
14.26754
14.27871
14.28977
14.30152
14.31197
14.32336
14.33461
14.34536
14.35665
14.36828
14.37912
14.39024
14.40161
14.41247
TARGET DESTROYED 
14.42406
14.43976
14.45789
14.4703
14.48065
14.4914
14.50218
14.5129
14.52427
14.53545
14.54651
14.55806
14.56907
14.57996
14.59151
14.60252
14.61359
14.62473
14.63641
14.64706
14.6583
14.67003
14.6806
14.69173
14.70281
14.71406
14.72517
14.73636
14.74778
14.75874
14.77417
14.78502
14.79551
14.80614
14.81687
14.82737
14.83831
14.84853
14.8592
14.87055
14.88183
14.8927
14.90416
14.91512
14.92648
14.93765
14.94903
14.95997
14.97174
14.98358
14.99469
15.00633
15.01794
15.02927
15.04076
15.05193
15.06316
15.0743
15.08546
15.09671
15.1078
15.119
15.13027
15.14132
15.15285
15.16394
15.17526
15.18689
15.19844
15.21019
15.22221
15.2346
15.24601
15.25773
15.27007
15.28175
15.29351
15.30538
15.3176
15.32936
15.34081
15.35244
15.36368
15.37558
15.38717
15.39832
15.41016
15.42144
15.43262
15.44394
15.45949
15.47135
15.48286
15.49427
15.50619
15.51886
15.53014
15.54257
15.5545
15.5654
15.57685
15.58831
15.59952
15.61104
15.62202
15.63291
15.64409
15.65927
15.67148
15.6847
15.69629
15.70841
15.72073
15.73199
15.74389
15.75533
15.7675
15.77918
15.7909
15.80301
15.81516
15.82657
15.83906
15.85129
15.86249
15.8741
15.88626
15.89854
15.91045
15.92143
15.93298
TARGET DESTROYED 
15.94432
15.96125
15.97394
15.98604
15.99786
16.01615
16.02862
16.04018
16.05166
16.06254
16.07329
16.08441
16.09444
16.10506
16.11659
16.12664
16.14222
16.1535
16.16374
16.17451
16.18556
16.19568
16.20634
16.21798
16.22833
16.23936
16.25007
16.26035
16.27104
16.28188
16.29225
16.30362
16.31394
16.3248
16.33591
16.34692
16.35754
16.36863
16.37912
16.3901
16.40088
16.41197
16.42346
16.43475
16.44569
16.45682
16.46806
16.4789
16.49017
16.50156
16.51256
16.5236
16.53486
16.54583
16.55701
16.56836
16.57971
16.59077
16.60228
16.61383
16.62509
16.63649
16.64793
16.65929
16.67083
16.68268
16.694
16.70507
16.71677
16.72818
16.7396
16.75113
16.76232
16.77395
16.78493
16.79632
16.81179
16.82299
16.83405
16.84492
16.85562
16.86604
16.8768
16.88745
16.89777
16.9086
16.91947
16.92976
16.94026
16.95213
16.96224
16.97344
16.98494
16.9954
17.00587
17.01652
17.02739
17.03823
17.04912
17.06026
17.07104
17.08258
17.09372
17.10484
17.1158
17.12671
17.13779
17.14964
17.16063
17.1721
17.18295
17.19371
17.20501
17.21682
17.22767
17.23906
17.25046
17.26158
17.27286
17.28454
17.29584
17.30712
17.31859
17.32986
17.34131
17.35296
17.36404
17.37559
17.38697
17.39884
17.40988
17.42135
17.43285
17.44389
17.4553
17.46706
17.47792
17.49361
TARGET DESTROYED 
17.505
17.52047
17.53141
17.54256
17.55307
17.56949
17.58075
17.59085
17.60116
17.6112
17.62111
17.63101
17.64477
17.65616
17.66743
17.67779
17.68837
17.7021
17.71266
17.72307
17.73452
17.74477
17.75514
17.766
17.7773
17.78766
17.79893
17.80886
17.81978
17.83794
17.849
17.85988
17.87113
17.88159
17.8921
17.90268
17.91288
17.92318
17.93397
17.94415
17.95456
17.96509
17.97568
17.98684
17.99918
18.01002
18.02039
18.03173
18.04301
18.05417
18.06515
18.07626
18.08757
18.09851
18.10978
18.12107
18.13232
18.14337
18.15936
18.17062
18.18085
18.19182
18.20284
18.21306
18.22427
18.23478
18.24516
18.25565
18.26738
18.27859
18.29019
18.30147
18.31275
18.32396
18.33536
18.3465
18.35749
18.36893
18.37992
18.39142
18.40233
18.41327
18.425
18.43639
18.44742
18.45895
18.47021
18.48178
18.49286
18.5043
18.51587
18.52684
18.53797
18.54944
18.56097
18.57244
18.58355
18.59467
18.60617
18.61724
18.62967
18.64293
18.65628
18.66897
18.6812
18.69391
18.70746
18.72008
18.73339
18.74605
18.75932
18.77188
18.78441
18.79722
18.81072
18.82437
18.83692
18.84885
18.86174
18.87927
18.89188
18.90453
18.91676
18.92972
18.94285
18.95599
18.96922
18.98146
18.99406
19.00645
19.01946
19.03243
19.04525
19.05806
19.07099
19.0832
19.09617
19.1092
19.12215
19.13549
19.14759
19.16058
19.17389
19.18697
19.19999
19.21328
19.22662
19.23982
19.25333
19.26603
19.27935
19.29203
19.30463
19.3165
19.32906
19.3421
19.35469
19.36751
19.37952
19.39232
19.40482
19.41731
19.4297
19.44295
19.45546
19.46809
19.48044
19.49309
19.50618
19.51826
19.53051
19.54316
19.55504
19.5668
19.57856
19.59041
19.60222
19.61361
19.62533
19.63703
19.65748
19.6705
19.68296
19.69517
19.70737
19.72036
19.73257
19.74503
19.75687
19.76948
19.7879
19.80127
19.81305
19.82623
19.83893
19.85229
19.86398
19.87611
19.88815
19.90053
19.91267
19.92469
19.93725
19.9503
19.9625
19.97531
19.98749
19.99987
20.01259
20.02513
20.03788
20.05066
20.06299
20.07572
20.08798
20.09993
20.11267
20.12487
20.13767
20.15071
20.16279
20.17546
20.18768
20.20003
20.21329
20.22562
20.23814
20.25148
20.26324
20.27918
20.29158
20.30424
20.31717
20.3292
20.34124
20.35694
20.36924
20.3801
20.39112
20.40283
20.41376
20.42502
20.4366
20.44812
20.45905
20.47101
20.48298
20.49368
20.50505
20.51691
20.52871
20.5399
20.55146
20.56259
20.57356
20.58527
20.59703
20.60969
20.62177
20.63367
20.64551
20.65693
20.66868
20.68042
20.69236
20.70415
20.71627
20.72853
20.74037
20.75276
20.7641
20.77667
TARGET DESTROYED 
20.78883
20.8059
20.81849
20.83062
20.84902
20.86279
20.87506
20.88728
20.89914
20.91094
20.92272
20.93516
20.94692
20.95896
20.97115
20.98346
20.99516
21.00697
21.0191
21.03077
21.04779
21.06026
21.0718
21.08405
21.09596
21.10758
21.11968
21.13155
21.14406
21.15611
21.16812
21.17991
21.19228
21.2038
21.21556
21.22737
21.23884
21.25087
21.26274
21.27432
21.28684
21.29907
21.31074
21.32224
21.33499
21.34649
21.35852
21.3703
21.38307
21.3951
21.40655
21.41854
21.42972
21.4415
21.45396
21.4662
21.47805
21.48968
21.50245
21.51376
21.52587
21.53771
21.54915
21.56046
21.57239
21.58374
21.59466
21.60626
21.61724
21.62832
21.64346
21.65482
21.66613
21.67709
21.6881
21.69943
21.71099
21.72209
21.73438
21.75058
21.76739
21.77978
21.79182
21.80409
21.82361
21.83687
21.84813
21.8601
21.87205
21.88421
21.89659
21.9082
21.9203
21.93208
21.94343
21.95539
21.9676
21.97927
21.9912
22.00323
22.01513
22.0266
22.03842
22.0506
22.06216
22.07503
22.08654
22.09798
22.11014
22.1219
22.13424
22.14621
22.15787
22.17055
22.18286
22.19512
TARGET DESTROYED 
22.207
22.2253
22.24428
22.25759
22.26979
22.28077
22.29264
22.30446
22.31578
22.32795
22.33949
22.35131
22.36296
22.37498
22.38707
22.39963
22.41117
22.42269
22.43505
22.44604
22.45763
22.46995
22.48111
22.49807
22.51004
22.52188
22.53392
22.54521
22.5567
22.56879
22.57997
22.59228
22.60407
22.61537
22.62722
22.6388
22.65184
22.66378
22.67562
22.68746
22.69957
22.71103
22.72293
22.73509
22.74672
22.75863
22.77031
22.7816
22.7934
22.80511
22.8166
22.82823
22.84068
22.85287
22.86445
22.87632
22.8886
TARGET DESTROYED 
22.90047
22.92696
22.94037
22.95231
22.96414
22.97644
22.98839
23.00092
23.01347
23.03353
23.0455
23.05732
23.06928
23.08109
23.0927
23.1041
23.11545
23.12738
23.13962
23.15177
23.16304
23.17537
23.19112
23.20345
23.21581
23.22753
23.23899
23.25055
23.26244
23.27436
23.28594
23.29718
23.30879
23.32048
23.33273
23.34463
23.35684
23.36952
23.38067
23.3927
23.40468
23.41645
23.42786
23.4395
23.45147
23.46297
23.47491
23.48677
23.49944
23.51117
23.52297
23.53516
23.54785
23.55929
23.57108
23.58365
23.59483
23.60652
23.61758
23.62854
23.64439
23.65651
23.66894
23.68069
23.69286
23.7169
23.72964
23.742
23.75586
23.76828
23.78032
23.79257
23.80484
23.81731
23.82996
23.8435
23.8554
23.86756
23.87965
23.89159
23.90412
23.91578
23.92771
23.9442
23.95745
23.96964
23.98142
23.99361
24.00625
24.01899
24.03072
24.04222
24.05437
24.0659
24.07751
24.08993
24.10184
24.11349
24.1254
24.13777
24.14946
24.16208
24.1748
24.18638
24.19746
24.21247
24.22467
24.23721
24.24854
24.26063
24.27255
24.28429
24.29619
24.3087
24.32077
24.33301
24.34429
24.35658
24.36982
24.3816
24.39355
24.40515
24.41709
24.42901
24.44149
24.45363
24.46572
24.47755
24.48894
24.50117
24.51241
24.52447
24.53669
24.54794
24.56034
24.5723
24.58406
24.5962
24.60798
24.6198
24.63143
24.64371
24.6553
24.66687
24.67844
24.6952
24.7071
24.71896
24.72993
24.74229
24.75517
24.76733
24.77851
24.78983
24.80192
24.81374
24.82581
24.83757
24.84966
24.86193
24.87386
24.88618
24.90051
24.91347
24.92476
24.93663
24.94883
24.96049
24.97314
24.9877
