0.02
0.04
0.14
0.178503
0.1915442
0.2026157
0.2137411
0.2245178
0.2359287
0.2467959
0.2583111
0.2698818
0.2804987
0.2940494
0.3035413
0.3140585
0.3251258
0.3364831
0.3475222
0.3587548
0.370065
0.3809498
0.3924233
0.4036157
0.4150577
0.4254768
0.4369987
0.4482232
0.4590301
0.4736063
0.4826995
0.4926902
0.5039892
0.5150761
0.5260369
0.5374414
0.548512
0.5599017
0.5715776
0.5818616
0.5932895
0.6046144
0.6164263
0.6264912
0.6378248
0.6488985
0.660244
0.6716534
0.6825013
0.6935478
0.7049205
0.7159654
0.7271845
0.7384812
0.750364
0.7609986
0.7721462
0.7830092
0.7942545
0.8053613
0.8169664
0.8304445
0.8397683
0.8498858
0.8612098
0.8722546
0.8836928
0.8987785
0.910311
0.9214428
0.9324482
0.9439718
0.9551806
0.9658787
0.9772312
0.9882331
0.9997188
1.010656
1.022595
1.033465
1.046764
1.057626
1.067882
1.07777
1.089067
1.09995
1.110962
1.122334
1.133514
1.145427
1.15595
1.167135
1.178005
1.189237
1.200431
1.211689
1.2232
1.234581
1.245726
1.257011
1.268291
1.279232
1.290661
1.302047
1.312971
1.324206
1.335941
1.346236
1.357573
1.368736
1.379744
1.392061
1.402297
1.413422
1.424513
1.436395
1.447724
1.458302
1.469701
1.480991
1.491576
1.503226
1.513921
1.525588
1.536824
1.547885
1.558662
1.570244
1.581088
1.595244
1.609718
1.61995
1.632169
1.643166
1.654587
1.665661
1.676978
1.688101
1.699294
1.714621
1.724141
1.73315
1.743845
1.755398
1.76617
1.777238
1.788466
1.799818
1.810823
1.822077
1.833317
1.844342
1.85613
1.866601
1.878033
1.88927
1.90009
1.911361
1.922806
1.933811
1.950186
1.962503
1.973394
1.982991
1.993186
2.002361
2.012418
2.02344
2.03521
2.045619
2.058313
2.069281
2.079376
2.090343
2.102579
2.112862
2.12395
2.135691
2.146333
2.157319
2.169028
2.180343
2.192046
2.20214
2.212831
2.223898
2.235527
2.246342
2.257492
2.268749
2.279618
2.290942
2.302866
2.313232
2.324692
2.33593
2.346702
2.358102
2.369573
2.380327
2.39149
2.403135
2.413894
2.424946
2.436253
2.447501
2.45848
2.469939
2.480973
2.491944
2.503546
2.514205
2.525529
2.537171
2.547906
2.559229
2.570982
2.581879
2.593415
2.604949
2.616202
2.627703
2.643297
2.653478
2.663448
2.673537
2.684886
2.695884
2.707439
2.718263
2.729404
2.740753
2.751932
2.763116
2.774189
2.785524
2.796611
2.807702
2.819381
2.830134
2.841064
2.852627
2.863893
2.875316
2.885881
2.897064
2.908567
2.919675
2.930546
2.941648
2.953312
2.963931
2.975175
2.986598
2.997363
3.008926
3.020403
3.031603
3.0429
3.054544
3.065415
3.076989
3.088333
3.099389
3.110845
3.121946
3.133409
3.144763
3.15606
3.16704
3.178385
3.189337
3.200727
3.211713
3.223043
3.234149
3.245675
3.256399
3.267733
3.278797
3.29006
3.30326
3.313143
3.324188
3.334315
3.345448
3.356773
3.367965
3.379117
3.390127
3.401539
3.412448
3.424031
3.435235
3.44612
3.457098
3.468604
3.479522
3.490824
3.501912
3.513061
3.524257
3.535995
3.546758
3.557768
3.569083
3.580109
3.591455
3.603576
3.61355
3.624598
3.636628
3.647033
3.658523
3.669805
3.680581
3.695815
3.706194
3.71589
3.726302
3.737623
3.747222
3.75765
3.768401
3.779449
3.790765
3.801957
3.813089
3.824242
3.835538
3.846696
3.85851
3.868893
3.879968
3.891701
3.902525
3.913639
3.924644
3.935938
3.947069
3.958248
3.969707
3.980594
3.99152
4.003192
4.014103
4.025271
4.036484
4.047808
4.058813
4.070525
4.081508
4.092941
4.104232
4.115533
4.12689
4.138344
4.149532
4.160874
4.171991
4.183552
4.194869
4.206549
4.217062
4.228222
4.239456
4.250632
4.261758
4.273057
4.284081
4.295403
4.30637
4.31764
4.328765
4.339981
4.351109
4.363005
4.37391
4.384802
4.39568
4.406861
4.418321
4.429257
4.440409
4.45207
4.462675
4.473983
4.485577
4.496201
4.507714
4.519261
4.529911
4.541
4.552672
4.563385
4.574504
4.586292
4.596829
4.608313
4.619515
4.630589
4.641479
4.653378
4.66375
4.675417
4.686411
4.697515
4.708619
4.720031
4.730843
4.746332
4.756313
4.766131
4.776271
4.786345
4.796255
4.80666
4.818092
4.830029
4.840117
4.851616
4.862547
4.873792
4.885256
4.89624
4.907588
4.918512
4.929713
4.940691
4.952044
4.963132
4.974397
4.98607
4.996561
5.007716
5.019293
5.030063
5.041239
5.052534
5.063825
5.074828
5.086251
5.097157
5.108353
5.119961
5.130905
5.142451
5.153975
5.166434
5.176164
5.187837
5.199403
5.210523
5.221728
5.232845
5.244084
5.25562
5.266945
5.278103
5.28934
5.301626
5.311627
5.323073
5.334195
5.3452
5.35648
5.367984
5.378779
5.389985
5.401084
5.412074
5.423521
5.434534
5.445921
5.457424
5.468402
5.4794
5.490571
5.5019
5.512863
5.523963
5.535443
5.54616
5.557516
5.569335
5.580191
5.590991
5.60274
5.613818
5.625477
5.635977
5.647461
5.657989
5.669852
5.680251
5.691506
5.703236
5.714309
5.725022
5.736494
5.747283
5.75864
5.770314
5.781065
5.797276
5.807935
5.818073
5.828443
5.838537
5.848774
5.858919
5.869768
5.880052
5.890771
5.901083
5.911897
5.922499
5.932977
5.943635
5.954857
5.965868
5.976916
5.988344
5.999379
6.010601
6.021766
6.032863
6.044087
6.056131
6.066225
6.077857
6.088647
6.099848
6.111071
6.122122
6.133817
6.144429
6.155997
6.166691
6.178083
6.189403
6.200632
6.211947
6.223505
6.2352
6.246262
6.257719
6.26925
6.28063
6.291873
6.30343
6.314705
6.325985
6.337623
6.348818
6.360445
6.372079
6.383206
6.394702
6.405787
6.41734
6.42866
6.440032
6.451928
6.462243
6.473485
6.484554
6.495872
6.506863
6.518602
6.529469
6.540493
6.552136
6.562905
6.574005
6.585363
6.596497
6.60733
6.618877
6.629941
6.640874
6.65241
6.663506
6.674716
6.68607
6.697184
6.708694
6.719731
6.73037
6.741654
6.753045
6.76508
6.776726
6.787934
6.798629
6.809412
6.820918
6.83137
6.848025
6.85942
6.871608
6.882448
6.893651
6.905054
6.915807
6.927161
6.938561
6.949355
6.960712
6.97209
6.982813
6.994286
7.009724
7.020505
7.030929
7.041516
7.05153
7.061859
7.072571
7.083495
7.094541
7.106089
7.116951
7.12815
7.139345
7.150885
7.161779
7.173069
7.183879
7.195175
7.206249
7.217631
7.228988
7.240623
7.251795
7.263162
7.274716
7.286189
7.297249
7.308681
7.320585
7.331263
7.342482
7.353959
7.364783
7.376111
7.387547
7.398607
7.409918
7.421397
7.432864
7.444159
7.455417
7.466627
7.478197
7.489621
7.506201
7.517018
7.528419
7.539552
7.550076
7.56074
7.571967
7.582691
7.593815
7.60513
7.616202
7.627306
7.639648
7.650941
7.662506
7.674799
7.686323
7.697066
7.708145
7.719841
7.730923
7.742793
7.753855
7.764644
7.775658
7.786859
7.798019
7.80922
7.82061
7.831403
7.842553
7.853613
7.864648
7.876041
7.887204
7.898646
7.914471
7.925481
7.93693
7.947762
7.95975
7.971038
7.981796
7.993535
8.009092
8.021349
8.032202
8.043328
8.054601
8.065848
8.076957
8.088132
8.099256
8.110593
8.121839
8.133132
8.144487
8.156567
8.167645
8.178886
8.190281
8.201019
8.211802
8.222901
8.234079
8.245147
8.256654
8.267622
8.278506
8.29034
8.301151
8.312192
8.323525
8.334852
8.345751
8.357073
8.367674
8.378816
8.389993
8.400978
8.411904
8.423582
8.434299
8.445411
8.456618
8.467955
8.478923
8.490429
8.502054
8.513405
8.524975
8.536847
8.547958
8.559675
8.571096
8.582953
8.594306
8.605774
8.617259
8.628748
8.640715
8.652001
8.662798
8.673965
8.685914
8.697276
8.70818
8.719641
8.730528
8.742058
8.753359
8.764309
8.775087
8.786453
8.797548
8.808591
8.820127
8.831182
8.842447
8.853808
8.864746
8.875862
8.887255
8.898638
8.910791
8.922117
8.933053
8.944576
8.955864
8.966834
8.982793
8.994103
9.006214
9.017502
9.028938
9.040377
9.052024
9.063835
9.075361
9.086529
9.097885
9.109409
9.120852
9.131797
9.143128
9.154836
9.165878
9.17714
9.188519
9.199656
9.211115
9.222486
9.2332
9.245911
9.257143
9.268341
9.27984
9.291276
9.302771
9.314128
9.325357
9.337656
9.348598
9.35993
9.37142
9.383821
9.3957
9.406985
9.417772
9.429529
9.440797
9.45175
9.462781
9.473893
9.484742
9.495766
9.506949
9.518581
9.530129
9.540874
9.551719
9.5629
9.573916
9.585152
9.596073
9.607494
9.61875
9.62967
9.640798
9.652942
9.664333
9.675654
9.687075
9.698224
9.709883
9.721624
9.732903
9.745122
9.756907
9.768414
9.780188
9.791656
9.803258
9.814751
9.82617
9.838031
9.849078
9.860491
9.872437
9.884136
9.89567
9.907695
9.920134
9.931588
9.943166
9.955031
9.966478
9.977777
9.989601
10.00084
10.01244
10.02461
10.03624
10.04785
10.06431
10.0764
10.08801
10.09938
10.11156
10.1237
10.13504
10.14671
10.15875
10.17041
10.18208
10.19466
10.2064
10.21851
10.22988
10.24152
10.25348
10.26541
10.27728
10.28864
10.30007
10.31156
10.32363
10.33508
10.34692
10.35864
10.3699
10.38105
10.3933
10.40516
10.41617
10.42772
10.43922
10.45053
10.46219
10.47398
10.48537
10.49706
10.50888
10.52051
10.53187
10.5431
10.55524
10.56702
10.57903
10.5905
10.6026
10.63006
10.64184
10.65438
10.66821
10.67946
10.69074
10.70204
10.7135
10.72502
10.73613
10.74767
10.75948
10.77333
10.78605
10.79751
10.8091
10.82069
10.83175
10.84369
10.8555
10.86728
10.87931
10.89184
10.90307
10.91474
10.92624
10.93829
10.94975
10.96134
10.97396
10.98534
10.9972
11.00901
11.02083
11.03227
11.0436
11.05525
11.06723
11.07885
11.09042
11.10236
11.1138
TARGET DESTROYED 
11.12635
11.14809
11.1601
11.17315
11.1893
11.20075
11.21251
11.22507
11.24535
11.25892
11.27025
11.28269
11.29428
11.30577
11.31698
11.32806
11.33989
11.35098
11.36273
11.37428
11.38605
11.39848
11.41069
11.42218
11.43329
11.445
11.45686
11.46793
11.47934
11.49084
11.50092
11.51167
11.52213
11.53211
11.542
11.55174
11.56187
11.57331
11.58429
11.59533
11.60652
11.61768
11.62883
11.64007
11.65123
11.66288
11.67374
11.68519
11.69608
11.70777
11.71832
11.72933
11.74063
11.75219
11.76307
11.77421
11.78564
11.79665
11.80768
11.81915
11.83024
11.84152
11.85299
11.86381
11.87517
11.8868
11.8979
11.90951
11.9211
11.93213
11.94366
11.95522
11.96635
11.97794
11.99
12.00065
12.01231
12.02382
12.03478
12.04604
12.0575
12.06923
12.08043
12.0918
12.10379
12.11528
12.12637
12.13694
12.14797
12.15904
12.17056
12.18136
12.19221
12.2039
12.22108
12.2325
12.2446
12.25559
12.2662
12.27736
12.28883
12.29935
12.31066
12.32203
TARGET DESTROYED 
12.3327
12.34799
12.35901
12.36978
12.38028
12.39118
12.40157
12.41192
12.42258
12.43328
12.44455
12.45565
12.46669
12.47847
12.49675
12.5093
12.52045
12.53076
12.54224
12.55326
12.56425
12.57504
12.58551
12.59648
12.60699
12.61744
12.62827
12.63921
12.64972
12.66028
12.67118
12.68418
12.69549
12.70714
12.71779
12.72961
12.74076
12.75184
12.76274
12.77388
12.78475
12.7963
12.80718
12.81808
12.82916
12.84023
12.85072
12.86187
12.87307
12.88392
12.89582
12.90681
12.91751
12.92871
12.93958
12.95094
12.96236
12.97465
12.98624
12.99742
13.00912
13.02088
13.03173
13.04314
13.05436
13.06514
13.07651
13.08781
13.09898
13.1102
13.12136
13.13233
13.14344
13.15557
13.16705
13.17833
13.18926
13.20041
13.21133
TARGET DESTROYED 
13.2275
13.24336
13.25458
13.26684
13.28348
13.2938
13.30435
13.31572
13.32705
13.33794
13.34919
13.36035
13.37173
13.38243
13.39402
13.40518
13.41604
13.42748
13.43849
13.44946
13.46159
13.47214
13.48334
13.49509
13.50618
13.51655
13.52802
13.54074
13.5541
13.56705
13.58016
13.59292
13.60589
13.61895
13.63173
13.64433
13.65718
13.66951
13.68395
13.69713
13.7101
13.72299
13.73619
13.74896
13.76176
13.77485
13.78791
13.80056
13.81452
13.82722
13.84047
13.85291
13.86532
13.87823
13.89117
13.90455
13.91753
13.93002
13.94108
13.95235
13.96359
13.97497
13.98586
13.99684
14.00806
14.01974
14.03032
14.04204
14.05331
14.06389
14.07514
14.0865
14.09765
14.10849
14.12013
14.13093
14.1423
14.15364
14.16462
14.17571
14.18702
14.19845
14.20934
14.22112
14.23163
14.24273
14.2541
14.26511
14.27602
14.28763
14.29976
14.31608
14.32784
14.33918
14.35046
14.36167
14.37265
14.38351
14.39474
14.40646
14.41711
14.42805
14.43887
14.45037
14.46111
14.47194
14.48235
14.49295
14.50332
14.51369
14.524
14.53351
14.54423
14.55546
14.56721
14.57801
14.58902
14.60009
14.61146
14.62253
14.63412
14.64533
14.65617
14.66729
14.67824
14.68977
14.70082
14.71165
14.72322
14.73416
14.74524
14.75643
14.76769
14.77897
14.79031
14.80189
14.81317
14.82443
14.83601
14.84702
14.8588
TARGET DESTROYED 
14.87011
14.88485
14.89533
14.90559
14.91646
14.92686
14.93841
14.9498
14.96129
14.97304
14.98993
15.00006
15.01047
15.02089
15.03095
15.04179
15.05194
15.0623
15.07281
15.08338
15.09405
15.10526
15.11524
15.12561
15.13644
15.14768
15.15853
15.16987
15.18129
15.19209
15.20358
15.21438
15.22555
15.23685
15.24807
15.25918
15.27046
15.28179
15.29267
15.30396
15.31487
15.32633
15.33769
15.34859
15.3643
15.37404
15.38338
15.39356
15.40451
15.41553
15.42711
15.43886
15.45002
15.46145
15.473
15.4842
15.49571
15.50712
15.51838
15.52942
15.54071
15.552
15.56316
15.57424
15.58577
15.59741
15.6077
15.61912
15.63004
15.6413
15.65285
15.66372
15.67478
15.68644
15.69775
15.70851
15.71959
15.73083
15.74213
15.75402
15.76499
15.77619
15.78775
15.79874
15.81016
15.8215
15.83297
15.84401
15.85573
15.8666
15.87822
15.88948
15.90081
15.91197
15.92323
15.93426
15.9454
15.95679
15.96767
15.97899
15.99014
16.00158
16.01255
16.02379
16.03496
16.04588
16.05704
16.06882
16.08076
16.0907
16.10221
16.11293
16.12415
16.13558
16.14688
16.15765
16.16912
16.17999
16.19159
16.2026
16.21351
16.22515
16.23632
16.24693
16.25849
16.26995
16.2806
16.29168
16.30345
16.31419
16.32526
16.33686
16.34788
16.35914
16.37023
16.38122
16.39211
16.40413
TARGET DESTROYED 
16.41453
16.43379
16.4442
16.45446
16.46561
16.47685
16.48807
16.49918
16.51024
16.52154
16.53264
16.54935
16.55935
16.57022
16.5802
16.59019
16.59991
16.61066
16.62186
16.63349
16.64426
16.65536
16.66659
16.67765
16.68927
16.70001
16.71166
16.72237
16.73486
16.7449
16.75584
16.76719
16.77832
16.78929
16.80051
16.81163
16.82302
16.83446
16.84543
16.85682
16.86752
16.87922
16.89021
16.90115
16.91225
16.92407
16.9353
16.9467
16.95802
16.96954
16.98083
16.99289
17.00415
17.01498
17.02655
17.03812
17.04932
17.06115
17.07226
17.08428
17.09492
17.1066
17.11747
17.12912
17.14052
17.15216
17.16335
17.17419
17.18586
17.19678
17.20809
17.21891
17.22997
17.24143
17.25252
17.26359
17.27452
17.28631
17.29693
17.30812
17.32001
17.33074
17.34177
17.35317
17.3646
17.37585
17.38674
17.39771
17.4096
17.42064
17.43179
17.44263
17.45359
17.46513
17.4814
17.4926
17.50447
17.51554
17.52662
17.53856
17.54921
17.56033
17.57147
17.58252
17.59361
17.60496
17.61596
17.62736
17.6385
17.64944
17.6606
17.67186
17.68314
17.69411
17.70558
17.71711
17.72814
17.73911
17.75007
17.76132
TARGET DESTROYED 
17.77227
17.78935
17.80586
17.81726
17.82819
17.83957
17.85061
17.86184
17.87303
17.88499
17.8956
17.90682
17.91755
17.92906
17.94063
17.95169
17.96236
17.97373
17.98488
17.99581
18.00687
18.01814
18.02936
18.04031
18.05182
18.06304
18.07387
18.08532
18.09648
18.10738
18.11884
18.12979
18.14103
18.1526
18.1636
18.17442
18.18598
18.19697
18.20857
18.21953
18.23066
18.24166
18.25309
18.26387
18.27494
18.28678
18.29738
18.30904
18.32067
18.33222
18.34363
18.35542
18.36678
18.37837
18.38965
18.40133
18.41329
18.42444
18.43599
18.44718
18.45905
18.47002
18.48103
18.49304
18.50393
18.5145
18.52568
18.53727
18.54786
18.55976
18.57107
18.58146
18.59286
18.60621
18.62187
18.63231
18.64366
18.65497
18.66587
18.67708
18.68843
18.69952
18.71063
18.722
18.73288
18.74417
18.75528
18.76656
18.77765
18.78884
18.7999
18.81149
18.82245
18.83381
18.84476
18.85598
18.86703
18.87879
18.88919
18.90055
18.91155
18.92304
18.93396
18.94515
18.9563
18.96739
18.97868
18.99048
19.00146
19.01295
19.02422
19.03699
19.04734
19.05844
19.06996
19.08136
19.09278
19.11318
19.12536
19.13714
19.14954
19.1619
19.17389
19.18511
19.19668
19.20881
19.22083
19.23333
19.24532
19.25689
19.26936
19.28068
19.2922
19.30368
19.31511
19.32635
19.33765
19.34882
19.36017
19.37183
19.38322
19.39469
19.40644
19.41853
19.43032
19.44553
19.45759
19.46939
19.4813
19.49294
19.50547
19.51711
19.5287
19.54015
19.55307
19.56498
19.57684
19.58881
19.5999
19.61161
19.62627
19.63804
19.6503
19.66195
19.67414
19.68585
19.70201
19.71267
19.72368
19.73441
19.74557
19.75628
19.76658
19.77687
19.78722
19.79789
19.80821
19.81901
19.82944
19.84032
19.85028
19.8616
19.87253
19.88378
19.895
19.90644
19.91749
19.9285
19.93953
19.95065
19.96187
19.97432
19.98451
19.99523
20.00654
20.01757
20.02859
20.03995
20.05105
20.06252
20.07343
20.08494
20.09604
20.10701
20.11881
20.13051
20.14157
20.15315
20.16418
20.17545
20.18692
20.19859
20.20984
20.22169
20.23403
20.24693
20.25984
20.27293
20.28609
20.29811
20.31064
20.32324
20.33638
20.34902
20.36189
20.37442
20.3871
20.3993
20.41137
20.42447
20.4375
20.4499
20.46204
20.47974
20.49194
20.50435
20.51607
20.52794
20.53984
20.55174
20.56388
20.57638
20.5876
20.59847
20.60969
20.62084
20.63287
20.64331
20.65483
20.66567
20.67742
20.68788
20.69898
20.71071
20.72139
20.73255
20.74434
20.755
20.76609
20.77711
20.78832
20.79964
20.81082
20.82215
20.83348
20.84436
20.85537
20.86647
20.87803
20.88907
20.90024
20.911
20.92258
20.93389
20.94465
20.95603
20.9671
20.97807
20.98955
21.00044
21.01165
21.02281
21.03389
21.04566
21.05736
21.06887
21.07994
21.09158
21.10348
21.11466
21.12607
21.13766
21.14925
21.16047
21.17224
21.18378
21.19506
21.20639
21.21799
21.22881
21.24003
21.25131
21.26235
21.27357
21.28472
21.2958
21.30704
21.31838
21.32922
21.34055
21.35159
21.36374
21.37443
21.38549
21.3962
21.40755
21.4189
21.42969
21.44095
21.45256
21.4635
21.47468
21.48575
21.49683
21.5081
21.51958
21.53067
21.54149
21.55328
21.56425
21.57499
21.5864
21.59745
21.6086
21.61983
21.63081
21.64201
21.65374
21.66442
21.6798
21.69068
21.70142
21.71187
21.72207
21.73199
21.74224
21.75291
21.76398
21.77422
21.78414
21.79458
21.80593
21.8169
21.82803
21.83933
21.85108
21.86304
21.87397
21.8844
21.89516
21.90659
21.91846
21.92861
21.94023
21.95393
21.96467
21.97474
21.98463
21.99562
22.00881
22.02188
