0.02
0.04
0.14
0.1726406
0.1846165
0.195918
0.2066697
0.2180954
0.2287126
0.2397257
0.2495009
0.2585424
0.2696126
0.2808535
0.2921396
0.3048472
0.3144302
0.3255373
0.3366544
0.3478411
0.3589042
0.3701047
0.3817652
0.3939708
0.403744
0.4147969
0.426119
0.4379437
0.4487057
0.4595597
0.474279
0.4836631
0.4932625
0.5041931
0.5153834
0.526589
0.5378523
0.5489415
0.56015
0.5712532
0.5822856
0.5947604
0.6051871
0.6160924
0.6270946
0.6381437
0.6495488
0.6607737
0.6717368
0.6828795
0.6942878
0.7055332
0.7166179
0.7276731
0.7387455
0.7498039
0.7615523
0.7722373
0.7834275
0.7949405
0.8055661
0.8174566
0.8284627
0.8393032
0.8505358
0.8620124
0.8727211
0.8880076
0.8991991
0.9107919
0.9219565
0.9340058
0.944275
0.9558707
0.9676185
0.9788664
0.9894099
1.001469
1.012452
1.023039
1.034211
1.045848
1.056402
1.067603
1.079684
1.090055
1.100953
1.112849
1.123626
1.134499
1.145849
1.156889
1.168149
1.179502
1.190957
1.201724
1.213014
1.224175
1.236366
1.246458
1.257416
1.268986
1.280173
1.291924
1.30231
1.313933
1.324726
1.335797
1.347115
1.358069
1.369319
1.38046
1.39179
1.402923
1.414136
1.425099
1.436103
1.447418
1.458645
1.469886
1.481433
1.492521
1.50311
1.516867
1.526103
1.535959
1.547844
1.558666
1.569822
1.581037
1.59186
1.603043
1.618986
1.636465
1.646588
1.656034
1.666069
1.67701
1.688527
1.699762
1.710851
1.721759
1.735842
1.746701
1.756526
1.772132
1.78579
1.795935
1.806003
1.81645
1.826167
1.836838
1.847145
1.857127
1.867282
1.880058
1.891399
1.901913
1.912877
1.923432
1.934434
1.945445
1.956211
1.967604
1.979879
1.991147
2.002599
2.012727
2.024371
2.036179
2.045775
2.057014
2.070482
2.080601
2.090544
2.10148
2.113131
2.123861
2.135014
2.146249
2.157864
2.172347
2.183234
2.195159
2.205363
2.216526
2.227195
2.237456
2.248735
2.259701
2.274858
2.28574
2.296557
2.30686
2.317379
2.328256
2.338743
2.350039
2.361362
2.372375
2.383344
2.394998
2.405779
2.417114
2.428826
2.43919
2.450342
2.462067
2.472879
2.484235
2.49543
2.506201
2.51735
2.529282
2.539994
2.550945
2.562702
2.573487
2.584779
2.596218
2.607203
2.618413
2.629782
2.64126
2.652016
2.663638
2.674603
2.685961
2.697489
2.70863
2.719838
2.731201
2.742875
2.753779
2.765285
2.776565
2.787711
2.799503
2.810103
2.821295
2.832402
2.843869
2.85465
2.865901
2.877078
2.888299
2.899477
2.910733
2.92184
2.933213
2.949171
2.961405
2.971828
2.983471
2.995434
3.006636
3.01732
3.029124
3.040001
3.052498
3.06376
3.074395
3.085744
3.096561
3.106863
3.118708
3.129699
3.140259
3.15137
3.162756
3.173959
3.185319
3.196758
3.207452
3.218348
3.229759
3.25194
3.267135
3.277915
3.288781
3.300206
3.310047
3.321236
3.332189
3.342427
3.353901
3.364915
3.375313
3.386182
3.397369
3.408594
3.41981
3.430889
3.441723
3.452996
3.46412
3.475155
3.486898
3.498229
3.508832
3.520029
3.531302
3.542292
3.553779
3.564688
3.575881
3.587172
3.598399
3.60983
3.620546
3.631793
3.646377
3.655762
3.66531
3.676446
3.687693
3.698918
3.709852
3.723951
3.733578
3.743725
3.75512
3.766499
3.778585
3.78975
3.801324
3.815506
3.825433
3.835937
3.847544
3.858595
3.869605
3.880871
3.891932
3.90327
3.914403
3.925406
3.936743
3.947975
3.959489
3.970184
3.98149
3.992873
4.00402
4.01501
4.026179
4.037514
4.049075
4.060705
4.071758
4.082395
4.093747
4.104877
4.116295
4.127294
4.138532
4.149635
4.16091
4.171802
4.183075
4.194912
4.205868
4.217346
4.228903
4.239869
4.250989
4.262339
4.273328
4.284642
4.295957
4.306798
4.322497
4.333696
4.344573
4.354698
4.365228
4.376238
4.386666
4.397159
4.407255
4.418366
4.428873
4.438963
4.449461
4.459552
4.470006
4.48074
4.491832
4.503124
4.514155
4.52534
4.536617
4.547987
4.558948
4.569957
4.581318
4.592394
4.603572
4.614622
4.626259
4.636973
4.648225
4.65926
4.670524
4.681755
4.69297
4.703929
4.715215
4.726208
4.73769
4.749005
4.760611
4.771832
4.783337
4.794819
4.806106
4.817475
4.829345
4.840327
4.852098
4.863456
4.875121
4.886166
4.897442
4.908787
4.920332
4.931579
4.943284
4.954306
4.965644
4.977101
4.988375
5.000035
5.015617
5.025631
5.036474
5.047362
5.057323
5.067499
5.078005
5.088054
5.098683
5.109017
5.119968
5.130224
5.140083
5.150882
5.162539
5.173689
5.184801
5.196144
5.206872
5.217996
5.229494
5.240337
5.251611
5.262897
5.27384
5.285094
5.296552
5.307282
5.321093
5.331832
5.342467
5.35276
5.36347
5.374425
5.385574
5.397059
5.407915
5.419452
5.430919
5.442209
5.453479
5.465014
5.476312
5.487931
5.499564
5.510633
5.521854
5.533318
5.544983
5.556138
5.567593
5.57925
5.590452
5.601851
5.613618
5.624153
5.635737
5.647219
5.657619
5.668918
5.680494
5.691619
5.702692
5.714097
5.733347
5.745316
5.75617
5.766851
5.778181
5.788867
5.799843
5.810879
5.823232
5.835804
5.847378
5.85775
5.86947
5.880937
5.891958
5.903414
5.914394
5.92536
5.936759
5.947763
5.958507
5.970728
5.982207
5.994368
6.006208
6.017588
6.028532
6.040075
6.05276
6.064283
6.075584
6.087389
6.098797
6.110542
6.122742
6.134202
6.145411
6.157027
6.16808
6.179832
6.191139
6.202674
6.215008
6.22608
6.237298
6.249041
6.260963
6.271498
6.282741
6.293378
6.304703
6.315578
6.325673
6.336226
6.347006
6.358099
6.368953
6.384213
6.395131
6.405461
6.416888
6.427458
6.438004
6.449792
6.460785
6.471313
6.482235
6.492748
6.503163
6.513701
6.524737
6.535944
6.547716
6.558408
6.569694
6.580764
6.592221
6.603576
6.615364
6.626669
6.638501
6.649698
6.661267
6.672012
6.683234
6.694551
6.706252
6.71757
6.728697
6.739204
6.750504
6.76213
6.773031
6.784833
6.796066
6.807055
6.818517
6.829965
6.841536
6.85242
6.864066
6.875242
6.886786
6.897874
6.909273
6.920465
6.935461
6.946982
6.958082
6.96825
6.979254
6.990326
7.002713
7.013877
7.02524
7.036098
7.047343
7.064275
7.075336
7.086336
7.097511
7.108028
7.119414
7.130219
7.140589
7.15161
7.162261
7.172884
7.183913
7.19498
7.206387
7.217222
7.228898
7.239512
7.250767
7.262009
7.273463
7.28549
7.29708
7.307871
7.319014
7.32991
7.340394
7.351793
7.362792
7.37375
7.385083
7.396184
7.407168
7.418309
7.429778
7.440791
7.452116
7.463379
7.47409
7.485827
7.496738
7.50764
7.519428
7.530106
7.541251
7.552458
7.563961
7.574672
7.585826
7.597406
7.609041
7.620585
7.63222
7.643645
7.655355
7.667045
7.67898
7.690329
7.701275
7.71336
7.724672
7.739404
7.749796
7.764796
7.775922
7.786791
7.798234
7.809258
7.820767
7.831851
7.846575
7.857502
7.869645
7.880794
7.891829
7.903052
7.913948
7.924365
7.935472
7.946589
7.958253
7.969907
7.981452
7.993676
8.005431
8.0168
8.028055
8.039115
8.050776
8.06194
8.072906
8.084167
8.095865
8.107114
8.118898
8.130143
8.141225
8.152863
8.164417
8.175076
8.186465
8.197884
8.209843
8.222142
8.233797
8.245673
8.257005
8.268581
8.279156
8.290084
8.30157
8.312959
8.323565
8.335416
8.347064
8.358105
8.369283
8.380165
8.390705
8.402103
8.413818
8.425472
8.436743
8.452397
8.463017
8.473341
8.484222
8.494864
8.50604
8.51654
8.527438
8.541754
8.553024
8.564114
8.57527
8.58632
8.597713
8.608761
8.620023
8.63168
8.643089
8.654004
8.664948
8.676396
8.687645
8.698923
8.710559
8.721397
8.732831
8.744242
8.755112
8.76628
8.778273
8.78913
8.800802
8.811479
8.822349
8.83386
8.845222
8.856047
8.867505
8.878417
8.889213
8.900439
8.91207
8.92294
8.934557
8.945881
8.956469
8.967142
8.978589
8.989626
9.002492
9.013768
9.025187
9.036772
9.048419
9.060329
9.071549
9.08289
9.094028
9.104992
9.117415
9.132745
9.143988
9.15477
9.166183
9.177523
9.188744
9.199608
9.211083
9.221947
9.233161
9.244506
9.256095
9.267186
9.278184
9.289007
9.300389
9.311954
9.322967
9.334069
9.345252
9.356053
9.367271
9.378804
9.38934
9.400705
9.412185
9.423236
9.434423
9.445833
9.456719
9.468273
9.479416
9.490028
9.501293
9.512705
9.523678
9.53491
9.545752
9.556839
9.568409
9.579714
9.590278
9.601278
9.612532
9.623179
9.634223
9.644946
9.655157
9.665577
9.675657
9.686776
9.698223
9.709382
9.723768
9.735481
9.746728
9.757409
9.76869
9.780043
9.79085
9.8072
9.818521
9.829673
9.840201
9.851431
9.862319
9.873048
9.884347
9.895127
9.905569
9.916459
9.928664
9.939771
9.950927
9.961958
9.972677
9.984567
9.995738
10.00795
10.01989
10.03244
10.04356
10.05561
10.06628
10.07666
10.08903
10.10043
10.11107
10.12194
10.13266
10.14387
10.15483
10.16612
10.17771
10.18859
10.20011
10.211
10.22191
10.23321
10.24431
10.25566
10.2668
10.27787
10.28904
10.30018
10.31146
10.32241
10.33391
10.34571
10.35611
10.36713
10.3786
10.38943
10.40074
10.42185
10.43225
10.44243
10.45309
10.46347
10.47371
10.48546
10.49676
10.50703
10.52681
10.53774
10.54933
10.55966
10.57065
10.58147
10.59123
10.60199
10.61648
10.63393
10.64541
10.65725
10.66963
10.68021
10.69101
10.70257
10.71346
10.72455
10.73564
10.74724
10.75812
10.76932
10.78051
10.79179
10.80312
10.81424
10.82535
10.83654
10.84755
10.85878
10.86986
10.88105
10.89194
10.90332
10.91461
10.92649
10.93692
10.94804
10.9596
10.97085
10.9818
10.99268
11.00412
11.01499
11.02623
11.03727
11.04863
11.05972
11.07088
11.0823
11.09348
11.10502
11.11597
11.12687
11.13826
11.14945
11.16081
11.17289
11.18392
11.1957
11.2072
11.21865
11.23059
11.24215
11.2532
11.26466
11.27624
11.28735
11.29922
11.31054
TARGET DESTROYED 
11.32643
11.34669
11.35827
11.36997
11.38145
11.39217
11.40335
11.41478
11.42553
11.43731
11.45683
11.47016
11.48136
11.493
11.50418
11.51553
11.52579
11.53742
11.54903
11.56019
11.57151
11.58305
11.59469
11.60585
11.617
11.63009
11.64068
11.65176
11.66344
11.67442
11.68511
11.69659
11.70758
11.72218
11.73372
11.74601
11.75674
11.7682
11.78038
11.79115
11.80247
11.81398
11.82467
11.83612
11.84792
11.85837
11.86962
11.88167
11.89241
11.90376
11.9154
11.92607
11.93659
11.94784
11.95852
11.96951
11.98605
11.99952
12.01176
12.02239
12.0333
12.04543
12.05732
12.071
12.08309
12.096
12.10661
12.11822
12.12924
12.13989
12.15139
12.16269
12.17371
12.18516
12.19625
12.20791
12.22001
12.23195
12.24379
12.2552
12.26614
12.27739
12.28848
12.30005
12.31117
12.32177
12.33301
12.34428
12.35591
12.3668
12.37782
12.38893
12.40001
12.41148
12.42235
12.43358
12.44482
12.45594
12.467
12.4786
12.48937
TARGET DESTROYED 
12.50121
12.51738
12.53562
12.5489
12.55994
12.57115
12.58248
12.59336
12.60425
12.61515
12.62657
12.63788
12.64918
12.66558
12.67693
12.68839
12.69996
12.71087
12.72168
12.73335
12.74403
12.75484
12.76622
12.7769
12.78786
12.80047
12.81105
12.82201
12.83404
12.84504
12.85637
12.86758
12.87964
12.89144
12.90322
12.9138
12.9253
12.93624
12.94781
12.95924
12.97065
12.98159
12.99298
13.00525
13.01755
13.02904
13.04036
13.0522
13.06347
13.07425
13.08621
13.09761
13.10867
13.12033
13.13219
13.14301
13.15456
13.16675
13.1777
13.189
13.20051
13.21169
13.22288
13.23456
13.24557
13.25748
13.26873
13.27975
13.29115
13.30262
13.31404
13.32487
13.33687
13.35274
13.36471
13.37563
13.38684
13.39792
13.40948
13.42099
13.43191
13.44376
13.45473
13.46602
13.47734
13.48823
13.49979
13.51044
13.52139
13.53281
13.54405
13.55563
13.56712
13.57851
13.58979
13.60147
13.61272
13.62405
13.63494
13.64622
13.65707
13.66752
13.67807
13.68922
13.69963
TARGET DESTROYED 
13.70977
13.72978
13.74126
13.75214
13.76345
13.78159
13.79406
13.80488
13.81694
13.82847
13.8412
13.85288
13.86344
13.87451
13.88574
13.89708
13.90815
13.91945
13.93032
13.94212
13.95263
13.96378
13.97487
13.98613
13.99758
14.00866
14.02423
14.03564
14.04612
14.0562
14.06671
14.07678
14.08671
14.0979
14.10907
14.12046
14.13148
14.14256
14.15388
14.16496
14.17598
14.18725
14.1983
14.20968
14.22081
14.2323
14.24329
14.25455
14.26538
14.27665
14.28782
14.29982
14.3108
14.32233
14.33366
14.34553
14.35695
14.36811
14.37958
14.39056
14.4017
14.41332
14.42445
14.43566
14.44721
14.45844
14.46992
14.48138
14.49247
14.50392
14.51524
14.52672
14.53801
14.55026
14.56049
14.5718
14.58317
14.59478
14.60556
14.61664
14.62791
14.6391
14.65029
14.66177
14.67246
14.68369
14.69933
14.71
14.72031
14.73156
14.74223
14.75375
14.76469
14.77567
14.78726
14.80031
14.81276
14.82443
14.8357
14.8474
14.8597
14.87152
14.88383
14.89529
14.90737
14.91928
14.93107
14.94247
14.95416
15.00884
15.02336
15.03532
15.04766
15.0598
15.07034
15.08094
15.09221
15.10304
15.11448
15.12629
15.13678
15.1484
15.15942
15.17019
15.18169
15.19267
15.20361
15.21509
15.22599
15.23764
15.24848
15.25971
15.27146
15.28201
15.29304
15.30418
15.31545
15.3265
15.33791
15.34907
15.36008
15.37124
15.3825
15.39353
TARGET DESTROYED 
15.40505
15.42536
15.43707
15.44967
15.46148
15.47215
15.48298
15.49458
15.51159
15.52397
15.53502
15.54532
15.55609
15.56683
15.57785
15.58864
15.59969
15.61036
15.62101
15.63209
15.64198
15.65247
15.66263
15.67342
15.68581
15.69613
15.70665
15.71746
15.7291
15.74273
15.7536
15.76472
15.77421
15.78465
15.79604
15.80721
15.81817
15.82976
15.84104
15.85213
15.86294
15.87379
15.88503
15.89638
15.90776
15.91885
15.93018
15.9414
15.95313
15.96469
15.97642
15.98753
15.99903
16.0101
16.02179
16.03289
16.04454
16.05626
16.06741
16.07901
16.09472
16.10566
16.1158
16.12639
16.13698
16.14725
16.15749
16.16773
16.17752
16.18886
16.20006
16.21116
16.22233
16.23392
16.24475
16.25661
16.26785
16.27887
16.28973
16.30107
16.31186
16.32293
16.33434
16.34577
16.35634
16.36783
16.37892
16.39031
16.40105
16.41259
16.42512
16.43578
16.44657
16.45757
16.4682
16.47971
16.49143
16.50238
16.51364
16.52472
16.5361
16.54777
16.55873
16.57039
16.58162
16.59261
16.60426
16.61555
16.6271
16.63827
16.64948
16.66203
16.67301
16.68435
16.69522
16.70639
16.71779
16.72887
16.74062
16.75164
16.7623
16.77333
16.78881
16.80011
16.81076
16.82205
16.83456
16.84587
16.85697
16.868
16.87928
16.89023
16.90175
16.91274
16.92457
16.93534
16.94631
16.95728
16.96903
16.98002
16.99092
17.0031
17.01459
17.0247
17.03622
17.04771
17.05851
17.06942
TARGET DESTROYED 
17.08028
17.09617
17.10749
17.11827
17.12992
17.14113
17.15194
17.16301
17.17491
17.18567
17.19722
17.20816
17.22006
17.23775
17.25083
17.2616
17.27228
17.28448
17.29599
17.30709
17.31818
17.32915
17.34013
17.35104
17.36179
17.37262
17.38412
17.39463
17.40548
17.41658
17.42721
17.43756
17.44887
17.46532
17.47617
17.48703
17.49812
17.50905
17.51982
17.53048
17.54127
17.55229
17.56333
17.57432
17.58568
17.59645
17.60709
17.61873
17.62952
17.63941
17.65
17.66134
17.67235
17.68362
17.69461
17.70579
17.71676
17.73079
17.74203
17.75269
17.76326
17.7738
17.78634
17.79723
17.80824
17.81916
17.83056
17.84177
17.85317
17.8645
17.87617
17.88711
17.89865
17.90975
17.9211
17.9325
17.9438
17.95538
17.96681
17.97798
17.98921
18.00147
18.01248
18.02354
18.0348
18.04572
18.05699
18.06802
18.07891
18.08983
18.10063
18.11209
18.12343
18.13446
18.14635
18.16265
18.17373
18.18496
18.19587
18.2071
18.21965
18.23084
18.24187
18.25311
18.26472
18.27532
18.28657
18.29792
18.30898
18.32051
18.33183
18.34215
18.35355
18.36491
18.3766
18.38735
18.39823
18.40932
18.42068
18.43189
18.44283
18.4541
18.46553
18.48543
18.49699
18.50734
18.51802
18.52963
18.54148
18.55424
18.56675
18.57897
18.59134
18.60313
18.61568
18.62873
18.64114
18.65376
18.66689
18.67873
18.69144
18.70338
18.71635
18.72881
18.74199
18.7549
18.76782
18.78174
18.79628
18.81054
18.83382
18.8481
18.86234
18.87564
18.89429
18.9088
18.9232
18.93713
18.9516
18.96554
18.9799
18.99429
19.00835
19.0188
19.0296
19.04053
19.05149
19.06181
19.07216
19.08344
19.09449
19.10543
19.11677
TARGET DESTROYED 
19.12711
19.14286
19.15478
19.16588
19.17602
19.18659
19.19749
19.20725
19.21786
19.22869
19.23884
19.25089
19.26359
19.28051
19.29249
19.30298
19.3142
19.32545
19.33678
19.34781
19.3591
19.37019
19.38135
19.39226
19.40362
19.415
19.4257
19.4372
19.44825
19.4595
19.47084
19.48203
19.49334
19.50407
19.51543
19.52626
19.53751
19.54887
19.55993
19.57153
19.58235
19.59877
19.60963
19.62001
19.63027
19.64052
19.65061
19.66043
19.67172
19.68265
19.69405
19.70515
19.71633
19.72769
19.74137
19.75115
19.76149
19.77238
19.78408
19.79583
19.80695
19.81846
19.83005
19.84489
19.85538
19.86596
19.88134
19.89181
19.90242
19.91307
19.92353
19.93426
19.94489
19.95567
19.96685
19.97718
19.9876
19.99826
20.00909
20.01913
20.02955
20.04123
20.05159
20.06331
20.07394
20.08486
20.09652
20.10715
20.11852
20.12971
20.14067
20.15182
20.16329
20.1747
20.18555
20.19705
20.2081
20.21889
20.23032
20.24123
20.25334
20.26429
20.27514
20.28665
20.29836
20.30928
20.32421
20.33487
20.34547
20.35574
20.36681
20.37807
20.38927
20.40109
20.41247
20.42417
20.43485
20.44631
20.45729
20.46833
20.48001
20.49058
20.50233
20.51375
20.52425
20.5355
20.54684
20.55766
20.56904
20.58049
20.59171
20.60228
20.61376
20.62469
20.63581
20.64742
20.65835
20.66971
20.68108
20.6918
20.7034
20.71445
20.72652
20.73734
20.74854
20.75989
20.77125
20.78264
20.79366
20.80489
20.81688
20.82757
20.83867
20.84968
20.86147
20.87235
20.88323
20.89424
20.90572
20.91674
20.92823
20.93935
20.95026
20.96144
20.97222
20.98403
20.99549
21.00731
21.01776
21.02937
21.04717
21.05868
21.06951
21.0814
21.09257
21.10375
21.11565
21.12691
21.13851
21.1499
21.16041
21.17224
21.1839
21.19481
21.20527
21.21616
21.22664
21.23828
21.25083
21.26273
21.27321
21.28425
21.29524
21.30584
21.31908
21.32932
21.33989
21.35546
21.37095
21.38226
21.39324
21.40409
21.41495
21.42623
21.4367
21.4482
21.45885
21.47002
21.48138
21.49257
21.50372
21.51484
21.52637
21.53725
21.54836
21.55942
21.57059
21.58159
21.59274
21.60414
21.61529
21.63005
21.645
21.65986
21.67457
21.68458
21.69512
21.70496
21.71564
21.72696
21.74148
21.75369
21.76514
21.7818
21.79399
21.80521
21.81617
21.82763
21.83872
21.84976
21.86108
21.87201
21.88332
21.89522
21.90644
21.91761
21.92876
21.93998
21.95097
21.96289
21.97456
21.98633
21.99849
22.01105
22.02233
22.03409
22.04569
22.05787
22.06948
22.082
22.09339
22.10453
22.11546
22.12757
22.13944
22.15135
22.16266
22.17379
22.18495
22.19623
22.2075
22.21916
22.23037
22.2413
22.25253
22.26388
22.2856
22.29715
22.30838
22.31916
22.33027
22.34137
22.35246
22.36382
22.37525
22.3865
22.39816
22.4092
22.42002
22.43127
22.44237
22.45299
22.46439
22.47525
22.48643
22.49763
22.50884
22.52527
22.53692
22.5478
22.5584
22.56907
22.57964
22.59048
22.60135
22.61182
22.62321
22.63422
22.64481
22.6554
22.66655
22.67763
22.68866
22.69954
22.70976
22.72103
22.73227
22.7432
22.75447
22.76602
22.77729
22.78849
22.80007
22.81169
22.82309
22.83431
22.84607
22.85714
22.86801
22.8791
22.88989
22.90146
22.91622
22.92848
22.93982
22.95085
22.96185
TARGET DESTROYED 
22.97297
23.00267
