0.02
0.04
0.14
0.1783592
0.1909597
0.2012375
0.2119103
0.2220512
0.232629
0.2456054
0.2561511
0.265174
0.2752889
0.28631
0.2976257
0.310596
0.3197334
0.3309871
0.342253
0.3532902
0.3644166
0.3757117
0.3869683
0.3981489
0.4091671
0.4206082
0.4320997
0.4428857
0.454252
0.4650765
0.4797712
0.4886949
0.4991787
0.5098024
0.5208576
0.5321261
0.5435604
0.5542867
0.5654278
0.5769058
0.5878775
0.5992028
0.6106069
0.6213708
0.6328115
0.6438834
0.6549318
0.6660312
0.677291
0.6884347
0.6995229
0.7108995
0.7219367
0.7333928
0.7443162
0.7554146
0.7669779
0.7778005
0.7888101
0.8000584
0.8112598
0.8226601
0.8335103
0.8448513
0.8560225
0.86707
0.8782997
0.8937707
0.9059535
0.9160141
0.9295728
0.9384879
0.950082
0.9612873
0.9726254
0.9839991
0.9948708
1.006204
1.017665
1.028948
1.039756
1.050763
1.062076
1.073175
1.084578
1.095626
1.10669
1.117754
1.129001
1.140262
1.151356
1.162555
1.173702
1.184861
1.195854
1.207559
1.21846
1.229381
1.241163
1.251793
1.26311
1.27449
1.285152
1.296516
1.307989
1.318888
1.330116
1.341818
1.352683
1.363677
1.375176
1.386068
1.397154
1.408831
1.419598
1.430458
1.441872
1.453464
1.464168
1.475619
1.486665
1.498345
1.509041
1.520163
1.531067
1.542618
1.553759
1.564466
1.57873
1.587642
1.597321
1.608909
1.623414
1.632951
1.642812
1.652086
1.663648
1.675058
1.690505
1.700173
1.709995
1.719007
1.729389
1.741006
1.751693
1.76889
1.78303
1.792642
1.802071
1.811535
1.820526
1.830587
1.839355
1.850075
1.863102
1.872663
1.883728
1.895063
1.90607
1.91723
1.928309
1.9395
1.950735
1.961903
1.97313
1.984457
1.995234
2.006497
2.017972
2.028796
2.040027
2.051009
2.062297
2.073591
2.084596
2.096103
2.107436
2.118212
2.129226
2.140673
2.151618
2.162814
2.174401
2.18534
2.196418
2.208178
2.21931
2.230816
2.24251
2.253797
2.265142
2.276625
2.287822
2.299345
2.310812
2.322389
2.333829
2.345324
2.356715
2.368076
2.379383
2.39109
2.402541
2.41388
2.425204
2.435915
2.447283
2.458532
2.469401
2.480497
2.492401
2.503035
2.514129
2.525407
2.536384
2.547688
2.559077
2.569847
2.581182
2.592558
2.603589
2.614883
2.626149
2.636928
2.652651
2.66288
2.672349
2.68208
2.692645
2.701827
2.712621
2.724238
2.734965
2.746202
2.757733
2.768598
2.779764
2.790903
2.801881
2.813363
2.824561
2.835564
2.846663
2.858259
2.869052
2.880159
2.891585
2.902587
2.913774
2.925051
2.935995
2.947098
2.958568
2.96967
2.98065
2.992189
3.003071
3.014469
3.025686
3.03664
3.048123
3.05965
3.070809
3.082073
3.093561
3.104652
3.116173
3.127755
3.138669
3.150124
3.161342
3.172593
3.184091
3.195336
3.206787
3.218306
3.229023
3.240044
3.25135
3.262394
3.273904
3.284927
3.296171
3.307236
3.318388
3.329434
3.34099
3.351676
3.363228
3.374514
3.386077
3.396573
3.408226
3.419031
3.430161
3.441678
3.452595
3.463425
3.475249
3.485847
3.497609
3.508542
3.519326
3.530581
3.54247
3.553089
3.564019
3.575401
3.586498
3.597718
3.608827
3.619732
3.631056
3.643066
3.654073
3.665069
3.676069
3.686998
3.702592
3.713161
3.723587
3.733896
3.744198
3.754921
3.76526
3.775451
3.785235
3.796355
3.806229
3.817214
3.828703
3.83959
3.85083
3.861994
3.873292
3.884282
3.895591
3.907427
3.9178
3.929141
3.940133
3.951523
3.96269
3.97389
3.984885
3.995914
4.007402
4.0185
4.029538
4.040883
4.051837
4.063174
4.074463
4.085566
4.096922
4.108724
4.119669
4.131007
4.142904
4.153888
4.165126
4.17685
4.187967
4.19926
4.210553
4.222164
4.23348
4.244625
4.256067
4.267326
4.278641
4.289971
4.301402
4.31234
4.323767
4.334702
4.34589
4.357687
4.368211
4.379697
4.390827
4.401814
4.412923
4.42433
4.435902
4.446849
4.4578
4.468812
4.480014
4.491452
4.502289
4.513552
4.524983
4.536045
4.546838
4.558535
4.569331
4.580519
4.592253
4.602753
4.613946
4.625266
4.636224
4.647817
4.659047
4.669766
4.681016
4.692817
4.703372
4.714644
4.72596
4.736718
4.753499
4.767514
4.778418
4.788449
4.799008
4.810164
4.821196
4.83252
4.843974
4.854697
4.865929
4.877252
4.888242
4.899396
4.910674
4.921745
4.933177
4.944377
4.955288
4.966508
4.977945
4.988674
5.000164
5.011155
5.02241
5.03359
5.04478
5.055934
5.067039
5.078175
5.08963
5.10058
5.111671
5.122876
5.133929
5.145422
5.156492
5.167453
5.178683
5.189898
5.201507
5.212852
5.224811
5.236013
5.247354
5.258926
5.270246
5.281586
5.293229
5.30456
5.316234
5.327487
5.338944
5.350322
5.361643
5.373112
5.384584
5.395918
5.407019
5.418381
5.42939
5.440662
5.452058
5.462884
5.474599
5.485185
5.496446
5.50779
5.518978
5.529994
5.541713
5.552698
5.563768
5.57502
5.58569
5.597026
5.608463
5.619184
5.630693
5.641931
5.653066
5.663929
5.675613
5.686522
5.698377
5.70917
5.720091
5.730918
5.742626
5.753516
5.764651
5.77596
5.787463
5.798034
5.814384
5.825698
5.836883
5.848061
5.860247
5.871117
5.882473
5.893795
5.904799
5.916081
5.927284
5.938341
5.949545
5.960941
5.971714
5.982894
5.994385
6.005168
6.016547
6.027587
6.038817
6.050012
6.06109
6.07223
6.083536
6.094972
6.105926
6.116821
6.128266
6.139481
6.150612
6.162184
6.173013
6.184124
6.195193
6.206542
6.217793
6.228714
6.239859
6.251304
6.262343
6.273404
6.284541
6.29604
6.307789
6.318953
6.330455
6.342151
6.353406
6.364989
6.37664
6.388802
6.400064
6.411358
6.422223
6.433583
6.445559
6.456243
6.467994
6.479371
6.490722
6.502154
6.513215
6.524421
6.535624
6.546738
6.558037
6.569345
6.580597
6.591778
6.603006
6.614148
6.625332
6.636168
6.647401
6.658813
6.669856
6.681041
6.693713
6.704838
6.716265
6.727864
6.739178
6.750238
6.76071
6.771057
6.7819
6.792618
6.802514
6.812793
6.824059
6.835004
6.846319
6.858022
6.873165
6.883595
6.894011
6.903831
6.914042
6.923789
6.934754
6.945983
6.957381
6.968375
6.979449
6.990833
7.001739
7.013035
7.024569
7.0355
7.046344
7.057983
7.069043
7.08
7.09147
7.102427
7.113499
7.124934
7.135788
7.147057
7.158476
7.169404
7.180931
7.192417
7.203188
7.214055
7.225406
7.236665
7.248038
7.259531
7.270501
7.282007
7.293253
7.304565
7.315798
7.327446
7.3385
7.350197
7.361263
7.372792
7.383793
7.395179
7.406592
7.418157
7.428897
7.439984
7.451128
7.46251
7.473803
7.484799
7.4958
7.50766
7.518673
7.530234
7.541362
7.552803
7.563662
7.574719
7.585369
7.596674
7.607875
7.618716
7.629914
7.642107
7.653295
7.665295
7.676505
7.687306
7.698632
7.710107
7.721109
7.732118
7.743598
7.75458
7.767133
7.778793
7.789628
7.800554
7.81208
7.823523
7.834724
7.846432
7.857625
7.868694
7.88006
7.890852
7.902063
7.913595
7.929346
7.939464
7.949758
7.96017
7.971245
7.982477
7.993741
8.004788
8.015915
8.02736
8.038092
8.049325
8.060883
8.07177
8.082826
8.094137
8.105312
8.116464
8.127557
8.139121
8.14972
8.161136
8.172248
8.183396
8.194656
8.205704
8.216841
8.228135
8.239458
8.250758
8.261523
8.272781
8.284015
8.295718
8.306228
8.31749
8.328582
8.339704
8.350895
8.362247
8.373339
8.384568
8.395521
8.406855
8.418225
8.429557
8.440347
8.451767
8.46307
8.474744
8.485922
8.497618
8.509417
8.520803
8.532534
8.544232
8.555858
8.56745
8.578524
8.59046
8.60205
8.612924
8.624358
8.635617
8.646632
8.65791
8.668484
8.679724
8.691438
8.702559
8.713466
8.725167
8.735813
8.746844
8.758514
8.769033
8.780217
8.792144
8.802907
8.813772
8.825353
8.836228
8.847466
8.859036
8.869641
8.880989
8.892581
8.903404
8.914559
8.925729
8.936681
8.94795
8.95941
8.970367
8.985799
8.996888
9.007152
9.017437
9.02863
9.039388
9.0504
9.061632
9.072522
9.08368
9.09537
9.106341
9.117734
9.129185
9.13988
9.151225
9.162522
9.173556
9.184649
9.196449
9.207391
9.218456
9.229714
9.240751
9.252078
9.263341
9.274152
9.285139
9.29662
9.308669
9.31975
9.331004
9.341932
9.352594
9.363737
9.374859
9.385781
9.396427
9.406949
9.417763
9.428234
9.438528
9.449785
9.460485
9.471126
9.481771
9.492771
9.503305
9.514081
9.524906
9.536729
9.547478
9.558271
9.568845
9.579891
9.591103
9.602973
9.613684
9.624377
9.635547
9.646946
9.658038
9.669117
9.680349
9.692203
9.702531
9.713889
9.725223
9.735938
9.747353
9.758857
9.770101
9.782097
9.793105
9.804389
9.815818
9.827293
9.838673
9.850205
9.861371
9.872777
9.884215
9.895504
9.907208
9.918345
9.929729
9.941549
9.952348
9.963721
9.975635
9.986541
9.99782
10.0096
10.02024
10.03556
10.0465
10.05677
10.06737
10.07762
10.08787
10.09822
10.10875
10.11838
10.12877
10.13951
10.1508
10.16218
10.17341
10.18449
10.19548
10.20666
10.2177
10.22899
10.24011
10.25136
10.26272
10.27398
10.28493
10.29603
10.30745
10.31865
10.3296
10.3409
10.35213
10.36325
10.37439
10.38539
10.39661
10.4081
10.41915
10.43049
10.44231
10.45319
10.46469
10.47653
10.50442
10.51597
10.52708
10.53919
10.55201
10.56292
10.57424
10.58523
10.59618
10.60818
10.61862
10.63012
10.64289
10.65449
10.6649
10.67626
10.68604
10.69666
10.70801
10.71912
10.73006
10.74172
10.75274
10.76375
10.775
10.78615
10.79716
10.80869
10.81967
10.83094
10.84247
10.85311
10.86446
10.87549
10.887
10.89781
10.90899
10.92
10.93121
10.94312
10.95345
10.96476
10.97624
10.98712
10.99836
11.00945
11.02072
11.03173
11.0431
11.054
11.07011
11.08113
11.09191
11.1027
11.11348
11.12376
11.13427
11.14547
11.15783
11.16793
11.17916
11.19027
11.20142
11.21259
11.22392
11.23493
11.24606
11.25812
11.2684
11.27998
11.291
11.30188
11.31338
11.32441
11.33537
11.34672
11.35799
11.36882
11.38022
11.39175
11.40261
11.41493
11.42535
11.43678
11.4484
11.45907
TARGET DESTROYED 
11.46999
11.49009
11.50202
11.51317
11.52362
11.53474
11.54716
11.55805
11.5692
11.58871
11.60113
11.61264
11.62369
11.63509
11.64602
11.65804
11.66878
11.68009
11.69086
11.7019
11.71352
11.72493
11.73558
11.74654
11.75807
11.76906
11.7807
11.79158
11.80261
11.81365
11.82487
11.8361
11.84718
11.85861
11.86948
11.88104
11.89196
11.90297
11.91414
11.92554
11.93648
11.94756
11.95911
11.97017
11.98149
11.99269
12.00349
12.01478
12.02612
12.03787
12.04819
12.06441
12.07515
12.08605
12.09679
12.10676
12.11735
12.12834
12.13912
12.1508
12.16191
12.17306
12.18437
12.19584
12.20675
12.21789
12.22914
12.24082
12.25141
12.26269
12.27402
12.28472
12.29605
12.30811
12.31841
12.32961
12.34095
12.35219
12.36315
12.37482
12.38551
12.39677
12.40799
12.41924
12.43013
12.44183
12.4529
12.46441
12.4758
12.48692
12.49876
12.51024
12.52108
TARGET DESTROYED 
12.53254
12.54866
12.55953
12.56975
12.58093
12.59304
12.60462
12.61609
12.62773
12.63926
12.65135
12.66324
12.68183
12.69516
12.70748
12.71856
12.7301
12.74137
12.75277
12.76411
12.77603
12.78741
12.79897
12.81102
12.82244
12.8344
12.84625
12.85779
12.86937
12.88129
12.89347
12.9055
12.91741
12.92911
12.94103
12.953
12.96491
12.97704
12.98886
13.00053
13.01241
13.02511
13.03652
13.04799
13.05966
13.07131
13.08345
13.09556
13.10737
13.11926
13.13676
13.14916
13.16098
13.17267
13.18468
13.19675
13.20864
13.22002
13.23217
13.24389
13.25523
13.26728
13.27946
13.29163
13.30336
13.31548
13.32783
13.33948
13.35098
13.36259
13.37448
13.38622
13.39838
13.41139
13.42314
13.43516
13.44799
13.45972
13.47132
13.48396
13.49492
13.50555
13.5167
13.52773
13.53815
13.54897
13.56058
13.57088
13.58168
13.59294
13.60342
13.61426
13.62497
13.63544
13.64704
13.65728
13.66769
TARGET DESTROYED 
13.67923
13.6955
13.70687
13.71763
13.72816
13.73846
13.74917
13.76007
13.77874
13.79107
13.802
13.81295
13.82433
13.83581
13.84666
13.85776
13.86889
13.87998
13.8913
13.90253
13.91372
13.9249
13.93587
13.94712
13.95843
13.96967
13.98055
13.99202
14.00302
14.0144
14.02538
14.03655
14.04751
14.05955
14.07009
14.08112
14.09258
14.10349
14.1146
14.12731
14.13841
14.14983
14.16121
14.17233
14.18433
14.20086
14.21325
14.22518
14.23651
14.24909
14.26111
14.27298
14.28497
14.29663
14.30835
14.31978
14.33132
14.34307
14.35441
14.3646
14.37542
14.38538
14.39571
14.4056
14.41614
14.42851
14.43908
14.45018
14.461
14.47203
14.4833
14.49446
14.50597
14.51701
14.52811
14.53909
14.55026
14.56203
14.57295
14.58418
14.59506
14.60626
14.61726
14.62836
14.6396
14.6507
14.66208
14.674
14.68527
14.69678
14.70738
14.71868
14.73071
14.74294
14.75502
14.76739
14.77962
14.792
14.80553
14.81748
14.83002
14.84272
14.85433
14.86628
14.87851
14.89086
14.9032
14.91535
14.92996
14.94477
14.96093
14.97542
14.98576
14.99728
15.00834
15.01946
15.03083
15.04266
15.0559
15.06921
15.08196
15.09364
15.10436
15.11507
15.126
15.13653
15.14782
15.15916
15.16943
15.18012
15.1915
15.20264
15.21347
15.22437
15.23443
15.24466
15.25424
15.26527
15.27695
15.29395
15.30545
TARGET DESTROYED 
15.31773
15.33543
15.34734
15.35869
15.36996
15.38201
15.3939
15.40519
15.41671
15.42826
15.43979
15.45178
15.4643
15.48221
15.49559
15.50752
15.51913
15.5306
15.54217
15.55341
15.5656
15.57782
15.58912
15.60154
15.61241
15.62278
15.63407
15.64783
15.66051
15.67265
15.68523
15.69769
15.71034
15.72353
15.73577
15.74811
15.76065
15.77311
15.78549
15.79785
15.81147
15.8242
15.8353
15.84708
15.85852
15.86935
15.88035
15.89176
15.90254
15.91371
15.92465
15.93528
15.94646
15.95799
15.96895
15.97986
15.99142
16.00244
16.01349
16.02592
16.03589
16.04715
16.05865
16.06925
16.08071
16.09216
16.10287
16.11407
16.12552
16.13657
16.14768
16.15901
16.16994
16.18107
16.19245
16.20359
16.21473
16.22635
16.23824
16.25029
16.26252
16.27497
16.28797
16.31367
16.3261
16.33786
16.34986
16.36668
16.3798
16.39389
16.406
16.41812
16.43113
16.44399
16.45618
16.46887
16.48166
16.49399
16.50605
16.51838
16.5311
16.54432
16.5567
16.56755
16.5792
16.59029
16.60167
16.61327
16.62439
16.63567
16.64683
16.65809
16.66874
16.68458
16.69702
16.70835
16.71976
16.73282
16.74498
16.75618
16.76795
16.77954
16.7903
16.80102
16.81249
16.82329
16.83446
16.84552
16.85517
16.86509
16.87431
16.88481
16.89724
16.90742
16.91833
16.9295
16.94089
16.95175
16.96305
16.97417
16.98537
16.99639
17.00807
17.01868
17.02992
17.0414
17.05228
17.06354
17.07499
17.08584
17.09707
17.10866
17.1196
17.13055
17.14194
17.15283
17.1643
17.17562
17.18642
17.19777
17.20964
17.22103
17.23322
17.24408
17.25562
17.26725
TARGET DESTROYED 
17.27852
17.29374
17.30379
17.31449
17.33164
17.34273
17.35401
17.36516
17.37984
17.38967
17.4004
17.41036
17.42119
17.43215
17.44341
17.45428
17.46585
17.47679
17.48796
17.49898
17.51024
17.52129
17.53284
17.5441
17.55529
17.56601
17.57729
17.58884
17.59961
17.61081
17.62234
17.63317
17.64483
17.65587
17.6667
17.67784
17.68994
17.70165
17.71236
17.72268
17.73364
17.74519
17.7561
17.76753
17.77922
17.79061
17.80221
17.81338
17.82524
17.83625
17.84764
17.85939
17.87069
17.88204
17.89373
17.90489
17.91637
17.92803
17.93922
17.95067
17.96221
17.9732
17.9846
17.99553
18.00682
18.018
18.02908
18.04046
18.05134
18.06252
18.07406
18.08479
18.0963
18.10794
18.11824
18.12953
18.1414
18.15177
18.16319
18.17432
18.18545
18.19661
18.20843
18.21954
18.23008
18.24117
18.25265
18.26374
18.27548
18.28592
18.2973
18.30874
18.31964
18.33099
18.34198
18.35312
18.36413
18.37559
18.38788
18.39764
18.40916
18.41994
18.43115
18.44249
18.45347
18.46848
18.4791
18.48925
18.49989
18.51027
18.52003
18.53017
18.54088
18.55171
18.56329
18.57402
18.58504
18.59662
18.6076
18.61859
18.62995
18.64132
18.65219
18.66347
18.6748
18.68565
18.69699
18.70831
18.71934
18.73035
18.74188
18.7529
18.76437
18.77509
18.78621
18.79733
18.80886
18.81959
18.83095
18.8425
18.85352
18.86466
18.8764
18.88739
18.89869
18.91021
18.92139
18.93311
18.94396
18.95518
18.9667
18.978
18.9894
19.0008
19.01209
19.0231
19.03453
19.04543
19.05657
19.06768
19.07891
19.09016
TARGET DESTROYED 
19.10126
19.11588
19.1262
19.13656
19.14659
19.15589
19.16693
19.17801
19.18966
19.20627
19.21723
19.22697
19.23676
19.24652
19.25568
19.26562
19.27553
19.28622
19.29757
19.30889
19.32002
19.33107
19.34261
19.35323
19.36473
19.37604
19.38686
19.39798
19.40932
19.42035
19.43175
19.44302
19.45382
19.46507
19.47642
19.48729
19.49887
19.50989
19.52101
19.53194
19.54651
19.55566
19.56548
19.57704
19.58805
19.59967
19.61108
19.62243
19.63364
19.6452
19.65701
19.66887
19.67977
19.69096
19.70237
19.71355
19.72535
19.7364
19.74771
19.75966
19.7703
19.7815
19.793
19.80394
19.81537
19.82653
19.83725
19.84843
19.85986
19.87098
19.88202
19.89325
19.90427
19.91571
19.92708
19.93833
19.9494
19.96123
19.97216
19.98345
19.99471
20.00595
20.01721
20.02852
20.03942
20.05093
20.06205
20.07314
20.08436
20.09539
20.10658
20.11786
20.1291
20.14039
20.15134
20.16252
20.17401
20.18491
20.19589
20.20713
20.21846
20.2296
20.24204
20.25177
20.2629
20.27434
20.2858
20.29637
20.30917
20.31949
20.32986
20.34172
20.35244
20.3645
20.37488
20.38593
20.39726
20.40932
20.42015
20.43044
20.44217
20.45314
20.46429
20.47624
20.48636
20.49824
20.50902
20.52043
20.53138
20.54259
20.55768
20.56806
20.57829
20.58865
20.59889
20.60872
20.61957
20.6298
20.64026
20.65134
20.66276
20.67371
20.68485
20.69609
20.70753
20.71862
20.72973
20.74113
20.75209
20.76321
20.77497
20.79525
20.80542
20.81664
20.82789
20.83889
20.84994
20.86125
20.87236
20.88385
20.89479
20.90611
20.91713
20.9283
20.93934
20.95059
20.96172
20.97299
20.9843
20.99543
21.00633
21.01768
21.0288
21.03983
21.05112
21.06281
21.07355
21.08479
21.09583
21.10723
21.11808
21.13023
21.14044
21.15182
21.16313
21.17429
21.18596
21.19634
21.20771
21.21888
21.2299
21.24123
21.25216
21.26377
21.27538
21.28679
21.2982
21.31032
21.32482
21.33433
21.34417
21.3557
21.36707
21.37872
21.38972
21.4007
21.41194
21.4234
21.43427
21.44593
21.45645
21.46779
21.47911
21.4903
21.50129
21.51276
21.52382
21.53511
21.54645
21.55716
21.5683
21.5794
21.59075
21.60205
21.61304
21.62446
21.63542
21.64639
21.6577
21.66883
21.67997
21.69201
21.70272
21.71386
21.72556
21.73637
21.74787
21.76639
21.77628
21.78861
21.79961
21.81114
21.82245
21.83295
21.84453
21.8553
21.86663
21.87781
21.88908
21.90013
21.91132
21.92261
21.93398
21.94501
21.95589
21.9671
21.97817
21.98936
22.00088
22.0116
22.02287
22.03417
22.04529
22.05655
22.06757
22.07872
22.09114
22.10141
22.1124
22.12406
22.13467
22.14644
22.15789
22.16897
22.18019
22.19476
22.20463
22.21453
22.22627
22.23727
22.24915
22.26021
22.27147
22.28299
22.29432
22.30554
22.31792
22.32856
22.3401
22.35124
22.36271
22.37426
22.38538
22.39637
22.4083
22.41906
22.43006
22.44358
22.45929
22.46905
22.48109
22.49261
22.50339
22.5148
22.52614
22.5372
22.54872
22.55969
22.57051
22.58154
22.59339
22.60395
22.6152
22.62659
22.63738
22.64871
22.65985
22.67077
22.68224
22.69348
22.70471
22.71565
22.72668
22.73814
22.74997
22.76109
22.77198
22.78303
22.79419
22.80508
22.81609
22.82778
22.83895
22.85029
22.86167
22.87319
22.88451
22.8988
22.90974
22.91864
22.93
22.94319
22.95283
22.9644
22.97638
22.99035
