0.02
0.04
0.14
0.1812076
0.1929143
0.2036599
0.2138425
0.2251347
0.2365485
0.2479627
0.2583127
0.2700322
0.2806681
0.2922387
0.3049213
0.3142458
0.3258293
0.3369249
0.3479287
0.3629117
0.3724854
0.3816552
0.392404
0.4037039
0.4148605
0.4259846
0.4374138
0.4486191
0.4594548
0.4707474
0.4818802
0.4929462
0.50425
0.515429
0.5265351
0.5378113
0.5488119
0.5598998
0.5712944
0.5823919
0.5936757
0.6050341
0.6157748
0.6271232
0.6383535
0.6493117
0.6605905
0.6717829
0.6829122
0.6940449
0.7053558
0.7167093
0.7277904
0.7391859
0.750191
0.7612587
0.7723299
0.7832891
0.7945775
0.8059734
0.8168848
0.8280237
0.8395742
0.8504015
0.8616158
0.8731354
0.8840039
0.9000279
0.9113561
0.9224036
0.9337433
0.9446467
0.9561796
0.9674445
0.9782584
0.9895577
1.000821
1.011695
1.022937
1.034507
1.045617
1.05735
1.068037
1.078637
1.089943
1.101371
1.112293
1.123862
1.134975
1.145931
1.160769
1.170873
1.180311
1.189865
1.199581
1.210837
1.222061
1.233304
1.244198
1.255572
1.266669
1.277735
1.289001
1.300269
1.311294
1.322532
1.333715
1.344734
1.356179
1.367159
1.378549
1.389503
1.400599
1.411902
1.423021
1.434347
1.445285
1.456689
1.468011
1.479726
1.49007
1.501375
1.512402
1.523803
1.535284
1.546434
1.557524
1.569405
1.580278
1.591685
1.60317
1.614057
TARGET DESTROYED 
1.625524
1.640713
1.650463
1.660106
1.670688
1.680132
1.691736
1.702944
1.713423
1.724712
1.736056
1.747077
1.758161
1.769687
1.780699
1.791675
1.803262
1.814212
1.825847
1.836807
1.848045
1.858774
1.870139
1.881089
1.892307
1.904337
1.919104
1.92886
1.938715
1.949075
1.959005
1.970301
1.981225
1.992425
2.004009
2.014731
2.026123
2.037449
2.048421
2.059844
2.070623
2.082013
2.092997
2.104195
2.115544
2.126693
2.137701
2.14888
2.160455
2.171213
2.182256
2.193638
2.204802
2.216121
2.226967
2.238196
2.249312
2.260614
2.271675
2.28304
2.294268
2.305847
2.317442
2.328437
2.33968
2.351171
2.362349
2.37362
2.385338
2.396302
2.407525
2.419155
2.43009
2.4415
2.452957
2.463801
2.47511
2.486521
2.497774
2.508533
2.519919
2.531013
2.543458
2.553743
2.564415
2.575814
2.587182
2.597853
2.609046
2.620357
2.631506
2.642636
2.654135
2.664875
2.676103
2.689736
2.70571
2.715885
2.726892
2.738028
2.749214
2.760399
2.77161
2.78301
2.793946
2.805321
2.816351
2.827392
2.838648
2.849703
2.860962
2.873045
2.883261
2.89442
2.905911
2.917039
2.928171
2.939478
2.950856
2.961576
2.97269
2.983926
2.995058
3.006197
3.01754
3.028837
3.039617
3.050998
3.062046
3.07326
3.084536
3.095944
3.107221
3.11887
3.130084
3.141446
3.153133
3.16433
3.175704
3.187471
3.198563
3.209864
3.221383
3.23265
3.244175
3.255865
3.26787
3.278401
3.289807
TARGET DESTROYED 
3.301469
3.316056
3.32695
3.337506
3.347991
3.358911
3.369626
3.379772
3.390383
3.401029
3.411809
3.423789
3.435378
3.445528
3.45661
3.467868
3.483311
3.493383
3.503818
3.51397
3.524305
3.535167
3.545702
3.556037
3.567129
3.578271
3.589064
3.600054
3.611267
3.622502
3.633654
3.644731
3.65601
3.667069
3.678492
3.689354
3.700778
3.711867
3.723133
3.734204
3.745202
3.75652
3.767793
3.778773
3.790336
3.801519
3.812392
3.823779
3.834993
3.845969
3.857358
3.868707
3.880297
3.891575
3.902916
3.91415
3.925453
3.936971
3.948349
3.959398
3.970975
3.982183
3.993753
4.004844
4.016787
4.027557
4.038958
4.049897
4.06118
4.072201
4.083382
4.094524
4.10581
4.117036
4.12813
4.139268
4.150605
4.161629
4.172745
4.183952
4.195305
4.206411
4.21792
4.228708
4.239741
4.251229
4.26653
4.277294
4.288327
4.299019
4.309548
4.320641
4.330921
4.341516
4.352586
4.363307
4.37443
4.385881
4.395638
4.405818
4.415882
4.426538
4.436461
4.447096
4.458327
4.469661
4.480717
4.491747
4.503238
4.513994
4.525345
4.536591
4.547598
4.558815
4.570412
4.581028
4.592271
4.603676
4.614619
4.62577
4.63713
4.648179
4.659409
4.67053
4.681921
4.692931
4.70444
4.715828
4.727289
4.73867
4.749946
4.761654
4.772868
4.784442
4.795654
4.806965
4.819401
4.829776
4.841509
4.852773
4.863883
4.875343
4.886858
4.897944
4.909285
4.920878
4.932085
4.943302
4.954979
4.965898
4.977203
4.988203
4.999417
5.010601
5.021619
5.037925
5.049153
5.059314
5.070733
5.080989
5.091335
5.101727
5.111786
5.122715
5.132943
5.14322
5.15348
5.163623
5.173705
5.185047
5.195978
5.206717
5.217949
5.229058
5.240285
5.251817
5.262395
5.273681
5.285338
5.296044
5.307187
5.318734
5.329573
5.340727
5.352169
5.363189
5.374685
5.385674
5.396553
TARGET DESTROYED 
5.407819
5.422772
5.433088
5.444006
5.456455
5.468004
5.478824
5.489559
5.499776
5.510291
5.520069
5.530999
5.541617
5.553102
5.564149
5.575625
5.586669
5.597862
5.60879
5.620422
5.631076
5.642454
5.653684
5.664784
5.675799
5.687145
5.698088
5.709363
5.720774
5.731668
5.742841
5.754574
5.765092
5.776546
5.787688
5.802722
5.813364
5.824402
5.834561
5.844982
5.8558
5.866757
5.877989
5.889413
5.900823
5.912332
5.923615
5.935072
5.946497
5.958081
5.969885
5.980078
5.991222
6.002957
6.013731
6.024983
6.037098
6.047308
6.058291
6.070313
6.081535
6.091735
6.103324
6.114172
6.125605
6.137175
6.147757
6.158829
6.170626
6.181459
6.1928
6.204413
6.21547
6.22717
6.23803
6.249707
6.260762
6.272137
6.283248
6.294693
6.305976
6.317824
6.328461
6.339944
6.351214
6.362278
6.373756
6.385155
6.395732
6.406919
6.418086
6.429104
6.440793
6.451655
6.462515
6.473847
6.485223
6.496231
6.507182
6.518816
6.5297
6.540961
6.552351
6.563092
6.574162
6.590001
6.601181
6.611914
6.623003
6.634463
6.645804
6.657108
6.668897
6.680015
6.692507
6.703347
6.714482
6.725668
6.736987
6.747984
6.759449
6.770421
6.781534
6.793233
6.804082
6.815492
6.826239
6.837519
6.848986
6.859881
6.870902
6.88204
6.893328
6.90459
6.915926
6.927733
6.938606
6.948965
6.960597
6.97197
6.982704
6.993817
7.005233
7.016283
7.02717
7.038793
7.049517
7.061042
7.072227
7.083507
7.094409
7.105677
7.11677
7.128089
7.139865
7.150692
7.162001
7.173375
7.185213
7.196297
7.207991
7.219572
7.230964
7.242288
7.253747
7.265472
7.276775
7.288354
7.299665
7.311634
7.322879
7.334159
7.344949
7.356503
7.373364
7.384706
7.396711
7.407983
7.419433
7.430311
7.442182
7.454075
7.464795
7.47571
7.48711
7.498343
7.508978
7.520062
7.530827
7.541952
7.55458
7.565531
7.577417
7.588225
7.599083
7.610157
TARGET DESTROYED 
7.620894
7.637398
7.649748
7.662542
7.673866
7.686584
7.697854
7.709803
7.7206
7.731094
7.74228
7.753618
7.764517
7.775945
7.787029
7.798355
7.809578
7.820486
7.831559
7.842771
7.854038
7.865315
7.876215
7.887391
7.898616
7.910061
7.921217
7.932028
7.943069
7.954937
7.96611
7.976909
7.98798
7.999115
8.010352
8.021505
8.033029
8.043903
8.055106
8.066771
8.07778
8.088895
8.099964
8.111319
8.122487
8.133433
8.144646
8.160615
8.171628
8.182376
8.193153
8.204107
8.214557
8.225995
8.237457
8.248185
8.259044
8.270097
8.280562
8.291747
8.303161
8.314327
8.325804
8.337969
8.348797
8.360122
8.371583
8.383106
8.394517
8.406182
8.41726
8.429357
8.441305
8.453511
8.465442
8.477091
8.489144
8.499651
8.510713
8.52213
8.532931
8.544006
8.555292
8.566526
8.577972
8.58983
8.601346
8.613386
8.624742
8.636123
8.646879
8.658116
8.669527
8.680487
8.691821
8.703321
8.71404
8.725386
8.736386
8.748567
8.759254
8.770175
8.780999
8.792422
8.803529
8.814599
8.825755
8.837017
8.848029
8.860021
8.870935
8.881785
8.892987
8.904262
8.915372
8.927221
8.938193
8.954015
8.96492
8.976196
8.987499
8.999367
9.00908
9.018938
9.029109
9.039615
9.049102
9.060614
9.071614
9.082791
9.094748
9.105734
9.117004
9.128018
9.139611
9.150485
9.161706
9.172938
9.184265
9.195054
9.206486
9.218038
9.228658
9.239855
9.251015
9.262111
9.273237
9.284702
9.295656
9.306905
9.318374
9.32921
9.34028
9.35156
9.362741
9.374429
9.385916
9.39697
9.408332
9.419975
9.43119
9.442444
9.454286
9.465365
TARGET DESTROYED 
9.476616
9.492829
9.504904
9.515353
9.526669
9.539568
9.552309
9.563213
9.574356
9.58537
9.596401
9.607418
9.618971
9.629827
9.641085
9.652473
9.663566
9.674614
9.68648
9.697524
9.70854
9.719317
9.734543
9.745877
9.756797
9.767786
9.778979
9.790316
9.801197
9.812085
9.823305
9.834435
9.845976
9.857174
9.867814
9.878715
9.889781
9.900169
9.911102
9.921984
9.932756
9.943428
9.954665
9.965282
9.97681
9.987772
9.998917
10.01012
10.02178
10.03363
10.04473
10.05607
10.06824
10.07931
10.09037
10.10229
10.11296
10.12425
10.13585
10.14659
10.15854
10.1705
10.18194
10.19333
10.20534
10.21714
10.22848
10.23997
10.25132
10.2626
10.27393
10.28522
10.29653
10.30823
10.32008
10.3316
10.34341
10.35483
10.36741
10.379
10.39059
10.40165
10.41314
10.42433
10.43553
10.44692
10.45847
10.46979
10.48127
10.49288
10.50465
10.52117
10.5327
10.54426
10.55592
10.56912
10.58033
10.59122
10.60254
10.61397
10.62548
10.63734
10.64842
10.6597
10.67115
10.68207
10.69374
10.7056
10.71718
10.72958
10.74121
10.7533
10.76523
10.7775
10.78959
10.80139
10.8135
10.82534
10.8372
10.84872
10.8604
10.87231
10.88328
10.89532
10.90714
10.91823
10.92987
10.94211
10.95355
10.96514
10.97707
10.98989
11.00114
11.01264
11.02458
11.03656
11.04843
11.06033
11.07227
11.08307
11.09457
11.10593
11.1169
11.12889
11.14031
11.15157
11.16309
11.17446
11.18615
11.19767
11.20899
11.22081
11.23184
11.24313
11.25481
11.26604
11.27746
11.28926
11.30037
11.31237
11.32408
11.34045
11.35109
11.36198
11.3732
11.38403
11.39509
11.4078
11.41893
11.42943
11.44075
11.45161
11.46251
11.47364
11.48436
11.49521
11.50672
11.51805
11.52901
11.54017
11.55136
11.56294
11.57499
11.58571
11.59634
11.60779
11.61953
11.6299
11.64118
11.65192
11.66284
11.67402
11.68598
11.69683
11.70854
11.71958
11.7304
11.74169
11.75266
11.76338
11.77461
11.78579
11.79682
11.80803
11.81949
11.83124
11.84232
11.85291
11.86471
11.8762
11.88748
11.89887
11.91053
11.92221
11.93389
11.94536
11.95708
TARGET DESTROYED 
11.96889
11.98591
11.99629
12.00684
12.01776
12.0288
12.04139
12.05389
12.0651
12.0764
12.08723
12.0985
12.10983
12.12474
12.13491
12.14517
12.15569
12.16582
12.17662
12.1881
12.19895
12.21005
12.22139
12.23268
12.24364
12.25484
12.26597
12.27738
12.28829
12.29938
12.31103
12.3223
12.33314
12.34441
12.35542
12.3665
12.37771
12.38884
12.40007
12.41114
12.42234
12.43347
12.44474
12.45604
12.46724
12.47831
12.48949
12.50104
12.51183
12.52341
12.53512
12.54686
12.55787
12.56964
12.58078
12.5923
12.60404
12.61539
12.62707
12.63851
12.65012
12.66134
12.67285
12.68522
12.69539
12.70711
12.71809
12.72888
12.74042
12.75166
12.76237
12.77362
12.7852
12.79631
12.80727
12.81914
12.83071
12.84139
12.85189
12.86307
12.87501
12.88657
12.8976
12.91348
12.92465
12.93591
12.94779
12.95862
12.97021
12.98177
12.99319
13.00428
13.01534
13.0262
13.03785
13.04837
13.0597
13.07097
13.0816
13.09358
13.10442
13.11522
13.12652
13.13894
13.14968
13.16091
13.17228
13.18279
13.19386
13.20544
13.21599
13.22703
13.23828
13.249
13.26018
13.27122
13.28253
13.29373
13.30486
13.31592
13.32726
13.3388
13.34956
13.36061
13.37274
13.38321
13.39436
13.40635
13.41732
13.42873
13.4403
13.45204
13.46306
13.47463
13.4864
13.49755
13.50899
13.52067
13.53217
13.5436
13.55541
13.56737
13.57899
13.59108
13.60331
13.61486
13.62661
13.63845
13.6506
13.66225
13.67387
13.68536
13.69648
13.71348
13.72497
13.73701
13.74871
13.75976
13.77122
13.78228
13.79429
13.80658
13.81893
13.83021
13.8414
13.85284
13.86395
13.87532
13.88651
13.89732
13.90892
13.92021
13.9312
13.94278
13.95441
13.96518
13.97645
13.98839
13.99942
14.01082
14.02188
14.03326
14.04535
14.05733
14.06951
14.08081
14.0922
14.10323
14.11435
14.12522
14.13616
14.14695
14.15812
14.16946
14.18024
14.1913
14.20229
14.21299
14.22399
14.23528
14.24621
14.25756
14.26798
14.27917
14.28999
14.30025
14.31103
14.32331
14.33377
14.34514
14.3565
14.36747
14.37889
14.39011
14.40152
14.41289
14.42418
14.43546
14.44725
14.4595
14.471
14.48228
14.49899
14.51074
14.52235
14.5338
14.54509
14.55671
14.56838
14.57958
14.59147
14.60335
14.61401
14.6251
14.63641
14.64662
14.65699
14.66784
14.6786
14.69004
14.70131
14.71264
14.72337
14.73457
14.74625
14.75712
14.76859
14.77925
14.79055
14.80207
14.81267
14.82378
14.83547
14.84647
14.85745
14.86872
14.87967
14.89095
14.90222
14.91315
14.92446
14.93592
14.94689
14.959
14.97002
TARGET DESTROYED 
14.98212
15.00212
15.01604
15.02915
15.04108
15.05307
15.06439
15.0778
15.08993
15.10223
15.11447
15.12619
15.13766
15.14905
15.1611
15.1728
15.18439
15.19632
15.2081
15.21824
15.22848
15.23899
15.24912
15.25949
15.27075
15.28227
15.29778
15.30829
15.31892
15.32913
15.33954
15.34935
15.35997
15.37125
15.38247
15.39351
15.40487
15.41588
15.42736
15.43853
15.44963
15.46074
15.47193
15.48313
15.49421
15.50558
15.51665
15.52783
15.53943
15.55119
15.56285
15.57451
15.58636
15.59939
15.61109
15.62324
15.63508
15.64685
15.6585
15.67072
15.68242
15.69408
15.706
15.71907
15.73102
15.74261
15.75472
15.7682
15.78024
15.79237
15.80414
15.81577
15.82753
15.83957
15.85209
15.86431
15.876
15.88836
15.90009
15.9118
15.92443
15.93671
15.94811
15.96004
15.97231
15.98386
15.99597
16.00792
16.01926
16.03073
16.04231
16.0543
16.06416
16.07497
16.08669
16.09744
16.11309
16.12447
16.13485
16.14523
16.15589
16.16599
16.17675
16.1871
16.19778
16.20913
16.22028
16.23118
16.24291
16.25406
16.26484
16.27637
16.28747
16.29853
16.30974
16.32091
16.33198
16.34318
16.35454
16.36555
16.37669
16.38798
16.39974
16.41035
16.42141
16.4329
16.44364
16.45479
16.46622
16.47772
16.48915
16.50077
16.51238
16.52371
16.5355
16.54674
16.55878
16.56994
16.58116
16.59276
16.6043
16.61551
16.62726
16.63799
16.65053
16.6609
16.67315
16.68311
16.69485
16.7058
16.71786
16.72837
16.7392
16.74994
16.76149
16.77243
16.78385
16.79492
16.80622
16.8176
16.82847
16.83963
16.85111
16.86183
16.87388
16.88444
16.89939
16.90963
16.9207
16.93075
16.94052
16.95057
16.96095
16.97094
16.98151
16.99309
17.00401
17.01528
17.02668
17.03748
17.04897
17.06003
17.07126
17.08234
17.09346
17.10485
17.11561
17.12725
17.13795
17.14915
17.16019
17.17157
17.18266
17.1938
17.20493
17.21946
17.22961
17.24053
17.25109
17.26101
17.27207
17.28334
17.29785
