0.02
0.04
0.14
0.1725011
0.1837853
0.1940243
0.2044205
0.2156072
0.2262646
0.2416859
0.2538904
0.2667376
0.2771341
0.2884786
0.301755
0.3119306
0.3217263
0.3330393
0.3438266
0.35514
0.3663257
0.3774624
0.3885496
0.3998739
0.4108797
0.4221434
0.4332283
0.4444102
0.4558368
0.4668159
0.4779105
0.4926787
0.5024692
0.5113634
0.5225992
0.5340855
0.5449546
0.5561981
0.5674406
0.5783209
0.5896279
0.6009679
0.6120689
0.6230846
0.6343701
0.6457909
0.6566244
0.6679844
0.6788567
0.6902862
0.7018393
0.7126054
0.7239572
0.7347686
0.7460836
0.757088
0.7684768
0.7795117
0.7906256
0.8020372
0.8129929
0.824185
0.8354506
0.846491
0.8578287
0.8686991
0.8801752
0.8954556
0.9066243
0.918553
0.9288671
0.9404032
0.9517281
0.9630175
0.9743915
0.9855426
0.9969727
1.008244
1.019082
1.030139
1.04135
1.052952
1.063724
1.074978
1.086091
1.097056
1.108327
1.119401
1.130668
1.141775
1.153327
1.164067
1.175495
1.18647
1.197726
1.209003
1.220728
1.231731
1.24238
1.253706
1.264946
1.27592
1.287486
1.298839
1.309807
1.320778
1.332013
1.342837
1.354231
1.365591
1.376292
1.387828
1.399356
1.409726
1.421136
1.432568
1.44345
1.454621
1.466275
1.476805
1.488493
1.499488
1.510447
1.521733
1.533326
1.544697
1.55576
1.569996
1.579167
1.589607
1.598983
1.609151
1.620301
1.635565
1.645071
1.654943
1.665116
1.676026
1.693599
1.704097
1.714094
1.724685
1.734479
1.744832
1.754933
1.764537
1.774721
1.784683
1.795853
1.807329
1.818142
1.829648
1.840593
1.851732
1.863399
1.874061
1.885254
1.896516
1.907637
1.919056
1.929826
1.941252
1.952318
1.963397
1.974726
1.985885
1.996869
2.0082
2.019387
2.030444
2.041763
2.052972
2.064048
2.075279
2.086453
2.098433
2.109359
2.12081
2.132352
2.143702
2.154968
2.166816
2.178133
2.18923
2.200889
2.212037
2.223386
2.235159
2.246497
2.257751
2.269157
2.280816
2.292055
2.308051
2.319637
2.329561
2.339957
2.350164
2.360275
2.37046
2.380194
2.390862
2.401459
2.41165
2.422575
2.433981
2.444122
2.455499
2.467526
2.477449
2.488944
2.500381
2.511183
2.522612
2.533675
2.544606
2.555761
2.567329
2.578126
2.589247
2.600961
2.611813
2.628816
2.642849
2.656073
2.667332
2.678638
2.689516
2.700638
2.711926
2.722878
2.734254
2.745315
2.756832
2.767933
2.778955
2.790334
2.802161
2.815317
2.826124
2.835998
2.847073
2.856993
2.868308
2.88031
2.890629
2.901797
2.915788
2.925522
2.935931
2.946499
2.957764
2.968742
2.984122
2.994426
3.005434
3.016197
3.025833
3.036301
3.047072
3.058156
3.069557
3.080366
3.091486
3.102662
3.114859
3.125033
3.136405
3.147919
3.158728
3.170204
3.182234
3.193379
3.205405
3.216735
3.227865
3.239898
3.250924
3.261968
3.273375
3.284492
3.295593
3.306736
3.318332
3.329267
3.340955
3.351705
3.362894
3.374176
3.38591
3.396674
3.408158
3.419369
3.430778
3.442042
3.453412
3.465407
3.478266
3.48882
3.499154
3.509666
3.520886
3.532047
3.543096
3.554425
3.565913
3.576503
3.588297
3.599155
3.610168
3.621246
3.635483
3.646252
3.661905
3.672436
3.68385
3.694792
3.705979
3.717235
3.728372
3.739693
3.750647
3.76179
3.773138
3.784234
3.795353
3.806362
3.817875
3.828964
3.839921
3.851423
3.862209
3.873621
3.884763
3.896842
3.907239
3.918621
3.929478
3.940592
3.951865
3.962738
3.973934
3.985253
3.996407
4.007611
4.018727
4.030008
4.041057
4.05246
4.063406
4.074923
4.086218
4.097822
4.109127
4.120389
4.132376
4.143234
4.154896
4.166385
4.178281
4.189149
4.200947
4.212176
4.224019
4.235754
4.246235
4.258602
4.269639
4.280338
4.291689
4.305987
4.31703
4.32947
4.341099
4.357358
4.369587
4.38801
4.407176
4.425859
4.445456
4.464126
4.474543
4.4854
4.496119
4.506538
4.517321
4.52802
4.543282
4.555028
4.566581
4.577314
4.58882
4.60018
4.61129
4.622254
4.634386
4.64525
4.656283
4.668114
4.679471
4.690158
4.701615
4.712545
4.723798
4.743678
4.756131
4.767317
4.778321
4.789317
4.800659
4.811723
4.822877
4.834718
4.845543
4.856327
4.868102
4.878685
4.889908
4.90202
4.912621
4.924354
4.935747
4.946167
4.95726
4.96863
4.979355
4.991736
5.002786
5.013712
5.024864
5.036652
5.047644
5.063738
5.075371
5.087932
5.100706
5.111819
5.12282
5.134413
5.146289
5.158692
5.169909
5.181511
5.192537
5.203504
5.214219
5.225862
5.237689
5.248635
5.259817
5.271637
5.282555
5.293643
5.305328
5.316154
5.327644
5.340882
5.352054
5.363642
5.375121
5.386492
5.39779
5.409196
5.42042
5.432404
5.443795
5.455621
5.467727
5.478345
5.489344
5.500562
5.511188
5.52226
5.53263
5.54282
5.553659
5.563385
5.573772
5.584459
5.594529
5.604954
5.619271
5.629243
5.639732
5.650118
5.660676
5.671908
5.683201
5.694063
5.705425
5.720511
5.7327
5.749543
5.761196
5.772675
5.783936
5.794774
5.806023
5.818049
5.828762
5.840278
5.851138
5.862077
5.873511
5.884546
5.895454
5.906676
5.918812
5.930169
5.941689
5.952681
5.963727
5.975388
5.986524
5.997698
6.009234
6.020761
6.031672
6.043063
6.054479
6.06586
6.077244
6.088618
6.10064
6.111993
6.123985
6.135707
6.146924
6.158866
6.169811
6.180222
6.191125
6.202163
6.213098
6.227995
6.239929
6.251784
6.263864
6.275843
6.28778
6.298851
6.310671
6.32275
6.335744
6.349258
6.361018
6.372826
6.38446
6.396392
6.40793
6.419999
6.431525
6.448123
6.460497
6.472485
6.484805
6.49604
6.50724
6.519323
6.530403
6.541717
6.553889
6.565557
6.577991
6.589161
6.600566
6.611548
6.622521
6.633721
6.644782
6.655682
6.666704
6.678477
6.690156
6.701044
6.712668
6.724261
6.735684
6.746564
6.758226
6.769386
6.780146
6.791188
6.801638
6.811515
6.82247
6.833611
6.84468
6.855908
6.869084
6.879321
6.890643
6.900781
6.911889
6.923419
6.934667
6.945673
6.956884
6.968165
6.978942
6.990095
7.001458
7.012064
7.023569
7.034869
7.046713
7.057965
7.069367
7.080796
7.092793
7.104163
7.115493
7.132008
7.143935
7.155454
7.166992
7.177869
7.188916
7.200832
7.211777
7.223608
7.235799
7.24683
7.258173
7.269237
7.280457
7.291675
7.30385
7.314764
7.32577
7.3373
7.347825
7.360967
7.372672
7.383982
7.395435
7.40627
7.417777
7.429253
7.440136
7.451657
7.462973
7.473967
7.485677
7.49684
7.508189
7.518823
7.528856
7.539746
7.550348
7.560471
7.573893
7.585349
7.596542
7.608203
7.61947
7.629972
7.641435
7.653032
7.663682
7.675725
7.687127
7.698011
7.71065
7.721584
7.733105
7.74498
7.756189
7.7675
7.778212
7.788728
7.799348
7.809896
7.820585
7.83105
7.85126
7.862466
7.873595
7.884196
7.895714
7.907155
7.919321
7.930605
7.942112
7.953429
7.965143
7.976422
7.987802
7.998954
8.009912
8.021033
8.032275
8.043386
8.054246
8.065248
8.076405
8.087587
8.099101
8.110215
8.121861
8.133209
8.144441
8.155738
8.167274
8.178161
8.189267
8.201254
8.21223
8.223873
8.235515
8.246413
8.257431
8.268843
8.280231
8.291254
8.302703
8.313385
8.32531
8.337397
8.349304
8.359931
8.372085
8.38384
8.395191
8.406325
8.418046
8.429454
8.44161
8.453151
8.464455
8.476084
8.487013
8.497907
8.50937
8.525329
8.537485
8.54872
8.560032
8.571147
8.583055
8.593945
8.60496
8.61642
8.627404
8.638473
8.650123
8.660872
8.672126
8.683838
8.694468
8.705462
8.717337
8.727984
8.739743
8.751539
8.762494
8.773628
8.78535
8.796317
8.808397
8.81958
8.830434
8.841784
8.852837
8.863465
8.875136
8.88644
8.897339
8.908846
8.920374
8.931939
8.943769
8.955905
8.967293
8.978251
8.9897
9.000704
9.011953
9.023339
9.034186
9.045224
9.056493
9.06771
9.078673
9.089967
9.101051
9.112443
9.124283
9.135017
9.146458
9.158188
9.168951
9.181035
9.192626
9.208962
9.221728
9.234064
9.246206
9.258091
9.270146
9.282421
9.294304
9.306212
9.319148
9.330804
9.343658
9.356319
9.368423
9.380961
9.39355
9.405387
9.418979
9.431622
9.444138
9.455765
9.467962
9.47963
9.492466
9.503671
9.519454
9.532508
9.544614
9.556636
9.568652
9.580046
9.592555
9.604328
9.615913
9.62725
9.643219
9.655412
9.667803
9.679499
9.691736
9.703645
9.715696
9.727909
9.739798
9.75174
9.763684
9.775589
9.78791
9.800425
9.811987
9.823429
9.836123
9.848147
9.860386
9.872459
9.885113
9.896957
9.908639
9.920978
9.938952
9.950742
9.962194
9.974707
9.986384
9.999428
10.01118
10.02288
10.03552
10.0469
10.05888
10.07086
10.08267
10.09469
10.10676
10.11877
10.13064
10.14279
10.15477
10.1669
10.1789
10.19065
10.20268
10.2139
10.225
10.23638
10.24763
10.25892
10.27007
10.28086
10.29254
10.30355
10.31518
10.32657
10.33788
10.34901
10.36026
10.37125
10.38294
10.39453
10.40579
10.4165
10.4273
10.43863
10.44979
10.46129
10.47302
10.48413
10.49556
10.50667
10.51775
10.52846
10.53981
10.55117
10.56168
10.57328
10.585
10.5957
10.60725
10.62248
10.63476
10.64567
10.65666
10.66823
10.67917
10.69031
10.70162
10.71256
10.72351
10.73491
10.74537
10.75614
10.76726
10.77768
10.78913
10.80058
10.81145
10.82241
10.83417
10.84519
10.85607
10.8674
10.87779
10.88845
10.89963
10.91079
10.92209
10.93326
10.94447
10.95587
10.96763
10.97809
10.98961
11.00087
11.01123
11.02281
11.03407
11.04466
11.05585
11.06696
11.07805
11.09004
11.10089
11.11143
11.1228
11.13396
11.14512
11.15664
11.16871
11.17966
11.19146
11.20323
11.21492
11.22624
11.23834
11.24953
11.26142
11.27238
11.28433
11.29534
11.30649
11.31765
11.32874
11.33996
11.35141
11.36221
11.37349
11.3853
11.39694
11.40791
11.42009
11.43157
11.44767
11.4774
11.48861
11.49919
11.51249
11.52393
11.54114
11.55203
11.56251
11.57366
11.58653
11.5992
11.60942
11.62361
11.63503
11.64575
11.65753
11.66891
11.68141
11.69247
11.70343
11.71489
11.72602
11.73722
11.74835
11.75934
11.77106
11.78273
11.79356
11.80548
11.81656
11.82724
11.83802
11.84908
11.85974
11.87113
11.88276
11.8935
11.90497
11.91635
11.92689
11.93847
11.94969
11.96045
11.97176
11.98294
11.99396
12.00525
12.01647
12.02806
12.0404
12.05316
12.06581
12.07839
12.09078
12.10328
12.11625
12.12816
12.14018
12.15777
12.17073
12.1834
12.19578
12.20779
12.22045
12.23328
12.24521
12.25818
12.27069
12.28284
12.29509
12.30716
12.31996
12.33221
12.34391
12.35769
12.36996
12.38205
12.39481
12.40745
12.42038
12.43284
12.44497
12.45726
12.4702
12.48254
12.49516
12.5074
12.52024
12.53276
12.54465
12.55677
12.56923
12.58141
12.59377
12.60612
12.61893
12.63141
12.64374
12.65632
12.66931
12.68153
12.69409
12.70705
12.71925
12.73136
12.7433
12.75543
12.76797
12.78011
TARGET DESTROYED 
12.79252
12.81473
12.82769
12.84079
12.86701
12.88105
12.89347
12.90576
12.91857
12.93033
12.94274
12.95457
12.96727
12.97852
12.99043
13.00309
13.01501
13.02748
13.03913
13.0504
13.06172
13.07327
13.08469
13.09569
13.10764
13.11915
13.13018
13.1419
13.15361
13.16558
13.17726
13.18906
13.20082
13.212
13.22461
13.23675
13.24775
13.26002
13.27182
13.28407
13.29585
13.30768
13.3199
13.33094
13.34242
13.35456
13.36715
13.37918
13.39026
13.40232
13.41474
13.42674
13.43804
13.44959
13.46376
13.4753
13.48667
13.49846
13.50992
13.52128
13.53286
13.54396
13.55549
13.56691
13.57796
13.58939
13.60581
13.62144
13.63459
13.64626
13.65831
13.67062
13.68209
13.69393
13.71254
13.72509
13.74436
13.75702
13.76923
13.78154
13.79322
13.80474
13.8164
13.82837
13.84056
13.85238
13.86405
13.87659
13.88845
13.90059
13.91234
13.92411
13.93672
13.94978
13.96138
13.97354
13.9851
13.99639
14.00852
14.0219
14.03432
14.04593
14.05821
14.07037
14.08299
14.09468
14.10589
14.11791
14.12924
14.14149
14.15311
14.16464
14.17682
14.18847
14.20063
14.21197
14.22434
14.23696
14.25004
14.26174
14.27397
14.28604
14.3041
TARGET DESTROYED 
14.31716
14.33524
14.34778
14.36021
14.37241
14.38473
14.39663
14.40923
14.42974
14.4433
14.45585
14.46874
14.48063
14.49287
14.50518
14.51782
14.52982
14.54192
14.55397
14.56577
14.57832
14.59
14.60217
14.61362
14.62527
14.63765
14.65005
14.66155
14.67329
14.68564
14.69748
14.71009
14.72227
14.73472
14.74633
14.75834
14.77057
14.78327
14.79453
14.80623
14.81853
14.82997
14.8422
14.85381
14.86609
14.87886
14.89112
14.90385
14.91688
14.92899
14.94136
14.95394
14.96586
14.97812
14.99045
15.00808
15.02054
15.03288
15.04486
15.05703
15.06918
15.08138
15.09343
15.10602
15.11878
15.1306
15.14313
15.15495
15.16654
15.17822
15.19054
15.20131
15.21183
15.22335
15.23365
15.2445
15.2556
15.26701
15.278
15.28939
15.30042
15.31159
15.32259
15.33404
15.34525
15.35638
15.36802
15.3783
15.38948
15.40083
15.41241
15.42581
15.43974
15.45355
15.46635
15.47881
15.49178
15.50274
15.51336
15.52491
15.53512
15.54612
15.5573
15.56834
15.57944
15.59066
15.60179
15.61313
15.62757
15.63844
15.65025
15.66083
15.67116
15.68201
15.69306
15.70903
15.72098
15.73358
15.7457
15.75796
15.77017
15.78168
15.79265
15.80417
15.81562
15.83336
15.84572
15.85783
15.86984
15.88101
15.89298
15.90497
15.91728
15.92998
15.94154
15.95425
15.96754
15.97922
15.99116
16.00322
16.01559
16.02727
16.03861
16.04992
16.06115
16.07267
16.08451
16.09544
16.10781
16.12099
TARGET DESTROYED 
16.13481
16.15403
16.16802
16.18059
16.19332
16.20606
16.21868
16.23108
16.2439
16.25652
16.26764
16.27837
16.29649
16.30932
16.32016
16.3307
16.34148
16.35192
16.36175
16.37331
16.384
16.39492
16.41159
16.42356
16.43782
16.44854
16.45971
16.47134
16.48205
16.49322
16.50406
16.5149
16.52624
16.53719
16.54804
16.55966
16.57094
16.58307
16.59504
16.60717
16.61928
16.6309
16.64321
16.65427
16.66583
16.67626
16.68704
16.69803
16.71026
16.72231
16.73548
16.74797
16.76111
16.7736
16.78585
16.79795
16.81074
16.82332
16.8364
16.84847
16.86136
16.87391
16.88639
16.8992
16.91136
16.92338
16.9365
16.94868
16.96223
16.97536
16.98787
17.00065
17.01262
17.02397
17.04389
17.06494
17.08599
17.10634
17.12705
17.15245
17.17306
17.19399
17.21536
17.23633
17.25682
17.2775
17.29829
17.31961
17.33352
17.35586
17.37812
17.40049
17.42281
17.44536
17.46741
17.49003
17.51202
17.53463
17.55673
17.5792
17.60276
17.6236
17.64603
17.66846
17.69094
17.71311
17.73542
17.75771
17.77998
17.80271
17.8248
17.84729
17.86938
17.89187
17.91404
17.93659
17.95895
17.98137
17.99474
18.00811
18.02075
18.03371
18.04653
18.05875
18.0716
18.08905
18.10169
18.11367
18.1259
18.13795
18.15041
18.16236
18.17555
18.18769
18.20064
18.21261
18.22511
18.23786
18.25028
TARGET DESTROYED 
18.26227
18.28375
18.29747
18.31157
18.32535
18.34331
18.35682
18.36807
18.37987
18.39064
18.40186
18.41346
18.42427
18.43524
18.44643
18.45776
18.46961
18.48102
18.4923
18.50336
18.51435
18.52574
18.53662
18.54812
18.55914
18.57078
18.58311
18.59562
18.6069
18.61796
18.62926
18.64051
18.65126
18.66246
18.67359
18.68483
18.69591
18.70718
18.71807
18.72952
18.74043
18.75191
18.76294
18.77402
18.78951
18.80135
18.81208
18.82281
18.83381
18.84454
18.8555
18.8661
18.87619
18.88755
18.89765
18.9085
18.91935
18.94747
18.9616
18.97656
18.99294
19.0079
19.02386
19.03956
19.0552
19.07088
19.08643
19.10144
19.11786
19.13369
19.1494
19.16476
19.18074
19.19661
19.2117
19.22784
19.2432
19.2595
19.2746
19.28987
19.30568
19.32112
19.33701
19.34852
19.3592
19.37025
19.38163
19.39306
19.40384
19.41583
19.42653
19.43738
19.44886
19.46042
19.47168
19.4833
19.4945
19.50544
19.51713
19.52788
19.53798
19.54858
19.56377
19.57405
19.58498
19.59556
19.60585
19.61647
19.63066
19.6419
19.65268
19.66401
19.67498
19.68844
19.69952
19.71117
19.72351
19.73522
19.74625
19.75732
19.76833
19.77944
19.79049
19.80166
19.81289
19.82421
19.83517
19.84645
19.85779
19.86896
19.87995
19.89127
19.90219
19.9135
19.92461
19.9358
19.94691
19.95846
19.96952
19.9806
19.99218
20.00306
20.01396
20.0256
20.0363
20.04799
20.05903
20.06978
20.08106
20.09213
20.10357
20.11486
20.12556
20.13696
20.14905
20.15957
20.17039
20.18163
20.19333
20.20493
20.21638
20.22758
20.24281
20.25943
20.27146
20.28212
20.2931
20.30435
20.31574
20.32662
20.33813
20.35009
20.36109
20.37203
20.38417
20.39505
20.40667
20.41735
20.42843
20.43963
20.45058
20.46165
20.47581
20.48679
20.49773
20.50853
20.51983
20.53125
20.54244
20.55341
20.56458
20.57579
20.58663
20.59802
20.60972
20.62067
20.63197
20.64277
20.65395
20.66506
20.67586
20.68659
20.69782
20.70878
TARGET DESTROYED 
20.71968
20.73627
20.74722
20.75899
20.77106
20.78163
20.79226
20.80359
20.81475
20.82554
20.83667
20.8539
20.86697
20.87717
20.88791
20.89884
20.90923
20.92002
20.93592
20.94694
20.95792
20.96854
20.97914
20.99095
21.00183
21.01226
21.02383
21.03489
21.04504
21.05596
21.06689
21.07732
21.08847
21.09916
21.1094
21.12002
21.13084
21.1422
21.15327
21.16535
21.17578
21.18691
21.19815
21.2096
21.22062
21.23223
21.24281
21.25378
21.26523
21.27612
21.28731
21.29892
21.30971
21.32106
21.33214
21.34312
21.35427
21.36584
21.37659
21.38836
21.40005
21.41171
21.4229
21.4348
21.44621
21.45805
21.46946
21.48129
21.49382
21.50546
21.51549
21.52612
21.53762
21.54932
21.56031
21.57157
21.58296
21.59384
21.6051
21.62024
21.63576
21.64636
21.65623
21.66733
21.67831
21.68955
21.7005
21.71572
21.72652
21.73731
21.74816
21.75977
21.7707
21.78119
21.79197
21.8038
21.81405
21.82507
21.83591
21.84681
21.85735
21.86829
21.87937
21.89039
21.90158
21.91286
21.92408
21.9351
21.94616
21.95837
21.96953
21.98075
21.99186
22.00246
22.01316
22.02448
22.03591
22.04728
22.05819
22.06981
22.08114
22.09228
22.1051
22.11598
22.12704
22.13826
22.14974
22.16111
22.1726
22.18399
22.19558
22.207
22.2188
22.22952
22.24136
22.25273
22.26401
22.27513
22.28627
22.29745
22.30865
22.32418
22.33583
22.34661
22.3573
22.36796
22.37878
22.3895
22.40095
22.41249
22.4233
22.43435
22.44525
22.45592
22.46788
22.47875
22.48969
22.50163
22.51275
22.52383
22.53434
22.54528
22.55615
22.5676
22.57841
22.58847
22.59968
22.61015
22.62084
22.63227
22.64282
22.65372
22.66489
22.67598
22.68662
22.69777
22.70887
22.71933
22.72951
22.74062
22.75138
22.76195
22.77282
22.7843
22.79535
22.8065
22.8177
22.82879
22.8403
22.85146
22.86307
22.88384
22.89603
22.90704
22.91812
22.92921
22.94036
22.95177
22.96271
22.97419
22.98515
22.99624
23.00741
23.02339
23.03493
23.0458
23.05651
23.06742
23.07858
23.08925
23.10002
23.11061
23.12171
23.13222
23.14259
23.15406
23.16501
23.17603
23.18696
23.19737
23.20841
23.21988
23.2312
23.24226
23.25372
23.26472
23.27545
23.28658
23.2979
23.30924
23.32038
23.33169
23.34262
23.35388
23.36571
23.37677
23.38841
23.39991
23.41131
23.4229
23.43441
23.44588
23.45734
23.46887
23.47989
23.49253
23.50415
23.52502
23.53617
23.54641
23.55691
23.56724
23.57776
23.58836
23.5997
23.61066
23.62176
23.63685
23.64788
23.65872
23.6788
23.69057
23.70174
23.71197
23.72831
23.73911
23.75039
23.76073
23.77074
23.78088
23.79103
23.80145
23.81182
23.82296
23.83414
23.84515
23.85656
23.8677
23.8843
23.89522
23.90508
23.91567
23.92604
23.93659
23.94673
23.95714
23.9681
23.97955
23.99101
24.00217
24.01274
24.02377
24.0352
24.04615
24.05757
24.06869
24.07971
24.09091
24.10223
24.1134
24.12452
24.13558
24.14679
24.15793
24.1692
24.18033
24.19226
24.20356
24.21524
24.22633
24.23766
24.24885
24.26036
24.27182
24.28305
24.29447
24.3057
24.31722
24.32853
24.33972
24.35133
24.36293
24.37378
24.3854
24.39705
24.40804
24.42327
24.43396
24.4447
24.45539
24.46629
24.47629
24.48669
24.49682
24.50797
24.51872
24.5298
24.54073
24.55215
24.56307
24.57458
24.58587
24.59731
24.60801
24.61933
24.63035
24.64225
24.65289
24.66388
24.67514
24.68635
24.69742
24.70945
24.72007
24.73154
24.74273
24.75329
24.76443
24.77573
24.78701
24.79808
24.81312
24.82373
24.83414
24.84416
24.85502
24.86522
24.87563
24.88731
24.89791
24.90936
24.92054
24.93185
24.94269
24.95318
24.96488
24.97582
24.98691
24.99838
25.01008
25.02037
25.03153
25.04288
25.05379
25.06531
25.07592
25.08726
25.10191
25.11789
25.12816
25.13894
25.14889
25.1589
25.16888
25.17861
25.19207
