0.02
0.04
0.14
0.1775418
0.1917235
0.2044632
0.2200882
0.2328731
0.2439674
0.254523
0.2656363
0.2769105
0.2876385
0.305579
0.3166553
0.3280326
0.338398
0.3494172
0.3601198
0.3712401
0.3825057
0.3936991
0.4046962
0.4158973
0.4271055
0.4382546
0.4493852
0.4607351
0.4716966
0.4828153
0.4939567
0.5053754
0.5182145
0.5287308
0.5386856
0.5500913
0.5611953
0.5721782
0.5834939
0.5946857
0.6057084
0.6170574
0.6281106
0.6392081
0.6503984
0.6616996
0.672987
0.6838436
0.6989492
0.7100194
0.7207605
0.731602
0.7426392
0.7533726
0.7642551
0.7751614
0.7854848
0.7959814
0.8068656
0.817957
0.8294305
0.8403227
0.8514917
0.8628019
0.8737425
0.8850944
0.8962044
0.910714
0.921669
0.933215
0.9439945
0.9553438
0.9662181
0.9777082
0.9885792
0.9997835
1.01132
1.022434
1.033948
1.044726
1.055548
1.06728
1.078592
1.089783
1.100658
1.115978
1.127089
1.137491
1.148647
1.160384
1.17067
1.181493
1.192117
1.202695
1.213634
1.224295
1.234771
1.245865
1.256518
1.267729
1.278963
1.290063
1.301102
1.312642
1.323729
1.335416
1.346406
1.356981
1.368096
1.3793
1.391222
1.402133
1.412825
1.424048
1.435332
1.446533
1.457939
1.469325
1.480387
1.491227
1.502796
1.514436
1.530149
1.541558
1.55337
1.564974
1.576173
1.587323
1.59888
1.611547
1.622656
1.633715
1.644897
1.65582
1.66676
1.67838
1.689398
1.700401
1.712115
1.722888
1.733991
1.745228
1.756232
1.771298
1.782948
1.794652
1.805442
1.816409
1.827848
1.83849
1.849463
1.860573
1.871621
1.882733
1.893654
1.904086
1.915304
1.926267
1.936954
1.953161
1.964144
1.975238
1.987066
1.997971
2.008994
2.020122
2.031271
2.042403
2.05386
2.065208
2.076701
2.087444
2.098627
2.109597
2.120484
2.13146
2.142563
2.153322
2.164564
2.176412
2.188312
2.199621
2.210618
2.221104
2.232113
2.243173
2.253653
2.264553
2.276058
2.286892
2.297854
2.308816
2.319928
2.330789
2.342965
2.358371
2.370608
2.381786
2.393193
2.404723
2.415509
2.426597
2.437553
2.449388
2.460288
2.471601
2.482644
2.494018
2.504775
2.515998
2.52727
2.539032
2.550411
2.561735
2.573032
2.584373
2.595941
2.606925
2.618199
TARGET DESTROYED 
2.637695
2.651327
2.670462
2.681908
2.693368
2.705679
2.716878
2.728099
2.740097
2.751271
2.762764
2.779152
2.790244
2.802385
2.814033
2.825186
2.836516
2.847696
2.859059
2.869983
2.881668
2.893049
2.90433
2.916322
2.927973
2.940173
2.951492
2.962844
2.973976
2.985183
2.99637
3.008337
3.0195
3.030697
3.041708
3.054069
3.065619
3.077162
3.088785
3.10003
3.111502
3.123238
3.134655
3.145806
3.157007
3.168175
3.180268
3.196233
3.20844
3.219721
3.231251
3.243033
3.253726
3.26503
3.276382
3.287619
3.298746
3.3103
3.321766
3.332701
3.344654
3.356066
3.367214
3.377995
3.389201
3.400669
3.412227
3.423947
3.435793
3.447502
3.459272
3.47048
3.481788
3.493506
3.505031
3.517133
3.528778
3.541423
3.553376
3.565122
3.577097
3.588763
3.600318
3.612128
3.628677
3.64081
3.652502
3.664191
3.675635
3.687778
3.699728
3.711381
3.722739
3.734354
3.745947
3.757472
3.76941
3.780723
3.792228
3.803892
3.815424
3.827111
3.838715
3.850516
3.862023
3.873587
3.885059
3.896981
TARGET DESTROYED 
3.913191
3.925135
3.937076
3.948604
3.970455
3.982071
3.993892
4.006095
4.017651
4.031918
4.044265
4.057148
4.081183
4.092554
4.103998
4.115352
4.127452
4.138735
4.150374
4.162546
4.17379
4.185049
4.196771
4.208521
4.22033
4.232275
4.244094
4.255763
4.269326
4.280738
4.292547
4.303926
4.315876
4.328338
4.339555
4.35118
4.363793
4.375371
4.387079
4.398794
4.410668
4.421845
4.433472
4.445418
4.457144
4.469128
4.481118
4.49313
4.504758
4.521574
4.535631
4.547933
4.560137
4.571412
4.583451
4.595354
4.607026
4.618361
4.630026
4.642158
4.653818
4.665473
4.677886
4.6898
4.701703
4.713614
4.725418
4.738311
4.750115
4.76178
4.773697
4.78512
4.797541
4.809287
4.821418
4.833282
4.845128
4.856473
4.868268
4.880604
4.892951
4.90455
4.916453
4.928569
4.940637
4.956727
4.968723
4.980496
4.992673
5.004851
5.01676
5.028342
5.040844
5.052486
5.065132
5.08153
5.093312
5.104809
5.11687
5.129014
5.140812
5.152739
5.164336
5.175764
5.187749
5.199423
5.211233
5.222716
5.234278
5.246025
5.258188
5.270225
5.282148
5.294379
5.30597
5.31806
5.330237
5.342133
5.353949
5.366552
5.379154
5.391059
5.408398
5.420364
5.431722
5.44332
5.454808
5.466636
5.478215
5.489861
5.502671
5.515759
5.527354
TARGET DESTROYED 
5.544335
5.556378
5.568255
5.580456
5.59268
5.604613
5.616687
5.635299
5.648554
5.660574
5.672132
5.684003
5.696235
5.708354
5.719799
5.731612
5.744049
5.755457
5.767893
5.779913
5.792393
5.804021
5.816276
5.828751
5.845335
5.857027
5.868551
5.880163
5.892445
5.904154
5.915994
5.928401
5.940547
5.95281
5.964617
5.976691
5.988346
5.999974
6.012064
6.023768
6.035326
6.047077
6.058646
6.070303
6.082399
6.094364
6.106147
6.118459
6.130659
6.144074
6.155837
6.168089
6.179922
6.192094
6.203915
6.216286
6.228264
6.240253
6.251986
6.264033
6.275591
6.292355
6.303912
6.315665
6.328047
6.339597
6.351398
6.363363
6.376292
6.388041
6.400382
6.412339
6.42412
6.436458
6.44821
6.460243
6.4726
6.485122
6.497427
6.509536
6.523074
6.535645
6.549031
6.561767
6.573386
6.585684
6.599065
6.611675
6.625911
6.637964
6.649911
6.662094
6.673591
6.685618
6.697794
6.710063
6.72215
6.734032
6.750845
6.762783
6.775502
6.787514
6.79957
6.813519
6.825898
6.837544
6.849775
6.861806
6.874179
6.886238
6.898653
6.911848
6.923813
6.936049
6.948462
6.961042
6.972554
6.984192
6.996972
7.009108
7.021018
7.033429
7.045779
7.057682
7.069817
7.081864
7.09418
7.105872
7.117849
7.130169
7.142322
7.154725
7.167093
7.17921
7.195854
7.207635
7.220065
7.232415
7.244675
7.256691
7.269046
7.281158
7.293674
7.305723
7.318287
7.330699
7.342598
7.355284
7.367379
7.380383
7.3935
7.405934
7.418248
7.430447
7.44351
7.455468
7.467897
7.480563
7.493402
7.506648
7.519425
7.531328
7.544704
7.557056
7.571063
7.583646
7.596154
7.608292
7.620552
7.632786
7.645106
7.66293
7.67512
TARGET DESTROYED 
7.693074
7.705573
7.717748
7.729918
7.742101
7.754364
7.768325
7.78101
7.793332
7.805846
7.8187
7.838004
7.851339
7.863772
7.875855
7.887868
7.89972
7.912184
7.924113
7.937389
7.94922
7.961841
7.975098
7.987233
7.999407
8.011365
8.02318
8.035197
8.047596
8.060105
8.072142
8.084575
8.09708
8.109755
8.127056
8.138885
8.151019
8.163446
8.176498
8.189235
8.201668
8.214024
8.226238
8.238039
8.250146
8.262634
8.275104
8.287321
8.299942
8.312677
8.325289
8.338113
8.350392
8.362689
8.37473
8.387055
8.400002
8.412407
8.424836
8.436701
8.448865
8.461036
8.472603
8.485117
8.497255
8.510144
8.523046
8.534988
8.548043
8.560224
8.576908
8.589334
8.601898
8.61423
8.626449
8.638167
8.65077
8.663345
8.675782
8.687912
8.69991
8.712473
8.724888
8.737002
8.749805
8.762112
8.774157
8.78606
8.798511
8.810743
8.822977
8.835104
8.847375
8.859685
8.871681
8.883847
8.896311
8.90814
8.920925
8.93377
8.946128
8.958014
8.970171
8.98278
8.994967
9.007545
9.02
9.040653
9.052014
9.063176
9.074583
9.085713
9.096909
9.107461
9.118149
9.129473
9.140335
9.151201
9.162281
9.173295
9.184206
9.195458
9.206473
9.2179
9.229312
9.240144
9.251578
9.2625
9.273477
9.285028
9.29604
9.307094
9.318218
9.32995
9.341359
9.352638
9.363627
9.376863
9.39092
9.405124
9.418717
9.432106
9.445724
9.45902
9.472049
9.489677
9.50332
9.516294
TARGET DESTROYED 
9.536632
9.550754
9.570031
9.584576
9.597919
9.609453
9.621491
9.633109
9.645136
9.656452
9.668043
9.679626
9.691651
9.703732
9.715373
9.728148
9.739758
9.751404
9.763027
9.775155
9.788047
9.799676
9.811421
9.823078
9.835025
9.846907
9.858784
9.870355
9.88213
9.894222
9.905704
9.917398
9.93421
9.946843
9.9586
9.970788
9.982624
9.995313
10.00673
10.0184
10.03107
10.04297
10.05499
10.06673
10.07879
10.09014
10.10154
10.11338
10.12482
10.13618
10.14771
10.15899
10.17093
10.18247
10.19448
10.20568
10.21735
10.22922
10.24114
10.25275
10.26458
10.2766
10.28825
10.30034
10.31241
10.32387
10.33511
10.34683
10.35862
10.375
10.38658
10.39831
10.41178
10.42427
10.43601
10.44761
10.45929
10.47072
10.48248
10.49491
10.50701
10.51902
10.53095
10.54409
10.55554
10.5673
10.57972
10.59184
10.60351
10.61564
10.62792
10.64005
10.65212
10.66396
10.67555
10.68748
10.69924
10.71075
10.72221
10.73463
10.74648
10.75843
10.77032
10.78174
10.79372
10.80507
10.82205
10.83468
10.84672
10.85886
10.87111
10.88372
10.89684
10.91014
10.9229
10.93561
10.94882
10.96169
10.97382
10.98669
10.99929
11.01276
11.02535
11.03764
11.05056
11.06374
11.07605
11.08872
11.10198
11.11503
11.12765
11.13982
11.15249
11.16522
11.17836
11.191
11.20403
11.21691
11.22931
11.24239
11.25531
11.26874
11.28159
11.29895
11.31217
11.32447
11.33688
TARGET DESTROYED 
11.35622
11.36959
11.38233
11.39497
11.40766
11.42865
11.44241
11.45573
11.46951
11.48226
11.49549
11.50837
11.52158
11.53574
11.54928
11.56258
11.57478
11.58741
11.60002
11.61347
11.62597
11.63883
11.65159
11.66481
11.67835
11.69077
11.70385
11.71643
11.72959
11.74218
11.75515
11.76863
11.78192
11.79963
11.81271
11.82506
11.83783
11.8509
11.86389
11.87693
11.88963
11.90272
11.91548
11.92819
11.94091
11.95462
11.96713
11.97971
11.99195
12.00444
12.01759
12.03039
12.04402
12.05758
12.07104
12.08539
12.10016
12.11487
12.12754
12.1402
12.15269
12.16582
12.1784
12.19091
12.20306
12.21489
12.22793
12.24049
12.25306
12.26609
12.27886
12.29131
12.3091
12.3263
12.33866
12.35215
12.3648
12.37798
12.39048
12.40296
12.41545
12.42902
12.4418
12.45489
12.46745
12.48059
12.49334
12.50741
12.52152
12.53536
12.54916
12.56198
12.5742
12.58734
12.60046
12.61366
12.62696
12.63948
TARGET DESTROYED 
12.66901
12.69075
12.70433
12.71741
12.72995
12.74245
12.75517
12.76777
12.78545
12.79806
12.81079
12.82348
12.83616
12.84881
12.86181
12.8741
12.88679
12.89992
12.91362
12.92667
12.9398
12.95337
12.96588
12.97943
12.99203
13.00529
13.01778
13.03021
13.04524
13.05828
13.07058
13.08337
13.09673
13.10943
13.12238
13.13567
13.14896
13.1624
13.17547
13.18961
13.20366
13.21642
13.2299
13.24344
13.25631
13.26916
13.28676
13.29986
13.31284
13.33092
13.34417
13.35813
13.37132
13.38424
13.39717
13.41038
13.42332
13.43887
13.45196
13.4647
13.4779
13.49104
13.50418
13.51858
13.53124
13.54517
13.55797
13.57118
13.58407
13.59679
13.61038
13.62299
13.63672
13.64954
13.66279
13.67558
13.68867
13.70179
13.7149
13.72777
13.74021
13.75371
13.76655
13.77976
13.79754
13.81021
13.823
13.8358
13.84862
13.86485
13.87851
13.89159
13.90475
13.91761
13.93042
13.94334
13.96094
