0.02
0.04
0.14
0.1794721
0.1925271
0.2031277
0.2129837
0.2236629
0.2349817
0.2466817
0.2593627
0.2698657
0.2795604
0.2908664
0.3037754
0.3129828
0.3241656
0.3353145
0.3466266
0.3576131
0.3744122
0.3831906
0.39237
0.4023906
0.4136135
0.4246222
0.4361425
0.4471919
0.4605263
0.4693859
0.4806602
0.4917522
0.5031349
0.5141439
0.5251323
0.5367909
0.5475455
0.5588874
0.5700183
0.5809352
0.5922762
0.6041596
0.6145388
0.6259401
0.6372589
0.6480472
0.6592705
0.6706131
0.6814635
0.6929091
0.7042283
0.7150489
0.7263845
0.73777
0.7489628
0.7600058
0.7712142
0.7819887
0.7932526
0.8048211
0.8166712
0.8267322
0.8381306
0.8492053
0.8602181
0.8725773
0.8827457
0.898482
0.9194939
0.9286974
0.9385819
0.9496098
0.9609579
0.9720567
0.9831519
0.9943826
1.005532
1.016732
1.028181
1.039345
1.050694
1.061433
1.072966
1.083825
1.094758
1.106102
1.11751
1.128308
1.13971
1.150807
1.161967
1.17315
1.184281
1.19557
1.206679
1.217682
1.229184
1.240291
1.251296
1.262303
1.273677
1.284672
1.296042
1.307167
1.31832
1.339567
1.351793
1.362886
1.374105
1.386407
1.396291
1.407735
1.418777
1.429994
1.441118
1.452361
1.463321
1.47479
1.485772
1.497043
1.508216
1.519681
1.530442
1.542337
1.553289
1.564298
1.575393
1.586547
1.597629
1.611359
1.621536
1.631023
1.64653
1.656582
1.665494
1.675857
1.687112
1.698106
1.710039
1.727762
1.738518
1.748373
1.758644
1.768853
1.778708
1.788681
1.798542
1.809715
1.821109
1.832162
1.843147
1.854809
1.86569
1.876884
1.888496
1.899411
1.910161
1.921716
1.932662
1.943745
1.955215
1.966422
1.978129
1.988684
2.006597
2.019524
2.029291
2.039854
2.049304
2.059068
2.068619
2.079353
2.089618
2.100205
2.113298
2.125114
2.136217
2.146623
2.157197
2.168367
2.179981
2.19022
2.200904
2.212005
2.223066
2.234244
2.245452
2.256569
2.267982
2.278883
2.290229
2.30341
2.31849
2.328795
2.338839
2.349599
2.360085
2.370481
2.380419
2.390754
2.401914
2.413233
2.424085
2.435243
2.446538
2.457528
2.469074
2.480003
2.491127
2.502217
2.513473
2.524557
2.535994
2.546967
2.558298
2.570114
2.581224
2.592404
2.605038
2.615575
2.626703
2.637636
2.648503
2.659908
2.67112
2.682295
2.693817
2.705317
2.716779
2.727685
2.739163
2.750327
2.76227
2.773268
2.784823
2.795946
2.807893
2.818738
2.830239
2.841377
2.853291
2.863971
2.875542
2.887544
2.898172
2.909377
2.92089
2.9316
2.943177
2.954304
2.96525
2.979779
2.990386
3.000438
3.011453
3.022049
3.032776
3.042938
3.053622
3.064015
3.075746
3.087113
3.097953
3.108672
3.120165
3.130967
3.142805
3.153724
3.164647
3.175899
3.187381
3.198167
3.209277
3.220461
3.231713
3.242913
3.254399
3.265167
3.276412
3.287833
3.298692
3.309937
3.321208
3.332171
3.343593
3.354993
3.36618
3.377363
3.38881
3.399873
3.41139
3.422529
3.433966
3.445046
3.456527
3.468192
3.483406
3.494392
3.50483
3.515049
3.525828
3.536244
3.546996
3.556969
3.567478
3.577449
3.587569
3.597302
3.608734
3.620097
3.630845
3.649309
3.660644
3.671562
3.681631
3.692231
3.703604
3.713845
3.725781
3.736404
3.746755
3.757357
3.76843
3.779512
3.790622
3.801356
3.812038
3.823446
3.834027
3.844646
3.855041
3.865639
3.877039
3.887607
3.898442
3.909775
3.921111
3.931888
3.949553
3.960678
3.972048
3.982921
3.993517
4.004162
4.01547
4.027335
4.038659
4.049376
4.060951
4.07283
4.084063
4.095101
4.106737
4.117487
4.128217
4.140025
4.150724
4.161925
4.173522
4.184521
4.195877
4.207664
4.218407
4.229093
4.240942
4.251426
4.262508
4.27408
4.284811
4.296103
4.31164
4.323218
4.334512
4.345313
4.356525
4.367598
4.378878
4.390057
4.40111
4.412273
4.423796
4.434955
4.446193
4.457237
4.468309
4.479434
4.490684
4.501531
4.512844
4.524011
4.535417
4.546363
4.557499
4.568846
4.579838
4.591218
4.602854
4.614122
4.625181
4.636196
4.647727
4.658925
4.670236
4.681152
4.691964
4.703197
4.714622
4.725519
4.7377
4.748867
4.759835
4.770746
4.781829
4.792706
4.803768
4.815083
4.826644
4.838836
4.850685
4.861668
4.873499
4.884401
4.89595
4.90733
4.919014
4.929843
4.942
4.953506
4.965527
4.980901
4.992211
5.003522
5.015257
5.026903
5.038255
5.04925
5.060333
5.072157
5.082726
5.093639
5.106021
5.117185
5.128104
5.13912
5.149754
5.160884
5.172151
5.182927
5.194242
5.205542
5.216654
5.227722
5.239167
5.250542
5.261517
5.272782
5.283783
5.294593
5.306081
5.317957
5.328971
5.339655
5.351095
5.362201
5.373229
5.38424
5.395322
5.406714
5.417698
5.429421
5.440914
5.451923
5.463013
5.474337
5.485273
5.496783
5.507988
5.519714
5.531099
5.542689
5.554289
5.565762
5.577414
5.588937
5.599938
5.611456
5.623196
5.63408
5.646177
5.666311
5.677472
5.688784
5.699337
5.710259
5.72112
5.731574
5.743796
5.755834
5.767547
5.77941
5.791205
5.802093
5.813511
5.825482
5.836443
5.849432
5.861126
5.872472
5.883802
5.895265
5.906282
5.917175
5.928113
5.938898
5.950003
5.960948
5.972127
5.983409
5.99482
6.006303
6.018036
6.028994
6.040197
6.051873
6.064176
6.075361
6.08662
6.097946
6.110129
6.121635
6.132603
6.143888
6.155473
6.166455
6.177453
6.188856
6.200115
6.21139
6.222055
6.233089
6.244174
6.255741
6.266434
6.277689
6.289091
6.300251
6.311333
6.322785
6.338368
6.34897
6.360304
6.371659
6.382099
6.39345
6.403993
6.414624
6.426561
6.438172
6.448793
6.45988
6.470824
6.481396
6.492891
6.503944
6.515189
6.526457
6.538136
6.548686
6.560351
6.572115
6.583356
6.594908
6.607575
6.618492
6.630096
6.642118
6.653224
6.665421
6.677089
6.688572
6.700318
6.711438
6.723253
6.735808
6.747039
6.758609
6.769677
6.781133
6.792909
6.804069
6.814813
6.826657
6.838036
6.849464
6.861189
6.873797
6.884552
6.895583
6.907867
6.91861
6.930079
6.94177
6.952374
6.963496
6.975098
6.986826
6.998227
7.013511
7.025004
7.036802
7.048436
7.059618
7.071089
7.08193
7.093039
7.104949
7.115409
7.126864
7.137985
7.149248
7.160162
7.171556
7.182597
7.193627
7.205175
7.21607
7.227118
7.238484
7.249363
7.260721
7.27197
7.288057
7.29845
7.309089
7.319085
7.329769
7.340552
7.35087
7.36099
7.372353
7.383687
7.394711
7.405912
7.417345
7.428226
7.439666
7.450538
7.461943
7.472888
7.483996
7.495107
7.506625
7.51803
7.529493
7.54109
7.552941
7.564266
7.575557
7.586878
7.597779
7.608907
7.620621
7.631191
7.642472
7.657105
7.667902
7.683107
7.694062
7.705235
7.716029
7.726325
7.737035
7.747199
7.757718
7.767442
7.778324
7.789275
7.799614
7.810333
7.820604
7.831455
7.841795
7.852853
7.863915
7.876145
7.88627
7.897286
7.9085
7.920255
7.93098
7.941985
7.953631
7.964347
7.975602
7.98708
7.997831
8.009004
8.020671
8.031375
8.042568
8.054038
8.065178
8.076039
8.087779
8.098388
8.109676
8.121016
8.131814
8.14344
8.155112
8.166312
8.177774
8.189297
8.200698
8.212167
8.223747
8.234919
8.246811
8.258078
8.270175
8.282274
8.293109
8.30418
8.315097
8.32655
8.338555
8.353592
8.364764
8.375192
8.385131
8.39522
8.406455
8.416612
8.427369
8.438622
8.448619
8.459167
8.469533
8.480177
8.490018
8.500879
8.512152
8.523135
8.534362
8.545547
8.55733
8.567951
8.579061
8.590212
8.60157
8.612721
8.623997
8.634874
8.6463
8.657299
8.668746
8.679832
8.690853
8.7019
8.713313
8.724164
8.735711
8.747153
8.758483
8.770018
8.781378
8.792718
8.804389
8.815459
8.826893
8.838292
8.849641
8.860932
8.873066
8.883863
8.895045
8.90662
8.917978
8.930001
8.940615
8.952074
8.963125
8.974526
8.985944
8.996911
9.008083
9.01944
9.031119
9.045615
9.06011
9.070712
9.081367
9.092435
9.104004
9.114774
9.126054
9.137574
9.149061
9.159485
9.170753
9.182032
9.19307
9.204396
9.215534
9.226529
9.237974
9.248784
9.260025
9.271399
9.282539
9.293971
9.305167
9.31667
9.327275
9.33919
9.349796
9.360465
9.372024
9.382902
9.394089
9.405384
9.416516
9.427564
9.439068
9.450049
9.461165
9.472291
9.483521
9.494998
9.506135
9.51755
9.528731
9.540138
9.551615
9.563477
9.574922
9.586452
9.597469
9.609037
9.62082
9.631826
9.643534
9.655642
9.670302
9.684834
9.694924
9.706924
9.717984
9.729174
9.740446
9.751469
9.762607
9.776401
9.787579
9.798852
9.809496
9.819481
9.830321
9.840843
9.852027
9.863232
9.874615
9.88571
9.896886
9.907907
9.919097
9.930326
9.941379
9.952791
9.964332
9.974974
9.986391
9.997247
10.00845
10.01997
10.03151
10.04189
10.05341
10.06515
10.07621
10.08712
10.09822
10.10952
10.12139
10.13248
10.14384
10.15562
10.16677
10.1782
10.18965
10.20094
10.21257
10.22387
10.23521
10.24676
10.25823
10.26926
10.28099
10.29216
10.3041
10.31493
10.32605
10.33756
10.35276
10.3643
10.37613
10.38708
10.39944
10.41104
10.42184
10.43295
10.44431
10.45543
10.4666
10.47748
10.4887
10.50003
10.51104
10.52237
10.53351
10.54484
10.55578
10.567
10.57836
10.58957
10.6007
10.61275
10.62414
10.63393
10.64506
10.65634
10.66774
10.6791
10.69009
10.70104
10.712
10.72337
10.73487
10.74607
10.75698
10.76836
10.77922
10.79042
10.80187
10.81349
10.82508
10.83679
10.84776
10.85956
10.87117
10.88183
10.89361
10.90538
10.9162
10.92764
10.93941
10.95068
10.9622
10.97356
10.9846
10.99622
11.00767
11.01967
11.03993
11.05015
11.06059
11.07245
11.0848
11.0951
11.10521
11.1195
11.13001
11.14182
11.15356
11.16446
11.18083
11.19247
11.20401
11.21587
11.22714
11.2385
11.24992
11.26105
11.27253
11.28427
11.29597
11.30771
11.32011
11.33142
11.34334
11.35505
11.36631
11.37822
11.3909
11.40227
11.41388
11.4256
11.43765
11.44986
11.46137
11.47326
11.48479
11.49612
11.50862
11.52186
11.53482
11.54579
11.5577
11.56973
11.58117
11.59223
11.60262
11.61334
11.6249
11.63619
11.64703
11.65847
11.67387
11.68526
11.69667
11.70733
11.71942
11.73058
11.74284
11.75437
11.76641
11.77748
11.78916
11.80018
11.81135
11.82388
11.83504
11.8467
11.86294
11.87593
11.88786
11.89962
11.91102
11.92352
11.93492
11.94692
11.95932
11.97181
11.98424
11.99584
12.00779
12.01952
12.03126
12.04308
12.05458
12.067
12.07854
12.09099
12.10188
12.11348
12.1252
12.13683
12.14832
12.1604
12.1722
12.18385
12.19573
12.20754
12.21948
12.23125
12.24276
12.254
12.26594
12.27786
12.28992
12.30193
12.3132
12.32498
12.33649
12.34812
12.36034
12.3718
12.3837
12.39538
12.40713
12.41875
12.43017
12.44181
12.45378
12.46567
12.4772
12.48857
12.50049
12.51236
12.52419
12.54116
12.55302
12.56493
12.57704
12.58875
12.60087
TARGET DESTROYED 
12.61215
12.63227
12.64439
12.65626
12.668
12.67959
12.6915
12.70276
12.71506
12.72772
12.74005
12.7525
12.7672
12.77995
12.79321
12.8056
12.8179
12.83006
12.84248
12.85552
12.86814
12.88004
12.8926
12.90504
12.91712
12.92911
12.94115
12.95325
12.9656
12.9779
12.98993
13.00184
13.01398
13.02642
13.03939
13.0515
13.06516
13.07744
13.08976
13.10132
13.11369
13.12602
13.13855
13.15026
13.16263
13.17468
13.18644
13.19884
13.21137
13.22414
13.24023
13.25214
13.26495
13.27732
13.29015
13.30243
13.31453
13.32663
13.33954
13.35155
13.36417
13.37657
13.38869
13.4005
13.4123
13.42433
13.43568
13.44772
13.45999
13.47257
13.48419
13.49637
13.50825
13.51989
13.53215
13.54386
13.55602
13.56852
13.58026
13.5917
13.60332
13.61446
13.62673
13.63878
13.64963
13.66107
13.67631
13.688
13.69906
13.71031
13.72147
13.73231
13.74354
13.75446
13.76528
13.78069
13.7931
13.80563
13.81761
13.8293
13.84138
13.85297
13.86516
TARGET DESTROYED 
13.87751
13.89437
13.90712
13.92369
13.93543
13.94732
13.95906
13.97091
13.9831
13.99496
14.0091
14.02239
14.03408
14.04615
14.05806
14.06981
14.08126
14.09217
14.10316
14.11451
14.12576
14.13727
14.14896
14.16049
14.17162
14.18286
14.19431
14.20537
14.21662
14.22736
14.23889
14.25031
14.26154
14.27298
14.28435
14.29652
14.30907
14.32031
14.33122
14.34271
14.35433
14.36567
14.37833
14.39048
14.40261
14.41508
14.42673
14.43865
14.45042
14.46295
14.47565
14.48767
14.49948
14.51106
14.52281
14.53471
14.54635
14.55825
14.57103
14.58295
14.59435
14.6109
14.62406
14.63585
14.64791
14.65909
14.67101
14.68294
14.69474
14.70652
14.71826
14.73004
14.74227
14.75415
14.76572
14.77833
14.79041
14.80262
14.81508
14.82705
14.83911
14.85159
14.8634
14.8763
14.8887
14.90068
14.91266
14.92435
14.9361
14.94787
14.95996
14.97122
14.98289
14.99432
15.00651
15.01817
15.03067
15.0425
15.05479
15.06703
15.07956
15.09132
15.10218
15.11354
15.12531
15.13626
15.14711
15.15849
15.1689
15.17995
15.19118
15.2024
15.21375
15.22477
15.23617
15.24725
15.25815
15.26968
15.28458
15.29486
15.30522
TARGET DESTROYED 
15.31512
15.32971
15.34029
15.35078
15.36095
15.37121
15.38145
15.39223
15.40414
15.41588
15.42716
15.43753
15.44804
15.45927
15.4708
15.48239
15.49361
15.50501
15.51642
15.52834
15.5405
15.5527
15.56633
15.57784
15.58966
15.60136
15.61329
15.62609
15.63828
15.64956
15.66129
15.67724
15.69007
15.70252
15.71484
15.72785
15.73995
15.75204
15.76491
15.77724
15.78856
15.79969
15.81134
15.82323
15.8339
15.84492
15.85688
15.86773
15.87942
15.89078
15.90135
15.91289
15.92463
15.93549
15.94667
15.96203
15.97338
15.98447
15.99592
16.00693
16.01776
16.02909
16.04045
16.05238
16.06465
16.077
16.0887
16.09971
16.11081
16.12281
16.14002
16.15213
16.16399
16.17555
16.18752
16.19998
16.21199
16.22396
16.23533
16.24775
16.25985
16.27176
16.28419
16.2961
16.30849
16.3205
16.33221
16.3441
16.35605
16.36788
16.37996
16.3925
16.40434
16.41523
16.42625
16.43783
16.44851
16.46005
16.47062
16.48077
16.4915
16.50202
16.5129
16.52365
16.53371
16.544
16.55405
16.56554
16.57684
16.5884
16.59894
16.60983
16.6257
16.6373
16.64749
16.65811
16.66833
16.67874
16.68911
16.69928
16.71045
16.7218
16.73263
16.7439
16.75527
16.76626
16.77758
16.78913
16.80032
16.81149
16.82328
16.83424
16.84557
16.85703
16.86857
16.87976
16.89123
16.90273
16.91376
16.92499
16.93611
16.94752
16.95843
16.96984
16.98162
16.99198
17.00322
17.01462
17.02842
17.04248
17.05675
17.07066
17.08719
17.10347
17.11546
17.12678
17.13886
17.15012
17.16208
17.17418
17.18547
17.1975
17.20922
17.22201
17.23359
17.24561
17.25789
17.26996
17.28124
17.29333
17.31012
17.32261
17.3342
17.34661
17.35816
17.37033
17.38143
17.39338
17.40675
17.41889
17.43152
17.44414
17.45716
17.47073
17.48317
17.49716
17.51062
17.52471
17.53865
17.5519
17.56678
17.58077
17.59422
17.60835
17.62199
17.63561
17.64547
17.65541
17.66446
17.67433
17.6895
17.70198
17.71498
17.727
17.73976
17.75171
17.76417
17.77655
17.78936
17.8018
17.81411
17.82752
17.84087
17.85502
17.8676
17.88076
17.89308
17.9066
17.9183
17.93076
17.94301
17.95541
17.96791
17.98038
17.99259
18.00511
18.01738
18.03358
18.04685
18.0597
18.07337
18.08749
18.10217
18.11654
18.13079
18.14537
18.15969
18.17454
18.18933
18.20414
18.21949
18.23433
18.24972
18.26369
18.27883
18.29326
18.30811
18.32249
18.33648
18.35044
18.36391
18.37846
18.39072
18.40296
18.41537
18.42772
18.44257
18.45694
18.47211
18.4876
18.50294
18.51751
18.53253
18.54744
18.56179
18.57684
18.5924
18.60744
18.62122
18.63576
18.65034
18.66432
18.67885
18.69369
18.70794
18.72101
18.73319
18.74521
18.75767
18.77441
18.78672
18.7988
18.81153
18.82405
18.83601
18.84906
18.86073
18.87337
18.88479
18.89707
18.90955
18.92195
18.93398
18.94602
18.95767
18.96944
18.98247
18.99506
19.00858
19.02155
19.0338
19.0457
19.0573
19.06919
19.08071
19.09143
19.10181
19.11226
19.12332
19.13399
19.14546
19.15682
19.16823
19.17918
19.19042
19.2011
19.21303
19.22434
19.23462
19.24607
19.25746
19.26952
19.28208
19.29428
19.30674
19.31963
19.33209
19.34493
19.35776
19.36943
19.38197
19.39415
19.40524
19.41629
19.42762
19.43875
19.44974
19.46572
19.47745
19.4892
19.49999
19.51108
19.5229
19.5337
19.54533
19.55665
19.56853
19.58062
19.59229
19.6044
19.61439
19.62589
19.63762
19.64797
19.65917
19.67393
19.68449
19.6952
19.70633
19.71699
19.72746
19.7385
19.74901
19.76033
19.77546
19.78807
19.79938
19.81134
19.82351
19.83488
19.84578
19.85773
19.86865
19.88003
19.89188
19.90304
19.91453
19.9262
19.9387
19.94953
19.96088
19.97233
19.98367
19.99505
20.00588
20.01688
20.02877
20.03998
20.05055
20.06224
20.07437
20.08539
20.09752
20.10868
20.11975
20.13563
20.14676
20.15849
20.17032
20.18229
20.19398
20.20592
TARGET DESTROYED 
20.21789
20.23371
20.24504
20.25656
20.26812
20.28032
20.29139
20.30167
20.31229
20.32321
20.33352
20.34385
20.35443
20.36529
20.37612
20.38651
20.39709
20.40791
20.4189
20.42982
20.44098
20.45226
20.46337
20.4747
20.48607
20.49687
20.50809
20.51954
20.53057
20.54154
20.55299
20.56461
20.57542
20.5866
20.59758
20.60855
20.61988
20.63123
20.64481
20.65629
20.66666
20.6786
20.69055
20.702
20.71361
20.72932
