0.02
0.04
0.14
0.1831867
0.1976112
0.2099512
0.2213412
0.2337829
0.2461816
0.2581112
0.2734189
0.2839473
0.2949338
0.3079946
0.3186449
0.3298557
0.3404822
0.351615
0.3621255
0.372258
0.382829
0.393385
0.4031775
0.413558
0.4234653
0.4340569
0.4456876
0.4565798
0.467556
0.4789689
0.4898117
0.5013736
0.5124465
0.5237319
0.5345914
0.5460024
0.5571316
0.5682064
0.5796468
0.5905493
0.601887
0.612743
0.6240224
0.6351612
0.646482
0.66087
0.6712851
0.6817695
0.6927323
0.7027032
0.7133518
0.7246896
0.7357233
0.7472218
0.7591982
0.7699406
0.7806432
0.7915983
0.8025976
0.8158146
0.8264636
0.8367026
0.8476574
0.8588409
0.8732603
0.8838894
0.8951129
0.9066967
0.9181266
0.9294525
0.9401923
0.951618
0.9625884
0.9736208
0.9846853
0.9960963
1.007261
1.018301
1.029917
1.047171
1.058412
1.069321
1.080194
1.090323
1.101151
1.111748
1.121876
1.132707
1.143497
1.154653
1.166334
1.177076
1.187451
1.198404
1.208637
1.218634
1.22947
1.239917
1.250674
1.261331
1.27178
1.282982
1.294129
1.305416
TARGET DESTROYED 
1.321633
1.332967
1.343472
1.353437
1.363872
1.374197
1.384807
1.396635
1.408009
1.418335
1.433213
1.444291
1.454316
1.465013
1.475657
1.486054
1.496268
1.506582
1.518025
1.529055
1.541122
1.552091
1.563612
1.575419
1.586228
1.597528
1.608832
1.619838
1.631014
1.642586
1.653285
1.664483
1.676193
1.686923
1.698436
1.70959
1.720989
1.731641
1.742965
1.75406
1.765239
1.776657
1.787546
1.798937
1.81029
1.82628
1.836703
1.847464
1.857915
1.868393
1.878767
1.88906
1.899982
1.911135
1.922362
1.933461
1.945667
1.956066
1.967055
1.978293
1.989629
2.000917
2.012404
2.022792
2.034055
2.046374
2.056966
2.067935
2.078592
2.089821
2.100888
2.112341
2.123336
2.134502
2.145834
2.156901
2.16829
2.179239
2.190601
2.201879
2.216742
2.22765
2.238508
2.248994
2.259349
2.27031
2.281708
2.292153
2.302898
2.314119
2.325701
2.3364
2.347571
2.358978
2.369898
2.381145
2.392496
2.403945
2.414621
2.426166
2.436988
2.448148
2.459543
TARGET DESTROYED 
2.474661
2.486162
2.498183
2.510446
2.521326
2.532174
2.543154
2.553994
2.564708
2.576896
2.587796
2.602952
2.614172
2.625256
2.63596
2.646844
2.657367
2.668134
2.679694
2.690501
2.701815
2.712687
2.725174
2.736311
2.747041
2.757919
2.768678
2.779776
2.791317
2.803406
2.81441
2.826011
2.836998
2.848139
2.858783
2.869556
2.880677
2.892288
2.903052
2.913608
2.925343
2.936164
2.94753
2.958901
2.969715
2.980967
2.995932
3.007081
3.018266
3.02923
3.041092
3.052913
3.064279
3.075397
3.086782
3.098249
3.109574
3.121243
3.132019
3.14338
3.153999
3.165087
3.176946
3.187613
3.19879
3.210129
3.221442
3.232304
3.243886
3.254351
3.265548
3.276429
3.287591
3.298563
3.309087
3.319865
3.330553
3.34166
3.351974
3.362866
3.373178
3.388178
3.399441
3.41125
3.42229
3.434112
3.445328
3.456368
3.467464
3.478698
3.489559
3.501207
3.512745
3.523777
3.534852
3.546336
3.558285
3.569736
3.581201
3.592367
3.603602
3.61483
3.626608
3.638029
3.649276
TARGET DESTROYED 
3.664801
3.676256
3.687442
3.698771
3.709584
3.720572
3.732975
3.745577
3.756823
3.767994
3.783108
3.794745
3.806052
3.817792
3.829688
3.841695
3.852631
3.8637
3.874617
3.885931
3.897393
3.908746
3.920029
3.931645
3.943704
3.954636
3.965896
3.977502
3.988659
4.000106
4.012605
4.024809
4.036429
4.048516
4.061703
4.073844
4.085277
4.097231
4.109206
4.120373
4.131665
4.14307
4.154026
4.165207
4.176857
4.192741
4.203835
4.215532
4.227969
4.238932
4.250893
4.262554
4.274262
4.286047
4.297377
4.308878
4.321186
4.332481
4.344359
4.355432
4.367078
4.378752
4.390022
4.401768
4.413032
4.424385
4.436289
4.44837
4.459754
4.471243
4.482679
4.494118
4.505792
4.517367
4.52873
4.540103
4.55198
4.563818
4.575402
4.586962
4.602317
4.614138
4.625035
4.636987
4.648403
4.660058
4.671304
4.6831
4.694769
4.705836
4.716951
4.728596
4.739972
4.751363
4.762985
4.77455
4.785798
4.798015
4.809698
4.821337
4.83263
4.845914
4.857709
4.868862
4.880181
4.891141
4.902619
4.914042
4.92512
4.936592
4.947827
4.959167
4.970527
4.98217
4.993629
5.004573
5.020825
5.032544
5.04419
5.057431
5.069576
5.081388
5.093027
5.103552
5.114297
5.125718
5.137069
5.147799
5.159157
5.170033
5.181242
5.19275
5.203664
5.214727
5.226123
5.237401
5.248292
5.26008
5.272102
5.282999
5.294138
TARGET DESTROYED 
5.309015
5.320146
5.330982
5.341489
5.35261
5.363807
5.374629
5.385488
5.39662
5.411469
5.4224
5.43445
5.446616
5.457263
5.468268
5.479091
5.48948
5.500168
5.511053
5.522027
5.533019
5.543942
5.555113
5.565916
5.576969
5.587548
5.598431
5.609152
5.61965
5.630347
5.640676
5.65117
5.661913
5.673051
5.684081
5.695211
5.706436
5.717408
5.728604
5.739646
5.751352
5.762411
5.77328
5.784445
5.799635
5.810961
5.821307
5.832368
5.843248
5.854614
5.866138
5.877263
5.888258
5.899156
5.910194
5.921369
5.932679
5.943985
5.954547
5.965675
5.97751
5.988364
5.999466
6.010994
6.02168
6.032977
6.045206
6.056464
6.067621
6.079243
6.09012
6.101052
6.112152
6.122673
6.133514
6.144926
6.155934
6.167446
6.178905
6.194629
6.205463
6.232475
6.243398
6.253862
6.265032
6.276148
6.287196
6.299026
6.309746
6.320478
6.331861
6.343107
6.353966
6.365159
6.376601
6.387798
6.398635
6.410105
6.421003
6.43224
6.443441
6.454806
6.466283
6.477866
6.489862
6.501523
6.513306
6.524924
6.536569
6.548419
TARGET DESTROYED 
6.565749
6.57769
6.589222
6.601011
6.616818
6.629303
6.641168
6.653054
6.664593
6.67697
6.690125
6.703242
6.715006
6.726931
6.738821
6.750467
6.762463
6.773211
6.784152
6.79609
6.807167
6.817922
6.828754
6.839281
6.849875
6.862707
6.873547
6.884382
6.895733
6.906859
6.918119
6.929636
6.940641
6.951294
6.96286
6.973602
6.984858
6.99567
7.010647
7.022149
7.032815
7.043702
7.055383
7.066643
7.077807
7.088485
7.099548
7.111117
7.121504
7.132255
7.143812
7.154462
7.165289
7.176797
7.188168
7.19971
7.210703
7.221559
7.232882
7.244129
7.254849
7.265853
7.276861
7.287318
7.298937
7.310165
7.321429
7.332767
7.344594
7.35559
7.367054
7.378178
7.389578
7.404524
7.415783
7.426751
7.437713
7.448682
7.459922
7.47108
7.483161
7.494327
7.505187
7.516168
7.52777
7.538895
7.549666
7.561479
7.572446
7.58392
7.5953
7.606238
7.617332
7.628785
7.640293
7.651314
7.66277
7.67405
7.684871
7.696674
7.70733
7.718235
7.729821
7.740897
7.751912
7.762807
7.773911
7.785179
7.801792
7.813052
7.824784
7.835912
7.847309
7.858539
7.870441
7.881941
7.893501
7.904411
7.915457
7.926878
7.938166
7.949184
7.960553
7.971388
7.982548
7.993845
8.005794
8.01691
8.028527
8.040967
8.052522
8.063903
8.074752
8.085978
8.096969
8.107939
8.119303
8.130356
8.141344
8.152283
8.163625
8.175429
8.186542
8.20274
8.21415
8.225476
8.23653
8.247499
8.258044
8.268936
8.280856
8.291736
8.302879
8.313651
8.324312
8.335359
8.346647
8.357271
8.368083
8.37914
8.389467
8.400245
8.411637
8.422125
8.433134
8.444278
8.454601
8.465842
TARGET DESTROYED 
8.48089
8.491734
8.502173
8.512932
8.523678
8.534564
8.545678
8.558757
8.570965
8.582014
8.597381
8.608413
8.628847
8.639698
8.650501
8.661926
8.672773
8.683638
8.694313
8.705558
8.716242
8.727207
8.737958
8.749598
8.760873
8.771863
8.78285
8.794712
8.80641
8.817038
8.828669
8.839245
8.85002
8.861197
8.871637
8.884417
8.895488
8.90615
8.916759
8.928628
8.939472
8.950289
8.961466
8.973027
8.983993
8.99913
9.010115
9.021242
9.032185
9.043249
9.055645
9.066922
9.078327
9.088682
9.101076
9.113663
9.125956
9.138071
9.150693
9.163673
9.176201
9.188637
9.20121
9.213761
9.226438
9.239187
9.251642
9.264082
9.277184
9.289483
9.301951
9.314516
9.327414
9.339591
9.351912
9.365129
9.378388
9.391202
9.403603
9.414631
9.430631
9.442342
9.453641
9.465078
9.476986
9.488796
9.500026
9.512017
9.523412
9.534832
9.546527
9.558326
9.570553
9.583043
9.594438
9.606133
9.617073
9.629141
9.640246
9.652441
9.664965
9.680297
9.696769
9.711999
9.725244
9.738729
9.753514
9.768649
9.782396
9.796396
9.80944
9.822305
9.836088
9.850253
9.863278
9.880924
9.895377
9.908828
9.921886
9.934857
9.948125
9.961681
9.974403
9.987959
10.00152
10.01468
10.02823
10.04066
10.0547
10.06814
10.08154
10.09477
10.10874
10.12193
10.1353
TARGET DESTROYED 
10.15506
10.16884
10.18163
10.19549
10.20815
10.22087
10.23364
10.24687
10.26028
10.27424
10.28795
10.30128
10.31428
10.32752
10.34454
10.35751
10.37039
10.38352
10.39743
10.41043
10.42222
10.43437
10.44658
10.45884
10.47113
10.48309
10.49519
10.50726
10.51949
10.53157
10.54345
10.55571
10.56787
10.58061
10.59246
10.60463
10.61687
10.62956
10.64207
10.65415
10.66639
10.67957
10.69424
10.70639
10.71864
10.73117
10.74329
10.7554
10.76758
10.784
10.79755
10.81044
10.82261
10.8349
10.84735
10.85975
10.87182
10.88448
10.8979
10.91179
10.92354
10.93593
10.94854
10.96105
10.97338
10.98674
10.99944
11.01358
11.02638
11.03948
11.05278
11.06581
11.07889
11.09151
11.10404
11.11645
11.12944
11.1418
11.15478
11.1678
11.18291
11.1958
11.20817
11.22103
11.23732
11.24992
11.26175
11.27712
