0.02
0.04
0.14
0.1837648
0.1963367
0.2080235
0.2180835
0.226928
0.2366249
0.2457738
0.2548746
0.2666545
0.2773106
0.2904076
0.2994985
0.3106143
0.3221481
0.3333351
0.3442549
0.355619
0.3665397
0.377907
0.388991
0.4024509
0.4111603
0.4226104
0.4335026
0.4449841
0.4560379
0.4671123
0.4801305
0.4895518
0.5005707
0.5121539
0.5228818
0.5341224
0.5452398
0.5565359
0.5677749
0.5790061
0.5901078
0.6015447
0.6122704
0.6235542
0.6346145
0.6458513
0.656858
0.6681996
0.6792207
0.6902252
0.701417
0.7126893
0.7240941
0.735087
0.7465762
0.7578563
0.7686138
0.7800362
0.7908761
0.8020993
0.8133749
0.8244679
0.8354983
0.8470719
0.8578566
0.8689711
0.88046
0.8966358
0.9074939
0.9187595
0.9301124
0.9411265
0.952343
0.9636041
0.9744273
0.9860381
0.9973772
1.00807
1.019347
1.031548
1.041459
1.052768
1.064398
1.075526
1.086237
1.097628
1.108408
1.119723
1.131093
1.142403
1.15307
1.164612
1.175411
1.186819
1.198024
1.209425
1.220281
1.231807
1.242676
1.253674
1.265177
1.276184
1.287224
1.298692
1.309533
1.320797
1.336637
1.346005
1.355399
1.364983
1.375378
1.384943
1.396133
1.407198
1.418205
1.429456
1.440512
1.451646
1.463008
1.474081
1.485297
1.496746
1.507683
1.519007
1.53012
1.54185
1.552463
1.563728
1.574771
1.585875
1.59736
1.608026
1.619183
1.630843
1.64453
1.653888
1.664331
1.675157
1.686346
1.697911
1.709019
1.720415
1.731731
1.743149
1.754417
1.765993
1.777273
1.788536
1.799964
1.81125
1.822396
1.833815
1.844838
1.856536
1.867154
1.878266
1.889522
1.900763
1.912056
1.923101
1.934092
1.945238
1.956506
1.9677
1.978994
1.990055
2.001192
2.012697
2.023624
2.034865
2.046591
2.057527
2.069007
2.080519
2.091339
2.102931
2.114366
2.124966
2.136386
2.147859
2.158455
2.169844
2.181199
2.192123
2.20321
2.214488
2.225547
2.236903
2.248259
2.259127
2.270084
2.281702
2.292464
2.30377
2.31525
2.326908
2.337413
2.348699
2.359755
2.370807
2.382014
2.393157
2.404342
2.415514
2.426798
2.437767
2.448954
2.460099
2.47144
2.482763
2.49361
2.504929
2.516315
2.52733
2.538226
2.549613
2.560613
2.571847
2.583098
2.594078
2.605204
2.616727
2.627598
2.639123
2.650146
2.661508
2.672353
2.683566
2.694735
2.705972
2.717274
2.728314
2.739437
2.750666
2.761812
2.776615
2.787152
2.797369
2.806875
2.816904
2.826564
2.837688
2.84896
TARGET DESTROYED 
2.863993
2.874014
2.884218
2.893782
2.904907
2.916084
2.927179
2.93823
2.949859
2.960882
2.972734
2.982927
2.994521
3.005264
3.016707
3.027625
3.03878
3.049995
3.061215
3.072255
3.083872
3.09471
3.106156
3.11712
3.128162
3.139393
3.150503
3.161687
3.173244
3.184389
3.195503
3.20659
3.217862
3.229319
3.240469
3.251906
3.263567
3.274436
3.28619
3.297431
3.308558
3.319781
3.331635
3.342289
3.35373
3.365082
3.376248
3.38753
3.398754
3.409665
3.421036
3.43189
3.443009
3.454201
3.465535
3.47666
3.487878
3.498946
3.510372
3.521611
3.533332
3.543777
3.554764
3.566
3.577361
3.588415
3.599966
3.610554
3.621891
3.632993
3.644446
3.655183
3.666746
3.677581
3.688937
3.70005
3.711075
3.722457
3.733828
3.754773
3.767066
3.777547
3.787668
3.797781
3.807938
3.817794
3.829151
3.840355
3.851437
3.863557
3.873688
3.888426
3.898989
3.908781
3.918765
3.929995
3.940666
3.951888
3.963236
3.974314
3.985405
3.996773
4.007851
4.01892
4.030446
4.041719
4.05233
4.063959
4.074677
4.086194
4.097524
4.108241
4.119364
4.131107
4.141774
4.152843
4.164279
4.175276
4.186484
4.198104
4.20874
4.219995
4.231575
4.243146
4.254432
4.266055
4.277547
4.289013
4.300658
4.312071
4.323629
4.335552
4.346558
4.358056
4.369306
4.381316
4.39288
4.40361
4.415001
4.426342
4.437268
4.448367
4.459954
4.470836
4.482229
4.493074
4.504235
4.515782
4.526564
4.537803
4.549338
4.560033
4.57115
4.582935
4.593625
4.604818
4.616158
4.627223
4.638142
4.649819
4.660436
4.672095
4.683056
4.694252
4.705146
4.716816
4.727447
4.739241
4.750168
4.761175
4.772521
4.783767
4.794546
4.805861
4.817019
4.828385
4.839277
4.850658
4.86159
4.872966
4.883996
4.895185
4.906574
4.917507
4.928889
4.939879
4.951015
TARGET DESTROYED 
4.965087
4.975056
4.985155
4.996346
5.011437
5.021726
5.031903
5.042397
5.052234
5.061472
5.071583
5.085966
5.095676
5.105939
5.11591
5.125521
5.136036
5.147549
5.158197
5.169347
5.180908
5.191957
5.202919
5.214203
5.225281
5.236522
5.247885
5.258746
5.269839
5.281311
5.292502
5.303578
5.314794
5.325769
5.337391
5.348246
5.359379
5.370412
5.381664
5.393191
5.4051
5.416097
5.427254
5.438339
5.449914
5.461088
5.472405
5.483914
5.49517
5.506696
5.518464
5.529555
5.540743
5.552183
5.56382
5.574966
5.586108
5.598244
5.609329
5.620249
5.631836
5.643152
5.65463
5.665979
5.677289
5.688306
5.699602
5.71062
5.722004
5.732938
5.744059
5.75529
5.767549
5.777802
5.788793
5.79994
5.811036
5.822255
5.833432
5.844753
5.85582
5.867053
5.878149
5.889248
5.9004
5.911537
5.922913
5.934047
5.945057
5.956292
5.967525
5.978731
5.98982
6.001044
6.012108
6.023199
6.034675
6.045983
6.057332
6.068363
6.079461
6.090264
6.101391
6.113113
6.123835
6.138168
6.147854
6.15742
6.167088
6.178237
6.189296
6.20053
6.211737
6.222838
6.23428
6.245196
6.256371
6.267634
6.278573
6.289874
6.301107
6.312402
6.323363
6.334642
6.345722
6.356989
6.368339
6.379793
6.391467
6.401731
6.413443
6.423836
6.435164
6.446917
6.457523
6.468615
6.480243
6.490879
6.502615
6.513731
6.524735
6.536135
6.548384
6.558636
6.570087
6.581648
6.592693
6.604053
6.615411
6.626509
6.637756
6.648861
6.66034
6.671119
6.682546
6.693431
6.704982
6.715999
6.727121
6.738269
6.749508
6.760696
6.772083
6.782866
6.794105
6.805871
6.816918
6.827658
6.838697
6.849896
6.861341
6.872104
6.883541
6.894442
6.905768
6.917056
6.928444
6.939335
6.950459
6.961627
6.972861
6.98386
6.995514
7.006255
7.017674
7.028543
7.03968
7.050905
7.062102
7.073352
7.08435
7.096464
7.106911
7.117974
7.129129
7.140292
7.151322
7.162634
7.173854
7.184832
7.196385
7.207263
7.21843
7.229934
7.240928
7.252818
7.26714
7.276939
7.287477
7.29732
7.306956
7.316781
7.327841
7.338673
7.349874
7.361207
7.372387
7.38353
7.394729
7.405855
7.417298
7.428412
7.439293
7.45058
7.461722
7.472955
7.484154
7.495111
7.506569
7.51783
7.528762
7.539817
7.551162
7.562277
7.5734
7.584702
7.595703
7.607076
7.618011
7.629306
7.640663
7.651673
7.663024
7.674443
7.685799
7.697623
7.708209
7.720054
7.731229
7.742334
7.753749
7.76544
7.776426
7.787855
7.799302
7.810385
7.821597
7.832901
7.844016
7.855065
7.866473
7.877459
7.888674
7.899877
7.91098
7.9221
7.933306
7.944553
7.956288
7.967199
7.977998
7.989468
8.000456
8.012553
TARGET DESTROYED 
8.028292
8.039362
8.051266
8.06261
8.073588
8.08497
8.09648
8.107424
8.118857
8.130592
8.141105
8.1517
8.163152
8.174155
8.185215
8.196783
8.207637
8.218793
8.230181
8.241472
8.252188
8.264117
8.274637
8.286014
8.297305
8.308271
8.319261
8.330729
8.341658
8.352997
8.364384
8.375118
8.390689
8.401626
8.412013
8.422587
8.433897
8.44399
8.454404
8.464574
8.475644
8.487138
8.498012
8.509264
8.52093
8.532071
8.543764
8.554948
8.566756
8.578179
8.589538
8.601225
8.612287
8.623242
8.634642
8.645836
8.656894
8.667874
8.679166
8.69032
8.70157
8.712825
8.723869
8.735198
8.746498
8.757483
8.768809
8.780788
8.79147
8.802918
8.81441
8.82532
8.836873
8.848428
8.859426
8.870825
8.88254
8.893796
8.904968
8.916348
8.927444
8.938586
8.949918
8.960858
8.972204
8.983322
8.994486
9.005587
9.016894
9.027879
9.039111
9.051212
9.061531
9.072631
9.084064
9.094998
9.1064
9.117628
9.128476
9.139797
9.15096
9.162032
9.173167
9.184447
9.195577
9.207371
9.218174
9.229727
9.240127
9.251534
9.26263
9.273766
9.285143
9.296326
9.30737
9.318623
9.329541
9.344801
9.360282
9.375192
9.390089
9.404905
9.419784
9.435274
9.450873
9.466477
9.482188
9.497618
9.513511
9.528838
9.544666
9.559854
9.570826
9.586977
9.597875
9.608856
9.619752
9.630391
9.641188
9.65309
9.664676
9.675426
9.686688
9.698115
9.709138
9.720531
9.731573
9.742538
9.753985
9.765924
9.777308
9.788936
9.799935
9.81092
9.822303
9.833668
9.844479
9.855446
9.866812
9.877966
9.889192
9.900561
9.911496
9.922606
9.934164
9.944936
9.956041
9.966831
9.97823
9.989038
9.999889
10.01062
10.02134
10.03209
10.04318
10.05406
10.06463
10.0754
10.08664
10.09754
10.10811
10.11894
10.12981
10.14064
10.15155
10.16315
10.17376
10.18528
10.19653
10.20754
10.21869
10.2298
10.24118
10.25252
10.26379
10.27455
10.28574
10.29726
10.30832
10.31989
10.33128
10.34233
10.35409
10.36558
10.3766
10.3879
10.39949
10.41065
10.42191
10.43322
10.44544
10.4567
10.46735
10.47879
10.48997
10.50157
10.51343
10.52426
10.53873
10.55375
10.5682
10.5825
10.59697
10.61099
10.62528
10.63998
10.65399
10.66855
10.68262
10.69701
10.71086
10.72524
10.73928
10.75343
10.76792
10.78714
10.80172
10.81642
10.83074
10.84485
10.8597
10.87381
10.88796
10.90257
10.91726
10.93214
10.94673
10.96113
10.97506
10.9897
11.00429
11.01859
11.03284
11.0479
11.06172
11.0767
11.09083
11.10493
11.11934
11.1335
11.14787
11.16205
11.17619
11.19055
11.2049
11.21914
11.23362
11.24813
11.2621
11.27639
11.29044
11.30455
11.3193
11.33432
11.34955
11.36467
11.37982
11.39489
11.41086
11.42617
11.44111
11.45726
11.47245
11.4877
11.50309
11.52004
11.53505
11.55138
11.56688
11.58176
11.59707
11.61196
11.62656
11.64137
11.65606
11.67091
11.68632
11.70192
11.71692
11.73232
11.74786
11.76354
11.77834
11.79334
11.80797
11.82223
11.83707
11.85227
11.86926
11.88398
11.89931
11.91409
11.92832
11.94279
11.95741
11.97185
11.98668
12.00179
12.01659
12.03141
12.0474
12.06196
12.07691
12.09193
12.10573
12.1208
12.13505
12.14923
12.16351
12.17793
12.19234
12.20685
12.2285
12.24296
12.25693
12.27561
12.28963
12.30368
12.31783
12.33238
12.34697
12.36118
12.3754
12.38937
12.4037
12.41835
12.43309
12.44734
12.46206
12.47655
12.4937
12.50828
12.52357
12.53798
12.55268
12.56772
12.58342
12.59835
12.6134
12.62824
12.64285
12.65809
12.67267
12.68723
12.70252
12.71782
12.73267
12.74885
12.76332
12.77818
12.79338
12.80843
12.82298
12.83791
12.85343
12.86852
12.88335
12.89802
12.92018
12.93516
12.95016
12.96642
12.98202
12.99672
13.01154
13.02732
13.04287
13.05789
13.07284
13.08775
13.10256
13.11776
13.13257
13.14777
13.16323
13.17812
13.19318
13.20793
13.21846
13.22811
13.23845
13.24862
13.25904
13.27122
13.28229
13.29311
13.30426
13.31545
13.32611
13.33671
13.34762
13.35799
13.36966
13.38026
13.39067
13.40174
13.41299
13.42418
13.43509
13.4465
13.45785
13.46955
13.48127
13.4914
13.50236
13.51406
13.52475
13.53564
13.5476
13.55799
13.56954
13.58096
13.59164
13.60273
13.61419
13.62514
13.64055
13.65103
13.6616
13.67196
13.68248
13.69287
13.70489
13.71916
13.73054
13.74105
13.75143
13.76143
13.77552
