0.02
0.04
0.14
0.1702741
0.1846534
0.197284
0.2101016
0.2229889
0.2364173
0.2469528
0.2574452
0.2679816
0.2788966
0.2945306
0.3074197
0.3179109
0.3292375
0.3400062
0.3507925
0.3615211
0.3719583
0.3827405
0.3934934
0.4047613
0.4150485
0.4266272
0.4378681
0.4490474
0.4602167
0.471635
0.4822125
0.4933055
0.5042099
0.515198
0.5261014
0.5369378
0.5473337
0.5584379
0.5691707
0.5805771
0.5917467
0.6032411
0.6145574
0.6256687
0.6363389
0.6476523
0.6586827
0.6698626
0.6854844
0.696263
0.7072268
0.7179534
0.7287416
0.7398013
0.7504859
0.7619555
0.7728381
0.7830533
0.7939644
0.8047537
0.8159714
0.8264729
0.837683
0.8486643
0.8610932
0.8715721
0.8826786
0.8958604
0.9072713
0.9265274
0.937656
0.9497034
0.9607881
0.9720178
0.9827194
0.9943883
1.006065
1.01773
1.030314
1.04115
1.052394
1.063238
1.074414
1.085477
1.096171
1.11204
1.123426
1.133871
1.145574
1.157046
1.167521
1.178489
1.1899
1.200452
1.211234
1.222541
1.233238
1.244354
1.255764
1.266737
1.277848
1.288446
1.298825
1.309732
1.320236
1.331652
1.342909
1.353402
1.364192
1.375516
1.386074
1.397268
1.408087
1.418661
1.429476
1.441576
1.452242
1.462854
1.474052
1.485405
1.496422
1.511615
1.523588
1.534177
1.545515
1.556947
1.567432
1.578282
1.589715
1.600059
1.610739
1.62133
1.632478
1.643697
1.655335
1.666371
1.677621
1.689046
1.700045
1.711422
1.722383
1.733309
1.744625
1.756158
1.766891
1.778127
1.789202
1.800431
1.811637
1.822973
1.833927
1.845652
1.856362
1.867598
1.878796
1.890087
1.901344
1.917995
1.928677
1.940122
1.950925
1.961655
1.97267
1.983288
1.993894
2.007085
2.018152
2.02904
2.040158
2.051242
2.062931
2.073956
2.084652
2.095778
2.107418
2.118035
2.12898
2.139956
2.150791
2.162346
2.173809
2.184334
2.1953
2.206803
2.217272
2.228093
2.238814
2.249875
2.260574
2.271946
2.283268
2.294793
2.306193
2.316769
2.332854
2.344211
2.356788
2.368087
2.379489
2.39024
2.401106
2.412436
2.423628
2.434742
2.446646
2.457494
2.468423
2.47928
2.49089
2.501937
2.513254
2.52479
2.535533
2.546316
2.559015
2.569746
2.580728
2.591819
2.602629
2.614349
2.625901
2.636761
2.648159
2.659191
2.669592
2.680622
2.691443
2.702865
2.714292
2.725111
2.736218
2.752399
2.76333
2.774584
2.785735
2.796705
2.808725
2.820455
2.831828
2.843224
2.854316
2.866946
2.878097
2.88935
2.90047
2.911803
2.92327
2.934376
2.94583
2.957398
2.968663
2.979759
2.991021
3.002807
3.014312
3.026622
3.037839
3.049406
3.061348
3.072351
3.083277
3.094686
3.106644
3.117242
3.128718
3.139713
3.15066
3.166932
3.177984
3.189951
3.200717
3.211638
3.223141
3.234542
3.24593
3.257421
3.26823
TARGET DESTROYED 
3.287338
3.308075
3.319877
3.331112
3.342161
3.352494
3.363389
3.374343
3.385328
3.396689
3.408196
3.419435
3.430387
3.44199
3.453088
3.464891
3.476206
3.487155
3.497934
3.509215
3.52002
3.531249
3.542585
3.553222
3.564373
3.579637
3.590912
3.602098
3.613066
3.623997
3.635426
3.647628
3.659039
3.670457
3.682268
3.693876
3.705635
3.716957
3.72815
3.740095
3.75139
3.762911
3.775051
3.788131
3.800079
3.811531
3.822718
3.834668
3.846776
3.858661
3.869771
3.881597
3.893886
3.905841
3.917144
3.929365
3.941742
3.953778
3.965284
3.977265
3.988445
4.005428
4.01663
4.028184
4.040291
4.051667
4.063901
4.076138
4.088366
4.10052
4.112255
4.124109
4.135309
4.147224
4.159266
4.170913
4.182947
4.195779
4.207611
4.219211
4.23132
4.243405
4.255667
4.267701
4.279351
4.291769
4.303545
4.31544
4.327632
4.339531
4.351598
4.363541
4.375385
4.38746
4.399442
4.411727
TARGET DESTROYED 
4.428184
4.440423
4.457134
4.470675
4.4825
4.494325
4.506368
4.51754
4.529007
4.541056
4.559817
4.573442
4.584857
4.596669
4.608223
4.619503
4.63217
4.644541
4.656365
4.668054
4.680699
4.692694
4.704019
4.715181
4.726632
4.738535
4.74964
4.76113
4.772917
4.784495
4.79614
4.808351
4.819534
4.831237
4.843451
4.855425
4.867463
4.879562
4.895872
4.907764
4.919121
4.93083
4.943136
4.955184
4.966693
4.978949
4.991174
5.004016
5.015224
5.027578
5.039909
5.051328
5.063451
5.075759
5.088317
5.100721
5.112472
5.126653
5.138469
5.149722
5.161772
5.173648
5.184882
5.196436
5.209355
5.220897
5.232308
5.244186
5.255877
5.267767
5.279612
5.292381
5.30426
5.316781
5.333684
5.345651
5.357329
5.369184
5.380703
5.392999
5.404489
5.42616
5.43837
5.450643
5.462577
5.476672
5.488146
5.499635
5.511568
5.523569
5.534869
5.547006
5.559031
5.571636
5.583253
5.595077
5.606953
5.618262
5.629949
5.641475
5.653204
5.664802
5.676695
5.688254
5.699593
5.711181
5.723518
5.734906
5.74649
5.757927
5.768908
5.785348
5.796609
5.807958
5.819415
5.830531
5.842343
5.854375
5.865745
5.877021
5.888139
5.899144
5.910938
5.922372
5.933857
5.945053
5.956399
5.967528
5.9792
5.990977
6.003139
6.014218
TARGET DESTROYED 
6.029692
6.042366
6.053787
6.065062
6.076055
6.087556
6.105984
6.123554
6.13649
6.147451
6.158436
6.16944
6.180212
6.191221
6.206533
6.217328
6.228456
6.239967
6.250686
6.261866
6.27315
6.284052
6.295316
6.306876
6.318222
6.329857
6.341636
6.352424
6.363388
6.374831
6.386025
6.397049
6.408886
6.42078
6.432785
6.444656
6.456693
6.468409
6.481512
6.494619
6.507657
6.519728
6.532297
6.546653
6.559189
6.572248
6.584194
6.596321
6.608583
6.620762
6.632847
6.649309
6.661613
6.674109
6.686016
6.698082
6.710492
6.723611
6.735218
6.747468
6.759236
6.771003
6.782463
6.794451
6.80609
6.817578
6.829507
6.841608
6.853295
6.866056
6.878228
6.890146
6.901989
6.913654
6.9254
6.937138
6.949389
6.961404
6.973935
6.986237
6.998367
7.010612
7.022961
7.035413
7.048463
7.060909
7.073486
7.090584
7.103272
7.115262
7.127539
7.140029
7.153112
7.165745
7.177965
7.191978
7.203873
7.215885
7.227887
7.240639
7.252766
7.265409
7.278059
7.290787
7.303357
7.315935
7.328335
7.340822
7.354164
7.366586
7.37923
7.392063
7.404142
7.416486
7.428952
7.44134
7.453351
7.465833
7.478315
7.491998
7.505078
7.516969
7.529339
7.542144
7.559838
7.572733
7.5849
7.597308
7.609746
7.621941
7.633937
7.645978
7.659453
7.671645
7.68411
7.696221
7.708444
7.720324
7.732168
7.744548
7.757287
7.769649
7.781944
7.794225
7.806157
7.818878
7.831193
7.844623
7.856622
7.868785
7.880853
7.893082
7.905664
7.918282
7.93232
7.945843
7.960709
7.974076
7.986242
7.998382
8.015083
8.027301
8.039712
8.051694
8.064123
8.076184
TARGET DESTROYED 
8.093896
8.106279
8.118723
8.131454
8.150031
8.163827
8.175992
8.187938
8.199522
8.211435
8.224154
8.235885
8.248295
8.26053
8.272566
8.284154
8.295453
8.306781
8.317801
8.329202
8.340746
8.351983
8.363562
8.375089
8.386122
8.397406
8.409158
8.420418
8.43194
8.444449
8.461036
8.472356
8.483204
8.495
8.506994
8.518142
8.529697
8.541907
8.552747
8.564629
8.576125
8.587289
8.599093
8.610666
8.623092
8.635129
8.646189
8.657722
8.669566
8.68084
8.692315
8.703384
8.71457
8.726032
8.736697
8.747942
8.759458
8.771002
8.78206
8.794288
8.805305
8.817152
8.829648
8.842402
8.855124
8.867055
8.879028
8.891138
8.907566
8.919337
8.931495
8.944071
8.956137
8.968607
8.980452
8.992458
9.004361
9.016277
9.028167
9.040666
9.053435
9.065499
9.077856
9.090375
9.103303
9.115751
9.128209
9.140204
9.151952
9.164165
9.176933
9.189392
9.201595
9.213436
9.225641
9.2375
9.248965
9.260745
9.272537
9.284283
9.296142
9.308805
9.32091
9.332918
9.345017
9.360615
9.373259
9.384697
9.397038
9.408921
9.420704
9.432703
9.44466
9.456926
9.468447
9.480658
9.492831
9.50617
9.518047
9.530015
9.542418
9.555299
9.566885
9.578765
9.591053
9.603111
9.615175
9.627304
9.639332
9.650727
9.6628
9.674872
9.68648
9.698308
9.710834
9.722733
9.734108
9.746082
9.758101
9.770286
9.781996
9.798146
9.810418
9.822248
9.834137
9.847347
9.859179
9.871097
9.883018
9.89539
9.907856
9.920117
9.932884
9.944905
9.957226
9.969406
9.982497
9.995398
10.00782
10.02021
10.03293
10.0465
TARGET DESTROYED 
10.06393
10.07554
10.08697
10.09892
10.1102
10.12217
10.13337
10.14538
10.15656
10.16772
10.17956
10.19161
10.2091
10.22164
10.23264
10.24878
10.26037
10.2722
10.28388
10.29535
10.30689
10.31796
10.32943
10.34166
10.35347
10.36533
10.3767
10.3879
10.3995
10.41066
10.422
10.43359
10.44501
10.45672
10.46783
10.47919
10.49041
10.50188
10.51394
10.52612
10.53722
10.54883
10.56045
10.57158
10.58356
10.59481
10.60618
10.61789
10.63028
10.64244
10.65459
10.66565
10.68135
10.69291
10.70386
10.71498
10.72667
10.73789
10.7492
10.76068
10.77221
10.78334
10.79482
10.80657
10.8177
10.8294
10.84184
10.85305
10.8648
10.8768
10.88782
10.89889
10.9106
10.92211
10.93337
10.94505
10.95766
10.96878
10.98003
10.99121
11.00223
11.01342
11.02478
11.03625
11.0479
11.05949
11.07059
11.08185
11.09328
11.10533
11.12177
11.13379
11.14522
11.15649
11.17012
11.18163
11.19358
11.20519
11.2162
11.22749
11.23871
11.25028
11.26164
11.27338
11.28468
11.296
11.30804
11.31951
11.33051
11.34173
11.35344
11.36515
11.37639
11.38769
11.39913
11.41071
11.42244
11.43378
11.44533
11.45762
11.46893
11.48028
11.49192
11.50382
11.51575
11.52876
11.54568
11.55787
11.56923
11.58051
11.59287
11.60571
11.61704
11.62834
11.63992
11.6513
11.66312
11.67458
11.68559
11.69707
11.70839
11.71942
11.73046
11.74242
11.75369
11.76501
11.77628
11.78829
11.79951
11.81063
11.82206
11.8335
11.8446
11.85619
11.86906
11.88025
11.89168
11.90287
11.91498
11.92657
11.93773
11.94883
11.96075
11.97707
11.98861
11.99971
12.0112
12.02294
12.03414
12.04635
12.05826
12.06999
12.08128
12.09299
12.1046
12.11607
12.12765
12.13922
12.15038
12.16198
12.1736
12.18592
TARGET DESTROYED 
12.20284
12.21419
12.22577
12.24333
12.25561
12.26674
12.27844
12.28976
12.30086
12.31205
12.32393
12.33496
12.34757
12.36005
12.37254
12.38471
12.39731
12.40958
12.42684
12.43916
12.45167
12.46403
12.47634
12.48912
12.50131
12.51359
12.52608
12.53966
12.5525
12.5651
12.57777
12.5915
12.604
12.61655
12.62903
12.64195
12.65421
12.66634
12.67899
12.6918
12.70387
12.71671
12.72883
12.74114
12.75308
12.76508
12.77768
12.79029
12.80257
12.81452
12.82689
12.84012
12.85295
12.86504
12.87739
12.88976
12.90743
12.92028
12.93295
12.94551
12.95825
12.97111
12.98344
12.99584
13.00945
13.02244
13.03475
13.04741
13.05991
13.07207
13.08424
13.09694
13.11006
13.12282
13.13516
13.14745
13.16008
13.17233
13.18445
13.19707
13.20944
13.22227
13.23454
13.24687
13.27112
13.28355
13.29649
13.30942
13.32238
13.33451
13.34833
13.36076
13.3736
13.3856
13.40303
13.41603
13.42836
13.44057
13.45275
13.4657
13.47852
13.49094
13.50317
13.51559
13.52808
13.5419
13.55495
13.56734
13.57965
13.59263
13.60546
13.61754
13.63101
13.64392
13.65698
13.66966
13.68206
13.6943
13.70698
13.71908
13.73185
13.74443
13.75702
13.76916
13.78197
13.79531
13.808
13.82023
13.83357
13.84661
13.85971
13.87256
13.88954
13.90258
13.91518
13.92809
13.94296
13.95605
13.9687
13.98119
13.99432
14.00782
14.02035
14.03299
14.0466
14.0604
14.0734
14.0856
14.09942
14.11209
14.12572
14.13863
14.15166
14.16458
14.17743
14.19096
14.20473
14.21733
14.23004
14.24256
14.25595
14.27972
14.2928
TARGET DESTROYED 
14.32125
14.33391
14.34671
14.35993
14.37283
14.38947
14.40202
14.41494
14.43613
14.45018
14.46274
14.47546
14.48793
14.50044
14.51273
14.5256
14.53852
14.55212
14.56641
14.58364
14.59834
14.61202
14.62383
14.63535
14.64841
14.66107
14.67358
14.68497
14.69627
14.70822
14.71963
14.73134
14.74292
14.75535
14.77093
14.78249
14.79366
14.80485
14.81633
14.82792
14.8394
14.85625
14.86771
14.87926
14.89088
14.90236
14.91397
14.92597
14.93768
14.94933
14.961
14.97266
14.98346
14.99494
15.00724
15.01811
15.02869
15.04097
15.05255
15.06355
15.07499
15.08555
15.09785
15.1099
15.12053
15.13126
15.14296
15.15374
15.1645
15.17622
15.18715
15.20025
15.21256
15.22541
15.23694
15.24855
15.26376
15.27574
15.28755
15.30349
15.31488
15.32671
15.33803
15.35324
