0.02
0.04
0.14
0.169414
0.1820485
0.1929474
0.2035848
0.2147083
0.2264416
0.2375401
0.2474064
0.2596369
0.2739733
0.2867001
0.2993034
0.3093708
0.3194447
0.330393
0.3415835
0.3531555
0.3640704
0.3754474
0.390467
0.3996798
0.4097068
0.4199824
0.4309807
0.4420686
0.4538911
0.4646451
0.4756194
0.4871945
0.4978327
0.5094206
0.5205688
0.5319217
0.5426711
0.5539438
0.5651494
0.5761651
0.5875054
0.598566
0.6101068
0.6210433
0.6321042
0.6432813
0.6546223
0.6654003
0.6766678
0.6878783
0.6992048
0.7102333
0.7214531
0.7324704
0.7438059
0.7547844
0.76616
0.7771683
0.7883858
0.7999334
0.8107896
0.8219093
0.8330758
0.844282
0.855667
0.8667754
0.8777433
0.894101
0.9049335
0.9165455
0.9274781
0.9386693
0.9499067
0.9609545
0.9720991
0.9833561
0.9943689
1.005717
1.017851
1.028023
1.039118
1.050656
1.061414
1.072947
1.084202
1.095206
1.106141
1.117607
1.12843
1.13977
1.151094
1.162954
1.173244
1.185545
1.195608
1.209797
1.219947
1.229411
1.238904
1.250754
1.261176
1.27241
1.284271
1.295351
1.305864
1.31715
1.328155
1.339381
1.350848
1.361506
1.372813
1.384427
1.395147
1.406364
1.417698
1.428571
1.43986
1.451173
1.462217
1.47323
1.485076
1.495601
1.507681
1.518236
1.529219
1.540872
1.551997
1.562878
1.57394
1.585682
1.596409
1.607896
1.619465
1.630462
1.64167
1.652994
1.664571
1.675547
1.687308
1.698424
1.709435
1.720587
1.73159
1.742789
1.753867
1.765019
1.776353
1.787404
1.798924
1.809961
1.821052
1.832705
1.843242
1.854652
1.865874
1.876919
1.888321
1.899016
1.910574
1.921522
1.932634
1.943732
1.954996
1.966082
1.977283
1.988476
2.003917
2.013586
2.023584
2.034468
2.043934
2.054306
2.06573
2.075598
2.086712
2.097708
2.109265
2.120296
2.131259
2.142481
2.15384
2.164949
2.176002
2.187551
2.198175
2.209385
2.2207
2.231839
2.243208
2.254084
2.265253
2.276459
2.287884
2.298927
2.310244
2.321847
2.332451
2.343605
2.354861
2.36587
2.377335
2.388829
2.400404
2.41143
2.422744
2.434276
2.445282
2.456733
2.468241
2.479408
2.490359
2.502455
2.513453
2.5245
2.536067
2.547069
2.558276
2.569716
2.580885
2.591579
2.603208
2.613952
2.625261
2.637075
2.647552
2.658681
2.67007
2.681064
2.692099
2.703415
2.714615
2.725876
2.736984
2.748011
2.759284
2.770489
2.782231
2.793005
2.808464
2.818904
2.828883
2.83925
2.849208
2.859759
2.870284
2.88192
2.892507
2.902868
2.912687
2.923186
2.934615
2.94585
2.956798
2.968412
2.979196
2.990329
3.002188
3.012657
3.023922
3.035247
3.046165
3.057785
3.068889
3.079728
3.090871
3.102512
3.113274
3.12433
3.135881
3.146814
3.158211
3.169437
3.18032
3.191516
3.203214
3.214338
3.225718
3.237225
3.248722
3.260023
3.271106
3.282956
3.293963
3.305212
3.316729
3.327764
3.339538
3.350863
3.362139
3.373361
3.384988
3.395968
3.407424
3.418827
3.429428
3.44077
3.452178
3.463044
3.474355
3.48543
3.49661
3.507571
3.519533
3.530024
3.541506
3.552628
3.563722
3.575052
3.586067
3.601653
3.613229
3.624118
3.634624
3.645396
3.656238
3.666822
3.677407
3.688194
3.698582
3.709175
3.720354
3.730913
3.741132
3.752347
3.762446
3.772997
3.78357
3.793694
3.804563
3.815511
3.82648
3.83788
3.848884
3.860387
3.871275
3.882838
3.893623
3.905037
3.916028
3.927404
3.938352
3.949631
3.960871
TARGET DESTROYED 
3.971852
3.990954
4.002089
4.012548
4.023637
4.035404
4.054754
4.066313
4.076918
4.087717
4.098096
4.108943
4.118958
4.12923
4.139523
4.151032
4.161595
4.172978
4.184446
4.195426
4.206441
4.217721
4.228734
4.240027
4.251247
4.262324
4.273499
4.284848
4.295882
4.306979
4.318263
4.329411
4.340765
4.357212
4.367919
4.378236
4.388813
4.399019
4.409443
4.420469
4.431434
4.44226
4.45248
4.46332
4.474411
4.485792
4.496817
4.508226
4.519306
4.530285
4.541459
4.552906
4.564469
4.576592
4.587628
4.597569
4.610532
4.621006
4.632024
4.643838
4.654802
4.66615
4.677143
4.688329
4.699511
4.710565
4.721856
4.733681
4.744518
4.755912
4.767586
4.778872
4.79004
4.801713
4.813492
4.824188
4.835598
4.846489
4.858098
4.869799
4.880785
4.892409
4.903553
4.914962
4.926406
4.937782
4.9486
4.959882
4.972056
4.982327
4.993373
5.004433
5.016102
5.027694
5.039518
5.049754
5.060355
5.07169
5.082763
5.093912
5.104941
5.116148
5.12746
5.138699
5.149776
5.165457
5.176245
5.186789
5.196936
5.207464
5.218215
5.228553
5.23942
5.250251
5.261823
5.27264
5.28355
5.294919
5.306003
5.317387
5.328957
5.339841
5.350251
5.361319
5.373411
5.384352
5.395438
5.406426
5.416679
5.428597
5.440881
5.451433
5.461915
5.473212
5.483561
5.494134
5.505448
5.515506
5.526522
5.538009
5.54876
5.559714
5.571398
5.581851
5.593096
5.612864
5.624061
5.636619
5.647505
5.659404
5.670024
5.680713
TARGET DESTROYED 
5.692055
5.707808
5.719278
5.730439
5.741557
5.752622
5.763779
5.7817
5.793766
5.804401
5.814935
5.826946
5.838084
5.849125
5.859912
5.870952
5.881843
5.89299
5.905374
5.916302
5.927203
5.938679
5.954485
5.965355
5.976429
5.987631
5.99823
6.009315
6.021182
6.032841
6.045536
6.057587
6.069321
6.080391
6.091242
6.102782
6.113958
6.12504
6.135862
6.146715
6.160275
6.172488
6.183733
6.194777
6.205962
6.217284
6.228296
6.239358
6.250736
6.262126
6.272831
6.284884
6.296144
6.306838
6.318396
6.330012
6.340812
6.351899
6.362601
6.37345
6.385259
6.395648
6.406776
6.418438
6.42942
6.440474
6.451642
6.46278
6.473979
6.48561
6.497235
6.50809
6.519629
6.530907
6.542743
6.553725
6.564817
6.576231
6.587215
6.597804
6.608633
6.619421
6.630258
6.64191
6.653246
6.664986
6.676217
6.688205
6.699947
6.710837
6.722257
6.734286
6.74521
6.761911
6.772822
6.784264
6.795016
6.80607
6.81653
6.827386
6.838206
6.84897
6.860071
6.871264
6.881551
6.89293
6.90358
6.916126
6.92661
6.937922
6.94844
6.959086
6.970109
6.98087
6.991852
7.003009
7.013916
7.024468
7.035327
7.046265
7.057187
7.067896
7.079001
7.089993
7.100592
7.111092
7.12195
7.133081
7.143994
7.155361
7.166559
7.177678
7.18936
7.200716
7.21112
7.222544
7.234191
7.244984
7.256019
7.267974
7.278671
7.290248
7.301604
7.312979
7.324346
7.335787
7.346975
7.358401
7.369921
7.381117
7.392636
7.404069
7.41526
7.426619
7.438071
7.449497
7.461162
7.472148
7.484
7.494971
7.506196
7.517962
7.528909
7.540936
7.556919
7.568594
7.581213
7.591974
7.60287
7.613842
7.625367
7.636852
7.64713
7.658388
7.669704
7.680779
7.691971
7.703611
7.714228
7.725501
7.736612
7.747758
7.759066
7.77009
7.78198
7.793267
7.803837
TARGET DESTROYED 
7.814684
7.83018
7.841229
7.852076
7.86324
7.874969
7.886245
7.897737
7.908841
7.921402
7.933307
7.944772
7.963094
7.975652
7.98683
7.997871
8.00919
8.020514
8.031766
8.043306
8.054798
8.065766
8.077088
8.08882
8.100676
8.111958
8.123381
8.134327
8.145488
8.157225
8.168372
8.179276
8.190755
8.201798
8.212849
8.223955
8.235202
8.246395
8.2676
8.278624
8.290157
8.301947
8.313202
8.325131
8.336663
8.347688
8.358978
8.375132
8.386557
8.397562
8.408717
8.420359
8.431514
8.442919
8.455396
8.466942
8.478228
8.489873
8.502601
8.514699
8.526509
8.538721
8.550131
8.561298
8.573249
8.585293
8.596459
8.60758
8.619148
8.630176
8.642185
8.653547
8.664762
8.676143
8.687518
8.698462
8.710593
8.722772
8.734509
8.745608
8.757232
8.768847
8.780043
8.79146
8.80282
8.814065
8.825682
8.837281
8.848396
8.858891
8.869353
8.879355
8.890508
8.900627
8.910966
8.921459
8.932267
8.94285
8.953793
8.964719
8.976061
8.987023
8.998373
9.009544
9.020766
9.032369
9.043262
9.054334
9.065617
9.076782
9.088003
9.099398
9.110336
9.121507
9.132642
9.143712
9.155274
9.166235
9.182108
9.193508
9.205364
9.21596
9.227503
9.238689
9.24968
9.261372
9.272441
9.283476
9.295158
9.306629
9.317354
9.328913
9.340433
9.351664
9.362639
9.374537
9.385869
9.396979
9.408497
9.419635
9.430201
9.440812
9.45211
9.463252
9.474175
9.485381
9.495985
9.507694
9.519821
9.531331
9.543517
9.554949
9.566363
9.577739
9.589546
9.601728
9.612631
9.623631
9.635253
9.646547
9.658304
9.668712
9.679832
9.691011
9.702533
9.713475
9.724236
9.735745
9.746708
9.757748
9.76991
9.780266
9.791398
9.802894
9.813958
9.824821
9.836275
9.847349
9.859126
9.870587
9.881001
9.891883
9.903214
9.914188
9.925658
9.937276
9.948673
9.959038
9.970385
9.985713
9.996166
10.00716
10.01776
10.02832
10.03943
10.05006
TARGET DESTROYED 
10.06082
10.0764
10.0873
10.09835
10.10921
10.12092
10.13786
10.14966
10.16028
10.17117
10.18232
10.19351
10.20468
10.21572
10.22703
10.23828
10.24943
10.26134
10.27201
10.28268
10.29386
10.30559
10.31633
10.32783
10.3391
10.35053
10.36222
10.37337
10.38413
10.39475
10.40621
10.41695
10.42825
10.43957
10.45066
10.4615
10.47278
10.48479
10.49541
10.50636
10.51771
10.52854
10.54071
10.55198
10.56272
10.57362
10.58508
10.59554
10.6076
10.62052
10.63237
10.64485
10.65762
10.66971
10.68139
10.69305
10.70579
10.71859
10.72996
10.74166
10.75445
10.76637
10.77834
10.79501
10.8068
10.81911
10.83019
10.84169
10.85295
10.86413
10.87595
10.88787
10.89939
10.91081
10.92235
10.93352
10.94549
10.95869
10.97044
10.98158
10.99292
11.00477
11.01607
11.02738
11.03987
11.05162
11.06328
11.075
11.08716
11.09826
11.10987
11.12212
11.13322
11.14472
11.15653
11.16768
11.17848
11.18973
11.20034
11.21121
11.222
11.23246
11.24366
11.25471
11.26685
11.27741
11.28823
11.29921
11.3104
11.32192
11.33263
11.34394
11.35506
11.36649
11.37744
11.38866
11.40042
11.41767
11.42836
11.43956
11.45001
11.4613
11.47182
11.48266
11.4934
11.5047
11.51541
11.52612
11.53766
11.54845
11.55946
11.5708
11.58171
11.59302
11.60372
11.61518
11.63116
11.64173
11.6522
11.66252
11.67304
11.6836
11.69434
11.70488
11.71571
11.7267
11.73792
11.74871
11.75987
11.77085
11.78177
11.79233
11.80326
11.81416
11.82466
11.83605
11.84734
11.85835
11.86953
11.88046
11.89158
11.9028
11.91365
11.92516
11.93641
11.94767
11.95989
11.97113
11.98229
11.99389
12.00537
12.01682
12.0281
12.03985
12.05108
12.06226
12.07393
12.0854
12.10192
12.11445
12.12665
12.13831
12.15022
12.16184
12.17417
12.18702
12.19868
12.2106
12.22255
12.23448
12.24566
12.25685
12.268
12.27908
12.29078
12.3025
12.31434
12.32549
12.33617
12.34648
12.3574
12.36807
12.37911
12.39104
12.402
12.41283
12.42423
12.43517
12.45129
12.46814
12.47887
12.49008
12.50264
12.51341
12.52487
12.53698
12.54823
12.55922
12.57142
12.58402
12.59546
12.60639
12.61757
12.62859
12.63992
12.65122
12.66194
12.67323
12.68464
12.69542
12.70653
12.71806
12.72912
12.74024
12.75165
12.76237
12.77355
12.78529
12.7962
12.80708
12.81857
12.82972
12.84056
12.85213
12.86293
12.87416
12.88564
12.89655
12.90776
12.91915
12.93002
12.94148
12.95317
12.96423
12.97518
12.98609
12.9974
13.00856
13.01986
13.03062
13.0424
13.05369
13.06496
13.07636
13.08827
13.09978
13.11113
13.12254
13.13433
13.14538
13.1572
13.16884
13.17967
13.19161
13.20289
13.21413
13.22549
13.23657
13.24766
13.2592
13.27457
13.28516
13.29543
13.30601
13.31717
13.32773
13.33847
13.34867
13.35956
13.36989
13.38039
13.39102
13.40132
13.41252
13.42314
13.43399
13.44477
13.45604
13.46739
13.47825
13.48961
13.501
13.51195
13.52304
13.53437
13.54544
13.55683
13.56849
13.57909
13.5905
13.60163
13.61241
13.62426
13.63489
13.64594
TARGET DESTROYED 
13.65722
13.67239
13.68286
13.69452
13.70596
13.71774
13.72958
13.74716
13.75995
13.77158
13.78401
13.79501
13.80692
13.81942
13.83072
13.84251
13.85468
13.86624
13.87814
13.89017
13.90212
13.91349
13.92485
13.9366
13.94762
13.95921
13.97124
13.98316
13.99485
14.00666
14.01861
14.03131
14.04395
14.05606
14.06779
14.08029
14.09718
14.10882
14.12065
14.13157
14.14248
14.15384
14.16461
14.17568
14.1874
14.19822
14.20934
14.22001
14.23078
14.24131
14.25206
14.26249
14.2731
14.2844
14.29469
14.30535
14.31621
14.32719
14.33792
14.34876
14.36069
14.37304
14.3859
14.39789
14.41023
14.42181
14.43344
14.44511
14.45697
14.46838
14.47961
14.491
14.50316
14.51438
14.52559
14.53759
14.55027
14.56187
14.57343
14.58478
14.59579
14.60715
14.6184
14.6299
14.64254
14.65453
14.66572
14.67698
14.68865
14.70023
14.71206
14.72243
14.73256
14.74298
14.75365
14.76384
14.77419
14.78439
14.79548
14.80715
14.82286
14.83296
14.84368
14.85394
14.86433
14.87453
14.8849
14.896
14.90733
14.92305
14.93322
14.94359
14.95413
14.9642
14.97402
14.9868
14.99703
15.00908
15.02122
15.03346
15.04623
15.05827
15.07055
15.08239
15.09463
15.10682
15.11956
15.13136
15.14362
15.15588
15.16752
15.17995
15.19277
15.205
15.21723
15.22938
15.24186
15.25496
15.26746
15.27998
15.29296
15.30682
15.31942
15.33158
15.34319
15.35438
15.36509
15.37653
15.3884
15.39886
15.41018
15.42143
15.43241
15.44362
15.45509
15.46596
15.47679
15.48798
15.49958
15.51082
15.52185
15.53284
15.54432
15.55525
15.56659
15.57748
15.58911
15.5998
15.61082
15.62234
15.63362
15.64463
15.65719
15.66857
15.67971
15.69095
TARGET DESTROYED 
15.70163
15.71781
15.72921
15.74042
15.76326
15.7757
15.78685
15.79816
15.80947
15.82056
15.83145
15.84235
15.85363
15.86472
15.8757
15.88672
15.89794
15.90919
15.92019
15.93114
15.9421
15.95284
15.96348
15.97445
15.98529
15.99698
16.0082
16.01942
16.03001
16.04126
16.05255
16.06355
16.07547
16.08657
16.09719
16.10788
16.11854
16.12982
16.14072
16.15209
16.16272
16.17411
16.18512
16.19648
16.20735
16.2178
16.2284
16.23983
16.25116
16.26213
16.27288
16.28459
16.29564
16.30665
16.31754
16.32865
16.33978
16.35084
16.36176
16.37275
16.38351
16.39463
16.40561
16.41639
16.4268
16.43794
16.44931
16.46097
16.47191
16.48368
16.49472
16.50618
16.51843
16.52875
16.54034
16.55162
16.5633
16.57421
16.58571
16.59653
16.60787
16.62365
16.63419
16.64453
16.65664
16.66739
16.6782
16.68903
16.69975
16.71041
16.7212
16.73183
16.74291
16.75414
16.76432
16.77498
16.7863
16.79753
16.80849
16.82012
16.83104
16.84197
16.85349
16.86425
16.87634
16.88721
16.89777
16.90907
16.92044
16.93121
16.94246
16.95391
16.96492
16.97609
16.98767
16.99968
17.01198
17.02337
17.03491
17.04606
17.05685
17.06782
17.07861
17.08964
17.1006
17.11175
17.12269
17.13482
17.14669
17.15775
17.16851
17.17929
17.1907
17.2016
17.21235
17.22362
17.23528
17.24609
17.25727
17.26858
17.27947
17.29069
17.30245
17.31397
17.32593
17.33736
17.34829
17.36377
17.37566
17.38746
17.39921
17.41051
17.42211
17.43357
17.4448
17.45612
17.46765
17.47878
17.49557
17.50706
17.51956
17.5325
17.54533
17.55679
17.56886
17.57982
17.59113
17.60252
17.61429
17.62639
17.63796
17.64906
17.66157
17.67303
17.68446
17.69632
17.70781
17.72314
17.73502
17.7463
17.75769
17.76944
17.78049
17.7915
17.80298
17.81411
17.82534
17.83661
17.84775
17.85891
17.87033
17.88186
17.89312
17.90442
17.91516
17.92739
17.93998
17.95156
17.96175
17.97244
17.98214
17.99277
18.00389
18.01478
18.02495
18.03514
18.04626
18.0571
18.06881
18.07982
TARGET DESTROYED 
18.09068
18.11553
18.12811
18.13839
18.14848
18.15902
18.16916
18.1804
18.19126
18.20393
18.21417
18.22482
18.23652
18.257
18.26827
18.27848
18.28882
18.30464
18.31463
18.32579
18.33634
18.34757
18.35909
18.36987
18.3809
18.3926
18.40351
18.41464
18.42574
18.43826
18.44801
18.45938
18.47051
18.48171
18.49278
18.50406
18.5149
18.52619
18.53763
18.54873
18.55963
18.57095
18.5821
18.59308
18.60423
18.61539
18.62663
18.63791
18.64899
18.66054
18.67145
18.68275
18.69416
18.70548
18.71685
18.72763
18.73935
18.75057
18.76128
18.78192
18.79417
18.80541
18.81662
18.82781
18.83902
18.8503
18.86207
18.87277
18.88383
18.89475
18.90661
18.91763
18.92909
18.94048
18.95112
18.9619
18.97352
18.98448
18.99546
19.0067
19.01843
19.03139
19.04279
19.05438
19.06548
19.07666
19.0885
19.09953
19.11124
19.12298
19.13433
19.14578
19.15718
19.16856
19.18489
19.1964
19.20759
19.21919
19.23044
19.24168
19.25304
19.26724
19.27945
19.29105
19.30272
19.31379
19.32894
