0.02
0.04
0.14
0.1790673
0.1922936
0.2022301
0.2120883
0.2220111
0.2313002
0.2402804
0.2505955
0.261693
0.2728498
0.2839781
0.295467
0.3079026
0.3172549
0.3285234
0.3401021
0.3510241
0.3621085
0.3731505
0.3843471
0.3956996
0.4067984
0.4179421
0.4290434
0.440463
0.4515419
0.4625794
0.4772808
0.4862434
0.4960551
0.5074731
0.5185895
0.5294916
0.5408939
0.551959
0.5630972
0.5747337
0.585409
0.5966325
0.60831
0.6189674
0.6300393
0.6415984
0.6523485
0.6635894
0.6751819
0.6861334
0.6973541
0.7085328
0.719286
0.7308166
0.7418852
0.7529969
0.7645464
0.7756452
0.786495
0.7976182
0.8089631
0.8198709
0.8311998
0.8426841
0.8536456
0.8701506
0.8824947
0.8918977
0.9010374
0.9109098
0.9211684
0.9336152
0.94362
0.9545048
0.9656768
0.9768567
0.9880957
0.9992266
1.010665
1.021858
1.033155
1.043786
1.055191
1.066597
1.077525
1.08846
1.099814
1.111027
1.122058
1.133126
1.14442
1.155597
1.166708
1.177921
1.189058
1.200184
1.211289
1.222644
1.234148
1.245733
1.256399
1.267983
1.279443
1.290911
1.302106
1.313619
1.325323
1.336691
1.347651
1.35919
1.370444
1.381822
1.393747
1.404868
1.416021
1.427767
1.438511
1.449916
1.461634
1.472695
1.484012
1.495636
1.506604
1.517506
1.528709
1.539716
1.551346
1.562169
1.576042
1.586016
1.595327
1.610248
1.61988
1.629399
1.638644
1.649171
1.660513
1.671419
1.682741
1.697878
1.708124
1.71787
1.7276
1.738509
1.749658
1.761103
1.771968
1.783462
1.794577
1.806383
1.816929
1.827961
1.838944
1.850315
1.861599
1.872478
1.883682
1.895137
1.906203
1.917185
1.928507
1.939433
1.950721
1.962001
1.973325
1.986997
1.999916
2.011003
2.021617
2.033428
2.044776
2.054453
2.065425
2.075418
2.086719
2.096807
2.107318
2.11823
2.129387
2.140779
2.15187
2.162935
2.175097
2.185413
2.196525
2.20777
2.218918
2.230124
2.241446
2.252303
2.263574
2.274985
2.286187
2.29787
2.308389
2.319661
2.331455
2.343439
2.352791
2.364573
2.375315
2.386347
2.397536
2.409046
2.420008
2.431516
2.442977
2.454207
2.465553
2.476884
2.488333
2.499296
2.510793
2.522061
2.533362
2.544972
2.556078
2.56797
2.578689
2.589903
2.600866
2.612209
2.627841
2.637528
2.64781
2.658086
2.667952
2.678288
2.687452
2.698801
2.709961
2.721185
2.732377
2.743535
2.75473
2.76637
2.777027
2.788116
2.799366
2.810532
2.821641
2.832894
2.844167
2.855089
2.866449
2.877514
2.888566
2.899959
2.91101
2.922221
2.933277
2.944521
2.956013
2.966819
2.978019
2.98939
3.000257
3.011847
3.022958
3.034563
3.045736
3.057173
3.068295
3.079778
3.091248
3.102589
3.114159
3.125688
3.136187
3.147966
3.159051
3.170297
3.181882
3.193159
3.204346
3.215554
3.226655
3.238271
3.251216
3.26174
3.271212
3.281955
3.293277
3.304317
3.315584
3.327091
3.337728
3.348947
3.360335
3.371523
3.382571
3.394004
3.404807
3.416073
3.427622
3.438457
3.449272
3.460986
3.47172
3.483007
3.494633
3.505555
3.516533
3.52786
3.538858
3.549954
3.56127
3.572294
3.583737
3.598795
3.608701
3.618332
3.628226
3.637741
3.649035
3.660153
3.671398
3.687137
3.697423
3.706975
3.716622
3.727239
3.73766
3.748697
3.760037
3.771133
3.782067
3.793566
3.804551
3.815691
3.827435
3.838047
3.849222
3.860431
3.871466
3.882812
3.894069
3.905083
3.916358
3.927549
3.938535
3.949628
3.960953
3.972072
3.983247
3.995012
4.005498
4.016662
4.027895
4.039058
4.050729
4.061855
4.072988
4.084484
4.095801
4.107341
4.118516
4.129896
4.14157
4.15257
4.163908
4.17555
4.186259
4.197905
4.209573
4.220726
4.231857
4.243192
4.254128
4.26527
4.276714
4.287634
4.298831
4.317924
4.328669
4.338588
4.349571
4.361236
4.372059
4.383309
4.394451
4.405559
4.416677
4.42785
4.438976
4.450204
4.461398
4.472627
4.483787
4.49629
4.506463
4.517448
4.528321
4.539753
4.550685
4.561923
4.572964
4.584307
4.595593
4.606931
4.617688
4.628997
4.640028
4.651332
4.662576
4.673933
4.684709
4.696092
4.707426
4.718493
4.729733
4.741688
4.757202
4.76785
4.778922
4.78915
4.800847
4.811554
4.821651
4.832654
4.843555
4.854708
4.866768
4.877402
4.88828
4.899646
4.910532
4.922423
4.932935
4.944859
4.955976
4.967736
4.978159
4.989563
5.000168
5.011143
5.022427
5.03343
5.044692
5.05568
5.066968
5.078123
5.089271
5.100462
5.11156
5.12298
5.134321
5.146093
5.157572
5.168207
5.17938
5.191267
5.202369
5.213703
5.225375
5.236085
5.247972
5.259063
5.270205
5.281632
5.29297
5.304449
5.315431
5.326651
5.337682
5.348837
5.360045
5.371035
5.382884
5.393732
5.404551
5.415718
5.427029
5.438218
5.449354
5.460852
5.471575
5.482739
5.494434
5.505675
5.51649
5.527463
5.538742
5.55007
5.561156
5.5722
5.583455
5.59519
5.605736
5.617136
5.627961
5.639291
5.650141
5.661594
5.672681
5.683792
5.69519
5.70665
5.717383
5.728894
5.740089
5.751795
5.762199
5.773619
5.784559
5.795648
5.811712
5.822409
5.833348
5.84397
5.854183
5.864673
5.874852
5.884829
5.895493
5.905453
5.91683
5.927812
5.938124
5.949143
5.95985
5.970052
5.980566
5.992255
6.003114
6.013947
6.025381
6.036408
6.047471
6.058815
6.069921
6.081327
6.092312
6.103637
6.114486
6.125973
6.136835
6.148083
6.159442
6.170362
6.181407
6.192755
6.203898
6.215057
6.226184
6.237721
6.248638
6.260233
6.271543
6.283056
6.294482
6.305916
6.317456
6.328789
6.340124
6.351728
6.363006
6.374867
6.385871
6.397673
6.408791
6.421021
6.431346
6.443515
6.454297
6.465819
6.476988
6.488243
6.49917
6.510442
6.521643
6.532868
6.544052
6.555396
6.566239
6.577685
6.588637
6.600214
6.611077
6.622046
6.633155
6.644831
6.655738
6.666938
6.677936
6.689085
6.700231
6.71194
6.722818
6.733846
6.745254
6.756601
6.767238
6.779512
6.790016
6.80287
6.815081
6.826262
6.837007
6.847767
6.858548
6.874642
6.885286
6.896738
6.907867
6.918699
6.929911
6.941299
6.952306
6.963551
6.974977
6.985936
6.997066
7.008591
7.019442
7.03083
7.041965
7.052846
7.064214
7.075282
7.086373
7.097581
7.109049
7.119771
7.131041
7.142196
7.153185
7.164515
7.175697
7.187033
7.197942
7.209219
7.220394
7.231591
7.242796
7.253912
7.26517
7.276389
7.287295
7.298776
7.310162
7.321598
7.332994
7.34487
7.355943
7.367378
7.378983
7.390608
7.402056
7.413197
7.425001
7.436155
7.447501
7.459403
7.470171
7.481596
7.493473
7.505251
7.516226
7.526886
7.538326
7.549275
7.560515
7.57171
7.582823
7.594042
7.605239
7.616168
7.627412
7.638741
7.649827
7.661407
7.672004
7.683289
7.694896
7.705649
7.716735
7.728049
7.739126
7.750225
7.761812
7.773519
7.784946
7.795807
7.806065
7.817533
7.828459
7.839563
7.850739
7.86202
7.874401
7.884731
7.895468
7.906786
7.917838
7.933635
7.945067
7.957182
7.969247
7.981126
7.992738
8.004003
8.0158
8.027729
8.039441
8.051208
8.063152
8.075064
8.086644
8.098687
8.110441
8.122246
8.13378
8.145549
8.157501
8.169802
8.182073
8.193977
8.20575
8.217864
8.2303
8.242183
8.253959
8.266072
8.278567
8.290114
8.302012
8.314613
8.326468
8.338163
8.350101
8.362686
8.374052
8.394776
8.406319
8.418065
8.430328
8.442032
8.454321
8.466681
8.47884
8.490314
8.502112
8.514468
8.524861
8.535167
8.545779
8.55618
8.567059
8.577547
8.588676
8.599106
8.610075
8.620573
8.631091
8.641458
8.65186
8.662588
8.673123
8.683985
8.69511
8.706204
8.717015
8.728277
8.73972
8.750578
8.761714
8.773515
8.78407
8.795488
8.806496
8.817546
8.828909
8.840317
8.851136
8.862296
8.87358
8.88462
8.896017
8.907036
8.918091
8.92936
8.940675
8.952115
8.962954
8.975043
8.986012
8.997519
9.009309
9.026473
9.037059
9.048019
9.058821
9.069017
9.080024
9.090692
9.100751
9.110952
9.120697
9.131602
9.14254
9.153831
9.164916
9.176238
9.187313
9.198554
9.209804
9.220934
9.231869
9.243281
9.254852
9.265533
9.276741
9.287832
9.29891
9.310163
9.321343
9.33254
9.343592
9.355192
9.36623
9.377358
9.388744
9.39992
9.410984
9.422426
9.433855
9.445342
9.456723
9.467834
9.47917
9.491247
9.501784
9.513491
9.524871
9.536484
9.547295
9.558822
9.570023
9.58165
9.593037
9.604221
9.615629
9.626952
9.638048
9.649189
9.660529
9.671727
9.682673
9.694182
9.705381
9.716136
9.727482
9.738865
9.749765
9.760884
9.771946
9.784084
9.794738
9.805668
9.816667
9.828409
9.838997
9.850245
9.861394
9.873049
9.883798
9.894928
9.906082
9.917439
9.928476
9.939575
9.950616
9.961768
9.973299
9.984635
9.995399
10.00675
10.018
10.02886
10.04018
10.05139
10.06237
10.07406
10.09014
10.10038
10.11111
10.12094
10.1314
10.14187
10.15147
10.16182
10.17179
10.18284
10.19285
10.20267
10.21395
10.2253
10.23627
10.24751
10.25867
10.26986
10.28087
10.29254
10.30328
10.31853
10.32906
10.33919
10.34925
10.35925
10.37031
10.38178
10.39351
10.40416
10.41493
10.42629
10.43746
10.44869
10.45966
10.47082
10.48197
10.49361
10.50492
10.51617
10.52771
10.53895
10.55055
10.56185
10.57372
10.58474
10.59618
10.60817
10.6187
10.64693
10.65782
10.66782
10.67785
10.68882
10.699
10.70897
10.71921
10.72939
10.73904
10.75014
10.76139
10.77295
10.78431
10.79682
10.80649
10.81698
10.8282
10.83939
10.85067
10.86185
10.87287
10.8843
10.89542
10.90643
10.91789
10.92883
10.93981
10.95109
10.96226
10.9735
10.98478
10.99567
11.00711
11.01839
11.02923
11.04054
11.0516
11.06287
11.07432
11.08532
11.0963
11.10755
11.11852
11.12999
11.14128
11.15677
11.1672
11.17779
11.18734
11.19774
11.20837
11.21991
11.23177
11.24346
11.25612
11.26687
11.27777
11.28854
11.30034
11.31101
11.32208
11.33337
11.34444
11.35552
11.36681
11.37808
11.3895
11.40022
11.41146
11.4225
11.43365
11.44506
11.45611
11.4672
11.47871
11.49002
11.50073
11.51207
11.52332
11.53487
11.54623
11.55755
11.56889
11.57994
11.59142
11.60259
11.61401
11.62542
11.63664
11.64793
11.6601
11.67045
11.68186
11.69349
11.70501
11.71562
11.72679
11.73798
11.74903
11.76055
11.77144
11.78253
11.79407
11.80519
11.81629
11.82744
11.8383
11.84957
11.86094
11.87231
11.883
11.89437
11.90556
11.91659
11.92774
11.93892
11.95013
11.96142
11.97251
11.98362
11.99477
12.00624
12.01727
12.0282
12.03955
12.05087
12.06185
12.07291
12.08407
12.09541
12.10663
12.11754
12.12904
12.13997
12.15112
12.16229
12.17371
12.1848
12.19594
12.2077
12.22423
12.2351
12.24667
TARGET DESTROYED 
12.25823
12.27764
12.28835
12.29889
12.30995
12.32031
12.33143
12.35023
12.36199
12.37237
12.3823
12.39211
12.40315
12.41434
12.42582
12.43667
12.44801
12.45926
12.47031
12.48171
12.49302
12.50363
12.51501
12.52621
12.53732
12.54826
12.5598
12.57069
12.58224
12.59307
12.60425
12.61546
12.62678
12.63793
12.64884
12.66001
12.67126
12.68228
12.69375
12.70483
12.71603
12.72702
12.7383
12.74938
12.76068
12.77181
12.78289
12.79447
12.8055
12.81632
12.82773
12.83869
12.85015
12.86098
12.87224
12.88357
12.89523
12.90705
12.91851
12.93004
12.94192
12.95351
12.96487
12.9767
12.98821
12.99982
13.01107
13.02258
13.03366
13.04482
13.05584
13.067
13.07836
13.08948
13.10108
13.11192
13.12298
13.13418
13.14552
13.15643
13.16789
13.17909
13.19108
13.20434
13.21524
13.22574
13.23639
13.2516
13.26301
13.27465
13.28568
13.2968
13.3082
13.31917
13.33041
13.34164
13.35244
13.36385
13.37547
13.40037
13.4123
13.4227
13.43341
13.44517
13.45515
13.46541
13.47581
13.48674
13.49779
13.50937
13.52033
13.53138
13.54274
13.55364
13.56499
13.57635
13.58733
13.5984
13.61722
13.62934
13.6397
13.65054
13.6619
13.67228
13.68274
13.6933
13.70368
13.71412
13.72461
13.73598
13.74677
13.75752
13.76789
13.77903
13.78931
13.79965
13.81067
13.82236
13.83365
13.84511
13.85598
13.86737
13.87834
13.88965
TARGET DESTROYED 
13.90065
13.91729
13.92939
13.94067
13.95144
13.96297
13.97413
13.98519
13.99626
14.00766
14.01882
14.03055
14.04235
14.06077
14.07331
14.08437
14.09498
14.1052
14.11565
14.12663
14.13666
14.14717
14.15759
14.16799
14.17907
14.19063
14.20176
14.21257
14.22401
14.23985
14.25139
14.26194
14.27215
14.28294
14.29354
14.30382
14.31437
14.32463
14.33551
14.34681
14.35847
14.36901
14.3811
14.39326
14.40503
14.41716
14.42962
14.44177
14.45375
14.46642
14.47886
14.49151
14.50404
14.51592
14.52818
14.54063
14.55252
14.56466
14.57721
14.58933
14.6016
14.61369
14.62665
14.63706
14.64845
14.65979
14.67076
14.6817
14.69311
14.70414
14.71525
14.72662
14.73769
14.74882
14.75998
14.77119
14.78223
14.79357
14.80473
14.81595
14.82725
14.83824
14.84926
14.86075
14.87162
14.88288
14.89405
14.90525
14.91633
14.92771
14.93864
14.95006
14.96126
14.97254
14.98367
14.99471
15.00586
15.01687
15.02904
15.03928
15.0504
15.06162
15.07291
15.0842
15.09552
15.10716
15.11859
15.13025
15.14205
15.15311
15.16462
15.1761
15.18808
15.19919
15.21064
15.22229
15.2334
15.24612
15.2565
15.2677
15.27867
15.29006
15.3015
15.3124
15.32359
15.33842
15.3484
15.35784
15.36758
15.37726
15.38854
15.39959
15.41087
15.42201
15.43359
15.44438
15.45588
15.46701
15.47824
15.48903
15.50018
15.51127
15.52256
15.53361
15.54494
15.56764
15.57802
15.58766
15.59778
15.60934
15.6201
15.63133
15.64338
15.65353
15.66482
15.67633
15.68715
15.69841
15.70954
15.72062
15.73167
15.74318
15.75437
15.76552
15.77672
15.78761
15.7989
15.81004
15.82134
15.83326
15.84348
15.85478
15.86644
15.87782
15.88853
15.8999
15.91176
15.92312
15.93478
15.94579
15.95673
15.96769
15.97903
15.98959
16.00024
16.01293
16.02425
16.03549
16.04681
16.05808
16.06901
16.08072
16.09226
16.10324
16.1149
16.12683
16.13822
16.14989
16.16129
16.17232
16.18362
TARGET DESTROYED 
16.19541
16.21274
16.22455
16.23577
16.25443
16.26694
16.27922
16.29059
16.30179
16.31274
16.32393
16.33482
16.34618
16.35739
16.36849
16.37963
16.39606
16.40632
16.41711
16.42791
16.4377
16.44805
16.45819
16.46914
16.48039
16.49234
16.50309
16.51422
16.52511
16.53605
16.54788
16.55852
16.56939
16.58064
16.59218
16.60296
16.61423
16.62579
16.63656
16.6478
16.65904
16.67001
16.68118
16.69262
16.7038
16.71502
16.72604
16.73729
16.74878
16.76029
16.7716
16.78309
16.79478
16.80684
16.81772
16.82917
16.84111
16.85233
16.86396
16.87562
16.88645
16.89769
16.90955
16.92045
16.9318
16.94327
16.95428
16.96552
16.97665
16.98784
17.00839
17.01835
17.02826
17.03892
17.05053
17.06122
17.07211
17.08338
17.09457
17.10592
17.11682
17.12813
17.13923
17.15035
17.16166
17.17288
17.18379
17.19514
17.20617
17.21744
17.22849
17.23978
17.25086
17.26209
17.27391
17.28473
17.29561
17.30677
17.31785
17.32923
17.34018
17.35136
17.36267
17.37396
17.38503
17.39608
17.40747
17.41855
17.42981
17.44138
17.45196
17.46339
17.47981
17.49095
17.50233
17.51353
17.52342
17.53449
17.54407
17.55467
17.56599
17.577
17.58818
17.59928
17.61762
17.6278
17.6381
17.6482
17.65895
17.66951
17.68031
17.69043
17.70089
17.71059
17.72028
17.73128
17.74276
17.75372
17.76479
17.77615
17.787
17.79868
17.80995
17.82062
17.83165
17.84311
17.85472
17.86532
17.8765
17.88755
17.89862
17.91005
17.92115
17.93233
17.94378
17.95486
17.96586
17.97702
17.98816
17.99932
18.01119
18.02209
18.03339
18.04506
18.05627
18.06761
18.07898
18.09054
18.1018
18.11357
18.12507
18.13626
18.14749
18.15944
18.17051
18.18217
18.19333
18.20473
18.21597
18.22808
18.23887
18.2501
18.26155
18.27253
18.28348
18.2951
18.30574
18.31699
18.32843
18.33926
18.3505
18.36201
18.3729
18.38404
18.39551
18.40634
18.41746
TARGET DESTROYED 
18.42905
18.44406
18.45431
18.46433
18.47431
18.48922
18.49973
18.51003
18.51959
18.53761
18.54776
18.55822
18.56903
18.58046
18.59842
18.61102
18.62168
18.6325
18.64418
18.65521
18.66569
18.67674
18.68642
18.69608
18.70592
18.71581
18.72548
18.73669
18.7477
18.7591
18.76995
18.78134
18.79257
18.80356
18.81482
18.82631
18.83704
18.84829
18.85984
18.8707
18.88182
18.89333
18.90415
18.91525
18.92639
18.93771
18.94865
18.96007
18.97099
18.98213
18.99338
19.00465
19.01587
19.02692
19.03815
19.04945
19.06088
19.07211
19.08331
19.09494
19.10649
19.1178
19.12917
19.14086
19.15209
19.1636
19.17526
19.18651
19.19776
19.20978
19.22098
19.23211
19.24398
19.25476
19.26635
19.27777
19.28876
19.30005
19.31105
19.32872
19.33855
19.34862
19.35905
19.36926
19.37909
19.38862
19.39849
19.40892
19.41845
19.42904
19.44051
19.45139
19.46249
19.4737
19.48507
19.49763
19.50742
19.51855
19.52974
19.54111
19.5529
19.56988
19.58213
19.59427
19.60627
19.6187
19.63059
19.64298
19.65473
19.66649
19.67842
19.69033
19.70198
19.71411
19.72634
19.73797
19.74962
19.76146
19.77298
19.78552
19.79721
19.80918
19.82076
19.83222
19.84392
19.85512
19.86744
19.87944
19.89116
19.90121
19.91141
19.92102
19.93178
19.94298
19.95422
19.96526
19.97659
19.98743
19.9988
20.00987
20.0211
20.03218
20.04348
20.05475
20.06562
20.07695
20.08817
20.09913
20.1105
20.12163
20.13276
20.14421
20.15524
20.16621
20.17756
20.18873
20.19981
20.21107
20.22215
20.23329
20.24479
20.25592
20.26682
20.27828
20.28958
20.30109
20.31286
20.32424
20.3356
20.34739
20.359
20.37014
20.38165
20.39356
20.4049
20.41599
20.42775
20.43903
20.45036
20.46145
20.47296
20.484
20.4956
20.50633
20.51731
20.52857
20.53981
20.55084
20.56227
20.57347
20.58437
20.59583
20.60689
20.61789
20.62945
20.64036
20.65151
20.66266
20.67849
20.68857
20.6989
20.70923
20.71893
20.72852
20.73804
20.74874
20.75988
20.7709
20.7823
TARGET DESTROYED 
20.79342
20.80796
20.81796
20.82817
20.83821
20.84959
20.86059
20.87152
20.88313
20.8938
20.90519
20.91606
20.92747
20.93866
20.95545
20.9667
20.97675
20.98637
20.99627
21.00614
21.0162
21.02733
21.03842
21.04958
21.06083
21.07186
21.08305
21.09465
21.10566
21.11682
21.12788
21.13897
21.15022
21.16146
21.17256
21.18372
21.19481
21.20596
21.21711
21.22841
21.2397
21.25079
21.26176
21.27296
21.28403
21.29572
21.30643
21.31772
21.32907
21.34059
21.35172
21.36376
21.37478
21.38625
21.39759
21.40911
21.42013
21.43158
21.44321
21.45416
21.46587
21.47707
21.48844
21.49984
21.51122
21.52265
21.53404
21.54523
21.55616
21.56774
21.57867
21.5898
21.60524
21.61575
21.62576
21.63529
21.64562
21.6556
21.66567
21.67661
21.68759
21.6988
21.71004
21.72135
21.73226
21.74353
21.75467
21.76582
21.77704
21.78806
21.79924
21.81051
21.82156
21.83289
21.84406
21.85533
21.86627
21.87788
21.88906
21.89991
21.91118
21.92216
21.93351
21.94476
21.95621
21.96674
21.97807
21.98941
22.00062
22.01221
22.02332
22.03504
22.0462
22.05772
22.06864
22.08005
22.09173
22.10275
22.11411
22.12562
22.13683
22.1479
22.15947
22.17079
22.18168
22.19311
22.20422
22.21523
22.22648
22.23775
22.24886
22.26032
22.27111
22.28214
22.29363
22.30484
22.31608
22.32705
22.33835
22.34944
22.36053
22.37152
22.38283
22.39458
22.40512
22.41639
22.42768
22.43867
22.44983
22.46116
22.47226
22.48335
22.49483
22.50599
22.51686
22.52793
22.54259
22.55255
22.5624
22.57217
22.58238
22.59362
22.60873
22.6196
22.62993
22.64066
22.65135
22.6624
22.67247
22.68295
22.69363
22.70521
22.71615
22.72742
22.73836
22.74953
22.76091
22.77189
22.78296
22.79437
22.80555
22.81702
22.82789
22.83893
22.85006
22.86156
22.87244
22.88361
22.89519
22.90607
22.91717
22.92853
22.93962
22.95062
22.96189
22.97364
22.98443
22.99591
23.00722
23.01837
23.02966
23.04119
23.05208
23.06386
23.07529
23.08623
23.09748
23.10904
23.12004
23.13139
23.14238
23.15363
23.16484
23.17611
23.18719
23.19844
23.20962
23.22076
23.23215
23.243
23.25426
23.26553
23.27686
23.28783
23.29871
23.31024
23.32102
23.33224
23.34381
23.35462
23.36572
23.37705
23.38806
23.39945
23.41085
23.42155
23.43288
23.4445
23.45522
23.46632
23.47781
23.48869
23.49977
23.51549
23.52513
23.53488
23.54476
23.55442
23.56408
23.57549
23.58648
23.59826
23.60915
23.61992
23.63119
23.64268
23.65356
23.66472
23.67608
23.68707
23.69815
23.70959
23.72085
23.73173
23.74317
23.75467
23.76546
23.77652
23.78757
TARGET DESTROYED 
23.79887
23.81411
23.82499
23.8349
23.84511
23.85466
23.86591
23.8772
23.88849
23.90016
23.91156
23.92815
23.93921
23.94938
23.95996
23.96988
23.98013
23.98991
24.00051
24.01125
24.02093
24.03103
24.04233
24.05319
24.06481
24.07579
24.0869
24.09811
24.10964
24.12025
24.13155
24.14644
24.16148
24.17577
24.18979
24.20442
24.21881
24.23322
24.24804
24.26265
24.27707
24.29156
24.30642
24.32062
24.33511
24.34944
24.36405
24.37854
24.39294
24.40732
24.4214
24.43549
24.44966
24.46414
24.47906
24.49422
24.50944
24.52339
24.53788
24.55188
24.56364
24.60171
24.61344
24.62437
24.6356
24.64642
24.65764
24.66908
24.68025
24.69156
24.70246
24.71342
24.72408
24.73509
24.75208
24.76317
24.77432
24.78571
24.79682
24.80834
24.81977
24.83127
24.84309
24.85455
24.86588
24.87803
24.88939
24.90093
24.91348
24.9252
24.93607
24.94721
24.95846
24.96939
24.98077
24.99207
25.00352
25.01505
25.02672
25.04233
25.05349
25.06562
25.07747
25.08817
25.09949
25.11078
25.12227
25.13338
25.14655
25.15938
25.17161
25.18436
25.19685
25.20979
25.22267
25.23553
25.24847
25.26121
25.2736
25.28624
25.29857
25.31219
25.32567
25.33797
25.35097
25.3637
25.37655
25.38917
25.40174
25.41446
25.42797
25.44065
25.45369
25.46705
25.47713
25.48651
25.49775
25.50731
25.517
25.52773
25.53876
25.55025
25.56137
25.57255
25.58366
25.59489
25.60613
25.61732
25.62819
25.63951
25.65066
25.66217
25.67313
25.68422
25.69534
25.70668
25.71771
25.729
25.74044
25.75126
25.76231
25.77396
25.78482
25.7959
25.80768
25.81811
25.82943
25.84077
25.85178
25.86292
25.87411
25.88539
25.8964
25.90774
25.91918
25.93021
25.94176
25.95308
25.96465
25.97645
25.9915
TARGET DESTROYED 
26.00148
26.02531
26.03515
26.04458
26.05395
26.06565
26.07795
26.0899
26.11222
26.12533
26.13716
26.14886
26.16059
26.17207
26.18374
26.19584
26.20756
26.21945
26.23183
26.24436
26.2565
26.26814
26.28024
26.29247
26.30445
26.31602
26.32812
26.33974
26.35208
26.3645
26.37732
26.39015
26.40272
26.41523
26.42766
26.4394
26.45134
26.46339
26.47528
26.48745
26.49953
26.5115
26.52317
26.53553
26.54753
26.56
26.57157
26.58333
26.59537
26.60712
26.61923
26.63146
26.6441
26.65623
26.66953
26.68139
26.6939
26.70588
26.71827
26.73031
26.74283
26.75529
26.76719
26.77898
26.79108
26.80333
26.81498
26.82735
26.83926
26.85131
26.86368
26.87564
26.88762
26.89962
26.91156
26.92331
26.93803
26.94973
26.96164
26.97327
26.9853
26.99719
27.0097
27.02143
27.03348
27.04556
27.0578
27.06931
27.08204
27.09392
27.1058
27.11761
27.12981
27.14713
27.15938
27.17101
27.18257
27.19487
27.20693
27.21881
27.23092
27.24334
27.25544
27.26765
27.27958
27.29139
27.30329
27.31495
27.3276
27.33901
27.35093
27.36315
27.37549
27.38983
27.40257
27.41492
27.42748
27.43925
27.45173
27.46344
27.47813
