0.02
0.04
0.14
0.1778549
0.1918916
0.2017694
0.2111901
0.2281451
0.2380897
0.2475613
0.2567199
0.2662266
0.279407
0.2891151
0.2996506
0.3108119
0.3219338
0.3333091
0.3443411
0.3554482
0.3669586
0.3779608
0.3890946
0.4001356
0.4113942
0.4226899
0.43379
0.4449388
0.4560931
0.4671124
0.4782118
0.4893654
0.5007465
0.5150205
0.5242811
0.5340935
0.5454274
0.5562446
0.5675583
0.5786058
0.5897421
0.6011754
0.6121575
0.6235209
0.6350191
0.6460235
0.6570138
0.6684626
0.679283
0.6902447
0.7016544
0.7127573
0.7238375
0.7352933
0.7464588
0.7576112
0.7689249
0.7798963
0.790896
0.8021221
0.8134002
0.8244306
0.8356234
0.8469978
0.857889
0.8689868
0.8806198
0.8951049
0.9068867
0.917947
0.9295523
0.9404191
0.9517884
0.9629689
0.9741743
0.9861103
0.9972912
1.008608
1.019602
1.030736
1.041597
1.052647
1.064282
1.075519
1.086488
1.09785
1.109235
1.119719
1.131387
1.142147
1.153333
1.164926
1.175608
1.186867
1.198454
1.209063
1.220352
1.232195
1.242739
1.253742
1.265492
1.276407
1.287432
1.29903
1.309566
1.320731
1.332254
1.343103
1.354327
1.365678
1.376812
1.38795
1.399206
1.410233
1.421322
1.432807
1.443868
1.45486
1.466312
1.477217
1.488377
1.49963
1.510735
1.522206
1.53355
1.5446
1.555501
1.566599
1.578148
1.58881
1.600173
1.611231
1.622395
1.633706
1.644973
1.656027
1.671561
1.681015
1.690429
1.700469
1.709618
1.720063
1.731566
1.742233
1.753933
1.764767
1.776014
1.786917
1.798384
1.809201
1.82048
1.831769
1.842772
1.854129
1.865434
1.876321
1.887536
1.898829
1.909839
1.921199
1.932533
1.943391
1.954644
1.966105
1.976909
1.988042
1.999639
2.010551
2.021469
2.03358
2.044195
2.055567
2.066953
2.078289
2.089736
2.101046
2.112607
2.123468
2.135272
2.146616
2.157801
2.170581
2.180852
2.19167
2.20307
2.214535
2.225607
2.236794
2.248543
2.259051
2.270296
2.281887
2.292549
2.303612
2.315195
2.326402
2.337348
2.348747
2.35979
2.370718
2.382427
2.393058
2.404291
2.415782
2.426781
2.438021
2.449137
2.460055
2.471268
2.483204
2.493617
2.5048
2.516223
2.527134
2.538472
2.549723
2.560858
2.571748
2.583201
2.594246
2.605413
2.616724
2.627813
2.639186
2.650146
2.661428
2.672806
2.683512
2.694845
2.705962
2.717257
2.728385
2.739485
2.750698
2.762116
2.77294
2.788547
2.799247
2.809137
2.8194
2.829012
2.838937
2.848778
2.859132
2.869492
TARGET DESTROYED 
2.889028
2.900443
2.910453
2.920883
2.931754
2.942261
2.953635
2.97198
2.983835
2.993732
3.003766
3.014063
3.024883
3.036214
3.047456
3.05854
3.069567
3.081094
3.091972
3.102984
3.114998
3.125481
3.136689
3.147996
3.159199
3.170247
3.181463
3.192445
3.203688
3.214993
3.225992
3.237122
3.248629
3.259396
3.270841
3.281809
3.292947
3.303996
3.31558
3.326433
3.337628
3.349106
3.35999
3.371114
3.382494
3.393336
3.404599
3.415929
3.427143
3.438168
3.449327
3.460812
3.4716
3.483131
3.493926
3.505198
3.516757
3.528545
3.54
3.551564
3.563482
3.574795
3.586936
3.598045
3.609479
3.620946
3.632956
3.644312
3.655421
3.667269
3.677642
3.688833
3.700226
3.711154
3.722616
3.733834
3.744947
3.755916
3.767085
3.778623
3.789302
3.800453
3.811922
3.822803
3.834095
3.845253
3.856648
3.872326
3.883187
3.893191
3.903868
3.919956
3.931306
3.94114
3.952403
3.963188
3.974176
3.985662
3.997088
4.00776
4.019254
4.030305
4.041348
4.052446
4.064283
4.074986
4.086009
4.097399
4.108228
4.119461
4.130999
4.141869
4.153128
4.164434
4.175343
4.186618
4.197852
4.208784
4.220504
4.231777
4.242301
4.253469
4.265075
4.275877
4.287055
4.298582
4.309338
4.320515
4.331922
4.342825
4.354005
4.365839
4.376822
4.38769
4.39905
4.409819
4.421047
4.432348
4.443726
4.455295
4.467056
4.478502
4.490167
4.50162
4.513683
4.524883
4.536818
4.548203
4.559352
TARGET DESTROYED 
4.57496
4.585781
4.596128
4.606668
4.617226
4.627792
4.638264
4.649316
4.65987
4.671333
4.681609
4.691928
4.709459
4.721859
4.73394
4.745098
4.756228
4.767885
4.778633
4.789637
4.800716
4.812047
4.823282
4.834367
4.8459
4.856905
4.867984
4.879097
4.890214
4.901304
4.912608
4.92428
4.935004
4.946396
4.957184
4.968761
4.984678
4.995247
5.005983
5.016378
5.026717
5.037369
5.048075
5.058134
5.068826
5.080289
5.091253
5.102534
5.113829
5.124751
5.136051
5.147287
5.158386
5.170309
5.181404
5.192724
5.205013
5.2158
5.226815
5.238003
5.249223
5.2603
5.271519
5.282882
5.293878
5.304981
5.31649
5.327429
5.338436
5.35012
5.361277
5.372842
5.383889
5.395422
5.406705
5.418044
5.429428
5.441117
5.45223
5.463757
5.47522
5.486671
5.498139
5.508818
5.521044
5.532144
5.542874
5.554342
5.565648
5.576678
5.587744
5.599739
5.61006
5.621591
5.633158
5.643622
5.655365
5.666229
5.677142
5.688151
5.699663
5.71072
5.721681
5.733236
5.744408
5.755698
5.76704
5.777713
5.788795
5.800144
5.811073
5.822268
5.833681
5.845021
5.856329
5.868298
5.879361
5.890663
5.902109
5.913393
5.925638
5.937937
5.950085
5.961993
5.974766
5.987093
5.998784
6.010113
6.023574
6.035778
6.047269
6.058736
6.071196
6.082964
6.094644
6.106566
6.118845
6.130169
6.146771
6.158826
6.169079
6.179288
6.189773
6.200518
6.210583
6.221435
6.232145
6.242548
6.253289
6.264746
6.275362
6.286471
6.297848
6.30874
6.319983
6.331439
6.342261
6.353645
6.365102
6.375814
6.386885
6.398378
6.409235
6.420805
6.431894
6.442927
6.454134
6.46589
6.476454
6.487444
6.498877
6.509862
6.521295
6.532413
6.543314
6.554439
6.566117
6.577457
6.588517
6.604788
6.615191
6.625998
6.636527
6.647088
6.658113
6.668946
6.679439
6.690332
6.701461
6.71291
6.72428
6.735394
6.747321
6.757725
6.768865
6.779912
6.791005
6.802072
6.813479
6.824382
6.835617
6.847188
6.858046
6.869195
6.880704
6.891591
6.902781
6.913875
6.92521
6.93625
6.947624
6.958392
6.969912
6.981935
6.992537
7.004182
7.015305
7.026635
7.037949
7.049734
7.060618
7.071956
7.083313
7.094924
7.10611
7.117792
7.128837
7.14026
7.15178
7.163233
7.174153
7.185473
7.196578
7.207762
7.218697
7.229946
7.240973
7.252468
7.26816
7.278567
7.28932
7.300492
7.310913
7.32152
7.332233
7.342561
7.353182
7.363968
7.374417
7.384819
7.394758
7.405548
7.416163
7.426626
7.437437
7.448325
7.459467
7.470897
7.482798
7.49311
7.504103
7.516112
7.526609
7.537755
7.549038
7.560297
7.571033
7.582483
7.593431
7.604596
7.616498
7.627557
7.638242
7.649405
7.660956
7.673286
7.684264
7.695113
7.706407
7.717635
7.728362
7.739248
7.750696
7.762074
7.773575
7.784923
7.796878
7.8078
7.81952
7.831462
7.842435
7.853756
7.865533
7.876561
7.887831
7.899705
7.910993
7.922524
7.934427
7.945442
7.956425
7.967339
7.977962
7.989848
8.000742
8.011522
8.022952
8.033918
8.044981
8.056239
8.067541
8.078561
8.089724
8.101075
8.112011
8.126929
8.138582
8.149595
8.160416
8.171547
8.182256
8.192749
8.203367
8.213916
8.224325
8.237445
