0.02
0.04
0.14
0.1750136
0.1868852
0.1984706
0.2089259
0.2205242
0.2326469
0.2444627
0.2545057
0.26409
0.2735456
0.2856774
0.2960328
0.3081935
0.3177893
0.3290013
0.3399086
0.3509974
0.3622993
0.3732069
0.3872965
0.3975191
0.4070145
0.4178692
0.4292997
0.4402878
0.4520985
0.4630632
0.4737587
0.4851584
0.4961981
0.5074577
0.5183653
0.5302885
0.5405885
0.5521056
0.5633305
0.5740773
0.5853984
0.5968841
0.6080362
0.6187349
0.6301933
0.641243
0.6524252
0.6638666
0.6746657
0.6870853
0.6972063
0.7083307
0.7193326
0.7310929
0.7417136
0.7529308
0.7645759
0.7752978
0.7865913
0.79915
0.8088793
0.8209751
0.831552
0.8431637
0.855982
0.8665123
0.8766946
0.8914534
0.9025631
0.9141293
0.9254744
0.9360464
0.9474381
0.9585142
0.9698337
0.98131
0.9917961
1.003737
1.014824
1.026026
1.036541
1.048194
1.059145
1.070003
1.082169
1.092608
1.103641
1.115428
1.126817
1.137203
1.148802
1.159613
1.170915
1.186683
1.196993
1.20685
1.21705
1.227176
1.23709
1.246704
1.257068
1.26827
1.27984
1.290683
1.30197
1.313343
1.32406
1.335442
1.347376
1.358268
1.368821
1.380299
1.391405
1.402501
1.413607
1.424715
1.435809
1.447514
1.458191
1.469355
1.480945
1.49174
1.502851
1.51473
1.52521
1.536957
1.548
1.558661
1.570213
1.581525
1.593115
1.60441
1.615646
1.626886
1.6382
1.649682
1.660964
1.672376
1.683679
1.695134
1.70666
1.71791
1.7292
1.740973
1.751723
1.763277
1.77434
1.785449
1.797078
1.807739
1.818855
1.83017
1.841295
1.852532
1.864014
1.874736
1.886118
1.897421
1.908453
1.919435
1.931038
1.94189
1.953092
1.964555
1.975366
1.990427
2.000873
2.010654
2.021092
TARGET DESTROYED 
2.031259
2.049517
2.059847
2.069822
2.082284
2.093424
2.104595
2.115758
2.127029
2.137897
2.149301
2.160403
2.171955
2.190469
2.201639
2.211887
2.222543
2.232328
2.24204
2.251951
2.261434
2.272057
2.283224
2.294339
2.305473
2.316786
2.328365
2.339028
2.350235
2.361807
2.372365
2.383862
2.394958
2.405994
2.417224
2.428391
2.439478
2.450896
2.461887
2.473058
2.484395
2.495817
2.506429
2.517631
2.529024
2.540039
2.551706
2.562512
2.573575
2.584972
2.596212
2.607417
2.618868
2.630739
2.642437
2.653001
2.664658
2.676027
2.687594
2.698854
2.71037
2.721722
2.733251
2.748963
2.759183
2.770561
2.781119
2.791527
2.802212
2.81216
2.822013
2.833084
2.843986
2.855459
2.866496
2.877749
2.888711
2.899927
2.911135
2.922397
2.93352
2.944558
2.956084
2.967209
2.978238
2.989263
3.000614
3.012526
3.022775
3.033974
3.045472
3.056428
3.067342
3.078901
3.089873
3.101104
3.112809
3.123672
3.134691
3.146305
3.157288
3.168683
3.180272
3.191322
3.202542
3.214538
3.225101
3.236563
3.247953
3.259365
3.270872
3.282119
3.293228
3.304482
3.315755
3.326811
3.338056
3.34918
3.360506
3.371727
3.382778
3.393979
3.405215
3.416451
3.427771
TARGET DESTROYED 
3.438716
3.45354
3.464527
3.474861
3.485385
3.495573
3.513675
3.524473
3.536023
3.55151
3.561933
3.572299
3.583097
3.600604
3.612893
3.623537
3.634609
3.646086
3.656971
3.668213
3.68007
3.690635
3.70208
3.71319
3.724098
3.735517
3.746541
3.757539
3.768916
3.780005
3.79106
3.802166
3.813775
3.824571
3.836057
3.847172
3.858257
3.869164
3.880678
3.891843
3.90329
3.914054
3.925075
3.936688
3.947587
3.958524
3.97025
3.981158
3.992229
4.003393
4.014824
4.025628
4.037333
4.048524
4.059293
4.070223
4.081633
4.093098
4.112047
4.123141
4.134192
4.144305
4.15509
4.165827
4.175965
4.18623
4.196858
4.207289
4.219009
4.229722
4.240244
4.2508
4.26085
4.271874
4.282786
4.293674
4.305008
4.316024
4.32775
4.343052
4.353446
4.364965
4.375223
4.3858
4.396725
4.407091
4.41814
4.428937
4.439733
4.450231
4.462
4.472735
4.483657
4.494698
4.50599
4.51734
4.528541
4.539468
4.551042
4.562965
4.573865
4.585421
4.596972
4.608288
4.619697
4.631316
4.642292
4.653422
4.664746
4.676026
4.687311
4.698334
4.709406
4.720981
4.732178
4.743414
4.754748
4.766208
4.777579
4.788758
4.800056
4.811598
4.82306
4.834313
4.845679
4.856822
4.868083
4.880001
4.891452
4.902529
4.91352
4.924084
4.935488
4.946739
4.957681
4.96872
4.980376
4.991458
5.002305
5.013884
5.025195
5.035878
5.047365
5.058307
5.069527
5.080998
5.092153
5.103587
5.114689
5.126875
5.137725
5.153603
5.165248
5.176358
5.187629
5.198826
5.210216
5.221134
5.232609
5.243294
5.254645
5.265817
5.276913
5.288075
5.299269
5.310723
5.321547
5.332911
5.343997
5.355087
5.366587
5.377381
5.388627
5.399924
5.411391
5.422851
5.434171
5.444458
5.45574
5.467062
5.477942
5.493736
5.504766
5.515503
5.525971
5.53773
5.548665
5.559067
5.569762
5.581601
5.592221
5.602857
TARGET DESTROYED 
5.614254
5.630244
5.649033
5.660998
5.672847
5.684513
5.695563
5.706389
5.717497
5.727905
5.738495
5.749726
5.760315
5.77131
5.78252
5.793283
5.804205
5.815703
5.826737
5.838304
5.849613
5.860457
5.871905
5.88259
5.893544
5.904906
5.916059
5.926552
5.942999
5.954319
5.966259
5.976982
5.987933
5.998959
6.009832
6.021086
6.032331
6.043129
6.054774
6.066541
6.077126
6.088697
6.100775
6.111638
6.122662
6.134065
6.145083
6.155982
6.16723
6.177813
6.189025
6.200923
6.212267
6.224583
6.235466
6.246439
6.25771
6.269091
6.280221
6.290839
6.301782
6.312994
6.323847
6.334936
6.34587
6.356599
6.368014
6.379424
6.390966
6.402198
6.413524
6.425076
6.435947
6.446759
6.458069
6.469307
6.480253
6.491138
6.502458
6.513701
6.525076
6.536962
6.548316
6.55905
6.570377
6.581534
6.592956
6.604236
6.615344
6.626091
6.637749
6.649327
6.662123
6.672936
6.684115
6.695356
6.706621
6.717842
6.729376
6.740463
6.756026
6.767259
6.77817
6.788791
6.799477
6.809875
6.821074
6.831983
6.84247
6.853061
6.864697
6.875278
6.886513
6.897598
6.908021
6.918544
6.929914
6.940917
6.952319
6.963737
6.974506
6.985644
6.997197
7.008131
7.019158
7.030509
7.041984
7.052664
7.064199
7.075176
7.086675
7.097821
7.108422
7.120023
7.132084
7.143328
7.154507
7.165872
7.17742
7.188845
7.200684
7.21212
7.223358
7.23499
7.246594
7.257498
7.269373
7.281059
7.291945
7.302995
7.314708
7.325724
7.336874
7.347956
7.359415
7.370502
7.381752
7.392799
7.404171
7.415522
7.426485
7.437439
7.448679
7.459682
7.471795
7.483194
7.494232
7.505327
7.516706
7.527623
7.540139
7.556172
7.567751
7.578735
7.589808
7.601098
7.611706
7.623316
7.634846
7.646774
TARGET DESTROYED 
7.657448
7.674388
7.69258
7.704907
7.716095
7.726869
7.738022
7.749535
7.760487
7.771817
7.782927
7.793825
7.805081
7.816187
7.827179
7.838566
7.849675
7.860785
7.87208
7.883576
7.896152
7.907117
7.918598
7.929524
7.941486
7.952574
7.965109
7.976
7.987609
7.999345
8.010319
8.021297
8.032625
8.04408
8.05564
8.06705
8.078193
8.089611
8.101468
8.11421
8.125935
8.136978
8.148489
8.159453
8.170739
8.182303
8.193377
8.204465
8.216146
8.226964
8.238008
8.249176
8.260169
8.271136
8.282221
8.293168
8.305229
8.316342
8.327545
8.338959
8.350511
8.366838
8.378763
8.390073
8.40195
8.413075
8.424439
8.435932
8.44756
8.458617
8.470123
8.482433
8.493532
8.50519
8.516909
8.527658
8.540039
8.55158
8.563057
8.573865
8.585392
8.596558
8.607481
8.618834
8.630873
8.642067
8.653273
8.665033
8.675882
8.687142
8.699057
8.710312
8.721616
8.733418
8.744654
8.755966
8.767634
8.77892
8.790004
8.801214
8.812032
8.82273
8.833548
8.844824
8.856447
8.867886
8.879128
8.890934
8.90219
8.913621
8.924741
8.936502
8.948183
8.959318
8.971421
8.983314
8.994847
9.006211
9.018664
9.030147
9.041747
9.053132
9.064205
9.075626
9.087296
9.098907
9.110339
9.122197
9.133944
9.146392
9.157793
9.169344
9.181452
9.192702
9.208831
9.220649
9.232191
9.243552
9.255414
9.267002
9.278217
9.28997
9.301463
9.313305
9.325188
9.33676
9.348375
9.359808
9.370103
9.381301
9.392056
9.402862
9.413055
9.423743
9.434303
9.444534
9.454837
9.465259
9.476579
9.487585
9.499196
9.509914
9.521243
9.532462
9.543719
9.554796
9.565838
9.577138
9.588386
9.599447
9.610696
9.621713
9.632827
9.644061
9.655246
9.666544
9.677604
9.688993
9.701088
9.712609
9.724188
9.73565
9.746715
9.757491
9.769088
9.780405
9.791481
9.802834
9.81426
9.825585
9.837068
9.848275
9.860033
9.872027
9.883892
9.895666
9.906641
9.918293
9.929455
9.940789
9.952424
9.963498
9.975341
9.986707
9.99874
10.01003
10.02623
10.03897
10.05065
TARGET DESTROYED 
10.0618
10.08005
10.09153
10.10281
10.11488
10.12618
10.13823
10.15031
10.16141
10.17333
10.18514
10.20365
10.21704
10.2284
10.23973
10.25197
10.26419
10.27589
10.28695
10.29833
10.30927
10.32026
10.33194
10.34338
10.35493
10.36634
10.37736
10.38929
10.40078
10.41178
10.42287
10.4341
10.44559
10.45686
10.46853
10.47949
10.49018
10.50188
10.51301
10.52462
10.53763
10.54904
10.56029
10.57154
10.58278
10.59352
10.60453
10.61631
10.62718
10.63914
10.65023
10.66126
10.67239
10.68342
10.69438
10.70592
10.71819
10.72933
10.74021
10.75118
10.76274
10.77391
10.78504
10.79577
10.80638
10.81856
10.83013
10.84146
10.85706
10.86905
10.88049
10.89252
10.90382
10.91511
10.92615
10.93753
10.94891
10.96037
10.97222
10.98479
10.99611
11.00726
11.01888
11.03015
11.0417
11.05314
11.06428
11.07509
11.08679
11.0987
11.10945
11.12075
11.13334
11.1447
11.15704
11.17014
11.18235
11.19391
11.20532
11.21803
11.23046
11.24208
11.25391
11.26562
11.2773
11.28929
11.30132
11.31303
11.32453
11.33611
11.34798
11.35943
11.37006
11.38112
11.3935
11.40514
11.41698
11.42848
11.44052
11.45323
11.46493
11.47622
11.48775
11.50019
11.51148
11.52319
11.53506
11.54807
11.55935
11.57112
11.58291
11.59495
11.60639
11.6187
11.63042
11.64171
11.65333
11.66582
11.67704
11.68813
11.70408
11.71593
11.7267
11.73796
11.75037
11.76186
11.77336
11.78522
11.79752
11.80905
11.82106
11.83314
11.84458
11.85648
11.86825
11.87972
11.89184
11.90383
11.91554
11.92686
11.93904
11.9511
11.96266
11.97453
11.9867
11.99951
12.01128
12.02334
12.03573
12.04831
12.05969
12.07186
12.08461
12.09675
12.10865
12.12067
12.13321
12.14486
12.15762
12.16981
12.18163
12.19349
12.20559
12.21759
12.22923
12.24154
12.25319
12.26563
12.27744
12.28922
12.30122
12.31391
12.3253
12.33685
12.34924
12.36086
12.37333
12.38547
12.39782
12.40973
12.42147
12.43327
12.4449
12.45734
12.47019
12.48197
12.49347
12.50526
12.51712
TARGET DESTROYED 
12.52916
12.54818
12.55963
12.57596
12.5874
12.59942
12.61144
12.62325
12.63499
12.6471
12.65876
12.67128
12.68284
12.70064
12.71361
12.72427
12.73523
12.74669
12.75842
12.7695
12.78021
12.79085
12.80191
12.81354
12.82435
12.83519
12.84767
12.85885
12.87169
12.88365
12.89465
12.90564
12.9174
12.92832
12.93972
12.95089
12.96157
12.97388
12.98625
12.99877
13.01078
13.02334
13.03578
13.04877
13.06178
13.07361
13.08706
13.09959
13.11291
13.12591
13.13792
13.15033
13.16291
13.17452
13.18628
13.19847
13.21061
13.22287
13.23562
13.248
13.26034
13.27302
13.29125
13.30371
13.31648
13.32873
13.34079
13.35273
13.36565
13.3782
13.39114
13.40328
13.4157
13.42759
13.44058
13.45306
13.46534
13.47721
13.48918
13.50621
13.5183
13.53086
13.54277
13.55496
13.56727
13.57957
13.59159
13.60414
13.61648
13.62844
13.64114
13.65171
13.6625
13.67264
13.68286
13.69281
13.70329
13.7144
13.72439
13.73462
13.74444
13.75491
13.76586
13.77682
13.78803
13.79924
13.81039
13.82154
13.8328
13.84387
13.85512
13.86624
13.87749
13.8885
13.90001
13.91119
13.9225
13.93323
13.94468
13.95568
13.96801
13.97895
13.9903
14.00195
14.01384
14.02533
14.03744
14.04939
14.06011
14.07225
14.08381
14.09512
14.10698
14.11866
14.13105
14.14228
14.1539
14.16542
14.17652
14.18814
14.19974
14.21125
14.22332
14.23494
14.24651
14.25791
14.26833
14.28029
14.29102
14.30175
14.31336
14.32436
14.33554
14.34682
14.35778
14.36891
14.38061
14.39622
14.40764
14.41832
14.42878
14.43962
14.45067
14.46128
14.47188
14.48332
14.49383
14.50446
14.51522
14.5255
14.53765
14.54778
14.55883
14.56992
14.5815
14.59241
14.60357
14.61463
14.62588
14.63689
14.64829
14.65931
14.67076
14.68161
14.69379
14.70457
14.71609
14.72712
14.73916
14.75041
14.7617
14.7729
14.78474
14.79611
14.8075
14.81845
14.83024
14.84196
14.85287
14.86409
14.87559
14.88727
14.89816
14.90955
14.92132
14.93217
14.94356
14.95475
14.96641
14.97734
14.98871
15.00009
15.01099
15.02194
15.03331
15.04412
15.05598
15.06684
15.07885
15.08928
15.10028
15.11181
15.12239
15.13497
15.14535
15.15591
15.16771
15.17859
15.18922
15.20074
15.212
15.22303
15.23425
15.24543
15.26066
15.27175
15.28269
15.29314
15.30375
15.31461
15.32475
15.33542
15.34594
15.35633
15.36703
15.3774
15.38773
15.39836
15.40882
15.42048
15.43116
15.44187
15.45272
15.46814
15.47939
15.49051
15.50185
15.51251
15.5236
15.53453
15.54587
15.55737
TARGET DESTROYED 
15.56873
15.59529
15.60644
15.61754
15.62815
15.63937
15.65899
15.6706
15.68156
15.69235
15.7031
15.71262
15.72343
15.73324
15.74331
15.75423
15.7654
15.77651
15.78761
15.79919
15.81003
15.82136
15.83273
15.8435
15.85496
15.86638
15.87761
15.88824
15.89988
15.9111
15.9219
15.93348
15.94534
15.95567
15.96782
15.97742
15.98886
16.00071
16.01101
16.02224
16.03358
16.04864
16.05815
16.06898
16.07824
16.08899
16.10039
16.11183
16.12272
16.13408
16.14487
16.1561
16.16741
16.17859
16.18956
16.20085
16.2121
16.22347
16.23529
16.24727
16.25863
16.27066
16.28221
16.29328
16.3045
16.31564
16.32681
16.33787
16.34925
16.36022
16.37152
16.38267
16.39374
16.40595
16.41616
16.4277
16.4396
16.4502
16.46167
16.47273
16.48404
16.4958
16.50647
16.51786
16.52971
16.54089
16.55451
16.56493
16.57429
16.58571
16.59681
16.60779
16.61893
16.6307
16.6449
