0.02
0.04
0.14
0.1742052
0.1868554
0.198162
0.2087681
0.2196991
0.2308209
0.2417683
0.2531763
0.2661197
0.2751368
0.2867213
0.2975288
0.3110531
0.3205222
0.3311264
0.3424622
0.3535036
0.3646983
0.3759674
0.3869039
0.3980421
0.4094845
0.4208575
0.4316586
0.4431975
0.4539383
0.4652447
0.4763986
0.487337
0.5017195
0.5125561
0.5215418
0.5321442
0.5438474
0.5545096
0.5658048
0.5809832
0.5907529
0.6007481
0.6104405
0.6217138
0.6326814
0.644074
0.6549957
0.6663541
0.6775324
0.6885619
0.6996789
0.7112123
0.7218745
0.7330981
0.7444567
0.755679
0.7666989
0.7779421
0.7891614
0.800429
0.8118688
0.8226095
0.8335903
0.8450525
0.8559374
0.8670814
0.8786694
0.892367
0.9034097
0.9149823
0.9258225
0.9370704
0.9482847
0.9595628
0.970684
0.9823477
0.9940188
1.005253
1.018864
1.030026
1.039329
1.049773
1.061389
1.072477
1.083536
1.095055
1.105863
1.11697
1.128247
1.139682
1.15049
1.162073
1.172812
1.184025
1.195572
1.206418
1.217457
1.228981
1.239878
1.2509
1.262777
1.273413
1.284554
1.295806
1.306715
1.318132
1.329292
1.340267
1.351424
1.362473
1.373933
1.385419
1.39622
1.407368
1.418768
1.430377
1.441557
1.45269
1.464335
1.475326
1.486655
1.497958
1.509073
1.51998
1.531176
1.543272
1.55342
1.567055
1.576504
1.586141
1.597679
1.608772
1.619678
1.631173
1.642064
1.657008
1.666912
1.682263
1.69193
1.707443
1.719659
1.730164
1.739571
1.749753
1.761023
1.771925
1.783054
1.794583
1.805463
1.816507
1.829545
1.840015
1.850197
1.862108
1.87277
1.88353
1.895135
1.906068
1.917283
1.929014
1.939415
1.950507
1.962185
1.973096
1.984203
1.99538
2.006699
2.017906
2.02923
2.039944
2.051285
2.062421
2.07363
2.08465
2.096029
2.106932
2.118158
2.129539
2.140616
2.151958
2.163023
2.174419
2.185403
2.19647
2.207559
2.21872
2.22991
2.241073
2.252642
2.263915
2.275704
2.287059
2.298635
2.310864
2.322013
2.33365
2.345361
2.356933
2.368008
2.380149
2.391223
2.402277
2.413671
2.424701
2.436014
2.447648
2.458223
2.469313
2.480685
2.491837
2.502898
2.514116
2.525404
2.536516
2.547664
2.558808
2.56988
2.581249
2.592745
2.603642
2.6156
2.625943
2.637107
2.648397
2.659688
2.670326
2.68178
2.693115
2.708184
2.718322
2.728636
2.739672
2.749965
2.759683
2.769574
2.779932
2.790535
2.802065
2.813119
2.824165
2.835259
2.846708
2.857601
2.868778
2.879972
2.891881
2.902398
2.913764
2.924728
2.935881
2.947052
2.958371
2.969246
2.980651
2.992237
3.002976
3.014204
3.025192
3.036435
3.047461
3.058544
3.069834
3.080938
3.092227
3.10351
3.115077
3.126512
3.137844
3.148862
3.160547
3.17152
3.182887
3.194428
3.205608
3.216748
3.228654
3.239607
3.25102
3.262233
3.273858
3.284801
3.29624
3.307109
3.318576
3.329601
3.340782
3.352107
3.363079
3.374143
3.385348
3.396649
3.407706
3.418951
3.4303
3.447405
3.457218
3.467203
3.47767
3.487064
3.497121
3.506708
3.516615
3.527227
3.537615
3.547979
3.559985
3.570248
3.581766
3.592992
3.604144
3.615265
3.626653
3.637272
3.648414
3.659943
3.670741
3.682025
3.693643
3.70456
3.715466
3.7272
3.738183
3.749204
3.764064
3.773834
3.783794
3.794219
3.804934
3.816362
3.827362
3.838484
3.849518
3.861122
3.87206
3.883444
3.895597
3.906803
3.917784
3.929388
3.940841
3.953487
3.96385
3.975309
3.98676
3.997666
4.009098
4.02004
4.031144
4.042505
4.053794
4.064764
4.07598
4.086999
4.098537
4.109837
4.120568
4.131892
4.143585
4.154679
4.165693
4.177418
4.188306
4.199706
4.211585
4.222644
4.233926
4.245297
4.256218
4.267665
4.279077
4.290199
4.301177
4.312795
4.323646
4.335172
4.346169
4.358496
4.369228
4.379657
4.390522
4.401854
4.413814
4.424137
4.435313
4.446646
4.457624
4.468812
4.47992
4.491236
4.502381
4.513591
4.525044
4.536172
4.547
4.558121
4.569607
4.58062
4.591678
4.602892
4.614689
4.6253
4.636365
4.647752
4.658885
4.670035
4.681657
4.692298
4.70333
4.715024
4.7258
4.737368
4.748173
4.760149
4.770319
4.78187
4.792939
4.803987
4.815378
4.826617
4.84311
4.854352
4.865683
4.877622
4.888226
4.899467
4.910752
4.921837
4.933001
4.944456
4.955564
4.966699
4.97786
4.989009
5.000183
5.011599
5.022475
5.033786
5.045075
5.05589
5.066991
5.078351
5.089264
5.100456
5.111784
5.123149
5.134053
5.145427
5.156743
5.16745
5.178787
5.190016
5.200994
5.212396
5.223611
5.235511
5.246297
5.25681
5.267946
5.279282
5.290302
5.301575
5.313034
5.324841
5.335777
5.347483
5.359205
5.370264
5.381732
5.3935
5.404654
5.416114
5.427727
5.439151
5.4508
5.462053
5.47361
5.484828
5.497633
5.508453
5.518918
5.530157
5.541144
5.55223
5.563569
5.574829
5.585763
5.597137
5.608007
5.619299
5.630669
5.642049
5.652691
5.663978
5.675108
5.686447
5.697682
5.708727
5.719842
5.730987
5.742061
5.753224
5.76503
5.775959
5.787168
5.797972
5.809404
5.820594
5.831493
5.84304
5.853863
5.865667
5.876734
5.887319
5.898546
5.910417
5.92669
5.93761
5.94843
5.958583
5.968966
5.979793
5.989981
6.000558
6.010499
6.020703
6.031403
6.041553
6.05182
6.062354
6.072229
6.083623
6.095279
6.105774
6.116886
6.128443
6.139318
6.150485
6.161794
6.172954
6.184031
6.195451
6.207243
6.218327
6.229361
6.240357
6.251364
6.26253
6.273481
6.284536
6.295935
6.306915
6.318066
6.329593
6.340357
6.351584
6.363215
6.374159
6.385075
6.396703
6.408221
6.419601
6.431177
6.442658
6.454137
6.465572
6.476945
6.488351
6.499691
6.51132
6.522478
6.533993
6.545405
6.557024
6.568456
6.579707
6.591433
6.602281
6.614242
6.624868
6.635849
6.647135
6.658143
6.669364
6.680345
6.691677
6.702737
6.714196
6.725534
6.736555
6.747319
6.758644
6.771111
6.781727
6.792847
6.803699
6.814558
6.825979
6.836967
6.848057
6.859543
6.870793
6.88175
6.892728
6.904077
6.915311
6.926423
6.937446
6.948452
6.960136
6.970754
6.981956
6.99904
7.010268
7.020774
7.032028
7.044662
7.055335
7.066654
7.077917
7.088661
7.09989
7.111422
7.122284
7.133798
7.144907
7.156251
7.167107
7.178557
7.189497
7.200582
7.211898
7.222959
7.235008
7.24544
7.256465
7.267402
7.278933
7.289985
7.300876
7.31225
7.323423
7.334556
7.346163
7.356789
7.367893
7.379271
7.390465
7.401519
7.412888
7.423871
7.435006
7.446323
7.457359
7.468625
7.479952
7.4913
7.503078
7.514505
7.52606
7.537654
7.54875
7.560599
7.571599
7.58346
7.59537
7.606308
7.618678
7.629027
7.640346
7.651744
7.66411
7.674541
7.686301
7.697874
7.7088
7.719745
7.731365
7.742822
7.754164
7.765293
7.77814
7.789718
7.801486
7.813006
7.824308
7.835786
7.847197
7.859711
7.871107
7.882688
7.893651
7.904454
7.916062
7.92699
7.938793
7.950784
7.968856
7.986302
8.003724
8.020867
8.039261
8.056234
8.073251
8.090372
8.107798
8.131147
8.149101
8.17199
8.189317
8.2071
8.224166
8.242323
8.260124
8.27819
8.295631
8.313652
8.331008
8.34896
8.366343
8.376513
8.386644
8.39725
8.40731
8.417999
8.429228
8.440255
8.451537
8.462818
8.474185
8.485095
8.496254
8.507304
8.518666
8.529742
8.540724
8.551993
8.563212
8.574689
8.585653
8.596816
8.607938
8.619302
8.630368
8.641447
8.652753
8.663862
8.67497
8.68621
8.697144
8.708858
8.719675
8.730719
8.741737
8.753064
8.76439
8.775356
8.787104
8.797934
8.808981
8.820391
8.831562
8.842679
8.853569
8.864964
8.87659
8.887024
8.898292
8.909634
8.921182
8.932752
8.944946
8.956087
8.967881
8.979469
8.991063
9.00291
9.013906
9.025867
9.037231
9.04842
9.059759
9.071244
9.082103
9.093888
9.105149
9.116149
9.127163
9.138174
9.149462
9.160378
9.171406
9.182645
9.194087
9.204792
9.215993
9.227519
9.23858
9.249669
9.266713
9.279105
9.289811
9.30092
9.312174
9.323174
9.334516
9.346313
9.356945
9.36822
9.379462
9.390554
9.401795
9.412946
9.423815
9.435737
9.447367
9.458769
9.470159
9.481928
9.493054
9.503542
9.514193
9.524084
9.534962
9.546379
9.557194
9.568619
9.580008
9.591183
9.602128
9.613666
9.624401
9.635599
9.646815
9.658218
9.669592
9.681168
9.692867
9.703978
9.715518
9.726957
9.738229
9.749557
9.761083
9.772532
9.783795
9.79591
9.8064
9.818186
9.829519
9.841101
9.852835
9.865017
9.876472
9.887932
9.899966
9.91181
9.923526
9.935049
9.946862
9.958513
9.970808
9.982684
9.993774
10.00558
10.01681
10.02832
10.03989
10.05201
10.06364
10.07476
10.08646
10.09803
10.10952
10.121
10.13283
10.14423
10.15592
10.1673
10.1788
10.19018
10.2018
10.2138
10.22497
10.23708
10.24923
10.26118
10.27249
10.28369
10.29527
10.30627
10.31767
10.32917
10.34039
10.35732
10.36962
10.38154
10.39276
10.40535
10.41763
10.42925
10.44074
10.46355
10.47498
10.48643
10.49918
10.51136
10.5237
10.53628
10.54969
10.5618
10.57395
10.58517
10.59716
10.60838
10.62071
10.6327
10.64421
10.65558
10.66722
10.67919
10.69116
10.70276
10.71448
10.72607
10.73767
10.74928
10.76066
10.77268
10.78448
10.79626
10.80867
10.82047
10.83255
10.84464
10.85586
10.86804
10.87953
10.89091
10.90304
10.91463
10.92638
10.93789
10.94958
10.96154
10.97297
10.98445
10.99618
11.0077
11.01973
11.03176
11.04344
11.05483
11.06647
11.078
11.0896
11.10141
11.11326
11.12457
11.13678
11.14862
11.16098
11.17247
11.18421
11.19661
11.2082
11.22037
11.23243
11.24461
11.25675
11.26856
11.28074
11.29292
11.30511
11.31741
11.32915
11.34062
11.35262
11.36483
11.37701
11.38925
11.4011
11.41295
11.42468
11.43655
11.44856
11.46022
11.47206
11.48389
11.50062
11.51268
11.52416
11.5357
11.54719
11.55836
11.57042
11.58233
11.59434
11.60626
11.61835
11.63006
11.64172
11.65339
11.66551
11.67752
11.68895
11.70061
11.71255
11.72433
11.73557
11.74715
11.75815
11.76962
11.78106
11.79178
11.80282
11.81554
11.82693
11.83863
11.84982
11.86138
11.87268
11.88426
11.89597
11.90735
11.91882
11.93069
11.94234
11.95407
11.96591
11.97753
11.98887
12.0006
12.01228
12.02341
12.03493
12.04698
12.05945
12.07078
12.08212
12.09358
12.1047
12.11651
12.12846
12.13978
12.15185
12.16346
12.17485
12.18629
12.19803
12.20984
12.22164
12.23329
12.24496
12.25624
12.26808
12.28062
12.29172
12.30334
12.31515
12.32814
12.3398
12.35116
12.36285
12.37418
12.38572
12.39761
12.40959
12.42127
12.43299
12.44509
12.4567
12.46801
12.47987
12.49094
12.5025
12.51455
12.52622
12.53757
12.54934
12.56133
12.57313
12.58498
12.60195
12.61425
12.62594
12.63755
12.64957
12.66166
12.67373
12.68548
12.69773
12.70903
12.72073
12.73283
12.74466
12.75624
12.76774
12.77984
12.79134
12.80308
12.81483
12.82861
12.84072
12.85281
12.8651
12.87666
12.88784
12.89945
12.91064
12.92206
12.93341
12.94485
12.95618
12.96832
12.97972
12.99082
13.0023
13.01381
13.02475
13.03664
13.04815
13.0592
13.07111
13.08251
13.09377
13.10494
13.1162
13.12796
13.13964
13.15132
13.16288
13.17407
13.18557
13.19695
13.20816
13.21938
TARGET DESTROYED 
13.23091
13.25318
13.26532
13.27726
13.28846
13.29983
13.31133
13.33101
13.34324
13.35519
13.36638
13.3777
13.38909
13.40044
13.41125
13.42229
13.43367
13.44471
13.45568
13.46686
13.47826
13.48899
13.50023
13.51155
13.52278
13.53386
13.54521
13.55602
13.56728
13.5792
13.59012
13.60135
13.61259
13.62418
13.63505
13.652
13.66316
13.6742
13.6852
13.69684
13.70837
13.71966
13.73121
13.74244
13.75373
13.76506
13.77659
13.78805
13.7993
13.81076
13.82217
13.8343
13.84697
13.85785
13.8696
13.88076
13.89141
13.9023
13.91364
13.92478
13.93618
13.94695
13.95816
13.96934
13.98048
13.99162
14.00295
14.01439
14.02529
14.03669
14.04794
14.05945
14.07059
14.08167
14.09274
14.10364
14.11457
14.1259
14.13696
14.14865
14.16059
14.17185
14.18334
14.1951
14.20658
14.21807
14.23009
14.24167
14.25412
14.26639
14.27866
14.2903
14.30198
14.3145
14.3274
14.3389
14.35102
14.36278
14.37462
14.38617
14.39839
14.41061
14.42252
14.43452
14.44647
14.45853
14.47041
14.48211
14.4946
14.50581
14.51692
14.5281
14.53897
14.55017
14.56187
14.57269
14.58384
14.59552
14.60631
14.6181
14.62911
14.63975
14.65095
TARGET DESTROYED 
14.66271
14.68007
14.69141
14.70319
14.71529
14.73913
14.75218
14.76398
14.77532
14.78722
14.79908
14.81081
14.82234
14.83435
14.84666
14.85929
14.8714
14.88302
14.89502
14.90667
14.91909
14.93075
14.94221
14.95427
14.96618
14.97807
14.98942
15.00118
15.0138
15.02597
15.03797
15.04981
15.06112
15.07382
15.08642
15.09961
15.11249
15.12542
15.13857
15.1516
15.16472
15.17749
15.19015
15.20304
15.21641
15.22939
15.24243
15.25597
15.26937
15.28245
15.29403
15.30499
15.31612
15.32774
15.3389
15.34994
15.36111
15.37205
15.38349
15.39599
15.40791
15.42029
15.43286
15.4451
15.45656
15.46857
15.48122
15.49327
15.50534
15.51737
15.52923
15.54106
15.55323
15.56522
15.57746
15.589
15.60161
15.61366
15.62599
15.63877
15.65062
15.6631
15.67504
15.6873
15.70051
15.71227
15.72462
15.73735
15.7492
15.76143
15.77345
15.78533
15.79783
15.81012
15.82189
15.83475
15.84841
15.86732
15.87958
15.89141
15.90316
15.91416
15.92464
15.93537
15.94661
15.95791
15.96871
15.97996
15.99101
16.00225
16.01363
16.02464
16.03568
16.04714
16.05816
16.06938
16.08048
16.0917
16.10279
16.11435
16.12523
16.13644
16.14757
16.15874
16.17034
16.18104
16.19214
16.20361
16.21468
16.22677
16.23781
16.24836
16.25912
16.27062
16.28159
16.29296
16.304
16.31513
16.32643
16.33759
16.34901
16.36088
16.372
16.3836
16.39534
16.40658
16.41825
16.42986
16.44183
16.45317
16.46415
16.4758
16.48664
16.49867
16.51024
16.52148
16.53226
16.54402
16.55468
16.56576
16.57724
16.58825
16.59932
16.61084
16.62153
16.63286
16.64456
16.65508
16.66625
16.67801
16.68864
16.69979
16.7113
TARGET DESTROYED 
16.72227
16.73772
16.74863
16.76587
16.77761
16.78784
16.79865
16.80847
16.81889
16.82954
16.84011
16.85124
16.86442
16.87445
16.88486
16.89594
16.91193
16.92237
16.93267
16.94301
16.95322
16.96319
16.97455
16.98564
16.99644
17.00751
17.01887
17.03009
17.04142
17.05218
17.06388
17.07475
17.08591
17.09701
17.10852
17.11928
17.13069
17.14173
17.15318
17.1641
17.17518
17.18647
17.19748
17.20896
17.22009
17.2309
17.2423
17.25334
17.26501
17.2758
17.28729
17.29872
17.31082
17.32194
17.33358
17.34542
17.35681
17.36861
17.38013
17.39143
17.40257
17.41432
17.42566
17.43689
17.44827
17.45942
17.47056
17.48201
17.49327
17.50479
17.51511
17.52679
17.53784
17.54879
17.55995
17.57097
17.58228
17.59352
17.60495
17.61632
17.62737
17.63799
17.64929
17.66054
17.67162
17.68266
17.69436
17.70505
17.71637
17.72779
17.73851
17.74969
17.76099
17.77224
17.78368
17.79458
17.80561
17.81691
17.82825
17.8391
17.85058
17.86246
17.87407
17.88407
17.89627
17.90756
17.91793
17.929
17.94071
17.95125
17.9621
17.97801
17.98872
17.99937
18.00993
18.01994
18.02991
18.03954
18.04959
18.05967
18.06975
18.08015
18.09113
18.10227
18.11373
18.12476
18.13604
18.14719
18.15811
18.16951
18.18054
18.19163
18.20304
18.21438
18.22538
18.23633
18.24769
18.25897
18.2699
18.28126
18.29235
18.30338
18.31454
18.32631
18.33712
18.34815
18.35936
18.37042
18.38211
18.39374
18.40479
18.41603
18.42769
18.43882
18.45049
18.46235
18.4733
18.48482
18.49597
18.50731
18.51864
18.53027
18.5416
18.55389
18.56421
18.57599
18.58707
18.59853
18.61008
18.62101
18.63224
18.64409
18.65463
18.66572
18.67734
18.68797
18.6994
18.71062
18.72153
18.73293
18.74429
18.75517
18.7664
18.77769
18.78848
18.8
TARGET DESTROYED 
18.81139
18.82608
18.83625
18.8463
18.85575
18.86692
18.87807
18.88786
18.89847
18.90965
18.92067
18.932
18.94385
18.95934
18.97615
18.98729
18.99756
19.00692
19.01809
19.02941
19.04041
19.05161
19.06293
19.07405
19.0852
19.09658
19.10778
19.11885
19.12992
19.14099
19.15219
19.16347
19.17478
19.18588
19.19703
19.20799
19.21924
19.23054
19.24174
19.25284
19.26473
19.27568
19.28617
19.29759
19.30877
19.31975
19.33103
19.34218
19.3532
19.36463
19.37579
19.38674
19.3979
19.40927
19.42032
19.43171
19.44282
19.45376
19.46534
19.47731
19.48818
19.50032
19.51179
19.52292
19.53471
19.54609
19.5575
19.56909
19.58192
19.59186
19.60417
19.61547
19.62648
19.63744
19.64855
19.65984
19.67108
19.68222
19.69385
19.70468
19.71579
19.72706
19.73835
19.74909
19.76065
19.77151
19.78275
19.79425
19.80502
19.8162
19.82773
19.83868
19.84974
19.8611
19.87211
19.88349
19.89506
19.90577
19.91717
19.92802
19.93925
19.95036
19.96175
19.9726
19.98401
19.99529
20.00676
20.01727
20.02897
20.04446
20.05467
20.06572
20.07645
20.08648
20.09654
20.10648
20.11657
20.12718
20.13718
20.14763
20.15782
20.16854
20.17981
20.19092
20.20223
20.21361
20.22457
20.23569
20.24699
20.25804
20.26925
20.28032
20.29164
20.30267
20.31404
20.32577
20.33617
20.34752
20.35872
20.36996
20.38093
20.39207
20.40317
20.41453
20.42582
20.43677
20.44826
20.45984
20.47088
20.48247
20.49421
20.50537
20.51658
20.52827
20.53961
20.55073
20.56231
20.57363
20.58526
20.5966
20.60784
20.61923
20.63063
20.64216
20.65354
20.66492
20.67637
20.68763
20.69865
20.70992
20.72091
20.73244
20.74385
20.75443
20.76565
TARGET DESTROYED 
20.77718
20.79173
20.8021
20.81299
20.82306
20.83314
20.84366
20.8604
20.87245
20.88363
20.89498
20.90599
20.91694
20.92847
20.93957
20.95057
20.96193
20.97302
20.98423
20.99568
21.00632
21.01758
21.02896
21.03991
21.05121
21.06243
21.07331
21.0849
21.10045
21.11029
21.12061
21.13097
21.14032
21.15186
21.16288
21.17395
21.18516
21.19644
21.20747
21.21872
21.22992
21.24097
21.25221
21.26336
21.27455
21.28584
21.29722
21.30867
21.31973
21.33145
21.3428
21.35419
21.3657
21.37726
21.38842
21.39954
21.41086
21.4221
21.43309
21.44449
21.45536
21.46704
21.47838
21.48955
21.50075
21.51236
21.52363
21.53477
21.54627
21.55746
21.56879
21.58026
21.59153
21.60283
21.61443
21.62598
21.63682
21.64869
21.65961
21.67057
21.68181
21.69312
21.70393
21.7151
21.72668
21.7377
21.74865
21.75998
21.77093
21.78231
21.79374
21.80445
21.81562
21.82722
21.83803
21.85259
21.86352
21.87392
21.88425
21.89395
21.9046
21.91462
21.92563
21.93696
21.9479
21.95901
21.97024
21.98132
21.99257
22.00354
22.01509
22.02611
22.0372
22.04834
22.05979
22.07068
22.08207
22.09805
22.10912
22.11896
22.1293
22.13921
22.14958
22.15927
22.17025
22.18125
22.19276
22.20371
22.21491
22.22642
22.23737
22.24877
22.25976
22.27077
22.28214
22.293
22.30427
22.3154
22.32688
22.33774
22.34885
22.36019
22.37121
22.38239
22.39419
22.40512
22.41586
22.42748
22.43819
22.44943
22.46092
22.472
22.48375
22.49488
22.50632
22.51715
22.52868
22.5399
22.55115
22.56295
22.57411
22.5852
22.59762
22.60809
22.61936
22.6307
22.64188
22.65315
22.6649
22.67563
22.687
22.69825
22.70921
22.72062
22.73172
22.74286
22.75391
22.76512
22.77641
22.78735
22.7985
22.81008
22.8208
22.83217
22.84361
22.85443
22.86622
22.87791
22.88833
22.89962
22.91154
22.92212
22.93299
22.9495
22.9603
22.97106
22.98186
22.99194
23.00271
23.01424
23.02498
23.03623
23.04757
23.05775
23.06822
23.07929
23.08944
23.10019
23.11139
23.12159
23.13253
23.14303
23.15329
23.16393
23.1741
23.18461
23.19638
23.20673
23.21803
23.22937
23.24036
23.25159
23.26278
23.27399
23.28533
23.29625
23.30749
23.31848
23.32974
23.34104
23.35221
23.36329
23.3745
23.3856
23.39691
23.40809
23.41923
23.43053
23.44151
23.45277
23.46424
23.47557
23.48697
23.49848
23.51039
23.52125
23.53306
23.5447
23.55581
23.56715
23.57871
23.59
23.6016
23.61337
23.62442
23.63596
23.64741
23.6586
23.67051
23.68105
23.69232
23.70329
23.7145
23.72585
23.73694
23.74811
23.7592
23.77489
23.78521
23.79536
23.80553
23.81582
23.82552
23.83549
23.84613
23.85658
23.86755
23.87896
23.89001
23.90106
23.91257
23.92344
23.93457
23.94608
23.95687
23.96801
23.97963
23.99047
24.00169
24.0128
24.02394
24.03517
24.04638
24.05761
24.06852
24.07993
24.09088
24.10216
24.11334
24.12463
24.13599
24.14702
24.15816
24.1698
24.18099
24.19217
24.20368
24.2151
24.22656
24.23773
24.24916
24.26076
24.27166
24.28304
24.29507
24.30583
24.31715
24.32859
24.34
24.35128
24.36249
24.37365
24.38506
24.39595
24.40705
24.41834
24.42942
24.44069
24.45196
24.46288
24.47412
24.48634
24.49635
24.5076
24.5186
24.52987
24.54101
24.55396
24.56493
24.57497
24.58567
24.59701
24.60825
24.61927
24.63046
24.64179
24.6526
24.66391
24.6753
24.68621
24.69759
24.70854
24.71974
24.73099
24.74201
24.75316
24.76475
24.77666
24.78669
24.79788
24.80947
24.82025
24.83185
24.8427
24.85396
24.87034
24.88054
24.89085
24.90099
24.91088
24.92147
24.93223
24.94203
24.95231
24.9628
24.97274
24.9829
25.00199
25.01223
25.02188
25.03193
25.04176
25.05177
25.06186
25.07258
25.08362
25.09494
25.10574
25.1169
25.12858
25.13927
25.15036
25.1618
25.17274
25.18399
25.1954
25.20626
25.21748
25.22908
25.2399
25.25156
25.26225
25.27328
25.28458
25.29594
25.30676
25.31794
25.32912
25.34025
25.35149
25.36272
25.37394
25.38513
25.39642
25.40789
25.41916
25.43066
25.44214
25.45386
25.46505
25.47666
25.48781
25.49923
25.51082
25.5221
25.53398
25.54543
25.55657
25.5678
25.5795
25.59061
25.60198
25.61389
25.62542
25.63563
25.64679
25.65825
25.66925
25.68032
25.69163
25.70304
25.71435
25.72552
25.73752
25.748
25.75904
25.76988
25.781
25.79203
25.80339
25.81493
25.82573
25.83712
25.84794
25.86004
25.87062
25.88165
25.89333
25.90403
25.91532
25.95085
25.96142
25.97189
25.98764
26.00014
26.01142
26.02209
26.03303
26.0453
26.05546
26.06655
26.07809
26.08884
26.10025
26.11138
26.12211
26.13339
26.1448
26.15591
26.16734
26.18719
26.19733
26.20712
26.24579
26.25598
26.26764
26.27898
26.2898
26.30105
26.31237
26.32353
26.33465
26.34561
26.35716
26.3678
26.37924
26.39051
26.40148
26.41282
26.4239
26.43496
26.44646
26.45742
26.46871
26.48009
26.49075
26.50214
26.51324
26.52449
26.53602
26.54657
26.55791
26.56897
26.58031
26.5916
26.60242
26.6142
26.62591
26.63635
26.64728
26.65832
26.66957
26.68068
26.69193
26.70324
26.7144
26.72545
26.73648
26.74787
26.75897
26.76994
26.78119
26.79254
26.80372
26.81501
26.82611
26.83955
26.85028
26.86131
26.87115
26.88177
26.89363
26.9047
26.91987
