0.02
0.04
0.14
0.1789457
0.1924142
0.2024646
0.2127691
0.2240735
0.2349156
0.246084
0.2577683
0.2686852
0.2815807
0.291883
0.3022866
0.3132272
0.3245541
0.3353693
0.3467347
0.3582874
0.3691905
0.3802944
0.3919623
0.4029286
0.4137935
0.425591
0.4360414
0.4478088
0.4585322
0.4697657
0.4804994
0.4963897
0.5060179
0.516129
0.5259448
0.5363712
0.5474353
0.5589605
0.5699772
0.5816296
0.5925212
0.6036938
0.6144612
0.6258416
0.636813
0.6480398
0.6594023
0.6703404
0.6820727
0.6929623
0.7041445
0.7149574
0.7266032
0.7372589
0.7490843
0.7602806
0.7711709
0.7820107
0.7935477
0.8043126
0.815712
0.8272272
0.837812
0.8490516
0.8606341
0.8714862
0.8826069
0.8965608
0.9084629
0.919297
0.9307111
0.9424621
0.9533177
0.9647129
0.9761636
0.9873195
0.9985361
1.010419
1.021511
1.032635
1.043996
1.055049
1.066232
1.077847
1.088715
1.099986
1.111112
1.12303
1.133438
1.144659
1.155816
1.167312
1.178135
1.189658
1.200457
1.211783
1.222809
1.234321
1.245121
1.25629
1.267433
1.278742
1.290283
1.300896
1.312151
1.323102
1.334439
1.345441
1.356642
1.367807
1.379069
1.390327
1.40143
1.41238
1.423901
1.434821
1.446022
1.457401
1.468603
1.47967
1.491185
1.501794
1.513597
1.52439
1.535536
1.546624
1.558227
1.569163
1.580158
1.592014
1.60231
1.613662
1.625338
1.640352
1.650065
1.660118
1.669534
1.679402
1.688684
1.700055
1.711192
1.722312
1.733226
1.74478
1.755685
1.767766
1.77877
1.789163
1.800537
1.8116
1.822992
1.833897
1.845145
1.856767
1.867419
1.878675
1.889626
1.900906
1.911985
1.923317
1.934232
TARGET DESTROYED 
1.952148
1.962379
1.971574
1.98188
1.991549
2.000876
2.011978
2.029943
2.041256
2.051291
2.061361
2.070976
2.080668
2.090833
2.100566
2.111268
2.122394
2.133495
2.144584
2.155975
2.167282
2.178357
2.189681
2.200543
2.211937
2.222844
2.23407
2.245121
2.256426
2.267662
2.278775
2.290068
2.301109
2.312227
2.323869
2.334619
2.345727
2.357563
2.368176
2.379459
2.390807
2.401669
2.412762
2.424236
2.435363
2.446883
2.458479
2.469838
2.481421
2.492691
2.504027
2.515782
2.526781
2.538669
2.549902
2.56148
2.572418
2.584361
2.595559
2.607086
2.61819
2.629848
2.64164
2.652432
2.663474
2.675206
2.685832
2.696984
2.711835
2.721719
2.731328
2.740854
2.750892
2.762005
2.773033
2.784102
2.796
2.806586
2.817723
2.828785
2.840118
2.851095
2.862383
2.873742
2.884788
2.895932
2.907145
2.918087
2.929451
2.940754
2.951905
2.962866
2.974456
2.985151
2.996423
3.00773
3.018968
3.030807
3.041518
3.052257
3.063807
3.075338
3.086101
3.097481
3.109464
3.120131
3.131365
3.142734
3.154254
3.16533
3.176838
3.188087
3.19959
3.211025
3.22215
3.233539
3.244472
3.25565
3.266943
3.278494
3.289004
3.300568
3.311492
3.322517
3.333925
3.344837
3.356316
3.367406
3.37849
3.389874
3.400841
3.412207
3.423629
3.434354
3.445398
3.456622
3.467694
3.478828
3.49029
3.501281
3.51281
3.523977
3.534799
3.546094
3.557254
3.568099
3.579622
3.59108
3.601814
3.613085
3.624394
3.635254
3.64655
3.657796
3.668764
3.679935
3.691209
3.702508
3.713438
3.725286
3.737022
3.746948
3.758499
3.770301
3.780674
3.792158
3.802845
3.814156
3.829928
3.840473
3.851135
3.861329
3.870939
3.881589
3.89256
TARGET DESTROYED 
3.907047
3.917566
3.928311
3.938476
3.948984
3.959377
3.96973
3.980173
3.990653
4.001105
4.011853
4.022684
4.032973
4.044101
4.062009
4.074048
4.084446
4.095131
4.105636
4.115922
4.126637
4.137072
4.147876
4.157784
4.168346
4.179118
4.189194
4.200141
4.211252
4.222299
4.233658
4.244563
4.255911
4.266942
4.278271
4.289423
4.300755
4.31167
4.322732
4.33405
4.345209
4.356589
4.367552
4.378714
4.390175
4.401129
4.412101
4.423469
4.434596
4.44574
4.457169
4.468126
4.479365
4.490874
4.502206
4.513934
4.525251
4.536552
4.548074
4.559677
4.571202
4.582441
4.593758
4.60512
4.617394
4.62812
4.639397
4.650775
4.662307
4.67392
4.685039
4.696483
4.707883
4.71872
4.730088
4.741652
4.753282
4.763791
4.774708
4.785629
4.796837
4.808336
4.819116
4.830566
4.841806
4.852567
4.863889
4.875296
4.886258
4.897367
4.908688
4.924547
4.935663
4.946281
4.956854
4.966918
4.977452
4.987753
4.997995
5.008321
5.018318
5.029338
5.04003
5.050724
5.060988
5.071256
5.082464
5.093604
5.104749
5.115816
5.127182
5.138533
5.149516
5.160557
5.171825
5.182958
5.194035
5.205507
5.216383
5.22802
5.23875
5.250014
5.261212
5.272185
5.283517
5.294779
5.3057
5.31703
5.328059
5.339114
5.350719
5.361929
5.37332
5.384669
5.396283
5.408031
5.419543
5.430605
5.442744
5.453608
5.465105
5.476448
5.487574
5.49915
5.511147
5.521959
5.533158
5.545247
5.555977
5.567534
5.579231
5.589981
5.601191
5.612896
5.624429
5.635103
5.646025
5.657269
5.668156
5.679362
5.690637
5.701687
5.713181
5.724213
5.735407
5.746379
5.757734
5.769153
5.779912
5.791397
5.802145
5.813738
5.82489
5.835921
5.846817
5.858608
5.869378
5.88049
5.892004
5.902801
5.913869
5.925927
5.93613
5.947277
5.958988
5.96986
5.98123
5.992448
6.003386
6.014279
6.02622
6.036745
6.052132
6.062591
6.072855
6.083437
6.094443
6.104161
6.114371
6.124677
6.134924
6.145386
6.155803
6.167038
6.178257
6.189321
6.200758
6.211703
6.223166
6.234386
6.245113
6.256599
6.267478
6.279908
6.290132
6.301164
6.312376
6.323782
6.3345
6.345709
6.356925
6.368273
6.379232
6.390858
6.401535
6.412813
6.424424
6.43618
6.446392
6.457769
6.469057
6.480406
6.491896
6.503172
6.514501
6.526288
6.537229
6.548922
6.56048
6.571522
6.582843
6.594146
6.605464
6.616724
6.628333
6.639606
6.65109
6.662327
6.673412
6.684668
6.695824
6.707364
6.71825
6.729648
6.740767
6.752102
6.763071
6.774037
6.78504
6.796381
6.807876
6.81881
6.830026
6.841793
6.852294
6.863739
6.874815
6.885748
6.896843
6.908327
6.919129
6.930551
6.941923
6.952862
6.964212
6.975844
6.986173
6.997333
7.008986
7.02049
7.030758
7.042446
7.053248
7.064608
7.075931
7.086658
7.098156
7.109493
7.120168
7.131981
7.142726
7.154388
7.16484
7.180648
7.191113
7.201122
7.21187
7.222266
7.232593
7.243137
7.253134
7.263291
7.273075
7.284029
7.295239
7.306323
7.317469
7.328939
7.34097
7.351864
7.363131
7.373863
7.384521
7.395718
7.40713
7.418109
7.42938
7.440533
7.451605
7.463061
7.474254
7.48495
7.496416
7.507555
7.518956
7.529733
7.541989
7.552151
7.563434
7.575236
7.585927
7.597461
7.608954
7.620192
7.631404
7.643297
7.654639
7.665448
7.677194
7.688162
7.699877
7.711255
7.722279
7.733644
7.745227
7.756432
7.768207
7.779346
7.7909
7.801761
7.813164
7.82405
7.835557
7.846652
7.857906
7.868722
7.879797
7.891535
7.902151
7.913247
7.924542
7.937354
7.948097
7.958376
7.969583
7.981337
7.992168
8.00328
8.014586
8.025765
8.036363
8.047569
8.059154
8.069983
8.081042
8.092659
8.104177
8.11485
8.126278
8.1369
8.147696
8.159628
8.170479
8.181617
8.192921
8.203881
8.215038
8.226838
8.237104
8.248441
8.259677
8.270852
8.282378
8.293303
8.308848
8.319308
8.329645
8.340277
8.350907
8.36168
8.371669
8.382392
8.392878
8.403287
8.413524
8.423863
8.43464
8.445297
8.456042
8.466972
8.478349
8.489385
8.50083
8.512101
8.52294
8.534222
8.545304
8.556597
8.567746
8.578919
8.59076
8.601224
8.612449
8.623736
8.634963
8.646707
8.657906
8.668715
8.679838
8.690851
8.701734
8.713136
8.725287
8.736025
8.747656
8.759018
8.770286
8.78164
8.793318
8.804458
8.815934
8.827215
8.839166
8.850297
8.861456
8.873073
8.884196
8.895547
8.907466
8.918401
8.929783
8.941628
8.952658
8.963517
8.975382
8.985819
8.996862
9.008518
9.019603
9.030982
9.042049
9.052867
9.064134
9.075717
9.086551
9.097396
9.109039
9.120225
9.131063
9.142737
9.153518
9.164882
9.176064
9.186899
9.198673
9.209421
9.220479
9.231876
9.242854
9.253945
9.264927
9.276492
9.287677
9.298427
9.31001
9.321081
9.332334
9.344171
9.354717
9.365627
9.377442
9.387819
9.399116
9.410462
9.421416
9.433311
9.448981
9.460142
9.470361
9.480865
9.491333
9.501981
9.513168
9.524608
9.535204
9.545797
9.556008
9.56696
9.577648
9.588595
9.599935
9.610747
9.620846
9.631482
9.642028
9.652232
9.663978
9.674389
9.684832
9.695764
9.70677
9.718046
9.729018
9.740601
9.75152
9.762628
9.773886
9.784953
9.795918
9.807372
9.818335
9.829577
9.841183
9.852014
9.863009
9.874501
9.885271
9.899388
9.910593
9.920647
9.93143
9.941964
9.95346
9.964607
9.976313
9.990094
