0.02
0.04
0.14
0.1731667
0.1849876
0.1956986
0.2076751
0.2182731
0.229027
0.2404398
0.2511052
0.2613991
0.2708891
0.2802007
0.2898574
0.3026728
0.3125689
0.3231891
0.3343934
0.3456048
0.3568011
0.3682903
0.379032
0.3906675
0.4013955
0.4124218
0.4238494
0.4347599
0.4470626
0.457112
0.4714012
0.4807689
0.4919662
0.5017362
0.5130814
0.5243495
0.5357829
0.5466667
0.5578053
0.5688322
0.5800272
0.5912424
0.6030262
0.6135529
0.6249132
0.6362747
0.6474402
0.6581315
0.6698267
0.6805662
0.6916874
0.7032879
0.7141862
0.725149
0.7368618
0.7476642
0.7589554
0.7699807
0.7810179
0.7924169
0.8037127
0.8148782
0.8260212
0.8374385
0.8485922
0.8597509
0.8712228
0.8869537
0.8981487
0.909241
0.9207264
0.9317453
0.9426385
0.9539471
0.9646516
0.9759011
0.9879075
0.9982729
1.009938
1.020769
1.032076
1.042948
1.054286
1.065423
1.076636
1.088197
1.09899
1.109942
1.121653
1.132178
1.143434
1.154874
1.165902
1.17716
1.188563
1.199408
1.210717
1.222172
1.232881
1.244498
1.255354
1.26638
1.277684
1.288696
1.299937
1.311205
1.322983
1.333409
1.344792
1.355976
1.367343
1.389795
1.400426
1.409891
1.419328
1.429062
1.440324
1.451397
1.462622
1.473876
1.486312
1.495965
1.507401
1.518592
1.530298
1.54082
1.551767
1.563187
1.574306
1.588944
1.598945
1.609118
1.618986
1.634364
1.645382
1.654747
1.66609
1.677579
1.687402
1.705478
1.716398
1.726449
1.738017
1.749181
1.75985
1.769352
1.780662
1.791433
1.801549
1.812239
1.822907
1.832779
1.843765
1.853687
1.865351
1.877949
1.89067
1.900082
1.909842
1.920621
1.931958
1.942798
1.9543
1.967548
1.979137
1.991513
2.001208
2.011358
2.02211
2.032963
2.043616
2.054731
2.065707
2.077017
2.088961
2.099548
2.110282
2.121756
2.133122
2.144465
2.155798
2.167071
2.178753
2.189959
2.201619
2.21344
2.22424
2.235706
2.247046
2.258541
2.2699
2.280695
2.292001
2.303479
2.318558
2.329484
2.340608
2.350983
2.361112
2.371617
2.381838
2.392414
2.404084
2.414547
2.425883
2.43723
2.448153
2.459206
2.470597
2.481954
2.492905
2.504169
2.515122
2.526822
2.537708
2.548572
2.560103
2.571155
2.58203
2.593407
2.604796
2.61559
2.627206
2.638549
2.649106
2.660353
2.671738
2.682721
2.694466
2.705462
2.71696
2.728186
2.739582
2.750658
2.762446
2.780419
2.791424
2.803159
2.814097
2.825094
2.836724
2.847634
2.858761
2.870666
2.88116
2.892144
2.903677
2.914604
2.925773
2.93731
2.948311
2.959315
2.970925
2.981602
2.993397
3.009143
3.020376
3.032357
3.042544
3.053871
3.064153
3.07425
3.084316
3.094601
3.105855
3.115783
3.126879
3.138355
3.149242
3.16043
3.172015
3.184026
3.194777
3.205862
3.217071
3.228127
3.239431
3.250488
3.262016
3.273206
3.28405
3.295402
3.306473
3.317631
3.328832
3.339921
3.351155
3.362268
3.373564
3.384634
3.396044
3.408041
3.418954
3.430046
3.441532
3.453266
3.464253
3.475527
3.48732
3.498519
3.509861
3.521765
3.532843
3.544193
3.555444
3.566734
3.578136
3.589548
3.600839
3.612077
3.626525
3.637394
3.647778
3.658005
3.667919
3.678206
3.693319
3.704129
3.715134
3.725796
3.736215
3.746716
3.757414
3.767819
3.778516
3.788903
3.799065
3.809767
3.821347
3.831846
3.84332
3.854437
3.865296
3.877193
3.888282
3.899059
3.910265
3.92155
3.932517
3.943616
3.954914
3.965946
3.977164
3.988705
3.999626
4.01055
4.02217
4.032955
4.044365
4.056323
4.066529
4.078044
4.089369
4.100596
4.11199
4.123287
4.134877
4.146881
4.157417
4.16878
4.18003
4.191463
4.203392
4.21502
4.225474
4.237642
4.249032
4.259541
4.271362
4.282152
4.293409
4.304783
4.315714
4.327027
4.338405
4.349126
4.360819
4.376042
4.38731
4.397452
4.407991
4.417839
4.428298
4.438443
4.448815
4.459613
4.470079
4.480587
4.49143
4.501234
4.512989
4.52398
4.534866
4.546364
4.55724
4.56837
4.579502
4.590879
4.602108
4.61301
4.624602
4.63555
4.646551
4.657786
4.669339
4.67994
4.691411
4.702303
4.713681
4.724788
4.736352
4.74717
4.758519
4.769961
4.781166
4.792702
4.804293
4.815206
4.827175
4.838586
4.849497
4.860869
4.872856
4.883494
4.894827
4.906466
4.91779
4.929027
4.941013
4.951689
4.963087
4.974416
4.986528
4.997094
5.008512
5.020878
5.030917
5.041776
5.053384
5.069624
5.080137
5.090736
5.101324
5.111894
5.122725
5.132972
5.144525
5.15521
5.165711
5.176236
5.187108
5.197007
5.206992
5.217102
5.227468
5.238022
5.249031
5.260122
5.271472
5.282466
5.293797
5.305494
5.316155
5.328234
5.338499
5.349593
5.360791
5.375291
5.385291
5.395882
5.406705
5.417076
5.427845
5.439231
5.450228
5.461833
5.473031
5.483761
5.495111
5.506232
5.51773
5.528847
5.540159
5.551948
5.563223
5.574542
5.586289
5.597755
5.612389
5.623823
5.634003
5.64452
5.654573
5.665767
5.676659
5.687991
5.699093
5.710085
5.7216
5.738067
5.748339
5.758976
5.769032
5.779818
5.789447
5.800045
5.810438
5.820324
5.831258
5.842174
5.853909
5.864584
5.87566
5.887505
5.898139
5.909224
5.921488
5.932247
5.94268
5.954345
5.965653
5.976517
5.988264
5.998787
6.00981
6.021967
6.032476
6.045652
6.056153
6.066634
6.077487
6.088258
6.099493
6.110327
6.121965
6.133172
6.144574
6.156045
6.167266
6.178763
6.189883
6.201424
6.212966
6.224096
6.23573
6.246797
6.258257
6.26982
6.280768
6.292285
6.303659
6.31503
6.325987
6.337551
6.348332
6.35952
6.371177
6.381962
6.3932
6.404744
6.415366
6.430263
6.440896
6.451156
6.461464
6.471819
6.482696
6.493161
6.503393
6.514471
6.525606
6.537262
6.54858
6.559715
6.570493
6.581368
6.592576
6.604217
6.61543
6.627144
6.638197
6.64919
6.659903
6.671021
6.682046
6.693388
6.705032
6.715885
6.727071
6.737952
6.748913
6.760252
6.771768
6.782482
6.79386
6.805392
6.81622
6.827525
6.839323
6.850409
6.861792
6.873573
6.884256
6.895663
6.908407
6.918211
6.929383
6.941119
6.952316
6.964343
6.975055
6.985532
6.999959
7.010923
7.022125
7.034107
7.044742
7.055396
7.065722
7.076443
7.087275
7.102798
7.114553
7.125769
7.137025
7.148221
7.159031
7.170723
7.182173
7.192538
7.203874
7.215142
7.22618
7.237587
7.248582
7.26048
7.270994
7.281881
7.293043
7.304705
7.315814
7.326691
7.338641
7.349103
7.360106
7.371614
7.382618
7.393609
7.40496
7.416138
7.427257
7.438614
7.449482
7.460773
7.47218
7.483209
7.494568
7.505466
7.516525
7.527999
7.538828
7.550151
7.561215
7.57264
7.584291
7.59532
7.609717
7.621706
7.632216
7.642704
7.653543
7.664585
7.676006
7.68789
7.698903
7.710215
7.721528
7.73258
7.743956
7.755235
7.766335
7.777402
7.788806
7.804697
7.8153
7.826414
7.837674
7.848176
7.858639
7.870206
7.881472
7.892138
7.902616
7.912282
7.923239
7.934051
7.944347
7.955714
7.965955
7.976376
7.986963
7.998205
8.009014
8.019592
8.030678
8.043614
8.053831
8.064153
8.074938
8.086482
8.097524
8.109401
8.120134
8.13092
8.142035
8.153558
8.164675
8.175525
8.187062
8.198041
8.209182
8.220536
8.231402
8.242576
8.254004
8.265376
8.27665
8.288443
8.300095
8.311138
8.322524
8.333652
8.345129
8.356718
8.368105
8.379406
8.390932
8.402325
8.41363
8.425667
8.436902
8.447891
8.459307
8.470958
8.487226
8.498119
8.508479
8.519122
8.529515
8.539859
8.549404
8.559405
8.569866
8.579976
8.590372
8.599918
8.611634
8.625957
8.636788
8.647509
8.65797
8.667797
8.678397
8.689485
8.700521
8.711709
8.723029
8.734266
8.745498
8.756438
8.767849
8.778815
8.790121
8.801005
8.812306
8.823771
8.834538
8.845982
8.857102
8.868416
8.879344
8.890564
8.901757
8.912881
8.924199
8.935569
8.947081
8.959061
8.970109
8.981395
8.992809
9.004405
9.016187
9.02735
9.038812
9.050301
9.061622
9.072869
9.084392
9.095496
9.10704
9.118435
9.129886
9.141137
9.156556
9.167284
9.177576
9.188351
9.198764
9.214352
9.225298
9.237013
9.247959
9.259136
9.270665
9.281535
9.292654
9.304029
9.314949
9.326021
9.337704
9.348351
9.359529
9.371265
9.381893
9.393677
9.404671
9.415595
9.426785
9.438041
9.449285
9.460005
9.471504
9.482778
9.494196
9.504905
9.516084
9.527464
9.53838
9.549457
9.560781
9.571939
9.582961
9.594177
9.608442
9.618684
9.629892
9.640216
9.650167
9.661217
9.672602
9.683892
9.695204
9.706751
9.718305
9.72972
9.741321
9.75283
9.764257
9.776172
9.787753
9.800126
9.810257
9.821609
9.838205
9.849024
9.85999
9.870694
9.881983
9.892735
9.903063
9.913546
9.923873
9.933964
9.944546
9.955736
9.966036
9.976366
9.987075
9.997892
10.00813
10.01852
10.02985
10.04104
10.05226
10.06424
10.07471
10.08572
10.09681
10.1079
10.11982
10.13037
10.1416
10.15304
10.16397
10.17627
10.18698
10.19732
10.20852
10.2198
10.23075
10.242
10.25342
10.26435
10.27573
10.28724
10.29792
10.30953
10.321
10.33229
10.34365
10.35519
10.36666
10.37824
10.38951
10.40092
10.41238
10.424
10.43523
10.44674
10.45806
10.46967
10.48086
10.49227
10.50513
10.51516
10.52645
10.53775
10.54923
10.56036
10.57149
10.58188
10.6069
10.61689
10.62792
10.64045
10.65139
10.66142
10.67156
10.68122
10.6997
10.71135
10.72252
10.73352
10.745
10.75593
10.76703
10.77845
10.79256
10.80296
10.81363
10.8238
10.834
10.84513
10.85653
10.86761
10.87925
10.89003
10.90101
10.91222
10.92339
10.93463
10.94566
10.95708
10.96795
10.97915
10.99053
11.00152
11.01297
11.02428
11.0355
11.04612
11.05743
11.06872
11.07977
11.09116
11.10205
11.11327
11.12438
11.13562
11.14696
11.15819
11.1691
11.18037
11.19182
11.20341
11.21482
11.22646
11.23796
11.24959
11.26106
11.27258
11.28406
11.29568
11.307
11.3186
11.32978
11.34537
11.35662
11.3668
11.37727
11.3886
11.39886
11.40973
11.42092
11.43077
11.44179
11.45177
11.46233
11.47307
11.48396
11.49464
11.506
11.51708
11.52855
11.53927
11.55047
11.56185
11.57313
11.58408
11.59524
11.60685
11.61765
11.6319
11.64236
11.65303
11.6635
11.67362
11.68472
11.69573
11.70728
11.71895
11.73356
11.74512
11.75639
11.76694
11.77793
11.78924
11.80006
11.81169
11.82265
11.83307
11.84364
11.85519
11.86543
11.877
11.88807
11.89845
11.90903
11.91977
11.93084
11.94177
11.95382
11.96547
11.9763
11.98717
11.99825
12.00887
12.02111
12.03762
12.04847
12.05933
12.06985
12.08149
12.09219
12.10252
12.11368
12.12414
12.13386
12.14432
12.15516
12.16552
12.17606
12.18698
12.19766
12.20818
12.21938
12.23015
12.24136
12.2526
12.26379
12.27516
12.28659
12.29742
12.30871
12.31987
12.33081
12.34184
12.35375
12.36417
12.37548
12.38708
12.39768
12.4089
12.42038
12.43141
12.44245
12.45395
12.46489
12.47627
12.48786
12.49924
12.51083
12.52215
12.53359
12.54475
12.55674
12.56782
12.5791
12.59056
12.60225
12.61332
12.62528
12.63633
12.64748
12.65905
12.67077
12.68173
12.69296
12.70911
12.72021
12.73088
12.74178
12.75223
12.76333
TARGET DESTROYED 
12.77412
12.79243
12.80431
12.81456
12.82535
12.84486
12.85693
12.8669
12.87811
12.88932
12.90044
12.91163
12.92277
12.93397
12.945
12.95627
12.96739
12.97877
12.98973
13.00099
13.01216
13.02335
13.03436
13.04556
13.05703
13.0681
13.0792
13.09106
13.10153
13.11255
13.12387
13.13517
13.14626
13.15764
13.16862
13.17964
13.19077
13.20208
13.21316
13.22461
13.23563
13.24737
13.25812
13.26948
13.28038
13.29176
13.30263
13.31364
13.32493
13.33648
13.34745
13.36318
13.37458
13.38471
13.39498
13.40602
13.41675
13.42888
13.43978
13.45043
13.46138
13.47276
13.48463
13.49524
13.50628
13.5172
13.52837
13.5398
13.55071
13.56211
13.5731
13.58437
13.59536
13.60716
13.62111
13.63216
13.64264
13.65345
13.66436
13.67453
13.68469
13.6962
13.70739
13.71836
13.72957
13.74098
13.75211
13.7638
13.77482
13.78639
13.79768
13.80902
13.82044
13.83115
13.84229
13.85393
13.86507
13.87654
13.88747
13.89829
13.90961
13.92103
13.93171
13.94377
13.9542
13.96524
13.97641
13.98797
13.99882
14.01067
14.02161
14.03257
14.04876
14.05956
14.07109
14.08173
14.09356
14.10476
14.11517
14.12604
14.13676
14.1474
14.15805
14.16876
14.18007
14.19099
14.20111
14.21145
14.22299
14.23316
14.24342
14.25413
14.26446
14.2756
14.28665
14.29678
14.30797
14.31898
14.33017
14.34173
14.35289
14.36383
14.37499
14.38676
14.39709
14.40847
14.42017
14.43077
14.44168
14.45338
14.46444
14.47555
14.48772
14.49812
14.50905
14.52055
14.53157
14.54295
14.55436
14.56582
14.57723
14.58886
14.60067
14.6115
14.62335
14.63447
14.64574
14.65719
14.6683
14.67989
14.69139
14.70277
14.71389
14.72976
14.74086
14.75149
14.76266
14.77327
14.78383
14.79481
14.80544
14.81596
14.82663
14.83738
14.84831
14.85906
TARGET DESTROYED 
14.871
14.88938
14.90202
14.91423
14.92705
14.9391
14.95102
14.96375
14.97563
14.9878
14.99996
15.02003
15.03398
15.04532
15.05747
15.06885
15.08054
15.09278
15.10642
15.11892
15.13142
15.14322
15.15572
15.16773
15.17992
15.19209
15.20559
15.2184
15.23148
15.24359
15.25607
15.26837
15.28002
15.29216
15.30432
15.3163
15.32816
15.34035
15.35169
15.36418
15.37592
15.38828
15.40061
15.41231
15.4294
15.44157
15.45348
15.46556
15.47756
15.48973
15.50138
15.51455
15.52653
15.53751
15.54819
15.56027
15.57068
15.58117
15.5926
15.60768
15.61932
15.63132
15.6431
15.6542
15.66577
15.67701
15.68838
15.69979
15.71081
15.72275
15.73399
15.74524
15.75669
15.76786
15.77934
15.79146
15.80238
15.81281
15.82478
15.83637
15.84892
15.86053
15.87259
15.88328
15.89438
15.90564
15.91629
15.92759
15.93942
15.95034
15.96143
15.97315
15.98405
15.99491
16.00675
16.01813
16.02934
16.04049
16.05151
16.06322
16.07425
16.08496
16.09989
16.11518
16.13437
16.14776
16.16047
16.17277
16.18456
16.19621
16.20762
16.21833
16.22967
16.24109
16.25196
16.26358
16.27549
16.2868
16.29822
16.31036
16.32189
16.33299
16.34484
16.35651
16.36758
16.37916
16.39052
16.402
16.4135
16.42498
16.43777
16.4492
16.46068
16.47211
16.48317
16.49571
16.50726
16.52017
16.53182
16.54313
16.55397
16.56587
16.57827
16.59077
16.60166
16.61386
16.6261
16.63773
16.64904
16.66062
16.6723
16.68357
16.69514
16.707
16.71883
16.73053
16.74328
16.75507
16.76632
16.77846
16.7899
16.80062
16.81258
16.82475
16.84095
16.85326
16.86435
16.87669
16.8897
16.90063
16.9117
16.92399
16.93511
16.94683
16.95961
16.97163
16.98386
16.99535
17.00704
17.01883
17.03057
17.04249
17.05501
17.06691
17.07798
TARGET DESTROYED 
17.0906
17.10776
17.12155
17.13337
17.14516
17.15695
17.16779
17.17971
17.19114
17.20268
17.21533
17.23319
17.24701
17.25895
17.27023
17.28169
17.29262
17.30285
17.31387
17.32447
17.33531
17.34636
17.35722
17.369
17.37984
17.39122
17.40251
17.41323
17.42422
17.43591
17.44661
17.45762
17.46885
17.47992
17.49131
17.50235
17.51353
17.52995
17.54096
17.55095
17.56159
17.57181
17.58145
17.59267
17.60332
17.61454
17.62689
17.64312
17.65559
17.66744
17.67958
17.69209
17.70349
17.71603
17.72803
17.73982
17.75155
17.76401
17.77606
17.78909
17.801
17.8135
17.82593
17.83856
17.85005
17.86235
17.87457
17.88704
17.89959
17.91146
17.92463
17.93665
17.94847
17.96064
17.97327
17.98624
17.99656
18.00767
18.01882
18.02938
18.04012
18.05044
18.06092
18.07219
18.08318
18.09447
18.10579
18.11692
18.12823
18.13912
18.1503
18.16168
18.17266
18.18373
18.19542
18.20661
18.22235
18.23314
18.24318
18.25383
18.26449
18.27539
18.28676
18.2989
18.31092
18.32312
18.33369
18.34445
18.35646
18.3669
18.37777
18.389
18.39948
18.41041
18.42144
18.43235
18.44328
18.47244
18.4841
18.49549
18.5077
18.51941
18.53018
18.54124
18.55245
18.56356
18.57462
18.58662
18.59721
18.60879
18.61966
18.6314
18.64297
18.65488
18.66566
18.67673
18.68822
18.69913
18.71021
18.72165
18.73275
18.74455
18.75611
18.76739
18.77839
18.79149
18.80399
18.81665
18.82999
18.8427
18.8543
18.86517
18.87696
18.88887
18.89989
18.91097
18.9268
18.93867
18.95003
18.96212
18.97301
18.98422
18.99586
19.00726
19.01908
19.0315
19.044
19.05662
19.06764
19.07839
19.09002
19.10106
19.11215
19.12496
19.13685
19.14894
19.16035
19.17144
19.18247
19.19436
19.20537
19.21666
19.2278
19.23904
19.24987
19.26163
19.27335
19.28475
19.29621
19.30746
19.31845
19.32965
19.34102
19.35216
19.36338
19.3748
19.38627
19.39759
19.40866
19.41979
19.43124
19.44228
19.4537
19.46495
19.47606
19.48801
19.49825
19.50848
19.525
19.53557
19.54645
19.55786
19.56888
19.57996
19.59132
19.60636
19.6213
19.63208
19.6423
19.65281
19.66275
19.67262
19.68252
19.69353
19.70401
19.71414
19.72516
19.73656
19.74804
19.75887
19.77042
19.78122
19.79237
19.80361
19.81449
19.82561
19.83746
19.84807
19.85924
19.87093
19.88154
19.89264
19.9045
19.91511
19.92634
19.93761
19.94867
19.95969
19.97115
19.98248
19.99336
20.00466
20.01582
20.02702
20.03844
20.05011
20.06189
20.07311
20.08437
20.09606
20.10742
20.1187
20.13019
TARGET DESTROYED 
20.14158
20.15733
20.16812
20.17937
20.19055
20.20083
20.21235
20.22994
20.24198
20.25209
20.26269
20.27287
20.28988
20.30061
20.31165
20.3219
20.33242
20.34287
20.35234
20.36245
20.37327
20.38412
20.39545
20.40683
20.41767
20.42884
20.44016
20.45114
20.46277
20.47362
20.48494
20.49636
20.50729
20.51866
20.52958
20.54082
20.55198
20.56298
20.57416
20.58527
20.59653
20.60747
20.61935
20.62985
20.64135
20.65331
20.66512
20.67703
20.6895
20.70082
20.71282
20.72454
20.7364
20.74883
20.7607
20.77268
20.78434
20.79686
20.80885
20.82046
20.83264
20.84415
20.85668
20.86815
20.88098
20.89289
20.90535
20.91701
20.92839
20.94191
20.95527
20.96757
20.98041
20.99831
21.01162
21.02696
21.04103
21.05516
21.07012
21.08384
21.09744
21.11129
21.12592
21.13966
21.1561
21.17112
21.18451
21.19901
21.21266
21.22659
21.24094
21.25496
21.2688
21.2828
21.29747
21.3113
21.3248
21.3381
21.35076
21.36414
21.37729
21.39085
21.40395
21.41714
21.43074
21.44353
21.45798
21.47126
21.48431
21.49946
21.51234
21.526
21.53847
21.55004
21.56235
21.57401
21.58634
21.59823
21.61081
21.62447
21.64165
21.65451
21.66693
21.67944
21.69241
21.70502
21.71826
21.73107
21.74396
21.76136
21.77445
21.78639
21.79912
21.81157
21.82443
21.83705
21.84936
21.86205
21.87527
21.88804
21.90097
21.91374
21.93697
21.94938
21.96158
21.97371
21.98585
21.99814
22.00991
22.02281
22.03488
22.04646
22.05862
22.07111
22.08259
22.09451
22.10652
22.11825
TARGET DESTROYED 
22.13059
22.14814
22.16128
22.17411
22.18573
22.19819
22.20996
22.22134
22.2315
22.24242
22.25375
22.27118
22.28321
22.29424
22.30572
22.31657
22.32787
22.33896
22.35018
22.36149
22.37277
22.38379
22.39483
22.4064
22.41804
22.42855
22.43948
22.45067
22.46659
22.47717
22.48832
22.49832
22.50873
22.52466
22.53537
22.54505
22.55595
22.56627
22.57684
22.58843
22.5995
22.61189
22.62495
22.6371
22.64848
22.66027
22.67203
22.68295
22.69432
22.70648
22.71887
22.73026
22.74134
22.75243
22.76376
22.77596
22.78738
22.7983
22.80969
22.82058
22.83181
22.84383
22.85773
22.86982
22.88185
22.89329
22.90521
22.91625
22.92882
22.94069
22.95181
22.96468
22.97649
22.9875
22.99966
23.01103
23.02296
23.03408
23.04565
23.05698
23.0685
23.08039
23.09243
23.10419
23.11539
23.12699
23.13894
23.15028
23.16204
23.17943
23.19118
23.20333
23.21457
23.22639
23.23871
23.25004
23.2612
23.27322
23.28432
23.29628
23.30848
23.31999
23.3321
23.34417
23.35601
23.36745
23.37943
23.39057
23.40137
23.41342
23.42476
23.43603
23.44739
23.45888
23.47033
23.48157
23.49324
23.5049
23.51609
23.52798
23.53881
23.54951
23.56026
23.5709
23.58164
23.59256
23.60436
23.61546
23.63116
23.64338
23.65531
23.66655
23.67839
23.6908
23.70168
23.71332
23.72463
23.73539
23.74741
23.75886
23.77057
23.78142
23.7928
23.80476
23.81606
23.82809
23.83977
23.85115
23.86222
23.87474
23.89127
23.90285
23.91414
23.92522
23.93702
23.94785
23.95946
23.97094
23.98252
23.99428
24.00624
24.01779
24.02936
24.04138
24.05269
24.06412
24.07599
24.08754
24.09862
24.11048
24.12241
24.13389
24.1452
24.15678
24.1686
24.1809
24.19346
24.20555
24.21698
24.22797
24.23915
24.2508
24.26194
24.27349
24.28495
24.2962
24.30822
24.31918
24.33126
24.34284
24.35423
24.36596
24.37779
24.38997
24.40142
24.41313
24.42459
24.43549
24.44703
24.45918
24.47058
24.4821
24.49375
24.50603
24.51757
24.52983
24.5408
24.55194
24.56339
24.57444
24.59142
24.60293
24.61465
24.62671
24.6382
24.64951
24.66094
24.67249
24.68483
24.69634
24.708
24.71896
24.72972
24.74061
24.75185
24.76303
24.77391
24.78544
24.79654
24.8091
24.81988
24.83009
24.84094
24.85212
24.86328
24.87585
24.8866
24.8968
24.90806
24.91957
24.9317
24.94303
24.95369
24.96438
24.97533
24.98743
24.99812
25.00904
25.02086
25.03117
25.04202
25.0536
25.0648
25.0759
25.08753
25.09829
25.10903
25.12062
25.13147
25.14246
25.15466
25.1658
25.17728
25.18989
25.2014
25.21215
25.22335
25.23489
25.24615
25.25777
25.26938
25.28078
25.29674
25.30762
25.31748
25.32777
25.33822
25.34871
25.35925
25.36934
25.37943
25.39133
25.40164
25.41288
25.42401
25.43527
25.44636
25.45748
25.46857
25.47961
25.49131
25.50215
25.51338
25.52498
25.53543
25.54678
25.5693
25.57942
25.58971
25.6011
25.6156
25.62743
25.63881
25.64936
25.66035
25.6708
25.68115
25.6923
25.70307
25.71325
25.72412
25.73509
25.74612
25.75725
25.76871
25.77941
25.79068
25.80177
25.81376
25.82587
25.83841
25.8512
25.86302
25.87507
25.88698
25.89864
25.91019
25.92254
25.9346
25.94717
25.95842
25.96981
25.98053
25.99623
26.0072
26.01858
26.02997
26.04174
26.05251
26.06345
26.07441
26.08546
26.0972
26.10775
26.1186
26.1294
26.14046
26.15094
26.16204
26.17295
26.18362
26.19456
26.20772
26.21837
26.2291
26.23997
26.25091
26.26166
26.27251
26.28343
26.29402
26.30482
26.31548
26.3266
26.338
26.34912
26.36007
26.3715
26.38262
26.39366
26.40508
26.41687
26.42796
26.4398
26.45119
26.46266
26.47406
26.48579
26.49688
26.50811
26.52057
26.53178
26.54195
26.55334
26.56434
26.57659
26.5883
26.59919
26.61034
26.62182
26.63295
26.64408
26.655
26.66616
26.68453
26.69691
26.70841
26.71862
26.72935
26.74063
26.7513
26.76217
26.77346
26.78798
