0.02
0.04
0.14
0.173356
0.1842533
0.1941225
0.2032031
0.2241784
0.235512
0.2469855
0.2582431
0.2686069
0.2779204
0.287266
0.2999178
0.3094466
0.3205191
0.3314372
0.3427128
0.3536633
0.3648317
0.3759815
0.3872304
0.3983959
0.4095938
0.4208639
0.4318664
0.4431648
0.4545763
0.4653447
0.4769083
0.4921871
0.501525
0.5110506
0.5211668
0.532562
0.5438305
0.5548257
0.5658363
0.577174
0.5881615
0.5994707
0.6108219
0.6217632
0.6330894
0.644895
0.655339
0.6664593
0.6777704
0.6890803
0.7000934
0.7112105
0.7226099
0.7340429
0.7446073
0.7558344
0.7671273
0.7782046
0.7897063
0.8004881
0.8116809
0.823037
0.833993
0.8451341
0.8565865
0.867563
0.8787965
0.893222
0.9043818
0.9252345
0.9344758
0.9457976
0.956947
0.9681058
0.9791664
0.9907457
1.002487
1.013812
1.024152
1.03497
1.04619
1.057543
1.068597
1.0802
1.091262
1.10213
1.113254
1.124844
1.135548
1.146783
1.158206
1.169341
1.180289
1.191957
1.202542
1.213719
1.225053
1.236405
1.247297
1.258907
1.270613
1.280789
1.292123
1.303191
1.314133
1.325675
1.33653
1.34773
1.35948
1.370278
1.381656
1.393562
1.404804
1.416323
1.427829
1.439224
1.450544
1.462117
1.473867
1.485355
1.496512
1.508458
1.519601
1.530636
1.542545
1.554017
1.56498
1.579558
1.588783
1.598283
1.608738
1.61966
1.630835
1.642548
1.657999
1.667333
1.678133
1.696594
1.707421
1.717655
1.728201
1.739645
1.749936
1.762421
1.773166
1.783554
1.795901
1.806573
1.816906
1.828184
1.839906
1.851225
1.861778
1.87323
1.883987
1.895037
1.906339
1.923217
1.936218
1.947385
1.957869
1.968235
1.978569
1.989418
1.999828
2.009886
2.021791
2.03201
2.043829
2.05475
2.065137
2.076843
2.087219
2.096989
2.107756
2.118594
2.129985
2.141526
2.153134
2.164332
2.175382
2.186466
2.197271
2.208333
2.219294
2.230217
2.244443
2.254929
2.265423
2.275735
2.286142
2.297256
2.30859
2.3196
2.334961
2.34582
2.356873
2.366739
2.377673
2.388579
2.39934
2.410753
2.422544
2.433688
2.445085
2.456746
2.467783
2.479182
2.491188
2.50127
2.51253
2.523705
2.534943
2.545903
2.55762
2.568583
2.579561
2.591173
2.601854
2.613024
2.624473
2.635294
2.64689
2.65791
2.668865
2.680834
2.691828
2.702629
2.713954
2.725535
2.736562
2.748674
2.759134
2.770369
2.785987
2.797007
2.807036
2.818068
2.828923
2.838355
2.849043
2.859794
2.869395
2.88038
2.891677
2.902594
2.913768
2.92512
2.936189
2.947671
2.958596
2.969675
2.980911
2.992278
3.003142
3.019397
3.030401
3.041335
3.051614
3.062851
3.074357
3.085401
3.096926
3.108046
3.118514
3.129985
3.140612
3.151468
3.164243
3.175096
3.185362
3.196722
3.207264
3.218594
3.229766
3.240391
3.251076
3.262378
3.272434
3.283427
3.294009
3.304355
3.315354
3.326667
3.337654
3.349421
3.360664
3.371207
3.382841
3.39389
3.405055
3.416435
3.427672
3.438452
3.45006
3.460965
3.471812
3.484318
3.495765
3.506029
3.517042
3.528275
3.539375
3.550633
3.564035
3.574969
3.58602
3.597135
3.607743
3.618639
3.63044
3.641515
3.652686
3.664001
3.676075
3.686985
3.703217
3.714582
3.726108
3.737811
3.749397
3.760795
3.771565
3.782938
3.794132
3.805133
3.816346
3.827763
3.842669
3.853437
3.864874
3.875577
3.886264
3.89727
3.907961
3.919119
3.929969
3.941075
3.951745
3.963028
3.974099
3.985005
3.996368
4.007228
4.017673
4.028913
4.040058
4.051008
4.063157
4.07482
4.085402
4.097408
4.108782
4.119972
4.131021
4.142043
4.152707
4.164356
4.176047
4.187305
4.198248
4.209175
4.219681
4.231215
4.242854
4.253805
4.265412
4.276886
4.288164
4.299793
4.311179
4.322997
4.334075
4.345493
4.35768
4.368681
4.379392
4.395757
4.407008
4.418177
4.430227
4.442028
4.453138
4.4641
4.475602
4.487927
4.498563
4.509734
4.520534
4.531646
4.542437
4.553547
4.564729
4.575893
4.587094
4.598228
4.609572
4.620677
4.631727
4.643086
4.654067
4.665619
4.677316
4.688647
4.699336
4.710176
4.721627
4.732343
4.743383
4.754601
4.765738
4.776936
4.787971
4.799725
4.81063
4.821851
4.833166
4.8445
4.855068
4.866438
4.877717
4.889095
4.900776
4.912073
4.923862
4.934907
4.946857
4.958378
4.969711
4.981194
4.992674
5.003784
5.015457
5.026585
5.038395
5.049423
5.061057
5.072511
5.088796
5.100431
5.11192
5.123423
5.134748
5.145809
5.157097
5.167768
5.179996
5.190816
5.201453
5.213392
5.224349
5.234902
5.246054
5.257605
5.268703
5.279962
5.291337
5.30233
5.313745
5.324664
5.335476
5.346764
5.357982
5.369027
5.380183
5.391384
5.402528
5.413849
5.425081
5.435989
5.447323
5.458488
5.469882
5.48071
5.491945
5.503165
5.514063
5.525355
5.536615
5.548131
5.558942
5.570126
5.581592
5.593076
5.60492
5.615965
5.627707
5.639062
5.653731
5.664869
5.676735
5.68818
5.698809
5.709783
5.720297
5.731072
5.741415
5.752186
5.763448
5.779841
5.791073
5.802252
5.813793
5.824324
5.834602
5.84597
5.856113
5.867472
5.878993
5.88878
5.900054
5.911077
5.921461
5.932475
5.943427
5.953795
5.964668
5.975629
5.986132
5.996609
6.007544
6.018399
6.029272
6.039922
6.050268
6.061856
6.072914
6.084064
6.095154
6.106721
6.117473
6.128878
6.139798
6.151027
6.162309
6.17422
6.184846
6.195941
6.207067
6.217821
6.229323
6.240377
6.251385
6.262982
6.274482
6.285663
6.297759
6.30911
6.319972
6.331535
6.342874
6.354198
6.365591
6.377238
6.388606
6.400006
6.41122
6.422954
6.433796
6.445765
6.461843
6.472867
6.483969
6.495769
6.506678
6.517793
6.528585
6.540318
6.551162
6.56245
6.573417
6.583976
6.595098
6.60579
6.616352
6.627445
6.637876
6.649051
6.659719
6.670238
6.682811
6.693707
6.704072
6.71516
6.72577
6.737272
6.748304
6.758842
6.769584
6.781198
6.792395
6.803102
6.814312
6.824913
6.835267
6.846258
6.857311
6.86796
6.878729
6.889969
6.900403
6.911115
6.922037
6.932604
6.94403
6.95506
6.966122
6.977495
6.988681
7.000208
7.01126
7.022186
7.033171
7.044561
7.056167
7.067355
7.078834
7.090765
7.101601
7.113149
7.124406
7.135768
7.152272
7.162694
7.173275
7.183585
7.194795
7.205868
7.216655
7.231265
7.242684
7.253099
7.264385
7.275135
7.285722
7.297717
7.308724
7.319372
7.330417
7.341242
7.352335
7.364161
7.375128
7.385885
7.397435
7.408615
7.419232
7.431166
7.442494
7.453078
7.46408
7.475087
7.485875
7.497634
7.508581
7.519166
7.530322
7.540645
7.551671
7.562044
7.571944
7.582081
7.592181
7.603617
7.614228
7.625413
7.639841
7.650935
7.662206
7.673021
7.684276
7.695667
7.706468
7.717093
7.72845
7.738921
7.749458
7.760019
7.771512
7.782288
7.793332
7.804142
7.815882
7.83254
7.844382
7.856239
7.867262
7.878442
7.889451
7.900447
7.91184
7.923308
7.933872
7.945818
7.957992
7.969804
7.981507
7.994597
8.00697
8.018475
8.03041
8.042268
8.054242
8.066536
8.0785
8.091795
8.103712
8.115451
8.127169
8.139265
8.150697
8.162843
8.17406
8.185384
8.197667
8.210755
8.222801
8.234869
8.246502
8.258643
8.27063
8.282479
8.294225
8.306912
8.318915
8.330703
8.342284
8.354208
8.367506
8.38019
8.393032
8.405128
8.417154
8.430178
8.442661
8.454179
8.466634
8.479788
8.492063
8.505487
8.516372
8.528595
8.540323
8.557348
8.570227
8.581643
8.593916
8.605422
8.617159
8.629004
8.641383
8.653133
8.664543
8.677148
8.688184
8.699841
8.711944
8.723648
8.73524
8.747119
8.759239
8.771634
8.783658
8.795216
8.806834
8.818555
8.830856
8.842902
8.854072
8.866009
8.877188
8.888659
8.89989
8.911
8.921979
8.932642
8.944202
8.955007
8.965976
8.97682
8.992146
9.003897
9.016245
9.027658
9.039769
9.051329
9.063168
9.074798
9.085814
9.098454
9.111018
9.122375
9.13412
9.146217
9.157122
9.168969
9.181452
9.193726
9.205364
9.218195
9.230304
9.243058
9.260468
9.272025
9.284165
9.296175
9.308395
9.320347
9.332814
9.345274
9.357175
9.368611
9.380264
9.392401
9.403972
9.417006
9.429994
9.443079
9.455182
9.467519
9.48033
9.492661
9.504827
9.517162
9.529225
9.542238
9.554483
9.566751
9.578315
9.589951
9.601248
9.613544
9.62487
9.643114
9.659612
9.670979
9.682912
9.694402
9.705845
9.717623
9.729375
9.740432
9.752045
9.767859
9.780713
9.79253
9.804382
9.816463
9.828392
9.840872
9.852644
9.864554
9.877527
9.890121
9.902474
9.915317
9.927579
9.93955
9.951394
9.963919
9.979862
9.992808
10.00449
10.01657
10.02882
10.04126
10.05346
10.06567
10.07755
10.09
10.10292
10.11532
10.12739
10.13916
10.1512
10.16291
10.17515
10.18723
10.19945
10.21173
10.22515
10.23678
10.24885
10.26191
10.27448
10.28619
10.29931
10.31131
10.32365
10.33552
10.34731
10.36014
10.3719
10.38409
10.39654
10.40856
10.42057
10.43348
10.44544
10.45819
10.46861
10.47911
10.49032
10.50082
10.51206
10.52242
10.53258
10.54473
10.55596
10.56644
10.57735
10.58788
10.5981
10.60815
10.61871
10.63003
10.64156
10.65232
10.66337
10.67533
10.68594
10.69708
10.70845
10.71961
10.73038
10.74611
10.76733
10.77794
10.78786
10.79815
10.80879
10.82138
10.83164
10.84227
10.85338
10.86463
10.87728
10.88778
10.89852
10.90952
10.92054
10.93202
10.94292
10.95429
10.96519
10.97622
10.98768
10.9986
11.00996
11.02201
11.03362
11.06481
11.07685
11.0887
11.10043
11.11105
11.12146
11.13258
11.14614
11.1565
11.16682
11.17754
11.18856
11.19963
11.21072
11.22222
11.23435
11.24545
11.25563
11.26679
11.27779
11.2891
11.30016
11.31136
11.3228
11.33369
11.34489
11.35599
11.36711
11.37858
11.38964
11.40064
11.41171
11.42322
11.43433
11.44526
11.45687
11.46786
11.47883
11.4903
11.50128
11.51254
11.52382
11.53509
11.5514
11.56205
11.57188
11.58204
11.5924
11.60217
11.61291
11.62432
11.63523
11.65018
11.66201
11.67434
11.6856
11.69696
11.70837
11.72052
11.73352
11.74679
11.75952
11.77213
11.78448
11.79687
11.80992
11.82211
11.83493
11.84791
11.86043
11.87358
11.88593
11.89856
11.91149
11.92449
11.93716
11.95001
11.96278
11.97596
11.98848
12.00086
12.01344
12.02631
12.03876
12.05105
12.06331
12.07586
12.08839
12.10073
12.13211
12.14597
12.15905
12.17114
12.18304
12.19553
12.20822
12.22058
12.23304
12.24707
12.26015
12.27301
12.29063
12.30323
12.31577
12.32772
12.33981
12.35173
12.36401
12.37683
12.38938
12.40161
12.41444
12.42702
12.44076
12.45302
12.46478
12.47792
12.49133
12.50349
12.51635
12.52919
12.54132
12.55373
12.566
12.57875
12.59122
12.60326
12.61576
12.62909
12.64235
TARGET DESTROYED 
12.65515
12.67628
12.68747
12.69827
12.70896
12.71938
12.73
12.74132
12.75233
12.7634
12.77498
12.78609
12.80534
12.81729
12.8281
12.83858
12.84895
12.8639
12.87574
12.8863
12.89741
12.9088
12.91982
12.93113
12.94332
12.95526
12.97174
12.98337
12.9956
13.00699
13.01888
13.03072
13.04302
13.05467
13.0657
13.07681
13.08857
13.10029
13.11257
13.12434
13.13556
13.14739
13.15869
13.16997
13.18155
13.19343
13.20444
13.21649
13.22857
13.23978
13.25157
13.26296
13.27358
13.28433
13.2956
13.31108
13.32199
13.33324
13.3441
13.35544
13.36664
13.37805
13.389
13.40012
13.41196
13.42354
13.43477
13.44603
13.45692
13.46775
13.47885
13.4899
13.50057
13.51179
13.52317
13.53412
13.54544
13.5568
13.56775
13.57902
13.59032
13.60168
13.61218
13.62358
13.63809
13.64934
13.66551
13.67826
13.69103
13.70196
13.71272
13.72449
13.73546
13.74644
13.75771
13.76966
13.78044
13.79167
13.80283
13.81349
13.82453
13.83578
13.84688
13.85824
13.86933
13.88056
TARGET DESTROYED 
13.89166
13.90757
13.91846
13.92927
13.93991
13.95042
13.96287
13.97446
13.98603
13.9975
14.00839
14.01898
14.03005
14.0407
14.05896
14.07131
14.08231
14.09259
14.10388
14.11498
14.12617
14.13721
14.14846
14.15975
14.17085
14.18205
14.19349
14.20453
14.21544
14.22668
14.23772
14.2489
14.26033
14.27144
14.28246
14.29391
14.30479
14.31598
14.32709
14.34312
14.3533
14.36387
14.37404
14.38405
14.39431
14.40551
14.41652
14.428
14.43872
14.45004
14.4613
14.47302
14.48349
14.49478
14.50624
14.51714
14.52812
14.53979
14.55072
14.56228
14.57393
14.58552
14.59689
14.60875
14.61999
14.63103
14.64224
14.65341
14.66466
14.67615
14.68702
14.69794
14.70944
14.72069
14.73196
14.74347
14.75487
14.7663
14.77735
14.78872
14.80016
14.81159
14.82288
14.83412
14.84538
14.85678
14.86814
14.87953
14.89099
14.90162
14.91278
14.92442
14.9352
14.94641
14.95801
14.96871
14.98037
14.99155
15.00231
15.01354
15.02919
15.03974
15.0503
15.06261
15.0751
15.08748
15.09934
15.11199
15.12468
15.13723
15.14955
15.16193
15.17483
15.1874
15.19956
15.2125
15.22485
15.23727
15.24951
15.26161
15.27534
15.28829
15.30053
15.31236
15.32353
15.33505
15.34669
15.35804
15.36789
15.37852
15.38826
15.39956
15.41068
15.42175
15.43297
15.44448
15.4553
15.4666
15.47763
15.48909
15.49997
15.51116
TARGET DESTROYED 
15.52254
15.53663
15.54758
15.55728
15.56715
15.57836
15.58971
15.60102
15.61788
15.62924
15.63883
15.64864
15.66261
15.67289
15.68337
15.69384
15.7099
15.72036
15.73044
15.74026
15.75038
15.76051
15.77125
15.78149
15.79135
15.80161
15.81284
15.82441
15.835
15.84638
15.85749
15.86863
15.88055
15.8914
15.90206
15.91361
15.92595
15.93742
15.94978
15.96213
15.97414
15.98693
15.99928
16.01178
16.02352
16.03547
16.04765
16.05991
16.07185
16.08425
16.09649
16.10892
16.12207
16.13417
16.14684
16.1592
16.17116
16.18392
16.19627
16.20882
16.22246
16.23476
16.24744
16.2599
16.27187
16.28498
16.29749
16.31044
16.32318
16.33546
16.34771
16.36071
16.37271
16.38496
16.39679
16.40942
16.42701
16.44013
16.45242
16.46468
16.47722
16.49079
16.50071
16.51141
16.52194
16.5328
16.54298
16.5555
16.56678
16.57849
16.58919
16.60023
16.61166
16.6229
16.63414
16.64555
16.65731
16.66811
16.68051
16.6918
16.70289
16.71489
16.72707
16.73792
16.7498
16.76166
16.77404
16.78475
16.79613
16.80724
16.81853
16.83025
16.84138
16.85276
16.86639
16.8805
16.89533
16.90892
16.91999
16.93117
16.9431
16.95416
16.9663
16.98103
16.99597
17.01098
17.02314
17.03496
17.04716
17.06142
17.07502
17.08676
17.09725
17.10847
17.1198
17.13517
17.14605
17.15588
17.16642
17.17604
17.18676
17.19786
17.2091
17.22013
17.23129
17.24268
17.25382
17.26484
17.27611
17.28782
17.29852
17.30952
17.3212
17.33197
17.34325
17.35427
17.36526
17.37671
17.3876
17.39881
17.41036
17.42112
17.43234
17.44365
17.4548
17.46591
17.47781
17.48887
17.49933
17.51063
17.52165
17.53328
17.54414
17.5553
17.56649
17.57813
17.58973
17.60114
17.61259
17.62445
17.63861
17.6487
17.65968
17.67057
17.68193
17.69361
17.70455
17.71591
17.72756
17.73827
17.7494
17.76155
17.77356
17.78469
17.79616
17.80767
17.82394
17.83593
17.84723
17.85838
17.86902
17.87997
17.89116
17.90193
17.91279
17.92424
17.93577
17.94745
17.95893
17.96982
17.98067
17.99211
18.00301
18.01452
18.02598
18.03728
18.04842
18.06015
18.07094
18.08192
18.09423
18.10608
18.11782
18.13046
18.1423
18.15416
18.16631
18.17932
18.19163
18.20336
18.21497
18.22699
18.23785
18.24883
18.26078
18.27375
18.2863
18.30046
18.31359
18.32634
18.33915
18.35204
18.36536
18.3773
18.38856
18.3998
18.41201
18.42307
18.43487
18.44671
18.45758
18.47353
18.48428
18.49626
18.50715
18.52406
18.53643
18.5478
18.55862
18.57004
18.58121
18.59254
18.60367
18.61479
18.62576
18.63717
18.64825
18.65982
18.67071
18.68316
18.6948
18.70593
18.71706
18.72853
18.7395
18.7505
18.76158
18.77299
18.78405
18.79511
18.80635
18.81773
18.82862
18.84011
18.85137
18.86337
18.87409
18.88486
18.89636
18.90706
18.91789
18.92909
18.94057
18.95158
18.96402
18.9742
18.98506
18.99622
19.00745
19.01872
19.02966
19.04115
19.05205
19.06309
19.07518
19.08559
TARGET DESTROYED 
19.09658
19.11187
19.12247
19.13338
19.14437
19.15429
19.16518
19.17554
19.18685
19.20283
19.21958
19.23152
19.2419
19.25307
19.26436
19.27575
19.28655
19.29787
19.3098
19.32038
19.33131
19.34246
19.35423
19.36475
19.37597
19.38716
19.39812
19.40977
19.42077
19.43165
19.44292
19.45435
19.46615
19.47673
19.48763
19.49897
19.51044
19.5217
19.53225
19.54355
19.55462
19.56573
19.57698
19.58816
19.59933
19.61054
19.62169
19.63561
19.64649
19.65651
19.66668
19.67795
19.68863
19.69989
19.71136
19.72302
19.73428
19.74577
19.75757
19.76884
19.78045
19.79232
19.80341
19.815
19.82744
19.83823
19.84991
19.86176
19.87251
19.88451
19.90104
19.91272
19.92449
19.93541
19.94668
19.95779
19.96944
19.98089
19.99218
20.00377
20.01535
20.02725
20.03802
20.0499
20.06149
20.0722
20.08298
20.09457
20.10497
20.11595
20.12727
20.1384
20.14989
20.16117
20.17145
20.18228
20.19296
20.20399
20.21433
20.22519
20.23658
20.24718
20.25855
20.27056
20.28099
20.29253
20.30342
20.31531
20.32633
20.33722
20.34863
20.36024
20.37164
20.38311
20.39441
20.40629
20.41725
20.42895
20.44033
20.45173
20.46294
20.47429
20.48589
20.49668
20.50795
20.51898
20.53031
20.54219
20.55316
20.56403
20.57556
TARGET DESTROYED 
20.59282
20.60998
20.6281
20.64059
20.65177
20.66312
20.67407
20.68556
20.69668
20.70814
20.71911
20.73027
20.74103
20.75159
20.76318
20.77383
20.78469
20.79593
20.80634
20.81694
20.82849
20.8394
20.85044
20.86189
20.87283
20.88386
20.89559
20.90624
20.91772
20.92895
20.93999
20.95107
20.96267
20.97443
20.98524
20.99606
21.00732
21.01806
21.02934
21.0404
21.05147
21.06267
21.0742
21.08496
21.09621
21.10742
21.1184
21.12969
21.14107
21.1525
21.16407
21.17563
21.18729
21.19881
21.2106
21.22202
21.23377
21.24552
21.25769
21.26808
21.28367
21.29469
21.30526
21.31506
21.32641
21.33684
21.34729
21.35831
21.36905
21.37963
21.3898
21.40057
21.41107
21.42156
21.43261
21.44392
21.45489
21.46608
21.47729
21.48859
21.49962
21.51081
21.52203
21.53331
21.54466
21.55552
21.56677
21.57789
21.58896
21.60051
21.61139
21.62265
21.63405
21.64832
21.65859
21.66881
21.67972
21.69055
21.70147
21.71249
21.72422
21.73517
21.74672
21.75806
21.76941
21.78081
21.79215
21.80331
21.81456
21.82586
21.83681
21.84799
21.85955
21.87036
21.88195
21.89281
21.90379
21.91488
21.92625
21.93725
21.94861
21.96424
21.97526
21.98637
21.99653
22.00659
22.01744
22.02741
22.03759
22.04939
22.05965
22.07091
22.08108
22.09232
22.10356
22.11448
22.12543
22.13672
22.14802
22.15955
22.17038
22.18121
22.19265
22.20387
22.2149
22.2261
22.23712
22.24843
22.25962
22.27078
22.28203
22.29306
22.30413
22.31536
22.32711
22.3379
22.34906
22.36064
22.37168
22.38309
22.3945
22.40605
22.41722
22.42879
22.44052
22.45124
22.46262
22.47423
22.4856
22.49654
22.50821
22.51923
22.53063
22.54207
22.55316
22.56429
22.57555
22.58664
22.59789
22.60955
22.62008
22.63128
22.64293
22.65898
22.6697
22.68056
22.69137
22.7015
22.71203
22.72331
22.7483
22.76058
22.77173
22.78259
22.79426
22.80509
22.81638
22.82742
22.83881
22.84991
22.86115
22.87204
22.88329
22.89454
22.9057
22.91672
22.92797
22.9396
22.9505
22.96149
22.97273
22.98384
22.99489
23.00634
23.01722
23.02836
23.03995
23.05088
23.06212
23.07323
23.08452
23.09538
23.10718
23.11771
23.12905
23.14087
23.15161
23.16247
23.17411
23.18484
23.19594
23.20745
23.21832
23.22955
23.241
23.25187
23.26335
23.27438
23.28542
23.29658
23.30776
23.31895
23.33025
23.34171
23.35772
23.36874
23.37956
23.39086
23.4013
23.41216
23.42332
23.43416
23.44536
23.45594
23.46665
23.47783
23.48859
23.49996
23.51122
23.52217
23.53351
23.54494
23.55581
23.567
23.57845
23.58969
23.60044
23.61181
23.62285
23.63745
23.6478
23.65868
23.66957
23.68103
23.69225
23.70248
23.71293
23.72469
23.73518
23.74605
23.75773
23.76858
23.78055
23.79127
23.80272
23.81387
23.82571
23.83625
23.84743
23.8585
23.86991
23.88092
23.8929
23.90315
23.91462
23.92577
23.93685
23.94796
23.95948
23.97043
23.98155
23.99278
24.00427
24.01576
24.02701
24.03774
24.05364
24.06531
24.07628
24.08608
24.09641
24.10668
24.11729
24.12823
24.13841
24.14944
24.16022
24.17005
24.1807
24.1911
24.2022
24.21367
24.22471
24.23587
24.24681
24.2582
24.26916
24.28039
24.29181
24.30254
24.31396
24.32501
24.33622
24.34755
24.3585
24.36986
24.38085
24.39205
24.40312
24.41586
24.42688
24.43762
24.44924
24.45977
24.47104
24.48288
24.49385
24.50499
24.51702
24.52787
24.53922
24.55096
24.5619
24.57343
24.58468
24.5958
24.6076
24.61924
24.63024
24.64161
24.65275
24.66417
24.67613
24.68708
24.69783
24.70925
24.72054
24.73118
24.74657
24.75664
24.76696
24.7775
24.78761
24.7979
24.80834
24.81816
24.82927
24.84088
24.85152
24.86255
24.8742
24.88491
24.89634
24.90774
24.91838
24.92969
24.94116
24.95199
24.96317
24.97441
24.98577
24.99678
25.00811
25.01896
25.03017
25.04442
25.05562
25.06569
25.07651
25.08644
25.09988
