0.02
0.04
0.14
0.1780773
0.1891074
0.1979952
0.2077136
0.2190222
0.2304103
0.2414744
0.252886
0.2637272
0.2747458
0.2860781
0.2978695
0.3082487
0.3195621
0.3311787
0.3418245
0.3531016
0.3644766
0.3754731
0.3870544
0.3980162
0.4090097
0.4209991
0.4314046
0.4425133
0.4537998
0.4648725
0.4760223
0.4872979
0.5030608
0.5122353
0.5215456
0.5321632
0.5429011
0.5545501
0.5654451
0.5763674
0.587626
0.599137
0.6101928
0.6210946
0.6325549
0.6436117
0.6548606
0.6659003
0.6770129
0.6881264
0.6995018
0.7104372
0.7215575
0.7328151
0.7438982
0.7552366
0.7669092
0.7774524
0.7889538
0.7999836
0.8109072
0.8222129
0.8333707
0.844457
0.855703
0.8670809
0.8784757
0.8921069
0.9030837
0.9145306
0.9260066
0.9372315
0.9493001
0.9599305
0.971231
0.9828011
0.994197
1.013119
1.025995
1.035512
1.045597
1.0569
1.067957
1.079378
1.090273
1.101339
1.112599
1.123847
1.134995
1.146255
1.157282
1.168457
1.180148
1.190771
1.203477
1.212969
1.224491
1.235954
1.246719
1.25796
1.269281
1.280159
1.291164
1.302813
1.313503
1.324982
1.336121
1.34755
1.358426
1.369812
1.380644
1.391948
1.403057
1.414941
1.425667
1.436446
1.447752
1.459101
1.469945
1.481933
1.493305
1.504998
1.51619
1.52744
1.538969
1.551033
1.561769
1.576735
1.586841
1.596016
1.607553
1.618789
1.630126
1.640891
1.655798
1.6662
1.676706
1.69356
1.704518
1.716062
1.726887
1.738191
1.751133
1.762589
1.773771
1.784419
1.794323
1.804872
1.816507
1.827546
1.839514
1.851185
1.861586
1.871991
1.88343
1.894445
1.905531
1.91696
1.928428
1.93925
1.950368
1.961487
1.972748
1.983788
1.994962
2.006568
2.017746
2.028646
2.040142
2.051127
2.062291
2.073293
2.084593
2.095501
2.106802
2.11827
2.1296
2.141114
2.15239
2.164694
2.175515
2.186783
2.198717
2.209835
2.22115
2.233143
2.243956
2.255582
2.267206
2.278175
2.290035
2.300997
2.316504
2.326391
2.337298
2.34738
2.357717
2.369591
2.382319
2.393329
2.403858
2.414256
2.424868
2.435066
2.445743
2.456819
2.469515
2.480944
2.494313
2.505519
2.515514
2.525809
2.536045
2.545512
2.555721
2.570192
2.579946
2.590259
2.600528
2.610219
2.621473
2.632994
2.643756
2.655045
2.669814
2.681962
2.692642
2.703803
2.714805
2.726061
2.736822
2.747263
2.758059
2.76981
2.779864
2.791279
2.802957
2.8131
2.823828
2.834912
2.845199
2.855956
2.867384
2.878875
2.890147
2.901414
2.912937
2.924302
2.935661
2.946931
2.958019
2.969873
2.985668
2.996728
3.008559
3.018865
3.029662
3.040295
3.051102
3.061795
3.072879
3.083483
3.094043
3.104894
3.115509
3.12589
3.137213
3.147758
3.158231
3.169148
3.180534
3.190731
3.202317
3.21291
3.223973
3.235029
3.246028
3.257446
3.268551
3.279566
3.290835
3.30182
3.313005
3.324542
3.33661
3.346555
3.357924
3.369045
3.380033
3.391206
3.402862
3.414845
3.425477
3.437096
3.449059
3.461118
3.471869
3.482958
3.494449
3.505279
3.517093
3.528139
3.539727
3.551145
3.562369
3.574319
3.585175
3.59628
3.607932
3.622754
3.634549
3.64548
3.656491
3.672831
3.684918
3.696368
3.707467
3.718497
3.729174
3.741046
3.752236
3.762715
3.775852
3.786606
3.796769
3.807706
3.819348
3.83018
3.841022
3.851819
3.862411
3.874072
3.885759
3.896322
3.906866
3.91794
3.928696
3.939731
3.95125
3.961517
3.972478
3.983472
3.994339
4.005478
4.017131
4.027875
4.039346
4.050514
4.061534
4.072891
4.084557
4.094997
4.106256
4.117245
4.129736
4.140342
4.150982
4.16205
4.17312
4.188012
4.199645
4.21085
4.221696
4.232618
4.244551
4.255898
4.266654
4.277833
4.288725
4.299433
4.310318
4.321655
4.333447
4.350518
4.361372
4.372826
4.384992
4.396678
4.407768
4.418785
4.429978
4.441784
4.4533
4.463552
4.47515
4.487029
4.499468
4.511388
4.522933
4.533506
4.545313
4.557127
4.567841
4.580446
4.592154
4.603534
4.614725
4.626644
4.637946
4.649717
4.661508
4.672729
4.684659
4.696833
4.7085
4.72067
4.731943
4.744003
4.755289
4.766358
4.777543
4.789134
4.800815
4.812516
4.824341
4.834805
4.845971
4.857383
4.868029
4.87955
4.890964
4.902058
4.912743
4.924187
4.935474
4.9462
4.957526
4.968855
4.979529
4.992517
5.003475
5.014234
5.026259
5.037516
5.05394
5.065714
5.078091
5.090206
5.101182
5.111835
5.123485
5.134866
5.145902
5.156816
5.167682
5.178802
5.190448
5.202037
5.21273
5.223772
5.234902
5.245745
5.258105
5.269279
5.281278
5.292345
5.30376
5.315195
5.326273
5.337093
5.347927
5.359796
5.371212
5.382259
5.393234
5.404285
5.415158
5.426302
5.437852
5.449522
5.460818
5.471871
5.48346
5.496045
5.50752
5.518169
5.529721
5.541077
5.552189
5.564105
5.576019
5.587881
5.599398
5.610817
5.621863
5.633832
5.644915
5.656024
5.668037
5.680359
5.692097
5.703769
5.716734
5.727603
5.744181
5.756269
5.767901
5.778904
5.790648
5.80262
5.814353
5.826656
5.839017
5.850548
5.861287
5.871736
5.882431
5.893339
5.904706
5.915946
5.9275
5.938021
5.95214
5.962568
5.97292
5.983774
5.994301
6.005191
6.016452
6.027234
6.038391
6.04986
6.060953
6.071947
6.083448
6.094364
6.105422
6.117234
6.127964
6.139
6.150259
6.161428
6.172649
6.184216
6.195453
6.205924
6.217948
6.228559
6.240343
6.252441
6.262889
6.273932
6.285271
6.295764
6.30745
6.319301
6.330336
6.341855
6.353433
6.365167
6.377114
6.388227
6.399549
6.410811
6.427234
6.43891
6.450834
6.461231
6.472081
6.483919
6.495435
6.50773
6.519082
6.530109
6.541227
6.552721
6.563594
6.574745
6.586048
6.596872
6.608279
6.620734
6.632162
6.642802
6.653552
6.664163
6.675337
6.687425
6.69792
6.708714
6.721299
6.731735
6.742601
6.753512
6.764876
6.775729
6.787083
6.798862
6.809604
6.820267
6.831982
6.842771
6.853945
6.865595
6.876829
6.887837
6.898671
6.911522
6.922647
6.933862
6.944696
6.955665
6.96719
6.977716
6.988726
7.000582
7.011721
7.023292
7.034674
7.046538
7.059174
7.070717
7.082151
7.093738
7.105003
7.12158
7.13387
7.144643
7.155879
7.166865
7.178217
7.188967
7.200268
7.21131
7.222713
7.233796
7.244848
7.256003
7.267514
7.278409
7.289587
7.300758
7.312068
7.323089
7.334731
7.345737
7.35649
7.36803
7.378775
7.390188
7.401287
7.412264
7.423622
7.435581
7.446541
7.457853
7.469974
7.480899
7.493895
7.508545
7.519985
7.532762
7.544163
7.556232
7.567516
7.579997
7.591355
7.606881
7.618921
7.631088
7.642945
7.654809
7.668488
7.681118
7.692977
7.7045
7.716019
7.729888
7.742845
7.754951
7.767172
7.778613
7.790565
7.801723
7.811971
7.82721
7.838213
7.848542
7.859464
7.870311
7.882024
7.892736
7.904265
7.915317
7.926234
7.937439
7.949012
7.959684
7.971384
7.982238
7.993846
8.004381
8.015788
8.027718
8.039264
8.051073
8.062803
8.074711
8.086454
8.097843
8.109959
8.121449
8.133761
8.145001
8.156952
8.168737
8.180504
8.191996
8.203921
8.216415
8.227912
8.24099
8.252774
8.265353
8.277425
8.288983
8.301455
8.312847
8.324026
8.336523
8.347952
8.359451
8.371325
8.383713
8.395397
8.406646
8.418
8.429113
8.440495
8.451948
8.463121
8.474999
8.486405
8.499466
8.511194
8.522345
8.539734
8.551934
8.563018
8.574599
8.585899
8.597616
8.608452
8.619636
8.631289
8.643076
8.655149
8.668206
8.680206
8.692473
8.704447
8.717295
8.729362
8.742625
8.754689
8.767437
8.779264
8.791183
8.803483
8.815848
8.827832
8.839746
8.85218
8.865642
8.877655
8.889968
8.901309
8.91302
8.925622
8.937587
8.950451
8.96239
8.975229
8.987533
8.999272
9.010842
9.021948
9.032085
9.043489
9.055017
9.065963
9.076929
9.088702
9.09941
9.11053
9.121363
9.132884
9.143992
9.155059
9.166188
9.177629
9.188514
9.199896
9.211012
9.221869
9.233116
9.253364
9.265895
9.277942
9.289186
9.30078
9.312102
9.323931
9.336011
9.347404
9.359919
9.371767
9.384567
9.396013
9.407508
9.419783
9.431602
9.443217
9.455097
9.467716
9.47897
9.491989
9.504993
9.516697
9.528047
9.539346
9.551021
9.561934
9.57296
9.584638
9.595203
9.610555
9.622572
9.634999
9.646793
9.658814
9.67072
9.682405
9.694273
9.705894
9.717715
9.729623
9.742473
9.754759
9.767196
9.779189
9.79161
9.80376
9.814996
9.82744
9.839147
9.851654
9.863773
9.876341
9.888069
9.900388
9.911878
9.923895
9.935928
9.94861
9.965597
9.97758
9.989678
10.00206
10.01336
10.02542
10.03752
10.04973
10.06143
10.07316
10.08537
10.09725
10.10959
10.12158
10.13396
10.14526
10.1573
10.16943
10.18121
10.19386
10.20546
10.21622
10.22736
10.23832
10.24989
10.2609
10.27191
10.28338
10.30708
10.31832
10.3294
10.34065
10.35137
10.36242
10.37354
10.38435
10.39529
10.40652
10.41752
10.42859
10.43956
10.45141
10.46249
10.47481
10.48693
10.49921
10.51124
10.52245
10.53406
10.54518
10.55639
10.5678
10.5787
10.58973
10.60085
10.61328
10.62441
10.63618
10.64721
10.66316
10.67488
10.68608
10.6971
10.70815
10.71919
10.72999
10.74141
10.75319
10.76439
10.77536
10.78781
10.79906
10.80992
10.82096
10.83141
10.84213
10.8527
10.86396
10.87491
10.88602
10.89786
10.909
10.91997
10.93102
10.94197
10.95328
10.96449
10.97589
10.98708
10.99813
11.00925
11.02029
11.03167
11.0427
11.05467
11.06514
11.07719
11.08869
11.11934
11.13006
11.1407
11.15167
11.1624
11.17279
11.18424
11.19929
11.21188
11.22511
11.23721
11.25008
11.26224
11.27408
11.28627
11.29708
11.30839
11.31967
11.33057
11.34149
11.35303
11.36363
11.37451
11.3864
11.39764
11.40862
11.42016
11.43167
11.44303
11.45428
11.47011
11.48982
11.50527
11.51761
11.52888
11.54003
11.55201
11.56408
11.57589
11.59135
11.60579
11.62221
11.63569
11.64893
11.66079
11.67245
11.68454
11.69706
11.70996
11.72217
11.73311
11.74299
11.75331
11.76437
11.77466
11.78524
11.79521
11.80556
11.81531
11.82569
11.83681
11.84727
11.858
11.86937
11.8804
11.89131
11.90263
11.9138
11.9249
11.93608
11.94775
11.95861
11.96962
11.98096
11.9923
12.0038
12.01445
12.02567
12.03701
12.04834
12.05892
12.07027
12.08171
12.09244
12.10366
12.1159
12.12605
12.1371
12.14855
12.16408
12.17448
12.18456
12.19467
12.20525
12.21682
12.22833
12.24214
12.2526
12.26245
12.27367
12.28485
12.296
12.30719
12.31831
12.32952
12.34081
12.35186
12.36307
12.3742
12.40202
12.41297
12.42335
12.43403
12.44422
12.45504
12.46599
12.47604
12.4866
12.49768
12.50875
12.51908
12.5289
12.53982
12.55055
12.56169
12.58611
12.59669
12.60719
12.61758
12.62902
12.64011
12.65134
12.66281
12.67459
12.68577
12.69685
12.7084
12.71936
12.73012
12.74141
12.75275
12.76312
12.77619
12.78768
12.79875
12.8103
12.82133
12.83209
12.84316
12.85901
12.87102
12.88283
12.89382
12.90493
12.91758
12.92798
12.9386
12.94979
12.96092
12.97172
12.98274
12.99379
13.00457
13.01622
13.02705
13.03805
13.04946
13.06014
13.07158
13.08335
13.09379
13.10501
13.11691
13.12755
13.13851
13.14972
13.16079
13.17166
13.18311
TARGET DESTROYED 
13.19359
13.21345
13.22574
13.237
13.24827
13.25902
13.27096
13.29139
13.30402
13.31558
13.3262
13.33824
13.35
13.36074
13.37209
13.38352
13.39426
13.40513
13.41686
13.42803
13.43899
13.45047
13.461
13.47173
13.48353
13.4957
13.50727
13.52511
13.53603
13.54597
13.55695
13.56705
13.5785
13.58934
13.6007
13.61166
13.62272
13.63741
13.64913
13.6604
13.67133
13.68298
13.69406
13.70519
13.71706
13.7275
13.73885
13.7503
13.76089
13.77203
13.78399
13.79433
13.80537
13.81703
13.82734
13.83813
13.84934
13.86005
13.87061
13.88138
13.89316
13.90456
13.91596
13.92679
13.93761
13.9488
13.95946
13.97037
13.98118
13.99235
14.00318
14.01432
14.02564
14.03658
14.04785
14.05893
14.07023
14.08238
14.09341
14.10519
14.1178
14.12821
14.13871
14.15018
14.16187
14.1729
14.18426
14.19547
14.21109
14.22219
14.23296
14.24397
14.25401
14.26429
14.27516
14.28547
14.29581
14.30733
14.31822
14.32958
14.34055
14.35191
14.36323
14.37433
14.38537
14.39644
14.40762
14.41897
14.42976
14.44113
14.45236
14.46352
14.47458
14.4858
14.49697
14.50819
14.52
14.53115
14.54164
14.5534
14.56439
14.57509
14.58623
14.59768
14.60911
14.62014
14.63157
14.64273
14.65486
14.66561
14.67697
14.68944
14.70017
14.71179
14.7222
14.73347
14.74446
14.75598
14.76714
14.77826
14.78957
14.8006
14.8118
14.82309
14.83436
14.84604
14.85665
14.86772
14.87889
14.89415
14.90493
14.91629
14.92744
14.93802
14.94849
14.95943
14.96975
14.97996
14.99131
15.00169
15.01247
15.02392
15.03572
15.04691
15.05861
15.06999
15.08087
15.09233
15.10398
15.11651
15.12818
15.1404
15.15248
15.16448
15.17584
15.18695
15.19908
TARGET DESTROYED 
15.21144
15.23038
15.24487
15.26012
15.2744
15.28806
15.30335
15.32093
15.33397
15.34373
15.35423
15.36553
15.37643
15.38782
15.39907
15.40993
15.42131
15.43254
15.44354
15.45487
15.46611
15.47702
15.48822
15.49993
15.51063
15.52222
15.53324
15.54394
15.55521
15.56665
15.57755
15.58865
15.60309
15.61781
15.62767
15.63791
15.64964
15.66009
15.67068
15.68136
15.69134
15.70211
15.71237
15.72278
15.73384
15.74497
15.75627
15.76744
15.77896
15.78994
15.80137
15.81225
15.82347
15.83544
15.84594
15.85839
15.86961
15.87971
15.89066
15.9016
15.91327
15.92422
15.93558
15.94625
15.95755
15.96868
15.98015
15.99152
16.00289
16.01446
16.02604
16.03701
16.04901
16.05979
16.07126
16.08296
16.09435
16.10538
16.11727
16.12871
16.13981
16.1513
16.16329
16.17385
16.18663
16.19813
16.21089
16.2233
16.2351
16.24648
16.26363
16.27536
16.29033
16.30217
16.31293
16.32484
16.3374
16.34953
16.36083
16.37205
16.38381
16.39482
16.40635
16.41792
16.42888
16.4402
16.45211
16.4636
16.47572
16.4875
16.49888
16.50928
16.52085
16.53186
16.54249
16.55406
16.56451
16.57535
16.58686
16.59739
16.60788
16.61841
16.62889
16.63911
16.64999
16.66089
16.67213
16.68353
16.69449
16.70596
16.71731
16.7286
16.73957
16.75084
16.76175
16.77301
16.78468
16.79528
16.80717
16.81828
16.82937
16.84086
16.85237
16.86378
16.87554
16.88669
16.89811
16.90905
16.92087
16.9321
16.9436
16.95947
16.97141
16.98196
16.99355
17.00417
17.01515
17.02631
17.03745
17.04848
17.0596
17.0704
17.08067
17.09174
17.10245
17.11275
17.12418
17.13501
17.14537
17.15619
17.16748
17.17857
17.1894
17.2006
17.21136
17.22188
17.23314
17.24391
17.25527
17.26659
17.27699
17.28782
17.29822
17.30888
17.32005
17.33164
17.34234
17.35345
17.36514
17.37585
17.38732
17.39848
TARGET DESTROYED 
17.40942
17.42424
17.43522
17.44537
17.45624
17.46705
17.47712
17.48887
17.50688
17.51834
17.52816
17.5385
17.54828
17.55803
17.56779
17.57796
17.58841
17.59986
17.61932
17.63008
17.64119
17.65222
17.66254
17.67356
17.68409
17.69424
17.70462
17.71499
17.72553
17.73654
17.74646
17.75699
17.76807
17.77825
17.78929
17.80066
17.81174
17.8228
17.83404
17.84504
17.85623
17.8679
17.87853
17.88968
17.90103
17.91211
17.92328
17.93444
17.94555
17.95701
17.96827
17.97921
17.99031
18.00162
18.01254
18.02398
18.03484
18.04602
18.05731
18.06856
18.07996
18.0916
18.10294
18.11558
18.12609
18.13775
18.14886
18.16029
18.17161
18.18319
18.19477
18.20613
18.2175
18.22924
18.24025
18.2519
18.26361
18.27494
18.28555
18.30156
18.31282
18.32381
18.33507
18.34553
18.35642
18.36758
18.37826
18.38879
18.40068
18.4113
18.42196
18.43336
18.4445
18.45543
18.46632
18.47658
18.48719
18.49874
18.50965
18.52195
18.53466
18.54656
18.55822
18.56985
18.58145
18.59371
18.6061
18.61975
18.63384
18.64829
18.6701
18.69147
18.7046
18.72323
18.73939
18.75247
18.76426
18.77594
18.78677
18.79763
18.80916
18.82112
18.83223
18.84321
18.85435
18.8653
18.87634
18.88749
18.89834
18.90959
18.92052
18.93124
18.94231
18.95366
18.96523
18.97601
18.98724
18.99826
19.00926
19.02504
19.03672
19.04881
19.05967
19.07106
19.08272
19.09369
19.10482
19.11619
19.12733
19.13826
19.14957
19.16024
19.17085
19.18208
19.19298
19.204
19.21638
19.22759
19.23929
19.25041
19.26108
19.27229
19.28356
19.29413
19.30484
19.31622
19.32681
19.33791
19.34949
19.36053
19.37184
19.38387
19.39426
19.40508
19.41702
19.42774
19.43887
19.45036
19.46107
19.47193
19.48323
19.49473
19.50588
19.51772
19.52884
19.54056
19.5515
19.56177
19.57218
19.58245
19.59279
19.60335
19.61358
19.62444
19.64297
19.65854
19.67283
19.68771
19.70272
19.71952
19.73204
19.74383
19.75534
19.7677
19.77903
19.7911
19.80295
19.81517
19.82771
19.84014
19.85232
19.86432
19.8759
19.8876
19.90001
TARGET DESTROYED 
19.9116
19.92937
19.94151
19.95391
19.96632
19.98283
20.00007
20.02339
20.04173
20.0585
20.0709
20.08318
20.09487
20.10702
20.11952
20.13299
20.14528
20.15816
20.17048
20.18356
20.19597
20.20919
20.22246
20.23585
20.24836
20.26094
20.27318
20.28588
20.29906
20.31166
20.32431
20.33684
20.34851
20.36076
20.37246
20.38476
20.39641
20.40856
20.42116
20.43359
20.45002
20.46305
20.47518
20.48757
20.50081
20.51317
20.52535
20.53746
20.5499
20.56175
20.57353
20.58593
20.59843
20.6109
20.62358
20.63578
20.64847
20.66055
20.67257
20.68556
20.69818
20.71023
20.72289
20.73486
20.7465
20.75888
20.77103
20.78354
20.79526
20.8073
20.81951
20.8318
20.84461
20.85695
20.869
20.88144
20.89407
20.90588
20.91815
20.92998
20.94179
20.95479
20.96753
20.97915
20.99162
21.00343
21.01533
21.02783
21.03951
21.05149
21.06356
21.07539
21.08812
21.10115
21.11281
21.12517
21.13727
21.14994
21.1617
21.17823
21.1918
21.20403
21.21618
21.22833
21.24176
21.25453
21.26779
21.28007
21.29205
21.30312
21.31329
21.3242
21.33569
21.34589
21.35746
21.36843
21.37864
21.3901
21.401
21.41152
21.42264
21.43361
21.44379
21.45459
21.46559
21.47594
21.48662
21.49859
21.50901
21.52008
21.53107
21.54227
21.5534
21.56487
21.57549
21.58707
21.59839
21.60936
21.62036
21.6344
21.64477
21.65589
21.66621
21.67624
21.68743
21.6991
21.71027
21.72293
21.73354
21.74569
21.75629
21.7678
21.77922
21.79083
21.80239
21.81388
21.82504
21.83637
21.84823
21.8597
21.8702
21.88548
21.89637
21.90703
21.91805
21.92835
21.94048
21.95372
21.96697
21.9791
21.99225
TARGET DESTROYED 
22.00435
22.02279
22.03697
22.05661
22.07079
22.08366
22.0959
22.10788
22.12091
22.13419
22.14629
22.15885
22.17158
22.18438
22.197
22.20974
22.22218
22.23511
22.2476
22.26011
22.27237
22.28576
22.29885
22.31123
22.32399
22.33623
22.3486
22.36106
22.37344
22.38569
22.39847
22.41074
22.42385
22.4365
22.4487
22.46129
22.47346
22.48627
22.49977
22.51218
22.52567
22.53788
22.55103
22.5633
22.57565
22.58807
22.60607
22.61938
22.63201
22.64431
22.65751
22.66985
22.68214
22.69449
22.70703
22.7198
22.73299
22.74562
22.75854
22.77117
22.78388
22.7961
22.80839
22.82156
22.83486
22.84724
22.8614
22.8735
22.88638
22.90009
22.91224
22.925
22.93801
22.95103
22.96347
22.97605
22.98813
23.00063
23.02584
23.03861
23.05092
23.06237
23.07413
23.08659
23.09863
23.1104
23.12236
23.13498
23.14728
23.15942
23.17121
23.18302
23.19498
23.20648
23.21858
23.23018
23.24165
23.25405
23.26653
23.2788
23.29093
23.30293
23.31459
23.32682
23.33919
23.35698
23.3701
23.38167
23.39346
23.40549
23.41769
23.43017
23.44206
23.45374
23.46635
23.47806
23.49113
23.5039
23.51587
23.52707
23.53845
23.55062
23.56229
23.58689
23.59826
23.61346
23.62559
23.6372
23.64884
23.66091
23.67283
23.68485
23.6976
23.70985
23.72222
23.73442
23.74637
23.75839
23.77043
23.78305
23.79473
23.80702
23.81877
23.82956
23.8407
23.85128
23.86142
23.87304
23.88373
23.8941
23.90533
23.91578
23.92615
23.937
23.94662
23.95808
23.9687
23.97898
23.98991
24.0002
24.01061
24.02211
24.03337
24.04426
24.05549
24.06675
24.08183
24.09243
24.10362
24.11351
24.12495
24.13709
24.14958
24.16124
24.17219
24.1832
24.19371
24.20474
24.21532
24.22614
24.23726
TARGET DESTROYED 
24.24748
24.26336
24.27454
24.28558
24.29636
24.30678
24.31732
24.32735
24.33833
24.34855
24.35858
24.36974
24.38689
24.40019
24.41044
24.42107
24.43253
24.44296
24.45337
24.46375
24.47429
24.48491
24.4966
24.50734
24.51825
24.5286
24.53976
24.55028
24.5609
24.57209
24.58281
24.59336
24.6046
24.61534
24.62586
24.63646
24.64781
24.65863
24.6699
24.68142
24.69232
24.70333
24.71457
24.72556
24.73688
24.74824
24.75915
24.77034
24.78599
24.79708
24.80808
24.81871
24.82953
24.8406
24.85111
24.86125
24.87314
24.88352
24.8946
24.90592
24.91792
24.92883
24.94034
24.95162
24.96314
24.97382
24.98509
24.9964
25.00818
25.01874
25.03013
25.04095
25.05217
25.06335
25.07472
25.0863
25.09706
25.10812
25.1192
25.1305
25.14188
25.153
25.16454
25.17535
25.18685
25.19833
25.20935
25.22093
25.23237
25.24333
25.25479
25.26626
25.27803
25.28872
25.30021
25.31161
25.32257
25.33411
25.34532
25.3562
25.36761
25.37877
25.38994
25.40102
25.412
25.42327
25.43453
25.44598
25.45684
25.46805
25.47906
25.49009
25.50587
25.5162
25.52627
25.5358
25.54481
25.55614
25.56728
25.57795
25.58783
25.59876
25.60958
25.62352
25.63438
25.64448
25.65449
25.66572
25.67664
25.6882
25.69954
25.71045
25.72152
25.73307
25.74379
25.75503
25.7665
25.77757
25.78831
25.80013
25.81083
25.82181
25.83318
25.84423
25.8555
25.86679
25.87796
25.88996
25.90096
25.91203
25.92373
25.93501
25.94619
25.9579
25.96913
25.98062
25.99234
26.01012
26.02164
26.03297
26.04391
26.05511
26.06635
26.07748
26.0886
26.1
26.11103
26.12198
26.13341
26.14442
26.15578
26.16683
26.17842
26.19071
26.2018
26.21191
26.22259
26.2342
26.25
26.26093
26.27204
26.28281
26.2931
26.30369
26.31424
26.32467
26.33466
26.34532
26.35647
26.36811
26.37888
26.39
26.4017
26.41289
26.42415
26.43593
26.44721
26.45856
26.46974
26.48138
26.49282
26.50349
26.51493
26.52576
26.53704
26.54841
26.56002
26.57104
26.58201
26.5929
26.60416
26.61565
26.62646
26.63782
26.64958
26.6606
26.67208
26.68373
26.6947
26.70608
26.71813
26.72866
26.74025
26.75148
26.76285
26.77401
26.78536
26.79697
26.80827
26.81941
26.83065
26.84169
26.85277
26.86447
26.87552
26.88676
26.89809
26.90859
26.91976
26.93115
26.94221
26.95338
26.96887
26.97937
26.98965
26.99981
27.00978
27.02035
27.02972
27.03963
27.05055
27.06157
27.07287
27.08414
27.09544
27.1063
27.11787
27.129
27.13976
27.1516
27.16217
27.17356
27.18493
27.19559
27.20703
27.21815
27.22925
27.24032
27.25173
27.26264
27.27398
27.28502
27.29626
27.3073
27.31863
27.32969
27.34108
27.35251
27.3637
27.37553
27.38651
27.39823
27.40923
27.42077
27.43244
27.44337
27.45477
27.46622
27.47758
27.4888
27.50042
27.51149
27.52265
27.53429
27.54525
27.5567
27.56779
27.57907
27.5902
27.60122
27.61282
27.62366
27.63788
27.6493
TARGET DESTROYED 
27.66029
27.68883
27.70071
27.71116
27.72138
27.73117
27.74254
27.75274
27.76403
27.77495
27.78626
27.79809
27.80845
27.82062
27.8404
27.85206
27.86197
27.87187
27.88152
27.89139
27.90314
27.91311
27.92339
27.93382
27.94349
27.95375
27.96535
27.97614
27.98731
27.9986
28.00968
28.02069
28.03206
28.04309
28.0542
28.06562
28.07681
28.08777
28.09923
28.11002
28.1214
28.13286
28.14384
28.15507
28.16648
28.17706
28.18826
28.19942
28.21288
28.22392
28.2337
28.24399
28.25546
28.26665
28.27778
28.28899
28.30263
