0.02
0.04
0.14
0.1715066
0.1826897
0.1948266
0.2059597
0.2174236
0.2284803
0.2400529
0.2505714
0.2620365
0.2728755
0.2839643
0.2971075
0.3069834
0.3173944
0.3287328
0.3400408
0.3508053
0.3621704
0.3736961
0.3845161
0.3956595
0.4070426
0.4179588
0.4292151
0.4404531
0.4516587
0.4626568
0.4739997
0.4884746
0.498336
0.5083797
0.5184571
0.5296094
0.5411775
0.5521412
0.5630867
0.5746077
0.585659
0.5966496
0.608546
0.619178
0.6303576
0.6415572
0.6523855
0.6636376
0.6749244
0.6859443
0.6974097
0.7084774
0.7195072
0.7306932
0.7419595
0.753267
0.7643524
0.7753174
0.7866574
0.7977697
0.8089807
0.8200535
0.8312049
0.8425414
0.8535321
0.86472
0.8758891
0.8916562
0.9028191
0.9139746
0.9257038
0.936555
0.9478678
0.95933
0.970185
0.9814795
0.9926562
1.003928
1.015091
1.026128
1.037156
1.048432
1.05963
1.071146
1.082142
1.093436
1.104532
1.115458
1.126888
1.13806
1.14901
1.160497
1.171923
1.182521
1.19388
1.20523
1.216001
1.227178
1.23902
1.249547
1.260842
1.272127
1.283529
1.294852
1.305663
1.3166
1.327951
1.339394
1.349898
1.361522
1.372827
1.383416
1.395305
1.406108
1.416898
1.42839
1.445588
1.458134
1.467421
1.479274
1.490495
1.501463
1.512733
1.523918
1.534988
1.547763
1.558244
1.568487
1.582462
1.592546
1.6024
1.61324
1.624304
1.639248
1.648791
1.658624
1.668944
1.680257
1.695484
1.705413
1.714701
1.72492
1.736082
1.747073
1.758548
1.769681
1.780683
1.7919
1.803106
1.814262
1.825342
1.83652
1.847733
1.860335
1.870619
1.882211
1.893492
1.905291
1.916356
1.927854
1.939508
1.950545
1.962169
1.973571
1.984534
1.995868
2.007544
2.018439
2.029285
2.040769
2.051652
2.062883
2.074389
2.085646
2.096828
2.108446
2.119535
2.131037
2.142347
2.153653
2.164822
2.176418
2.187449
2.198912
2.210136
2.223654
2.233968
2.243572
2.254907
2.265965
2.277116
2.288606
2.299847
2.31162
2.322823
2.333066
2.34423
2.355457
2.366414
2.378172
2.38935
2.400616
2.411208
2.422709
2.433407
2.444523
2.456192
2.466979
2.478092
2.489886
2.500458
2.511657
2.523304
2.533857
2.545345
2.556579
2.567636
2.578733
2.59006
2.601315
2.61248
2.623588
2.634479
2.645811
2.65705
2.671438
2.681134
2.690982
2.700634
2.711137
2.722533
2.733407
2.744845
2.756135
2.766991
2.778281
2.789583
2.801005
2.811661
2.823049
2.833972
2.845281
2.856556
2.867677
2.878816
2.890027
2.901274
2.912401
2.923782
2.934459
2.945728
2.959155
2.969981
2.980306
2.99095
3.001532
3.012672
3.024218
3.035276
3.047599
3.058277
3.069057
3.080554
3.092048
3.103098
3.115097
3.127023
3.138577
3.148815
3.159543
3.170628
3.18205
3.193992
3.204092
3.215417
3.226831
3.237966
3.249066
3.260291
3.271838
3.282432
3.294829
3.305401
3.31653
3.326908
3.338472
3.349728
3.361225
3.372287
3.382955
3.394035
3.405459
3.416821
3.427848
3.439261
3.450013
3.461054
3.472494
3.483316
3.494539
3.505994
3.516959
3.528084
3.539682
3.550622
3.561777
3.573457
3.584134
3.595116
3.60648
3.617904
3.628752
3.640048
3.651191
3.66218
3.67354
3.684606
3.695697
3.712585
3.723541
3.734091
3.744808
3.755013
3.765405
3.776528
3.786965
3.797648
3.808152
3.818403
3.829042
3.839537
3.849825
3.860755
3.870958
3.881725
3.892491
3.90319
3.914384
3.926401
3.937123
3.947898
3.959404
3.970081
3.981383
3.992957
4.003708
4.01486
4.026686
4.036913
4.048497
4.059583
4.071045
4.081724
4.092978
4.104048
4.115276
4.126728
4.138619
4.149162
4.160327
4.172396
4.184595
4.195165
4.206369
4.217494
4.229223
4.240486
4.251628
4.262964
4.274676
4.285715
4.297104
4.308913
4.320089
4.331335
4.342655
4.354088
4.365709
4.37704
4.388652
4.399549
4.410566
4.422134
4.432901
4.444044
4.455626
4.477544
4.488897
4.499477
4.509929
4.520009
4.530324
4.540294
4.550854
4.562088
4.573378
4.584523
4.595512
4.607103
4.617863
4.629031
4.640364
4.651495
4.662548
4.674166
4.684884
4.69628
4.707292
4.718422
4.729636
4.740868
4.751887
4.763033
4.778758
4.789355
4.79952
4.810233
4.820811
4.831343
4.8414
4.852611
4.863543
4.874791
4.885925
4.897131
4.908672
4.919578
4.930589
4.941852
4.952933
4.964293
4.97577
4.98759
4.999007
5.010366
5.022274
5.033643
5.044742
5.056214
5.067935
5.078234
5.08955
5.100753
5.111653
5.123088
5.133954
5.145601
5.156882
5.168213
5.179431
5.190847
5.201974
5.213315
5.224673
5.23618
5.247354
5.2589
5.270139
5.281211
5.293208
5.304249
5.315847
5.326496
5.338142
5.349139
5.360387
5.371472
5.382491
5.393693
5.404748
5.415964
5.434623
5.445573
5.456279
5.466766
5.478212
5.489416
5.500605
5.511343
5.522951
5.533803
5.545373
5.556542
5.567307
5.578653
5.589721
5.601173
5.612738
5.624079
5.634275
5.645998
5.656941
5.668015
5.679054
5.69078
5.701291
5.712959
5.723901
5.734859
5.745908
5.757462
5.769381
5.779635
5.79066
5.805371
5.815587
5.826169
5.836277
5.846916
5.858436
5.869821
5.881058
5.892613
5.904133
5.915516
5.932596
5.943344
5.953049
5.963089
5.973416
5.983561
5.994076
6.00433
6.015462
6.026623
6.038272
6.051588
6.062351
6.072476
6.08345
6.093769
6.105069
6.11585
6.127234
6.13861
6.149419
6.160611
6.171981
6.182908
6.194667
6.205779
6.216524
6.227713
6.239332
6.250115
6.261187
6.272616
6.283534
6.295158
6.306518
6.317605
6.329054
6.340499
6.351756
6.363019
6.374568
6.385736
6.397398
6.408505
6.419979
6.431381
6.442714
6.453723
6.465087
6.476682
6.488311
6.499417
6.510447
6.521811
6.5328
6.544181
6.555725
6.566343
6.577674
6.589139
6.599961
6.612285
6.622746
6.633405
6.644538
6.656144
6.666798
6.678048
6.689703
6.700302
6.711846
6.722874
6.733845
6.744981
6.75661
6.76732
6.778748
6.790217
6.800807
6.812071
6.823435
6.834274
6.845617
6.857192
6.873038
6.883464
6.894113
6.904511
6.915004
6.925444
6.935488
6.945888
6.956352
6.966414
6.977208
6.98784
6.99837
7.008714
7.01964
7.030729
7.041866
7.053033
7.064042
7.075195
7.086453
7.097567
7.108903
7.119943
7.131213
7.142326
7.153709
7.164548
7.175767
7.187173
7.198186
7.209331
7.220416
7.23162
7.24272
7.254019
7.265257
7.276321
7.287776
7.299357
7.310462
7.322162
7.333666
7.344874
7.356411
7.367506
7.379056
7.390554
7.40173
7.41317
7.424687
7.436096
7.447461
7.458988
7.476928
7.487333
7.499876
7.510966
7.522607
7.533102
7.544433
7.556012
7.566608
7.577909
7.589525
7.60019
7.611505
7.622766
7.633719
7.646104
7.656803
7.667356
7.679074
7.689997
7.700701
7.711954
7.723294
7.734178
7.745429
7.756768
7.767608
7.778885
7.790233
7.801294
7.812709
7.823847
7.83486
7.846051
7.857781
7.868948
7.880383
7.891684
7.903081
7.915029
7.930631
7.940974
7.951058
7.961287
7.972055
7.982364
7.99365
8.004878
8.015852
8.027096
8.092714
8.104036
8.114194
8.125622
8.136448
8.147446
8.158857
8.169967
8.180997
8.192058
8.203369
8.21468
8.225814
8.236938
8.248106
8.259454
8.270574
8.2818
8.293269
8.304258
8.315138
8.326423
8.337538
8.348616
8.360007
8.370819
8.382174
8.39326
8.404664
8.41556
8.426682
8.438555
8.449162
8.460383
8.471622
8.482529
8.493878
8.5051
8.516117
8.527203
8.538935
8.549704
8.560903
8.572715
8.583265
8.594419
8.606438
8.617033
8.627905
8.639245
8.650143
8.661742
8.67275
8.683659
8.695045
8.706262
8.717163
8.728708
8.739763
8.750871
8.761939
8.77427
8.787032
8.799963
8.811162
8.823289
8.833746
8.845035
8.85658
8.867244
8.878631
8.890052
8.901187
8.912365
8.923484
8.934225
8.945758
8.95686
8.967926
8.979213
8.990516
9.001387
9.012691
9.024202
9.035014
9.050361
9.061153
9.072118
9.082459
9.092799
9.102765
9.11296
9.123916
9.134394
9.144789
9.154914
9.16502
9.176029
9.186932
9.198133
9.209361
9.220585
9.231554
9.242703
9.253879
9.264886
9.276284
9.287382
9.298591
9.3097
9.322006
9.332381
9.343551
9.354469
9.365977
9.37719
9.388226
9.399056
9.410264
9.421745
9.432538
9.443748
9.45543
9.466441
9.477934
9.489745
9.500689
9.512067
9.523706
9.535147
9.54633
9.557662
9.56918
9.580476
9.591919
9.603317
9.614908
9.625935
9.637206
9.648666
9.660007
9.671504
9.68275
9.694623
9.705227
9.716183
9.727612
9.738795
9.749683
9.760992
9.772442
9.783216
9.794498
9.806065
9.816857
9.828109
9.839398
9.850462
9.861495
9.872817
9.883717
9.894946
9.906418
9.917565
9.928602
9.940043
9.950809
9.961906
9.973545
9.984275
9.995582
10.00725
10.0178
10.02911
10.04052
10.05143
10.06266
10.07406
10.08484
10.10079
10.11134
10.12203
10.13237
10.14335
10.15361
10.16467
10.17556
10.18597
10.19641
10.20656
10.21693
10.22775
10.23813
10.24831
10.25887
10.26982
10.28103
10.2924
10.30367
10.31545
10.3263
10.33677
10.34797
10.35942
10.37035
10.38163
10.39292
10.40387
10.41512
10.4266
10.43766
10.44867
10.45993
10.47766
10.48803
10.49847
10.50957
10.51973
10.53003
10.54027
10.55083
10.56178
10.57204
10.58325
10.59439
10.60613
10.61694
10.6281
10.63936
10.65023
10.66134
10.67263
10.68368
10.69556
10.70632
10.71718
10.72883
10.73969
10.75064
10.76183
10.77328
10.78449
10.79532
10.8066
10.81788
10.82904
10.84059
10.85162
10.86314
10.87459
10.88601
10.89718
10.90863
10.92018
10.93146
10.94314
10.95433
10.96549
10.97696
10.98854
11.00018
11.01084
11.02313
11.03375
11.04501
11.05693
11.06787
11.07907
11.09027
11.10184
11.1124
11.12373
11.13498
11.14602
11.16185
11.17236
11.18283
11.19358
11.20408
11.21463
11.22536
11.23536
11.24582
11.25621
11.26624
11.27818
11.2886
11.29931
11.31007
11.32067
11.33171
11.34317
11.35403
11.36507
11.37619
11.38738
11.39861
11.40996
11.42089
11.43204
11.44409
11.45574
11.46751
11.48008
11.4922
11.50345
11.51531
11.52703
11.53925
11.55075
11.56291
11.57512
11.58676
11.59926
11.61159
11.62332
11.63457
11.64595
11.65758
11.66927
11.6807
11.69319
11.70491
11.71712
11.72904
11.74109
11.75278
11.77298
11.78333
11.79358
11.80315
11.81398
11.82428
11.83362
11.84507
11.85607
11.86734
11.87884
11.89072
11.90081
11.91215
11.92362
11.934
11.94533
11.95685
11.96836
11.97897
11.99016
12.00126
12.01225
12.02381
12.03457
12.04595
12.05731
12.06818
12.07934
12.09057
12.10157
12.11305
12.12427
12.13518
12.14639
12.15759
12.16889
12.18009
12.19111
12.20224
12.21334
12.22462
12.23973
12.24964
12.25977
12.26927
12.2805
12.29146
12.30289
12.31384
12.32504
12.3369
12.34809
12.36003
12.37177
12.38313
12.39486
12.40644
12.41733
12.42859
12.43986
12.45072
12.46191
12.47348
12.48433
12.49564
12.50711
12.51781
12.52911
12.54092
12.55133
12.56249
12.57397
12.58488
12.5961
12.60745
12.6189
12.62994
12.64143
12.65328
12.66384
12.6757
12.68667
12.69765
12.70946
12.72044
12.73196
12.74311
12.75444
12.76559
12.77703
12.7883
12.79916
12.81048
12.82176
12.8325
12.84376
12.85529
12.86626
12.87733
12.88898
12.89958
12.91085
12.92227
12.93312
12.94429
12.95587
12.96682
12.97808
12.98956
13.00046
13.01127
13.02275
13.03384
13.04501
13.05699
13.0671
13.07836
13.0899
13.10084
13.11194
13.12368
13.13433
13.14535
13.15687
13.1677
13.17895
13.19023
13.20149
13.21239
13.2239
13.23681
13.2471
13.25704
13.26842
13.27947
13.29064
13.30631
13.31608
13.32656
13.33673
13.34702
13.35771
13.36826
13.37836
13.38831
13.39921
13.41025
13.42172
13.43255
13.44363
13.45498
13.466
13.47705
13.48861
13.49948
13.51073
13.52185
13.53298
TARGET DESTROYED 
13.54409
13.56275
13.57351
13.58344
13.60195
13.61511
13.62493
13.6347
13.64549
13.65525
13.66563
13.67664
13.68799
13.69889
13.71011
13.72152
13.73259
13.74387
13.75486
13.766
13.77726
13.78859
13.79945
13.81074
13.82217
13.83316
13.84418
13.85572
13.86676
13.87819
13.88964
13.90018
13.91111
13.92236
13.9337
13.94466
13.95612
13.96714
13.97882
13.98973
14.00066
14.01174
14.02328
14.0344
14.04622
14.05807
14.06851
14.0799
14.09058
14.1015
14.11271
14.12445
14.13633
14.14748
14.1589
14.16992
14.18115
14.19246
14.20417
14.21597
14.22748
14.23939
14.25051
14.26239
14.27438
14.28577
14.29696
14.30883
14.32026
14.33786
14.34942
14.36163
14.37352
14.3849
14.39633
14.40805
14.42022
14.4317
14.44333
14.45538
14.46697
14.47856
14.49057
14.50205
14.51434
14.52663
14.53807
14.54929
14.5615
14.57299
14.58435
14.59563
14.60768
14.61891
14.63036
14.64291
14.65393
14.66537
14.67695
14.68894
14.71243
14.72396
14.73584
14.74803
14.76016
14.77191
14.78341
14.79555
14.80737
14.8191
14.8314
14.8437
14.85635
14.86835
14.88034
14.89253
14.90431
14.91654
14.92897
14.94223
14.95424
14.96661
14.97981
14.99243
15.00485
15.01736
15.02987
15.04171
15.05364
15.06614
15.07813
15.09092
15.10309
15.11452
15.1269
15.13879
15.15147
15.16397
TARGET DESTROYED 
15.17631
15.19527
15.21615
15.22894
15.24083
15.25246
15.26445
15.27627
15.28853
15.30076
15.31462
15.33517
15.34951
15.36122
15.37151
15.38248
15.39821
15.40929
15.41965
15.43032
15.44183
15.45273
15.46363
15.47542
15.4861
15.49737
15.5091
15.51982
15.53073
15.54414
15.55423
15.56493
15.57567
15.58672
15.59785
15.60978
15.62038
15.6319
15.64357
15.65485
15.66477
15.67621
15.68708
15.69836
15.70969
15.72079
15.73184
15.743
15.75418
15.77177
15.78132
15.79138
15.80113
15.81139
15.8214
15.83289
15.84362
15.85496
15.86606
15.87705
15.88874
15.89948
15.91063
15.92237
15.93355
15.94493
15.95599
15.96687
15.97828
15.98958
16.00048
16.01183
16.0232
16.03393
16.04527
16.05672
16.06752
16.07879
16.09
16.1013
16.11237
16.12359
16.13469
16.1461
16.15764
16.1689
16.18049
16.19248
16.20357
16.21453
16.22585
16.23724
16.24888
16.26025
16.27163
16.28295
16.29415
16.30588
16.31708
16.32856
16.33979
16.35107
16.36246
16.37372
16.38463
16.39584
16.40744
16.41844
16.42939
16.44051
16.4526
16.46278
16.47837
16.48903
16.49955
16.51032
16.52047
16.53143
16.54213
16.55242
16.5636
16.57452
16.58451
16.59493
16.60572
16.61583
16.62685
16.63835
16.64963
16.66011
16.67159
16.68257
16.69366
16.70503
16.71612
16.72744
16.73914
16.75032
16.76138
16.77208
16.78343
16.79432
16.80592
16.81659
16.82772
16.83939
16.85023
16.86148
16.87279
16.88425
16.89552
16.90689
16.91808
16.92945
16.94127
16.9522
16.96356
16.97502
16.98625
16.99766
17.00933
17.02034
17.03171
17.04321
17.05478
17.06554
17.07712
17.08864
17.09968
17.11065
17.12227
17.13298
17.1442
17.15616
17.16681
17.17777
17.18965
17.20015
17.21131
17.22252
17.23349
17.2447
17.25611
17.26705
17.27843
17.2896
17.30051
17.31182
17.32313
17.33415
17.34551
17.35692
17.36813
17.37896
17.3903
17.40121
17.41236
17.42363
17.4358
17.44589
17.45708
17.46814
17.47945
17.49065
17.50155
17.51295
17.52417
17.53893
17.54876
TARGET DESTROYED 
17.55887
17.57371
17.58384
17.59392
17.60374
17.61412
17.62413
17.63412
17.64397
17.65362
17.66485
17.68136
17.69316
17.70324
17.71306
17.72328
17.73308
17.74297
17.75375
17.7647
17.77595
17.78721
17.79834
17.80939
17.82096
17.83167
17.84308
17.85414
17.86531
17.87643
17.88785
17.89895
17.91022
17.92152
17.93225
17.94359
17.95502
17.96581
17.97725
17.98851
17.99962
18.01049
18.02205
18.0329
18.04407
18.05545
18.06653
18.07778
18.0896
18.10068
18.11219
18.12376
18.13518
18.14643
18.15795
18.16944
18.18085
18.19214
18.20358
18.215
18.22681
18.23753
18.24949
18.2605
18.29052
18.301
18.31227
18.32334
18.33458
18.34561
18.35711
18.3679
18.37949
18.3906
18.40146
18.41261
18.42398
18.4349
18.44651
18.45782
18.46952
18.48002
18.49093
18.50191
18.51327
18.52439
18.53588
18.54659
18.55794
18.56926
18.58435
18.59434
18.605
18.61486
18.62494
18.63603
18.64763
18.65845
18.66967
18.68091
18.6921
18.70302
18.71437
18.72583
18.73646
18.74773
18.75925
18.77003
18.78121
18.79237
18.80375
18.81461
18.82601
18.83738
18.84843
18.8594
18.87097
18.88245
18.89432
18.90621
18.91812
18.92932
18.94085
18.95164
18.96312
18.97445
18.98575
18.99701
19.00904
19.01956
19.03098
19.04247
19.0536
19.06486
19.0768
19.08764
19.09915
19.11082
19.12167
19.13246
19.14364
19.15487
19.16592
19.17713
19.1887
19.19986
19.21066
19.22226
19.24522
19.25673
19.26727
19.27835
19.28932
19.29977
19.31033
19.32098
19.33134
19.34236
19.35338
19.36502
19.37588
19.3866
19.39745
19.40808
19.41911
19.43491
19.44602
19.45676
19.46739
19.47836
19.48931
19.50001
19.51105
19.5213
19.53252
19.54345
19.55442
19.56478
19.57547
19.58566
19.5966
19.6082
19.61912
19.63008
19.64146
19.65251
19.66359
19.67484
19.68602
19.69709
19.70867
19.71942
19.73062
19.74185
19.75348
19.76482
19.77659
19.78786
19.79906
19.81201
19.82329
19.83352
19.84443
19.85615
19.86731
19.87868
19.89017
19.90142
19.91263
19.92425
19.93536
19.94665
19.95803
19.96972
19.98062
19.99226
20.00343
20.01495
20.02623
20.0372
20.04844
20.05967
20.07097
20.08182
TARGET DESTROYED 
20.09323
20.10847
20.11905
20.12956
20.13987
20.14999
20.16058
20.17068
20.18124
20.19793
20.20995
20.22267
20.23327
20.2445
20.25595
20.2667
20.2782
20.29394
20.30406
20.31483
20.32554
20.3359
20.34711
20.35791
20.3699
20.38081
20.39141
20.40139
20.41225
20.42348
20.43439
20.44559
20.45688
20.46787
20.47946
20.49075
20.50166
20.51262
20.52411
20.53498
20.54619
20.55748
20.56849
20.57964
20.59099
20.60188
20.61312
20.62451
20.63569
20.64721
20.65865
20.67031
20.6816
20.693
20.70434
20.71574
20.72731
20.73926
20.75011
20.76169
20.77343
20.78444
20.79671
20.80763
20.81883
20.83025
20.84151
20.85266
20.86374
20.87507
20.8861
20.89724
20.9086
20.9197
20.93101
20.94201
20.95354
20.96442
20.97555
20.98652
20.9978
21.00906
21.02015
21.03151
21.0428
21.05355
21.06493
21.07604
21.09059
21.10051
21.1111
21.12142
21.13136
21.14162
21.15281
21.16407
21.1753
21.18629
21.19749
21.20876
21.22006
21.23111
21.24231
21.25339
21.26486
21.27593
21.28708
21.29795
21.30935
21.32048
21.33155
21.34272
21.354
21.36523
21.37638
21.39195
21.40218
21.41225
21.42272
21.43318
21.44361
21.45358
21.4644
21.47561
21.48683
21.49793
21.5092
21.52016
21.53146
21.5426
21.55377
21.56484
21.57595
21.58749
21.59838
21.60966
21.62085
21.63185
21.64309
21.65458
21.66534
21.67648
21.68792
21.69889
21.71005
21.72165
21.73243
21.74617
21.75639
21.76642
21.77819
21.78942
21.80083
21.81178
21.82313
21.83446
21.84563
TARGET DESTROYED 
21.85723
21.87197
21.88245
21.89313
21.90313
21.91997
21.93155
21.94227
21.95346
21.9647
21.97578
21.98693
21.99821
22.00984
22.02034
22.03168
22.04285
22.05427
22.0651
22.07642
22.08749
22.09875
22.10982
22.12113
22.13226
22.14329
22.15461
22.16569
22.17692
22.18806
22.19923
22.21065
22.22192
22.23276
22.24384
22.25518
22.26635
22.27756
22.28906
22.2997
22.31096
22.32241
22.33312
22.34474
22.3563
22.36776
22.37899
22.39058
22.40187
22.41331
22.42466
22.43653
22.45207
22.46214
22.47248
22.48273
22.49365
22.50341
22.5143
22.52579
22.53667
22.54797
22.55914
22.57023
22.58135
22.59278
22.60375
22.61491
22.62617
22.63735
22.64851
22.65969
22.67066
22.68219
22.69312
22.70421
22.71548
22.72665
22.73773
22.749
22.76046
22.77165
22.78244
22.79368
22.80499
22.81617
22.82754
22.83949
22.85006
22.86155
22.87302
22.88413
22.8956
22.9071
22.91834
22.92936
22.94106
22.95218
22.96359
22.97509
22.98604
22.99754
23.00863
23.01967
23.03085
23.0421
23.05324
23.06426
23.07543
23.08661
23.09785
23.10902
23.12006
23.13132
23.14253
23.15395
23.16476
23.17597
23.1872
23.19913
23.20994
23.22061
23.2317
23.24316
23.25407
23.26529
23.2766
23.28779
23.29907
23.31029
23.32113
23.33245
23.34357
23.35487
23.36625
23.3771
23.38859
23.39967
23.41049
23.42663
23.43702
23.44759
23.4578
23.46835
23.47866
23.48904
23.49956
23.51001
23.52047
23.53129
23.54203
23.55294
23.56347
23.57393
23.58469
23.59584
23.60731
23.6184
23.62925
23.64074
23.65164
23.66303
23.67413
23.68508
23.69623
23.70794
23.71931
23.72987
23.74114
23.75212
23.76336
23.77477
23.78575
23.79691
23.80829
23.82196
23.83297
23.84438
23.85519
23.86623
23.87737
23.8882
23.89925
23.91056
23.92223
23.93377
23.94465
23.9563
23.96797
23.97902
23.99057
24.00207
24.01313
24.02438
24.03569
24.04705
24.05824
24.06923
24.08039
24.092
24.10333
24.11407
24.12504
24.13643
24.15241
24.16415
24.1749
24.18578
24.19634
24.20692
24.21784
24.22832
24.23972
24.25063
24.26069
24.27162
24.28252
24.29319
24.30431
24.31503
24.32571
24.33674
24.34747
24.3582
24.37085
24.38214
24.39319
24.4038
24.41456
24.42503
24.43592
24.44677
24.45753
24.46848
24.47892
24.4897
24.50031
24.51149
24.5229
24.53412
24.54533
24.55655
24.56721
24.57982
24.59081
24.60182
24.61328
24.62447
24.63522
24.6461
24.65754
24.66918
24.68047
24.69193
24.70311
24.71493
24.72629
24.73703
24.74814
24.75974
24.77176
24.78214
24.79352
24.80516
24.81634
24.82765
24.84365
24.8549
24.86589
24.87699
24.88735
24.89864
24.90984
24.92068
24.93157
24.94256
24.95278
24.96353
24.97507
24.98569
24.99657
25.00728
25.01833
25.02889
25.03955
25.0503
25.06137
25.07233
25.08261
25.09378
25.1041
25.11467
25.12603
25.13771
25.14827
25.15968
25.1707
25.18165
25.19284
25.20396
25.21513
25.2266
25.23747
25.24881
25.25984
25.27128
25.28236
25.29376
25.30522
25.31652
25.3281
25.33978
25.35067
25.36233
25.37358
25.38478
25.39647
25.40796
25.41907
25.43042
25.44207
25.45309
25.46459
25.47616
25.48756
25.49902
25.50979
25.52151
25.53258
25.54407
25.55555
25.5663
25.57749
25.58918
25.59986
25.61163
25.62259
25.6332
25.64477
25.65602
25.6668
25.67802
25.68961
25.70037
25.71148
25.72284
25.73374
25.7452
25.76067
25.77598
25.78594
25.79611
25.80725
25.81831
25.8294
25.84071
25.85196
25.86299
25.87434
25.88522
25.89646
25.90773
25.91908
25.93017
25.94139
25.95263
25.96377
25.97486
25.98608
25.99713
26.00845
26.01969
26.03067
26.04183
26.05309
26.06425
26.0753
26.08678
26.0976
26.10924
26.11991
26.13109
26.14237
26.1533
26.16453
26.17561
26.18699
26.19814
26.20978
26.22121
26.23265
26.24412
26.25591
26.26739
26.27858
26.29017
26.30141
26.31295
26.32429
26.33579
26.34713
26.35892
26.37022
26.3813
26.39292
26.40424
26.41576
26.4267
26.43774
26.44883
26.46007
26.47156
26.48339
26.49355
26.50477
26.51595
26.52715
26.53835
26.5493
26.56047
26.57205
26.58291
26.59393
26.60857
26.62028
26.63059
26.64096
26.65095
26.6612
26.67184
26.68344
26.69678
