0.02
0.04
0.14
0.1745606
0.1873471
0.1994
0.2112482
0.2229902
0.2335795
0.244745
0.254696
0.2640923
0.2734773
0.2838825
0.2953262
0.3080649
0.3184419
0.3286273
0.3400755
0.3510219
0.3621617
0.3733221
0.3845149
0.3958347
0.4072042
0.4178882
0.4293617
0.4405102
0.4519558
0.4627918
0.4739996
0.4879254
0.4978147
0.507332
0.5186126
0.5297637
0.5410547
0.5521291
0.5632019
0.5743783
0.5856513
0.59671
0.6081626
0.6195325
0.6303166
0.6414349
0.6528452
0.6637624
0.6756067
0.6864476
0.6973584
0.7084886
0.7200345
0.7307676
0.7421134
0.7534184
0.7646622
0.7756609
0.786759
0.797769
0.8088847
0.8206043
0.831484
0.8424066
0.8538702
0.8648733
0.8759776
0.892266
0.9038094
0.9149293
0.9257224
0.9371753
0.9479777
0.9590791
0.970729
0.9816747
0.9926792
1.004545
1.014984
1.025976
1.03748
1.048486
1.059785
1.07124
1.082031
1.093273
1.104529
1.115731
1.12684
1.138258
1.149313
1.160163
1.172152
1.182573
1.193853
1.205364
1.216147
1.227391
1.238616
1.249641
1.260969
1.272077
1.283306
1.294397
1.305398
1.316697
1.327725
1.339114
1.350379
1.361267
1.372435
1.38388
1.39486
1.405938
1.416978
1.428144
1.439605
1.460802
1.470334
1.479498
1.490549
1.501493
1.512633
1.523961
1.535628
1.54615
1.557499
1.568462
1.579644
1.592849
1.601922
1.613272
1.62505
1.635719
1.646581
1.66108
1.670994
1.680314
1.691735
1.70924
1.71963
1.729385
1.739578
1.749822
1.759177
1.770043
1.78071
1.792005
1.803367
1.814264
1.825473
1.836946
1.848034
1.858949
1.870294
1.881336
1.892394
1.903857
1.914715
1.925934
1.937564
1.948669
1.959888
1.971227
1.982105
1.993296
2.004873
2.015689
2.026585
2.037966
2.048904
2.060209
2.078817
2.091397
2.101459
2.112462
2.122771
2.132383
2.142823
2.153232
2.163143
2.173628
2.185221
2.196809
2.207872
2.218087
2.228752
2.238958
2.249964
2.261075
2.272371
2.283456
2.294548
2.305781
2.318045
2.329008
2.344732
2.354691
2.36415
2.374667
2.38407
2.397811
2.408106
2.418284
2.428515
2.439941
2.450955
2.462012
2.473459
2.484426
2.495555
2.506922
2.518232
2.529781
2.541193
2.553204
2.563995
2.575161
2.586503
2.597689
2.608652
2.620346
2.631281
2.642282
2.653843
2.6647
2.675792
2.687251
2.698133
2.709571
2.720969
2.732239
2.743635
2.75507
2.766219
2.783755
2.79438
2.804585
2.814531
2.825217
2.835173
2.845257
2.855609
2.865436
2.876112
2.887463
2.898323
2.909575
2.921319
2.93186
2.943378
2.954483
2.965406
2.976663
2.988022
2.998909
3.013726
3.024568
3.033744
3.044366
3.055288
3.066322
3.077234
3.088562
3.099959
3.110913
3.122284
3.133268
3.14438
3.155578
3.16697
3.178262
3.190177
3.200864
3.212202
3.224019
3.235289
3.246668
3.258214
3.269725
3.280752
3.292079
3.303754
3.314423
3.325779
3.33704
3.348238
3.368127
3.378949
3.389297
3.400431
3.411636
3.422699
3.433783
3.44507
3.45622
3.467405
3.478647
3.489812
3.500994
3.512051
3.523348
3.534583
3.545667
3.556848
3.568191
3.579061
3.590337
3.601459
3.612701
3.623768
3.637389
3.647299
3.657149
3.668663
3.679584
3.690856
3.702008
3.713392
3.732971
3.743847
3.754891
3.7653
3.775779
3.786844
3.797343
3.807548
3.818637
3.829162
3.839569
3.849789
3.860695
3.871077
3.881198
3.89272
3.903321
3.914214
3.925508
3.936824
3.947696
3.95885
3.970367
3.981323
3.994842
4.005296
4.015239
4.026249
4.037137
4.048479
4.059529
4.070912
4.081944
4.092965
4.104307
4.115221
4.12669
4.138055
4.148873
4.160201
4.171559
4.183258
4.194348
4.206114
4.217232
4.228878
4.240249
4.251603
4.263331
4.274389
4.286358
4.297296
4.308949
4.320889
4.331519
4.343324
4.354326
4.365894
4.376546
4.392623
4.403262
4.41327
4.424001
4.434206
4.444563
4.454796
4.465476
4.475179
4.485497
4.496398
4.507838
4.519607
4.530059
4.541102
4.552363
4.563579
4.574583
4.585816
4.597019
4.608137
4.619457
4.630543
4.641557
4.652926
4.663911
4.675568
4.686926
4.697453
4.709015
4.720146
4.731033
4.742093
4.753776
4.764552
4.775795
4.787709
4.798681
4.810113
4.8215
4.83313
4.844074
4.855672
4.866768
4.87812
4.889642
4.900928
4.912211
4.923653
4.934875
4.94641
4.957621
4.968977
4.980247
4.991661
5.00268
5.01381
5.025121
5.036721
5.047256
5.058885
5.069938
5.085141
5.096128
5.107034
5.117762
5.128888
5.139246
5.15013
5.160954
5.171786
5.182379
5.194299
5.204448
5.214794
5.226185
5.236609
5.246983
5.258417
5.2684
5.279013
5.290016
5.300855
5.311171
5.321783
5.332777
5.344101
5.355511
5.366366
5.377329
5.393678
5.404736
5.415474
5.426248
5.436336
5.446702
5.458803
5.469891
5.480252
5.491167
5.501365
5.511942
5.522849
5.533916
5.545115
5.556755
5.568049
5.579752
5.590805
5.60219
5.613851
5.624948
5.660871
5.672832
5.682858
5.694335
5.704608
5.713936
5.723743
5.734943
5.746056
5.757328
5.768692
5.779606
5.791011
5.810129
5.82112
5.831542
5.84181
5.852311
5.862944
5.874152
5.883978
5.894589
5.905302
5.915656
5.926853
5.938432
5.948628
5.95992
5.970027
5.980668
5.99188
6.003507
6.014247
6.025374
6.036633
6.04795
6.058824
6.070429
6.081374
6.092339
6.103822
6.114789
6.126777
6.13742
6.148065
6.159394
6.170698
6.181708
6.19297
6.204341
6.215147
6.226361
6.238072
6.248772
6.25989
6.271351
6.283226
6.29496
6.306779
6.31828
6.329642
6.341011
6.352648
6.363997
6.375462
6.386844
6.398411
6.409957
6.421102
6.432491
6.443575
6.460043
6.471395
6.481995
6.493339
6.505729
6.516828
6.527983
6.539258
6.550743
6.561327
6.572704
6.583791
6.595082
6.606211
6.617345
6.628558
6.63973
6.650729
6.662066
6.673272
6.684295
6.695508
6.706969
6.71775
6.729087
6.740408
6.751634
6.762457
6.773956
6.784885
6.796202
6.807264
6.818253
6.829572
6.840921
6.851813
6.863429
6.874179
6.885312
6.896483
6.907862
6.918829
6.930367
6.941822
6.953232
6.96457
6.976039
6.987798
6.999084
7.010456
7.02228
7.033389
7.044861
7.056233
7.067846
7.079144
7.090975
7.102054
7.113883
7.125222
7.136467
7.151784
7.162734
7.173594
7.183776
7.194479
7.204903
7.215028
7.226092
7.236395
7.246622
7.257061
7.267748
7.278124
7.289274
7.300212
7.310243
7.321373
7.332728
7.344136
7.355916
7.366634
7.377697
7.388342
7.399671
7.416112
7.42863
7.440006
7.44986
7.460344
7.470662
7.48151
7.49274
7.503464
7.514084
7.524724
7.535104
7.545684
7.556309
7.567053
7.578001
7.589099
7.60036
7.611405
7.622738
7.633857
7.645142
7.656165
7.667263
7.678428
7.690166
7.700757
7.711975
7.723218
7.734419
7.74547
7.75665
7.767864
7.779083
7.790202
7.801624
7.81533
7.825279
7.835512
7.850448
7.860137
7.869761
7.88111
7.892417
7.904223
7.918207
7.929231
7.94071
7.950928
7.961899
7.972039
7.983119
7.994358
8.005565
8.017131
8.027895
8.039068
8.050695
8.061535
8.072647
8.083781
8.094891
8.106108
8.117532
8.129086
8.139874
8.150774
8.162051
8.173233
8.184327
8.195412
8.206629
8.21805
8.229197
8.240614
8.252007
8.263258
8.274899
8.287098
8.297443
8.308248
8.32051
8.330911
8.342245
8.353639
8.36513
8.37586
8.387225
8.398302
8.409431
8.42108
8.431891
8.442858
8.454214
8.46542
8.476339
8.487787
8.498694
8.510032
8.526328
8.537296
8.547544
8.558488
8.568559
8.578648
8.589281
8.600065
8.610386
8.620798
8.631248
8.641824
8.651497
8.661785
8.672571
8.683814
8.694991
8.706115
8.717402
8.728316
8.739875
8.750888
8.761984
8.773135
8.784339
8.795337
8.806669
8.817825
8.829021
8.840106
8.851359
8.862467
8.873613
8.884738
8.896353
8.907054
8.918518
8.929399
8.940638
8.951704
8.963339
8.974619
8.986334
8.997545
9.008877
9.020696
9.032175
9.043274
9.057655
9.067978
9.078127
9.089276
9.100852
9.111937
9.123434
9.13492
9.145961
9.157222
9.168221
9.179341
9.191005
9.207269
9.21766
9.228496
9.239716
9.249231
9.260221
9.270674
9.281695
9.292706
9.303338
9.313604
9.324521
9.335588
9.345925
9.356581
9.368012
9.378366
9.388612
9.398907
9.410076
9.421103
9.43221
9.443237
9.454791
9.465658
9.476915
9.488243
9.499171
9.510384
9.521946
9.532676
9.544022
9.555186
9.56625
9.57762
9.588546
9.599793
9.610909
9.622441
9.634241
9.645041
9.656615
9.668041
9.679658
9.690928
9.702487
9.713569
9.724996
9.736566
9.747746
9.759228
9.77081
9.781863
9.793591
9.804898
9.818616
9.829167
9.848461
9.858994
9.869187
9.879422
9.894402
9.905163
9.915283
9.926435
9.937003
9.947979
9.958954
9.969261
9.97977
9.990569
10.00208
10.01287
10.02415
10.03528
10.04643
10.05785
10.06904
10.07995
10.09129
10.10229
10.11364
10.12556
10.13588
10.14706
10.15868
10.16964
10.18058
10.19217
10.20293
10.21393
10.22542
10.23661
10.24742
10.25862
10.27028
10.28138
10.29237
10.30366
10.31541
10.32698
10.33826
10.34949
10.36085
10.37262
10.38375
10.39574
10.40684
10.41822
10.43004
10.44151
10.45241
10.46386
10.47569
10.48779
10.4987
10.50946
10.5211
10.53175
10.54301
10.55444
10.57007
10.58117
10.59196
10.60223
10.61311
10.62417
10.63464
10.6453
10.6562
10.66666
10.67749
10.68833
10.69933
10.71011
10.72028
10.73048
10.74191
10.75202
10.76311
10.77402
10.7861
10.7963
10.80614
10.81722
10.82831
10.8396
10.85088
10.86187
10.87332
10.88428
10.89536
10.90671
10.91767
10.92901
10.94062
10.95111
10.96232
10.97375
10.98476
10.99583
11.0071
11.01819
11.02966
11.0412
11.05263
11.06399
11.07559
11.08684
11.09888
11.10981
11.12153
11.13251
11.14428
11.15546
11.16707
11.17841
11.18996
11.20156
11.21231
11.22384
11.23614
11.24664
11.25822
11.26941
11.28021
11.29117
11.30268
11.31362
11.35066
11.36118
11.37273
11.38353
11.39375
11.40362
11.4135
11.42518
11.44079
11.45653
11.46626
11.4768
11.48799
11.4986
11.50968
11.52101
11.53204
11.54316
11.55456
11.56574
11.57652
11.58813
11.59903
11.61053
11.6215
11.63262
11.64368
11.65508
11.66606
11.67718
11.68861
11.69976
11.71062
11.72234
11.7332
11.74435
11.75553
11.76677
11.77773
11.78903
11.80392
11.81467
11.82519
11.83542
11.84537
11.85591
11.86705
11.87858
11.88951
11.90073
11.91187
11.92315
11.93408
11.94528
11.95669
11.96782
11.97895
11.99031
12.00183
12.01349
12.0251
12.03748
12.04819
12.06006
12.07146
12.08282
12.09375
12.10503
12.11624
12.12764
12.14323
12.15476
12.16478
12.17585
12.18712
12.1972
12.20772
12.21832
12.22863
12.2396
12.24991
12.26014
12.27091
12.282
12.29327
12.30476
12.31546
12.32662
12.3381
12.34941
12.36019
12.37173
12.38254
12.39418
12.40505
12.41609
12.42724
12.43858
12.44967
12.4608
12.4721
12.48302
12.49423
12.50588
12.51661
12.52765
12.53897
12.55051
12.5617
12.57308
12.58455
12.5957
12.60706
12.61836
12.62972
12.64227
12.65332
12.66402
12.6755
12.68692
12.69798
12.70976
12.7208
12.73199
12.74319
12.75475
12.76571
12.77677
12.78809
12.79918
12.81052
12.82717
12.83846
12.84941
12.85987
12.87136
12.88181
12.89346
12.90398
12.91446
12.92667
12.93727
12.94795
12.9593
12.97072
12.98134
12.99312
13.00386
13.0148
13.02605
13.03689
13.04728
13.05835
13.0688
13.07919
13.09032
13.10026
13.11134
13.12233
13.13326
13.14432
13.15511
13.16545
13.17741
13.18826
13.19891
13.21009
13.22071
13.23185
13.244
13.25498
13.26552
13.27731
13.28871
13.30033
13.31151
13.32278
13.33369
13.34496
13.35605
13.368
13.3795
13.39114
13.4023
13.41333
TARGET DESTROYED 
13.42543
13.44584
13.46995
13.48785
13.49923
13.51052
13.52142
13.53179
13.54311
13.55401
13.56488
13.57634
13.5875
13.59867
13.61007
13.6209
13.63195
13.64367
13.65504
13.66537
13.6767
13.68798
13.69889
13.71109
13.72152
13.73236
13.7438
13.75523
13.76607
13.77718
13.79206
13.80318
13.81397
13.82596
13.83714
13.84853
13.85951
13.87053
13.8814
13.89273
13.9035
13.9151
13.92664
13.93708
13.94796
13.9592
13.97042
13.9809
13.99245
14.00384
14.01455
14.02553
14.03634
14.04762
14.05921
14.07018
14.0815
14.0923
14.10424
14.11504
14.13012
14.14201
14.15402
14.16627
14.18329
14.19694
14.20891
14.2235
14.23534
14.24623
14.25801
14.2697
14.28115
14.29288
14.30423
14.31542
14.32741
14.33857
14.34971
14.36119
14.37302
14.38499
14.3966
14.40839
14.42003
14.43203
14.44251
14.45342
14.46447
14.47576
14.48677
14.4978
14.50823
14.51975
14.53072
14.54228
14.55422
14.56565
14.57643
14.58713
14.59845
14.60972
14.62046
14.63161
14.64306
14.6543
14.66547
14.67785
14.68923
14.70037
14.711
14.72228
14.73366
14.74444
14.75555
14.76705
14.77822
14.78923
14.80046
14.82539
14.83696
14.8477
14.85891
14.87444
14.88629
14.89735
14.90811
14.91861
14.92958
14.94104
14.95143
14.96226
14.97379
14.98439
14.99512
15.00659
15.01756
15.02916
15.04116
15.05284
15.06443
15.07691
15.0892
15.10135
15.11279
15.12584
15.13797
15.14966
15.1615
15.17404
15.18633
15.19849
15.2107
15.22241
15.23443
15.24648
15.25829
15.27037
15.28164
15.29443
15.30598
15.31816
15.33036
15.3423
15.35358
15.36595
15.37719
15.38857
15.40016
15.41147
15.4228
15.43432
15.44579
15.45759
15.47007
TARGET DESTROYED 
15.48187
15.49852
15.51131
15.5227
15.53445
15.54661
15.55822
15.57469
15.58706
15.59806
15.60971
15.62139
15.63297
15.65103
15.66385
15.67617
15.68739
15.69853
15.70964
15.72087
15.73193
15.74309
15.75436
15.76553
15.7766
15.79315
15.80476
15.81641
15.82762
15.83916
15.85114
15.86258
15.87464
15.88613
15.89735
15.91001
15.92233
15.93376
15.94537
15.95682
15.96852
15.98129
15.99309
16.00567
16.01707
16.02851
16.03993
16.05119
16.063
16.07493
16.08654
16.09801
16.11036
16.12163
16.13426
16.14565
16.15702
16.16804
16.17911
16.19036
16.20145
16.21248
16.22443
16.23545
16.24681
16.25827
16.27398
16.28501
16.2961
16.30714
16.31912
16.32997
16.34189
16.35287
16.364
16.37576
16.38684
16.39769
16.40914
16.42001
16.43092
16.44217
16.45294
16.46355
16.47516
16.48643
16.49817
16.50958
16.52137
16.53205
16.54308
16.55397
16.56496
16.57599
16.58637
16.59658
16.60746
16.61812
16.62863
16.6396
16.65035
16.66109
16.67143
16.68183
16.69341
16.70393
16.71512
16.72773
16.73816
16.7488
16.75989
16.77089
16.78185
16.79299
16.80421
16.81528
16.82664
16.83782
16.84911
16.86014
16.87164
16.8828
16.89392
16.9052
16.91656
16.92759
16.93921
16.95521
16.9661
16.97668
16.9886
16.99964
17.0102
17.02069
17.03154
17.04257
17.05268
17.0631
17.07439
17.0857
17.09694
17.10783
17.11943
17.1307
17.14155
17.15273
17.16372
17.17497
17.18658
17.19789
17.20852
17.21992
17.23086
17.24194
17.25364
17.26455
17.27549
17.28711
17.29808
17.30905
17.32082
17.33173
17.34326
17.35476
17.36616
17.37697
17.38869
17.39983
17.41112
17.42241
17.43431
17.44512
17.45681
17.46758
17.479
17.49095
17.50188
17.5129
17.52401
17.53536
17.5463
17.55764
17.5687
17.57988
17.59104
17.60221
17.6141
17.62984
17.64117
17.65195
17.66282
17.67449
TARGET DESTROYED 
17.68673
17.70184
17.71301
17.72317
17.73301
17.74317
17.75396
17.76479
17.776
17.78749
17.79857
17.81305
17.82965
17.84141
17.85128
17.8613
17.87188
17.88161
17.89164
17.90141
17.91524
17.92607
17.93689
17.9483
17.95906
17.96984
17.98094
17.99368
18.00409
18.01442
18.02524
18.03586
18.04604
18.0564
18.06707
18.07768
18.08872
18.09999
18.11156
18.12262
18.13363
18.14466
18.15618
18.16746
18.17806
18.18943
18.20043
18.21157
18.22307
18.23391
18.24502
18.25644
18.26733
18.2787
18.29444
18.30519
18.31584
18.32684
18.33743
18.34784
18.35921
18.37066
18.38239
18.39297
18.40433
18.41551
18.42642
18.43797
18.44864
18.45996
18.47127
18.48224
18.4934
18.5049
18.51565
18.52683
18.53833
18.5492
18.5605
18.57174
18.58268
18.5942
18.60527
18.61631
18.62733
18.63861
18.64971
18.66125
18.67253
18.684
18.6952
18.70712
18.71781
18.72922
18.74057
18.75883
18.77137
18.78185
18.79242
18.80388
18.81462
18.82611
18.8373
18.84849
18.85957
18.87086
18.88187
18.89321
18.90454
18.91556
18.92657
18.93779
18.94889
18.96001
18.97145
18.98673
18.99772
19.00874
19.019
19.02969
19.04107
19.05141
19.06179
19.0726
19.08328
19.09398
19.10531
19.11647
19.12791
19.13894
19.15005
19.16117
19.17257
19.18358
19.19468
19.20632
19.21761
19.2293
19.24069
19.25233
19.26343
19.27504
19.28661
19.29779
19.3089
19.32031
19.33156
19.34233
19.35403
19.36527
19.37643
19.38816
19.39876
19.41034
19.42175
19.43316
19.44411
19.45619
19.46674
19.4781
19.48991
19.50086
19.51209
19.52357
19.53463
19.546
19.55681
19.56803
19.5792
19.59067
19.60165
19.61271
19.62399
19.63533
19.64631
19.65747
19.67274
19.68317
19.69398
19.7042
19.71408
19.7245
19.73493
19.74496
19.75548
19.76587
19.77728
19.79198
19.8028
19.81366
19.82424
19.83469
19.84496
19.85603
19.86641
19.87761
19.88902
19.89997
19.91096
19.9223
19.93349
19.94472
19.95584
19.96699
19.978
19.98939
20.0007
20.01318
20.02409
20.03415
20.04499
20.05661
20.06791
20.07922
20.09082
20.10181
20.11323
20.12486
20.13623
20.14758
20.15841
20.17039
20.18121
20.19248
20.20392
20.21517
20.22647
20.23777
20.2488
20.26051
20.27188
20.28299
20.29407
20.30557
20.31663
20.32804
20.33908
20.35517
20.36633
20.37764
20.38898
20.40117
20.41221
20.42351
20.43432
20.44543
20.45709
20.4682
20.47936
20.49075
20.50128
20.5127
20.52383
20.5351
20.54609
20.55731
20.56848
20.57972
20.59091
20.60191
20.6135
20.62453
20.63573
20.64661
20.65785
20.669
20.68022
20.69133
20.70267
20.71366
20.72477
20.73623
20.74719
20.7585
20.76968
20.78065
20.79198
TARGET DESTROYED 
20.80339
20.8182
20.82914
20.84017
20.85026
20.86035
20.872
20.88351
20.89465
20.90628
20.91739
20.92895
20.94022
20.95163
20.9689
20.98102
20.99235
21.0045
21.0155
21.03147
21.04234
21.0535
21.06435
21.07462
21.08522
21.09551
21.10666
21.11719
21.12817
21.13974
21.15032
21.1609
21.17185
21.18277
21.19392
21.20546
21.21638
21.2275
21.23912
21.25034
21.26175
21.27254
21.28337
21.29441
21.30595
21.31695
21.328
21.33919
21.35039
21.36144
21.37295
21.38375
21.39512
21.40652
21.41766
21.42849
21.43975
21.45083
21.4623
21.47392
21.4857
21.49675
21.50842
21.51992
21.53132
21.5427
21.55466
21.56609
21.57751
21.58913
21.60021
21.61203
21.62308
21.63461
21.64584
21.65684
21.66813
21.67936
21.69052
21.70171
21.71292
21.72383
21.73933
21.74892
21.75863
21.7682
21.77863
21.79313
21.80353
21.81482
21.82507
21.83519
21.84524
21.8566
21.8667
21.87786
21.88961
21.90088
21.91125
21.92254
21.93373
21.94486
21.95614
21.96726
21.97891
21.99829
22.01015
22.02305
22.03419
22.0456
22.06838
22.09212
22.11362
22.13569
22.15832
22.18086
22.20365
22.22597
22.25374
22.27715
22.30038
22.32274
22.34449
22.36742
22.38942
22.41142
22.43381
22.4562
22.47857
22.50083
22.52356
22.5458
22.56801
22.59052
22.61268
22.63503
22.6574
22.68005
22.7022
22.72439
22.747
22.76955
22.79149
22.81382
22.83649
22.85844
TARGET DESTROYED 
22.88087
22.90385
22.92556
22.94769
22.97044
22.99276
23.01463
23.03736
23.05258
23.06672
23.08039
23.09484
23.11094
23.12489
23.13925
23.15442
23.16689
23.17913
23.19204
23.20438
23.21581
23.22835
23.24131
23.25379
23.26629
23.27808
23.29084
23.30334
23.3153
23.32768
23.34027
23.35168
23.36355
23.37662
23.38899
23.40128
23.41764
23.43066
23.44288
23.45608
23.46828
23.47874
23.49001
23.50106
23.51159
23.5227
23.53359
23.54423
23.55524
23.56587
23.57648
23.58759
23.59818
23.60877
23.61973
23.63081
23.64168
23.65199
23.66305
23.67399
23.68481
23.69597
23.7071
23.71825
23.72961
23.74069
23.7529
23.76307
23.7743
23.78538
23.79673
23.81119
23.82212
23.83315
23.84355
23.85396
23.86534
23.87629
23.8866
23.8974
23.90871
23.91948
23.93109
23.94255
23.95516
23.9658
23.97704
23.98904
24.00045
24.01215
24.02408
24.03621
24.04859
24.06071
24.07341
24.08517
24.09691
24.11356
24.1263
24.13807
24.14991
24.16287
24.17513
24.18781
24.19939
24.2116
24.22314
24.23547
24.24753
24.25946
24.27181
24.28399
24.29577
24.30814
24.31989
24.33135
24.34372
24.35529
24.36788
24.37981
24.39166
24.40402
24.41585
24.42724
24.43967
24.45115
24.46309
24.47518
24.4869
24.49931
24.51143
24.52366
24.5351
24.54712
24.55917
24.57167
24.58407
24.59625
24.60777
24.61989
24.6312
24.64292
24.65593
24.66779
24.6805
24.69221
24.70419
24.71607
24.72807
24.74059
24.758
24.77062
24.78198
24.79368
24.80588
24.81768
24.8297
24.84622
24.85865
24.87074
24.88239
24.89422
24.90611
24.9178
24.92944
24.9406
24.9512
24.96238
24.97337
24.98412
24.99495
25.00696
25.0178
25.02867
25.03989
25.05244
25.06435
25.07595
25.0873
25.09781
25.10909
25.12038
25.13152
25.14275
25.15381
25.16484
25.17686
25.1883
25.1988
25.21039
25.22172
25.23256
25.24361
25.2558
25.26653
25.27754
25.28844
25.29933
25.31104
25.3233
25.33413
25.34521
25.35636
25.36718
25.37859
25.39079
25.40154
25.41261
25.42386
25.43465
25.44567
25.45733
25.4686
25.47952
25.49134
25.50229
25.51313
25.52447
25.5403
25.55265
25.5636
25.5752
25.58662
25.59762
25.60926
25.6216
25.63205
25.64384
25.65565
25.66672
25.67842
25.68996
25.70045
25.71209
25.72327
25.73425
25.74548
25.75815
25.76886
25.77997
25.79498
25.80645
25.81844
25.82992
25.84105
25.85241
25.86395
25.8749
25.88591
25.89728
25.90895
25.92038
25.93171
25.94313
25.95486
25.96614
25.97732
25.99061
26.00159
26.01292
26.02493
26.03616
26.04753
26.06029
26.0722
26.08349
26.09508
26.10721
26.11914
26.13116
26.14253
26.1537
26.16623
26.17834
26.19061
26.20218
26.21411
26.2263
26.24242
26.25516
26.26665
26.27786
26.28952
26.30107
26.31243
26.32525
26.33752
26.34909
26.36103
26.37288
26.38447
26.39619
26.4073
26.41988
26.43147
26.44407
26.4564
26.46796
26.47976
26.49274
26.50432
26.51633
26.52858
26.54037
26.55275
26.56498
26.57704
26.5895
26.6012
26.61313
26.625
26.63681
26.64863
26.66097
26.673
26.68489
26.69713
26.70884
26.72058
26.73312
26.74532
26.75809
26.76993
26.78127
26.79362
26.8058
26.81753
26.82965
26.84143
26.85356
26.86621
26.87767
26.89016
26.90171
26.91345
26.92564
26.93703
26.94949
26.96185
26.9785
26.99087
27.00217
27.01404
27.02572
27.0371
27.04913
27.06077
27.07364
27.0856
27.09776
27.10958
27.12169
27.13411
27.14577
27.15811
27.17019
27.18268
27.19448
27.20665
27.21881
27.23107
27.24284
27.25495
27.26626
27.27785
27.29007
27.30239
27.31439
27.32632
27.33816
27.35021
27.3633
27.37582
27.38719
27.3996
27.41118
27.42338
27.43448
27.44557
27.45821
27.46929
27.48067
27.49266
27.5044
27.51554
27.52751
27.53901
27.55295
27.56461
27.57902
27.59034
27.6028
27.61547
27.62829
27.64133
27.65565
27.6735
27.68749
27.70069
27.71298
27.72484
27.73738
27.7477
27.76069
27.77555
27.78814
27.79995
27.81645
27.82928
27.84237
27.85357
27.86485
27.87612
27.88721
27.89821
27.91456
27.92652
27.939
27.95065
27.96259
27.97509
27.98644
27.99885
28.01063
28.02264
28.03391
28.04612
28.05815
28.06985
28.08376
28.09571
28.10806
28.11982
28.13195
28.14411
28.15573
28.16784
28.1806
28.19265
28.20485
28.21665
28.22825
28.24062
28.25249
28.26464
28.27747
28.28878
28.30044
28.31231
28.32439
28.33599
28.3479
28.36446
28.37884
28.39123
28.40288
28.41459
28.42609
28.43762
28.45239
