0.02
0.04
0.14
0.1710815
0.1834962
0.1947827
0.2066084
0.2187575
0.2289327
0.2400177
0.2503838
0.2651217
0.2758728
0.2874274
0.2970877
0.3068648
0.3163791
0.3262341
0.3360766
0.346452
0.3575226
0.3689219
0.380015
0.3909739
0.4023729
0.4135971
0.4244823
0.4359176
0.4470734
0.4579942
0.469783
0.4801641
0.4916703
0.5027627
0.5181141
0.5282335
0.5378415
0.5474408
0.5590394
0.569683
0.5808616
0.5919036
0.603731
0.6146216
0.6252112
0.6365805
0.6476902
0.6592852
0.6704289
0.6814863
0.6924606
0.7036669
0.7148391
0.7259405
0.7371672
0.7481986
0.7596535
0.7706368
0.7822033
0.7929974
0.8040673
0.8151256
0.8264964
0.8376446
0.8486786
0.860051
0.8713683
0.8846951
0.8954903
0.9074691
0.9190241
0.9303535
0.9411597
0.95273
0.9647642
0.9751746
0.9865528
0.9981366
1.009561
1.020889
1.031789
1.043242
1.054585
1.066
1.077247
1.088346
1.099743
1.110841
1.122148
1.13312
1.144056
1.155509
1.166979
1.177459
1.188696
1.200199
1.21119
1.222696
1.234257
1.244615
1.255708
1.266955
1.278171
1.289326
1.300938
1.311843
1.322814
1.334611
1.3451
1.35643
1.368369
1.378643
1.390296
1.401255
1.412231
1.423483
1.434975
1.445796
1.45682
1.468418
1.47944
1.490454
1.502144
1.512872
1.524005
1.535778
1.546431
1.557553
1.568799
1.579799
1.59101
1.602577
1.613287
1.624295
1.635715
1.647026
1.657787
1.669091
1.684648
1.694366
1.70457
1.713759
1.723796
1.733558
1.744238
1.755655
1.766833
1.777646
1.788931
1.800125
1.811178
1.822487
1.834015
1.844714
1.856023
1.867576
1.878198
1.88939
1.900974
1.911705
1.922934
1.9345
1.945216
1.956322
1.96768
1.978883
1.989933
2.001358
2.01247
2.023362
2.034925
2.045959
2.057099
2.068496
2.079574
2.091211
2.10266
2.113596
2.125025
2.13639
2.147514
2.159086
2.170849
2.181836
2.193185
2.204366
2.215854
2.227198
TARGET DESTROYED 
2.245507
2.255823
2.265344
2.275251
2.285188
2.294755
2.305314
2.314817
2.325059
2.343246
2.355684
2.368244
2.379763
2.39045
2.401523
2.412462
2.423596
2.435146
2.446118
2.457206
2.468593
2.479929
2.49063
2.502302
2.513074
2.524149
2.535709
2.546664
2.557955
2.56925
2.579927
2.591105
2.603128
2.613681
2.624569
2.636204
2.64698
2.658209
2.669473
2.680814
2.691797
2.703042
2.714012
2.725194
2.73645
2.747503
2.763397
2.77362
2.78358
2.793638
2.804073
2.814484
2.82582
2.837154
2.848486
2.860178
2.871996
2.883503
2.894691
2.905826
2.917408
2.928296
2.939358
2.951023
2.961958
2.972852
2.984424
2.995603
3.006432
3.017728
3.028744
3.039856
3.051487
3.062069
3.07363
3.084833
3.095692
3.107082
3.118421
3.129569
3.140802
3.152606
3.163758
3.174789
3.186207
3.197578
3.208918
3.219985
3.231477
3.243045
3.254529
3.265909
3.276989
3.288238
3.300332
3.310848
3.322465
3.333757
3.344582
3.355668
3.367687
3.377951
3.389287
3.400591
3.41154
3.422851
3.434317
3.445103
3.456259
3.467723
3.478682
3.489708
3.501298
3.512116
3.523981
3.535797
3.54636
3.556732
3.568287
3.579275
3.590129
3.601626
3.612659
3.623767
3.63552
3.645914
3.657179
3.668707
3.67968
3.691031
3.702442
3.713218
3.72435
3.736003
3.746681
TARGET DESTROYED 
3.761531
3.772453
3.781976
3.79197
3.80191
3.812036
3.822991
3.834301
3.844746
3.855921
3.867466
3.878198
3.893927
3.911239
3.923003
3.932989
3.943097
3.954259
3.964986
3.976737
3.987653
3.998641
4.009842
4.020974
4.033885
4.044329
4.05512
4.065775
4.076809
4.087854
4.099221
4.110255
4.121777
4.132917
4.14384
4.154939
4.166439
4.177157
4.188462
4.199969
4.210683
4.222096
4.233191
4.244317
4.255836
4.266796
4.277756
4.289118
4.300388
4.311254
4.322557
4.334412
4.344901
4.356199
4.367513
4.378241
4.389513
4.401544
4.412591
4.42392
4.435692
4.44695
4.458686
4.470158
4.482044
4.49313
4.504575
4.516524
4.527557
4.53987
4.551062
4.562047
4.573482
4.584731
4.595616
4.606574
4.61808
4.629243
4.640192
4.651677
4.662661
4.674042
4.68507
4.695969
4.707134
4.718613
4.729416
4.740604
4.752
4.763078
4.779153
4.789577
4.799685
4.809416
4.819208
4.828893
4.838944
4.848428
4.858973
4.870128
4.881315
4.892502
4.903708
4.914823
4.925921
4.937157
4.949032
4.959451
4.970652
4.982321
4.993109
5.008756
5.019085
5.029094
5.039872
5.049901
5.060304
5.071133
5.082499
5.093633
5.104727
5.115936
5.126919
5.138363
5.14956
5.160807
5.172246
5.183787
5.195088
5.20644
5.218101
5.229059
5.240586
5.252002
5.263215
5.274102
5.285532
5.296591
5.307772
5.319053
5.33011
5.341078
5.352891
5.363549
5.374887
5.386143
5.39765
5.408522
5.420255
5.4316
5.442914
5.454481
5.465607
5.476818
5.488449
5.499914
5.51104
5.522144
5.534351
5.544884
5.556132
5.568029
5.57884
5.589569
5.601365
5.61213
5.623157
TARGET DESTROYED 
5.639005
5.649893
5.660398
5.670973
5.681596
5.69261
5.703525
5.71338
5.727438
5.738559
5.748452
5.75902
5.770518
5.787028
5.797871
5.807949
5.819311
5.831121
5.841981
5.853019
5.863847
5.875091
5.886476
5.897324
5.908447
5.919814
5.931184
5.942161
5.953297
5.964458
5.975667
5.98688
5.99787
6.009221
6.020198
6.031649
6.042956
6.053831
6.064835
6.07612
6.087361
6.09842
6.109566
6.125568
6.135783
6.145267
6.155514
6.165775
6.176601
6.187716
6.199207
6.210164
6.221275
6.2327
6.244297
6.254842
6.266158
6.277115
6.288356
6.299681
6.31096
6.322551
6.334331
6.345675
6.357243
6.36876
6.379529
6.390584
6.402354
6.413051
6.424229
6.435613
6.44655
6.457685
6.468964
6.480014
6.491384
6.502912
6.514807
6.525487
6.537124
6.548383
6.559847
6.571129
6.582664
6.593498
6.604859
6.616491
6.627692
6.638999
6.650804
6.661661
6.673075
6.684882
6.695258
6.706431
6.718295
6.728904
6.740174
6.75139
6.762439
6.773511
6.785039
6.795813
6.807191
6.818413
6.829375
6.840565
6.85194
6.863207
6.874385
6.885221
6.896523
6.90758
6.919038
6.929821
6.941073
6.952335
6.963425
6.974536
6.985882
6.997175
7.008038
7.019515
7.031243
7.041929
7.05302
7.06405
7.075217
7.086339
7.097486
7.108581
7.12063
7.131083
7.142264
7.153497
7.164623
7.175609
7.187068
7.198052
7.209285
7.220652
7.231906
7.242835
7.253968
7.268758
7.278497
7.288605
7.297963
7.30777
7.319128
7.33004
7.34202
7.352523
7.363528
7.374607
7.385828
7.397039
7.408234
7.419384
7.430716
7.441608
7.452992
7.463985
7.475083
7.486453
7.497859
7.509483
7.519773
7.531264
7.542551
7.55351
7.564551
7.575737
7.586853
7.597968
7.609421
7.620506
7.631785
7.643136
7.654645
7.6658
7.67701
7.688259
7.699955
7.710958
7.722129
7.734279
7.744857
7.756454
7.767996
TARGET DESTROYED 
7.782174
7.792465
7.802073
7.811913
7.828302
7.839309
7.848865
7.858789
7.868722
7.878541
7.88834
7.897866
7.907959
7.919289
7.930964
7.941371
7.952818
7.964073
7.974977
7.986156
7.997493
8.008938
8.01966
8.030863
8.042295
8.053164
8.064218
8.075598
8.086667
8.09788
8.109102
8.120811
8.131232
8.142528
8.153874
8.16514
8.176084
8.187115
8.198463
8.209712
8.221176
8.231919
8.244102
8.254799
8.266922
8.277981
8.29074
8.300623
8.311776
8.323265
8.334943
8.34614
8.357643
8.369164
8.384213
8.393723
8.403528
8.41372
8.424819
8.436165
8.447037
8.458148
8.469738
8.480523
8.491735
8.503291
8.513956
8.525376
8.536501
8.547613
8.558944
8.570033
8.580915
8.592545
8.603588
8.61474
8.625681
8.637053
8.648365
8.659379
8.670526
8.681561
8.693117
8.704002
8.715283
8.72665
8.737425
8.749229
8.760366
8.771352
8.783443
8.793951
8.805281
8.817255
8.828023
8.839498
8.85117
8.862054
8.87342
8.884966
8.895939
8.907354
8.918569
8.929266
8.940492
8.951829
8.962824
8.974135
8.985506
8.996672
9.007548
9.019102
9.030011
9.04135
9.052892
9.064092
9.075622
9.087695
9.098709
9.110374
9.123184
9.135017
9.145932
9.157849
9.17031
9.181185
9.192875
9.204339
9.215628
9.227866
9.238914
9.250512
9.261787
9.273858
9.285538
9.296823
9.307784
9.319429
9.329439
9.339642
9.349434
9.359976
9.371477
9.382568
9.393641
9.404727
9.416043
9.427144
9.438242
9.449504
9.460465
9.471686
9.48314
9.494061
9.505239
9.516533
9.527913
9.543962
9.554439
9.564436
9.574162
9.584029
9.594809
9.606034
9.618061
9.629084
9.6405
9.652072
9.663179
9.674165
9.685879
9.696556
9.707724
9.719442
9.730271
9.74131
9.752582
9.76371
9.77475
9.785889
9.797193
9.808227
9.819421
9.830625
9.841964
9.853243
9.864478
9.87581
9.886516
9.897654
9.909056
9.92055
9.932098
9.943397
9.955071
9.966254
9.977777
9.989202
10.00172
10.01348
10.02456
10.03737
10.04898
10.06024
10.07202
10.08363
10.09508
10.10681
10.11864
10.13072
10.14187
10.15383
10.1649
10.17543
10.18673
10.19786
10.20939
10.22064
10.2316
10.24287
10.25467
10.26608
10.2776
10.28882
10.30001
10.31159
10.3241
10.33742
10.34926
10.36067
10.37232
10.38379
10.39509
10.40667
10.41879
10.42986
10.44133
10.45359
10.46536
10.47733
10.48907
10.50075
10.51228
10.5238
10.53638
10.54786
10.55956
10.57146
10.58342
10.59555
10.60715
10.61901
10.63065
10.64267
10.65572
10.66811
10.68051
10.69204
10.70456
10.71678
10.72798
10.74392
10.75668
10.76791
10.77886
10.78983
10.80107
10.81224
10.82344
10.83497
10.84577
10.85731
10.8684
10.87963
10.89042
10.90231
10.91301
10.92381
10.93544
10.94606
10.95717
10.96862
10.97975
10.99127
11.00283
11.01316
11.02454
11.03613
11.04741
11.05795
11.06957
11.08045
11.09165
11.10264
11.11369
11.12485
11.13617
11.14739
11.15831
11.16986
11.18132
11.19215
11.20319
11.21444
11.22594
11.23732
11.24919
11.26055
11.27227
11.28378
11.29523
11.3067
11.31843
11.32911
11.34093
11.35257
11.36422
11.37549
11.38684
11.39809
11.40952
11.42058
11.43143
11.44284
11.45389
11.46499
11.47632
11.48739
11.49829
11.50968
11.5207
11.53259
11.54365
11.55424
11.56577
11.57686
11.58788
11.59946
11.61017
11.62132
11.63252
11.6436
11.65495
11.66601
11.67714
11.68824
11.6999
11.71117
11.72185
11.73314
11.74439
11.75527
11.76694
11.77785
11.78895
11.80017
11.81131
11.82245
11.83389
11.84458
11.85592
11.86735
11.87994
11.89053
11.90104
11.91675
11.92787
11.93888
11.94989
11.96049
11.97281
11.98514
11.99875
12.01114
12.02387
12.03768
12.0502
12.06237
12.07526
12.0914
12.10519
12.11837
12.13131
12.1443
12.15917
