0.02
0.04
0.14
0.1835319
0.1970251
0.2068298
0.2164923
0.2260856
0.2356483
0.244856
0.2546203
0.2658198
0.2770045
0.2887273
0.2994414
0.3104292
0.3220919
0.3329652
0.3438564
0.3555689
0.3663177
0.3783939
0.388963
0.3999037
0.4109242
0.4225998
0.4334255
0.4447505
0.4559616
0.4668329
0.4779987
0.490987
0.5005055
0.5116004
0.5268546
0.5361196
0.5453267
0.5561669
0.5673565
0.5786057
0.5898283
0.601476
0.6121141
0.6234128
0.6344587
0.6456499
0.6567929
0.6680447
0.6791797
0.6902381
0.7014101
0.7127061
0.726448
0.7355694
0.7462289
0.7579963
0.7686203
0.7796956
0.790821
0.8021546
0.8132659
0.8243936
0.8355553
0.8466303
0.8578882
0.8692507
0.8801541
0.8944843
0.9056242
0.917173
0.9281628
0.9396
0.9510414
0.9623002
0.9736679
0.9848946
0.9962667
1.008152
1.018501
1.029599
1.040706
1.052312
1.063226
1.074582
1.085659
1.096521
1.107906
1.11966
1.130901
1.141851
1.153389
1.164649
1.175699
1.186949
1.197781
1.209454
1.22035
1.231747
1.24252
1.254346
1.265062
1.276381
1.287601
1.29863
1.309425
1.321172
1.332708
1.342977
1.354754
1.365441
1.376561
1.388156
1.398852
1.410164
1.421801
1.432768
1.443606
1.454764
1.466073
1.477242
1.488305
1.500217
1.510489
1.522081
1.532894
1.544557
1.555452
1.566505
1.577507
1.592056
1.60403
1.613685
1.623796
1.63313
1.643009
1.654072
1.665615
1.676687
1.692337
1.707922
1.718011
1.728901
1.740453
1.751454
1.762669
1.773729
1.785213
1.796112
1.807495
1.818552
1.829658
1.841
1.85214
1.863772
1.874351
1.885446
1.896631
1.907888
1.9192
1.93017
1.941392
1.953483
1.963518
1.974917
1.986626
1.997141
2.008201
2.019947
2.031068
2.047948
2.061252
2.072016
2.082518
2.093042
2.103111
2.113001
2.124802
2.135765
2.146395
2.156353
2.167496
2.180384
2.192067
2.203681
2.213832
2.224281
2.23424
2.244654
2.255538
2.265604
2.276536
2.287789
2.298873
2.309866
2.321236
2.332434
2.343376
2.354896
2.365834
2.376853
2.388261
2.399345
2.410364
2.421905
2.432978
2.443864
2.455372
2.466356
2.477983
2.489795
2.501082
2.51239
2.523666
2.534783
2.545937
2.557162
2.569071
2.579834
2.591541
2.603144
2.613972
2.625753
2.63713
2.648339
2.65937
2.672014
2.687155
2.698056
2.708654
2.718513
2.728575
2.739363
2.748991
2.759213
2.768908
2.77989
2.791288
2.803213
2.813691
2.824664
2.836045
2.847176
2.85843
2.86951
2.880893
2.891635
2.902949
2.9146
2.925104
2.936483
2.947523
2.958921
2.970036
2.981443
2.992325
3.003495
3.014492
3.025612
3.037289
3.04805
3.059227
3.070809
3.082036
3.093219
3.104854
3.116316
3.127463
3.139766
3.150223
3.161864
3.173313
3.184272
3.195874
3.207194
3.218541
3.230106
3.241076
3.252563
3.263853
3.27604
3.28748
3.29797
3.309365
3.320922
3.331894
3.342715
3.354157
3.365298
3.376128
3.38726
3.398395
3.40959
3.421081
3.432465
3.443417
3.454398
3.465477
3.476379
3.488032
3.498837
3.510619
3.521873
3.532866
3.543568
3.554875
3.565729
3.577103
3.588624
3.599635
3.610391
3.621887
3.632924
3.643993
3.655364
3.666467
3.677424
3.688885
3.699806
3.711318
3.72229
3.733464
3.744713
3.755961
3.766958
3.782922
3.793415
3.804103
3.814935
3.825655
3.835843
3.846266
3.8571
3.867704
3.877899
3.88827
3.898334
3.908746
3.919584
3.929963
3.940899
3.952117
3.963151
3.974506
3.985803
3.996493
4.007726
4.019187
4.03011
4.04142
4.052766
4.063597
4.074669
4.086643
4.097146
4.108185
4.119721
4.130843
4.141821
4.153284
4.16423
4.175626
4.187098
4.197792
4.208981
4.220526
4.231825
4.243217
4.254896
4.266036
4.277605
4.288963
4.300281
4.311731
4.32327
4.334608
4.345817
4.357435
4.369192
4.380366
4.391416
4.403429
4.414707
4.426347
4.437451
4.448248
4.459432
4.470884
4.482101
4.492897
4.504394
4.515724
4.528778
4.539603
4.550062
4.560526
4.571883
4.582423
4.593455
4.605099
4.615772
4.626976
4.638242
4.649374
4.660316
4.671914
4.683099
4.694466
4.70518
4.716429
4.727427
4.73879
4.749874
4.7612
4.77265
4.783341
4.794468
4.805669
4.817254
4.827887
4.839409
4.855813
4.866775
4.877374
4.888266
4.898832
4.909536
4.920546
4.930825
4.941483
4.952051
4.962464
4.973463
4.983933
4.994786
5.00537
5.015636
5.026291
5.037311
5.048084
5.058521
5.069195
5.079867
5.091347
5.102628
5.113685
5.125511
5.136269
5.147452
5.158312
5.16967
5.182189
5.193923
5.205128
5.215635
5.227227
5.238147
5.248885
5.259477
5.270332
5.281366
5.29244
5.303939
5.314953
5.325911
5.337601
5.34878
5.360219
5.372099
5.383467
5.394547
5.406422
5.417531
5.429349
5.442047
5.452325
5.463644
5.474879
5.486846
5.49822
5.508723
5.520699
5.534124
5.545808
5.556828
5.566992
5.57765
5.58831
5.59851
5.609332
5.620065
5.630802
5.641804
5.653347
5.66413
5.675636
5.68676
5.697734
5.708744
5.720401
5.731509
5.742693
5.75377
5.764741
5.776017
5.787292
5.798322
5.809229
5.821139
5.832358
5.844419
5.85558
5.866423
5.876968
5.888396
5.898746
5.909809
5.921415
5.937141
5.947938
5.958848
5.969993
5.980973
5.992023
6.002819
6.013874
6.025743
6.03693
6.047917
6.058817
6.069718
6.080794
6.09202
6.103489
6.114275
6.126231
6.138049
6.149381
6.161457
6.172602
6.183865
6.195169
6.20631
6.216773
6.227736
6.238649
6.249742
6.260561
6.271706
6.282546
6.293446
6.30449
6.321319
6.331962
6.342545
6.353748
6.364757
6.376307
6.387459
6.398054
6.40939
6.420887
6.43261
6.44321
6.454258
6.465061
6.476438
6.487679
6.498678
6.50976
6.521162
6.532732
6.544516
6.556124
6.567176
6.579207
6.590418
6.601002
6.611515
6.622518
6.633362
6.643989
6.655137
6.666426
6.677277
6.688718
6.699749
6.710698
6.722296
6.733361
6.744318
6.755682
6.766727
6.777735
6.788967
6.800182
6.811501
6.822624
6.833732
6.845188
6.856887
6.869248
6.880218
6.891718
6.904015
6.914976
6.930448
6.941546
6.952376
6.963436
6.974933
6.986168
6.997334
7.008879
7.020782
7.038155
7.048856
7.059628
7.070942
7.081617
7.092979
7.10404
7.114793
7.125588
7.136691
7.147664
7.15844
7.169922
7.181115
7.192295
7.203435
7.214439
7.225543
7.237118
7.247667
7.25914
7.271183
7.282087
7.293361
7.305199
7.315866
7.327003
7.33861
7.350316
7.361291
7.372725
7.38361
7.395248
7.40652
7.417571
7.429066
7.440539
7.451669
7.462695
7.473837
7.485034
7.496366
7.507919
7.519081
7.537325
7.548641
7.559805
7.571344
7.583015
7.593751
7.604971
7.617097
7.627981
7.639576
7.651052
7.66245
7.673616
7.684642
7.695734
7.707242
7.718029
7.728979
7.741294
7.752707
7.763822
7.775266
7.786578
7.79765
7.809525
7.821682
7.832983
7.84429
7.855874
7.866993
7.878228
7.889484
7.900812
7.912271
7.923647
7.934653
7.945108
7.955625
7.966543
7.97758
8.027208
8.038748
8.051396
8.062732
8.074122
8.08482
8.095972
8.10705
8.118682
8.13
8.141167
8.152869
8.169748
8.182092
8.192931
8.204066
8.215418
8.226485
8.237625
8.248601
8.259928
8.271416
8.282745
8.293846
8.305526
8.316927
8.328221
8.339746
8.350943
8.362124
8.373547
8.385041
8.397057
8.408655
8.420878
8.432973
8.444803
8.456264
8.467583
8.478892
8.491029
8.502222
8.513463
8.526775
8.538494
8.54967
8.561379
8.572651
8.585327
8.597664
8.609768
8.62206
8.633593
8.646414
8.658417
8.670156
8.681694
8.693217
8.70492
8.716539
8.728062
8.740201
8.751719
8.763028
8.774744
8.786731
8.798496
8.809598
8.822062
8.83319
8.84501
8.85691
8.868193
8.879635
8.891245
8.902746
8.914413
8.925834
8.937145
8.948373
8.960062
8.972639
8.984032
8.99565
9.007352
9.01829
9.030214
9.041796
9.053084
9.064457
9.076362
9.087757
9.099261
9.110826
9.122759
9.134695
9.146277
9.158128
9.169589
9.180781
9.191588
9.20317
9.213643
9.22436
9.235237
9.246933
9.259389
9.275988
9.28826
9.3028
9.316917
9.329416
9.343933
9.356118
9.367465
9.379007
9.390906
9.404407
9.415339
9.426854
9.437948
9.447563
9.458833
9.469971
9.480969
9.492601
9.503613
9.514795
9.525714
9.537039
9.548171
9.559112
9.570731
9.581618
9.59265
9.604254
9.615532
9.626503
9.637692
9.648373
9.660076
9.67139
9.682132
9.693109
9.704573
9.715445
9.726943
9.737937
9.748976
9.760201
9.77211
9.782742
9.793717
9.804931
9.816109
9.827441
9.83849
9.849559
9.860926
9.872276
9.883668
9.895241
9.906831
9.918499
9.929626
9.941374
9.953219
9.964337
9.975692
9.988342
9.998551
10.01044
10.02203
10.03306
10.04616
10.05635
10.06684
10.08031
10.09115
10.10108
10.11147
10.12234
10.13323
10.14469
10.15601
10.16666
10.17791
10.1893
10.20073
10.21158
10.22316
10.23374
10.24492
10.25649
10.26725
10.27849
10.291
10.30123
10.31197
10.32318
10.3344
10.34555
10.36131
10.37155
10.38165
10.39252
10.40284
10.41321
10.42411
10.43496
10.44569
10.45679
10.46705
10.47771
10.48844
10.50006
10.5105
10.52239
10.53377
10.54419
10.5555
10.56651
10.57788
10.58899
10.60079
10.61112
10.62273
10.63341
10.64461
10.65585
10.66764
10.67796
10.68937
10.70052
10.71184
10.72345
10.7339
10.74569
10.75669
10.76823
10.77995
10.7911
10.80237
10.81345
10.82511
10.84429
10.85494
10.86668
10.87835
10.88876
10.90015
10.91077
10.92239
10.93347
10.94474
10.95586
10.96767
10.97826
10.98908
11.00021
11.0116
11.02261
11.03397
11.04492
11.0559
11.06757
11.07891
11.08938
11.10077
11.11209
11.12307
11.13442
11.14555
11.15664
11.16781
11.17936
11.18997
11.20128
11.21277
11.22329
11.2352
11.2461
11.25741
11.26924
11.28024
11.29182
11.30392
11.31469
11.32609
11.33746
11.34917
11.36026
11.37176
11.38294
11.39474
11.4062
11.41745
11.42879
11.44541
11.45641
11.46694
11.47765
11.48817
11.49851
11.50881
11.51953
11.53043
11.54038
11.55069
11.5605
11.57088
11.58106
11.59231
11.60388
11.61441
11.62568
11.63681
11.64799
11.65918
11.67093
11.68147
11.69271
11.70454
11.71517
11.72602
11.7376
11.74858
11.75963
11.77132
11.78235
11.7936
11.80438
11.81551
11.82653
11.83793
11.84894
11.86037
11.87148
11.8826
11.89401
11.90563
11.91686
11.92835
11.93982
11.9512
11.96265
11.97439
11.98582
11.99741
12.00825
12.02071
12.03191
12.04264
12.05401
12.06575
12.07703
12.08835
12.09974
12.11238
12.12306
12.13351
12.14422
12.15555
12.16657
12.17811
12.18896
12.20022
12.21165
12.22268
12.23359
12.24523
12.25643
12.26708
12.27888
12.28953
12.3006
12.31179
12.32316
12.33439
12.34538
12.35653
12.36764
12.3792
TARGET DESTROYED 
12.39004
12.40998
12.42107
12.4326
12.44358
12.45381
12.46461
12.47505
12.48604
12.50998
12.52171
12.53246
12.54307
12.55409
12.56402
12.5759
12.58664
12.59747
12.60863
12.61994
12.63108
12.64225
12.65348
12.66478
12.67575
12.6871
12.69773
12.70901
12.72036
12.73177
12.74334
12.75432
12.76509
12.77644
12.7875
12.79968
12.81093
12.82116
12.83253
12.84325
12.85443
12.86543
12.87668
12.88793
12.89897
12.91056
12.92146
12.93242
12.94357
12.95519
12.96593
12.97719
12.98837
12.99941
13.01066
13.0224
13.03349
13.04456
13.05633
13.06828
13.07943
13.09117
13.10275
13.11465
13.1258
13.1375
13.14912
13.16046
13.1723
13.18315
13.19519
13.20576
13.21663
13.2279
13.23909
13.25018
13.26126
13.27348
13.28372
13.29478
13.30598
13.31737
13.3281
13.3395
13.35089
13.36177
13.37324
13.3844
13.3954
13.40657
13.42263
13.434
13.44488
13.45567
13.46601
13.47629
13.48704
13.49753
13.5079
13.51814
13.52944
13.5403
13.55063
13.56125
13.57168
13.58195
13.59298
13.6032
13.61393
13.62538
13.63619
13.64755
13.65843
13.6699
13.68089
13.69207
13.70329
13.71446
13.72552
13.73682
13.74801
13.75915
13.77104
13.78222
13.79312
13.80428
13.81516
13.82606
13.83742
13.84875
13.85942
13.87092
13.882
13.894
13.90528
13.91626
13.9276
13.93919
13.95069
13.96237
13.9735
13.98528
13.99638
14.008
TARGET DESTROYED 
14.01961
14.03508
14.04608
14.05734
14.07618
14.0886
14.09881
14.10907
14.12011
14.13042
14.14094
14.15166
14.1624
14.17296
14.18396
14.19454
14.20599
14.21763
14.22845
14.23944
14.25098
14.26166
14.27278
14.28408
14.2951
14.30651
14.31778
14.32867
14.34001
14.3512
14.36219
14.37348
14.38461
14.39567
14.40681
14.42244
14.43381
14.44448
14.4557
14.46607
14.47629
14.48687
14.49786
14.5083
14.51849
14.53026
14.541
14.5523
14.56354
14.57437
14.58571
14.59707
14.60873
14.62034
14.63344
14.6451
14.65646
14.66691
14.67764
14.68905
14.69965
14.71101
14.72208
14.73325
14.74421
14.75541
14.76672
14.77772
14.78988
14.80165
14.81299
14.82491
14.83667
14.84809
14.86006
14.87166
14.88271
14.89412
14.90573
14.91712
14.92903
14.9404
14.95149
14.9632
14.97496
14.98614
14.9975
15.01066
15.02184
15.03304
15.04434
15.05588
15.06737
15.0795
15.09207
15.10468
15.11746
15.13024
15.14319
15.15553
15.16793
15.18068
15.19659
15.20966
15.22313
15.23567
15.24836
15.26105
15.27454
15.28708
15.3002
15.31284
15.32592
15.33924
15.35165
15.36443
15.37702
15.38998
15.40178
15.41279
15.42422
15.4362
15.44743
15.46414
15.47687
15.48859
15.49983
15.51124
15.52312
TARGET DESTROYED 
15.53534
15.55207
15.56316
15.57523
15.58601
15.59709
15.60862
15.61993
15.6318
15.65146
15.66364
15.67506
15.68674
15.69714
15.70752
15.71751
15.7281
15.73908
15.74932
15.75983
15.77081
15.78095
15.79253
15.80379
15.81463
15.82561
15.83693
15.84814
15.85877
15.87033
15.8814
15.89237
15.90379
15.91486
15.92626
15.93735
15.9485
15.95944
15.97099
15.9821
15.99376
16.00469
16.01559
16.02736
16.03868
16.05054
16.06196
16.07297
16.08354
16.09465
16.10633
16.11701
16.12788
16.13894
16.14935
16.16075
16.17223
16.18326
16.19395
16.20605
16.21724
16.22904
16.24048
16.2524
16.26423
16.27551
16.28748
16.2985
16.31066
16.322
16.33311
16.34413
16.35557
16.36659
16.37766
16.38905
16.40005
16.41133
16.42304
16.43515
16.44561
16.4559
16.47154
16.48195
16.49239
16.50287
16.51243
16.52225
16.53182
16.54169
16.55284
16.56393
16.57528
16.58649
16.59769
16.60846
16.61982
16.63119
16.64531
16.65882
16.66964
16.67928
16.68965
16.69883
16.70911
16.72054
16.7321
16.74254
16.75388
16.76486
16.77641
16.78758
16.79829
16.80959
16.82097
16.83213
16.84308
16.85478
16.86574
16.87741
16.88861
TARGET DESTROYED 
16.89949
16.91336
16.92332
16.93318
16.9442
16.95553
16.96658
16.97756
16.98903
17
17.01132
17.02257
17.03396
17.04542
17.06234
17.07395
17.08354
17.09312
17.10263
17.1121
17.12165
17.13288
17.14421
17.1552
17.16629
17.17774
17.18867
17.20003
17.21114
17.2223
17.23349
17.24472
17.25571
17.26694
17.27792
17.28944
17.30045
17.31161
17.32284
17.33392
17.34528
17.3566
17.36751
17.37848
17.38975
17.40114
17.41203
17.42331
17.43456
17.44593
17.4574
17.46887
17.4802
17.49549
17.50512
17.51459
17.52575
17.53789
17.54867
17.55976
17.57156
17.58198
17.59314
17.60452
17.61549
17.62662
17.6382
17.64895
17.6606
17.67192
17.6825
17.69411
17.70503
17.71625
17.72773
17.73839
17.7496
17.76063
17.77201
17.78312
17.79429
17.80566
17.81692
17.82788
17.83906
17.85026
17.86193
17.87266
17.88421
17.89544
17.90736
17.91791
17.92966
17.94074
17.95181
17.96347
17.97471
17.98686
17.9975
18.00844
18.02046
18.03101
18.04196
18.05371
18.06458
18.07551
18.08709
18.0982
18.10907
18.12046
18.13144
18.14277
18.15409
18.16489
18.17628
18.18747
18.19854
18.20938
18.22106
18.23186
18.24319
18.25454
18.26546
18.27663
18.28811
18.30043
18.31019
18.32163
18.33234
18.34348
18.35498
18.36596
18.37702
18.38904
18.39937
18.41058
18.42201
18.43345
18.44434
18.45568
18.46667
18.47765
18.49263
18.50263
18.51236
18.52213
18.53245
18.54274
18.55383
18.56502
18.57635
18.58746
18.59857
18.61001
18.62095
18.63207
18.6433
18.65446
18.66558
18.67665
18.68785
18.69906
18.71011
18.72155
18.73253
18.74349
18.75505
18.76628
18.77709
18.78854
18.79945
18.81074
18.82191
18.83324
18.84429
18.85561
18.86709
18.87801
18.88945
18.90088
18.91226
18.92363
18.93562
18.94593
18.95731
18.96894
18.98013
18.9913
19.00274
19.01373
19.02551
19.03663
19.04734
19.05837
19.07033
19.08124
19.09197
19.1034
19.1145
TARGET DESTROYED 
19.1256
19.13991
19.14991
19.15976
19.1692
19.18012
19.19129
19.20258
19.21409
19.22478
19.24124
19.25769
19.26856
19.27855
19.28815
19.29938
19.31035
19.32203
19.33273
19.34411
19.3554
19.36619
19.37729
19.38887
19.39999
19.41125
19.42214
19.43322
19.44461
19.45595
19.46667
19.47798
19.48981
19.50055
19.51143
19.52279
19.53382
19.54488
19.55634
19.57091
19.58117
19.59081
19.60096
19.61214
19.62333
19.63442
19.64556
19.65672
19.66792
19.67932
19.69035
19.70148
19.7127
19.72389
19.73489
19.74627
19.75827
19.76983
19.78115
19.79247
19.80422
19.81555
19.82716
19.83887
19.85018
19.86114
19.87278
19.88351
19.89482
19.90578
19.91734
19.92821
19.93962
19.95076
19.96268
19.97336
19.98476
19.9962
20.00729
20.0185
20.03038
20.04222
20.05263
20.06387
20.07497
20.0866
20.09756
20.10838
20.11984
20.13095
20.14223
20.15337
20.16442
20.17574
20.18716
20.19784
20.20904
20.2207
20.23133
20.24259
20.25417
20.26488
20.27589
20.28733
20.29828
20.30955
20.32121
20.33203
20.34375
20.35427
20.3656
20.3765
20.38793
20.39899
20.41036
20.42163
20.43265
20.444
20.45506
20.46591
20.47707
20.48881
20.49979
20.51542
20.52792
20.53915
20.5504
20.56153
20.57265
20.58418
20.59512
20.60615
20.61727
20.62863
20.63968
20.65112
20.66212
20.67319
20.68452
20.69549
20.70662
20.71774
20.72899
20.74025
20.75145
20.76261
20.77365
20.7847
20.79598
20.80766
20.819
20.82949
20.84077
20.85198
20.86359
20.87448
20.88545
20.89644
20.90785
20.91916
20.93015
20.94114
20.95263
20.96368
20.97468
20.98617
20.99757
21.00875
21.0205
21.0319
21.04333
21.05505
21.06626
21.07765
21.08931
21.10081
21.11216
21.1239
21.13542
21.14637
21.15845
21.1699
21.1808
21.19186
21.20358
21.21433
21.22576
21.23711
21.24781
21.25908
21.27065
21.28154
21.29242
21.3039
21.31505
21.32587
21.33752
21.34826
21.35937
21.37092
21.38199
21.39315
21.40431
21.4154
21.42746
21.44337
21.45342
21.46284
21.47278
21.48254
21.49232
21.50176
21.5117
21.52271
21.53416
21.5452
21.55622
21.56734
21.57846
21.58977
21.60119
21.61205
21.62315
21.63442
21.64552
21.65665
21.66806
21.67913
21.69018
21.70133
21.71281
21.72379
21.7351
21.7462
21.75755
21.7685
21.77957
21.79074
21.80216
21.8131
21.82444
21.83595
21.84735
21.85866
21.87057
21.88164
21.89301
21.9044
21.91591
21.9273
21.93866
21.94976
21.9614
21.97269
21.98415
21.99516
22.00694
22.01811
22.02976
22.04096
22.05221
TARGET DESTROYED 
22.06325
22.07745
22.09349
22.10431
22.11421
22.1252
22.1368
22.14748
22.15871
22.17005
22.1812
22.19238
22.20367
22.21476
22.22563
22.23742
22.24849
22.25931
22.27073
22.28192
22.29291
22.30458
22.31517
22.32645
22.33772
22.34877
22.35963
22.37128
22.38218
22.39357
22.40468
22.41582
22.42746
22.43819
22.44909
22.46044
22.47173
22.48259
22.4938
22.50524
22.51613
22.52768
22.53912
22.55127
22.56594
22.57569
22.58587
22.59628
22.60747
22.61921
22.63056
22.64198
22.65336
22.66433
22.67574
22.68688
22.69782
22.70955
22.72044
22.73147
22.74255
22.75413
22.76491
22.77611
22.78745
22.79838
22.80952
22.82107
22.83194
22.8432
22.85451
22.86572
22.87712
22.88808
22.8989
22.91016
22.9214
22.93274
22.94382
22.95539
22.96643
22.97783
22.98944
23.00063
23.01178
23.02339
23.03463
23.04588
23.0576
23.06829
23.07961
23.09076
23.10199
23.11312
23.12418
23.13557
23.14685
23.15773
23.16934
23.18107
23.19151
23.20303
23.21367
23.22476
23.23671
23.24725
23.25834
23.26994
23.28055
23.29214
23.30362
23.31454
23.32529
23.33721
23.34764
23.35873
23.37033
23.38162
23.39222
23.404
23.41489
23.42619
23.43723
23.44844
23.45926
23.47097
23.48164
23.4936
23.50446
23.51545
23.52689
23.53782
23.54876
23.55997
23.57172
23.58232
23.59343
23.6049
23.61574
23.62723
23.63853
23.64948
23.6604
23.67197
23.68266
23.69402
23.70546
23.71718
23.72734
23.73884
23.74982
23.76431
23.77421
23.78333
23.79305
23.80453
23.81533
23.82639
23.83803
23.84882
23.86018
23.87142
23.8826
23.89371
23.90499
23.91581
23.92689
23.93835
23.94933
23.96093
TARGET DESTROYED 
23.97174
23.99533
24.00567
24.01545
24.02495
24.03552
24.04643
24.05758
24.06921
24.08005
24.09111
24.10284
24.11433
24.13291
24.14378
24.15347
24.16288
24.17254
24.18252
24.19181
24.20308
24.21403
24.22523
24.23678
24.24796
24.25879
24.2713
24.28109
24.29252
24.30366
24.31501
24.32593
24.33733
24.34832
24.35942
24.3707
24.38193
24.39288
24.40445
24.41532
24.42784
24.43809
24.44911
24.46019
24.47134
24.4824
24.49343
24.50491
24.51608
24.52725
24.5384
24.54965
24.56101
24.57281
24.5843
24.59553
24.60688
24.6191
24.63033
24.64113
24.65278
24.66404
24.67659
24.68793
24.6981
24.70992
24.72198
24.73265
24.74837
24.75967
24.77278
24.78246
24.7949
24.80589
24.81717
24.82832
24.83951
24.85063
24.86183
24.87312
24.88415
24.89565
24.90684
24.91757
24.92886
24.94034
24.95152
24.96238
24.97373
24.98468
24.99576
25.00737
25.01836
25.02959
25.04069
25.05298
25.06351
25.07399
25.08557
25.09638
25.10761
25.11891
25.13014
25.14122
25.15263
25.16333
25.17491
25.18593
25.1972
25.20859
25.22039
25.23177
25.24322
25.25596
25.26572
25.27798
25.28899
25.30028
25.31173
25.32319
25.3375
25.34794
25.35734
25.36933
25.38211
25.39207
25.40306
25.41461
25.4253
25.43974
