0.02
0.04
0.14
0.1733785
0.1873699
0.1987934
0.2105774
0.2244498
0.236749
0.2490075
0.2616971
0.2757845
0.2875121
0.3053772
0.3161305
0.326818
0.3378676
0.3494656
0.3604316
0.3719878
0.3826564
0.3944779
0.4052145
0.4167393
0.4272552
0.4385709
0.4498336
0.4609638
0.4718303
0.4834292
0.4949184
0.5055819
0.5167121
0.5277865
0.5391791
0.5503424
0.5616163
0.5724424
0.5837048
0.5947834
0.6059566
0.6175533
0.6283146
0.6396036
0.6510165
0.6619689
0.6731544
0.6841293
0.6951553
0.70715
0.7229518
0.7340634
0.7445331
0.7563434
0.7689188
0.7803656
0.7916191
0.8029639
0.8140438
0.8252298
0.8361105
0.8467136
0.8576154
0.8685894
0.8791075
0.8900937
0.900942
0.9116574
0.922778
0.9338476
0.9441742
0.95482
0.9663076
0.9768322
0.9873545
0.9991279
1.011601
1.024035
1.03496
1.046488
1.057013
1.070097
1.081805
1.100677
1.113059
1.123415
1.133865
1.150156
1.160783
1.173398
1.185168
1.195804
1.206573
1.217591
1.228203
1.239742
1.250654
1.261502
1.272434
1.283372
1.294574
1.305602
1.316385
1.327031
1.338509
1.348897
1.359385
1.370761
1.381975
1.392996
1.403846
1.414654
1.425391
1.436216
1.446848
1.457368
1.468211
1.478554
1.490214
1.501321
1.512031
1.523272
1.534389
1.545084
TARGET DESTROYED 
1.568584
1.579565
1.591168
1.602096
1.612693
1.623923
1.63473
1.644976
1.656018
1.667328
1.678916
1.689984
1.701299
1.721045
1.733085
1.745508
1.756468
1.767898
1.779576
1.790607
1.801272
1.812259
1.823319
1.834662
1.845801
1.857137
1.868141
1.879302
1.890515
1.901829
1.913424
1.924572
1.935617
1.946409
1.957564
1.973089
1.984278
1.995319
2.006382
2.017342
2.02801
2.039755
2.051086
2.061704
2.073201
2.084306
2.094947
2.1062
2.116917
2.127827
2.138556
2.149705
2.160287
2.171716
2.182519
2.193165
2.204189
2.215912
2.22636
2.237769
2.249615
2.260982
2.272992
2.284173
2.294985
2.306131
2.317566
2.328827
2.339724
2.351276
2.362328
2.373345
2.38896
2.400285
2.411275
2.42292
2.434108
2.444611
2.456015
2.467616
2.478556
2.490222
2.50199
2.513111
2.524233
2.535678
2.547145
TARGET DESTROYED 
2.562952
2.574508
2.586093
2.597229
2.608651
2.62067
2.632057
2.643878
2.662031
2.67404
2.685427
2.696556
2.708158
2.720129
2.731557
2.742815
2.754364
2.765852
2.776785
2.790845
2.802952
2.81901
2.830969
2.842212
2.853573
2.865116
2.876453
2.887919
2.899062
2.910703
2.922041
2.93357
2.944669
2.957029
2.969002
2.980368
2.991829
3.002997
3.014159
3.024973
3.036738
3.049039
3.060457
3.072426
3.086596
3.097962
3.109921
3.121966
3.133517
3.144556
3.156423
3.168672
3.180277
3.19264
3.205238
3.217606
3.228948
3.240865
3.257955
3.270578
3.282743
3.293982
3.305571
3.317673
3.329476
3.341109
3.353107
3.365038
3.37635
3.388204
3.399834
3.410964
3.423591
3.435232
3.447604
3.458895
3.47118
3.482348
3.495063
3.507565
3.520153
3.532151
3.54382
3.55522
3.566577
3.578219
3.590029
3.60162
3.613145
3.624575
3.635997
3.648045
3.65956
3.671141
3.682218
3.693533
TARGET DESTROYED 
3.714374
3.725987
3.737936
3.755857
3.768709
3.779776
3.790939
3.803365
3.814286
3.825555
3.837358
3.848483
3.859167
3.870143
3.881157
3.892049
3.903645
3.915888
3.926903
3.938525
3.949526
3.960535
3.971952
3.983483
3.995374
4.006901
4.018342
4.029519
4.04086
4.053288
4.064244
4.075458
4.08721
4.098468
4.109632
4.120989
4.136644
4.14728
4.158044
4.169506
4.180419
4.191762
4.202775
4.213999
4.224928
4.236052
4.247276
4.258705
4.270458
4.281925
4.293278
4.305531
4.317165
4.328592
4.340569
4.352493
4.363739
4.375762
4.388116
4.400177
4.411406
4.423297
4.435151
4.44684
4.458711
4.470587
4.482164
4.493281
4.504972
4.516277
4.527734
4.539548
4.551502
4.568297
4.579942
4.591399
4.603642
4.616308
4.627506
4.6395
4.651738
4.663316
4.674944
4.686687
4.698314
4.709675
4.722103
4.733718
4.745165
4.757027
4.768804
4.780079
4.791775
4.804017
4.815856
4.828237
4.839965
4.851284
4.862469
4.873459
4.885451
4.896635
4.908154
4.919729
4.930868
4.941988
4.953233
4.964892
4.976345
4.987674
5.004142
5.015307
5.026535
5.038068
5.049499
5.060944
5.072603
5.084474
5.096218
5.10729
5.118558
5.129628
TARGET DESTROYED 
5.144933
5.156767
5.174774
5.187135
5.199255
5.209889
5.221306
5.232202
5.243526
5.25447
5.266057
5.277028
5.288527
5.301273
5.312515
5.323969
5.335256
5.345777
5.356552
5.367852
5.379033
5.389868
5.401234
5.411737
5.428106
5.438954
5.450247
5.461498
5.472777
5.483833
5.494353
5.507298
5.518381
5.529312
5.540766
5.551759
5.562384
5.573541
5.584825
5.59588
5.606711
5.617738
5.628476
5.639694
5.651288
5.662478
5.673792
5.685456
5.69668
5.708616
5.721393
5.732954
5.744186
5.756192
5.76783
5.779217
5.790713
5.802425
5.814303
5.826246
5.837726
5.849457
5.865618
5.876789
5.888149
5.900654
5.912068
5.923167
5.934654
5.946584
5.958003
5.969779
5.980723
5.992331
6.004041
6.015479
6.026661
6.038785
6.050934
6.062586
6.074401
6.086203
6.097927
6.10931
6.12119
6.132907
6.14395
6.155481
6.16718
6.179123
6.198605
6.210123
6.221947
6.233562
6.24482
6.256282
6.267891
6.280427
6.292172
6.308217
6.319761
6.331737
6.343018
6.354553
6.366228
6.378236
6.390022
6.401532
6.4135
6.424935
6.436768
6.447918
6.459349
6.470843
6.482169
6.493652
6.50492
6.516574
6.527607
6.539597
6.551105
6.562171
6.57412
6.585855
6.597095
6.608374
6.620043
6.631844
6.64293
6.65448
6.666061
6.677286
TARGET DESTROYED 
6.693455
6.704839
6.716808
6.736337
6.753961
6.765185
6.776538
6.787774
6.799129
6.813373
6.825483
6.837026
6.848587
6.860501
6.872508
6.884732
6.896043
6.907663
6.919162
6.930589
6.942213
6.954147
6.966318
6.977446
6.989255
7.001014
7.012187
7.023803
7.03566
7.047352
7.058768
7.070496
7.082314
7.093361
7.104601
7.116165
7.127489
7.138928
7.150842
7.163045
7.174728
7.191167
7.203022
7.21459
7.225881
7.237017
7.248286
7.259475
7.270954
7.282212
7.293643
7.305025
7.316826
7.328882
7.340253
7.352646
7.363882
7.375163
7.386673
7.398338
7.409532
7.421795
7.433461
7.444624
7.456132
7.467422
7.479044
7.490167
7.501457
7.512799
7.52458
7.536041
7.547226
7.558657
7.570595
7.581855
7.593323
7.604757
7.621276
7.632875
7.643841
7.655023
7.66649
7.677167
7.688599
7.699967
7.711301
7.722705
7.734154
7.74515
7.75699
7.768703
7.780331
7.791992
7.803343
7.814956
7.826051
7.83933
7.851587
7.862595
7.874344
7.886155
7.897283
7.908463
7.920307
7.931886
7.943768
7.955922
7.967556
7.97854
7.990403
8.002451
8.013774
8.025384
8.036937
8.048073
8.06453
8.075804
8.08768
8.099169
8.110597
8.124406
8.137079
8.14969
8.161997
8.174623
8.18731
8.199811
8.212341
8.225032
8.237604
8.250168
8.262746
8.274852
8.287459
8.299579
8.311749
8.324122
8.336123
8.348107
8.360814
8.373972
TARGET DESTROYED 
8.391488
8.404131
8.423297
8.436748
8.448739
8.460517
8.478936
8.491234
8.503116
8.514904
8.526838
8.543673
8.556275
8.569016
8.584938
8.59737
8.61091
8.624421
8.637279
8.650511
8.662681
8.674211
8.686631
8.69923
8.712135
8.724401
8.737027
8.74926
8.761679
8.777838
8.792026
8.80697
8.821568
8.836819
8.851241
8.868843
8.882806
8.895959
8.911187
8.924743
8.938527
8.952355
8.968807
8.983862
8.997293
9.01122
9.031621
9.044993
9.058702
9.072899
9.08742
9.101427
9.114664
9.128332
9.143533
9.157231
9.171966
9.185637
9.200166
9.215282
9.231118
9.244853
9.258567
9.272683
9.287842
9.30339
9.317472
9.331095
9.344944
9.36047
9.375513
9.389478
9.403972
9.419192
9.433931
9.449382
9.463334
9.476151
9.488947
9.502407
9.520029
9.531973
9.543412
9.55578
9.567603
9.579402
9.591606
9.604143
9.615697
9.627208
9.639337
9.651069
9.663699
9.675301
9.68726
9.698558
9.709615
9.721284
9.732899
9.744298
9.755522
9.76669
9.777996
9.789564
9.801476
9.812931
9.824537
9.836238
9.849326
9.860979
9.872568
9.884088
9.895548
9.907158
9.918743
9.929649
9.941241
9.95327
9.969992
9.982474
9.993591
10.00528
10.01776
10.02897
10.04049
10.05338
10.06481
10.07662
10.08814
10.10095
10.11188
10.12311
10.13434
10.14513
10.15661
10.16852
10.18006
10.19113
10.20272
10.21384
10.22519
10.23691
10.24851
10.2608
TARGET DESTROYED 
10.28689
10.30708
10.31946
10.33078
10.34211
10.35372
10.36513
10.37651
10.38808
10.40414
10.41554
10.427
10.43868
10.45052
10.46253
10.47366
10.485
10.49606
10.50731
10.51877
10.53026
10.54157
10.55286
10.56409
10.57537
10.58681
10.59849
10.61002
10.62122
10.63246
10.64385
10.65539
10.66803
10.67982
10.69146
10.70372
10.71564
10.72686
10.73836
10.75031
10.76125
10.77236
10.78319
10.794
10.80514
10.8163
10.82702
10.83787
10.85377
10.86556
10.87665
10.88828
10.89969
10.91088
10.92232
10.93414
10.94512
10.9562
10.96749
10.97863
10.98998
11.00141
11.01237
11.02342
11.03477
11.04572
11.05665
11.06802
11.07984
11.09031
11.10122
11.11205
11.12257
11.13357
11.14369
11.15436
11.16532
11.17607
11.18703
11.19768
11.20818
11.21933
11.22988
11.24133
11.25218
11.26281
11.27809
11.28944
11.30006
11.31128
11.32183
11.33278
11.34347
11.35426
11.36485
11.37624
11.38794
11.39889
11.40952
11.42119
11.43252
11.44354
11.45457
11.46561
11.47657
11.48753
11.49906
11.50983
11.52062
11.53191
11.54289
11.55431
11.56551
11.57681
11.5877
11.59969
11.61052
11.62168
11.63299
11.64404
11.65497
11.66683
11.67847
11.68925
11.70552
11.71659
11.72724
11.73872
11.7503
11.76131
11.77218
11.78374
11.79432
11.80517
11.81658
11.82786
11.84185
11.85366
11.86577
11.87693
11.88784
11.90004
11.91628
