0.02
0.04
0.14
0.1802796
0.1933914
0.202847
0.2116527
0.2216899
0.232962
0.2439629
0.2553003
0.2663959
0.277556
0.2903804
0.301185
0.3110393
0.3221885
0.3333633
0.3448967
0.3557013
0.3668976
0.3781684
0.3893172
0.4003845
0.4119013
0.4229892
0.4338746
0.4457883
0.4563725
0.4673506
0.4808041
0.4896287
0.5009655
0.512482
0.5233186
0.5345047
0.5458563
0.5568187
0.5680821
0.5793269
0.5903981
0.6015944
0.6129321
0.6240431
0.634951
0.6464588
0.6572993
0.6685284
0.6800156
0.6908629
0.7019726
0.7133123
0.7244185
0.7356459
0.7467726
0.7579551
0.7690783
0.7804035
0.7913432
0.8025016
0.8136796
0.824788
0.8363087
0.8472936
0.858478
0.8696034
0.8808408
0.8971763
0.9081843
0.919156
0.930574
0.9414787
0.9527529
0.9640529
0.9750567
0.9865905
0.9973422
1.008743
1.020611
1.031079
1.041955
1.053193
1.064834
1.075624
1.086586
1.097959
1.109158
1.120483
1.132552
1.142488
1.153651
1.164974
1.176387
1.187186
1.19842
1.20967
1.221154
1.23198
1.243339
1.254071
1.265411
1.276621
1.287855
1.299489
1.310183
1.32121
1.332524
1.34357
1.355016
1.366063
1.377435
1.388194
1.404606
1.416378
1.425817
1.435034
1.444057
1.453361
1.462499
1.474041
1.484665
1.496324
1.507034
1.518239
1.529867
1.540525
1.551533
1.563082
1.57916
1.588975
1.598691
1.607408
1.61885
1.630446
1.644948
1.654369
1.664041
1.674733
1.691538
1.701736
1.711002
1.720621
1.730858
1.741613
1.752825
1.763927
1.775097
1.786293
1.797686
1.808897
1.820282
1.831429
1.842977
1.853651
1.86509
1.875975
1.887302
1.898387
1.909802
1.920758
1.932127
1.943376
1.954271
1.965402
1.976604
1.987962
1.999262
2.01016
2.021301
2.032887
2.043597
2.054952
2.066319
2.078159
2.089119
2.100511
2.112182
2.123189
2.134946
2.148022
2.158478
2.168653
2.180633
2.191129
2.202934
2.214316
2.225551
2.236751
2.249294
2.260261
2.27072
2.281888
2.293072
2.307966
2.322191
2.332676
2.344177
2.355043
2.366469
2.377478
2.388595
2.399731
2.411023
2.422115
2.434033
2.445448
2.455551
2.466697
2.47835
2.489127
2.500441
2.511492
2.522702
2.533732
2.545504
2.556147
2.56812
2.578492
2.589577
2.600969
2.612159
2.623069
2.634546
2.645944
2.656769
2.667749
2.679313
2.690222
2.701487
2.712773
2.723674
2.734877
2.746441
2.757627
2.770825
2.783265
2.794311
2.806377
2.818442
2.828266
2.838109
2.849726
2.860686
2.873131
2.884404
2.89449
2.905564
2.917066
2.928468
2.93915
2.950468
2.961954
2.97953
2.989187
2.999076
3.008564
3.018928
3.028892
3.039205
3.049971
3.059553
3.073879
3.085027
3.095005
3.105387
3.11548
3.126015
3.137019
3.148371
3.159341
3.17062
3.181736
3.193043
3.203826
3.215353
3.226282
3.237681
3.248675
3.260543
3.271083
3.282674
3.293374
3.304487
3.315889
3.327019
3.338022
3.349319
3.36046
3.371551
3.383121
3.394747
3.406032
3.417642
3.429121
3.440229
3.451539
3.463243
3.474384
3.485844
3.497391
3.508712
3.520258
3.531633
3.542886
3.554571
3.566179
3.577448
3.58858
3.600116
3.61134
3.622687
3.64244
3.654352
3.665724
3.676996
3.68744
3.698869
3.710177
3.720856
3.732472
3.743076
3.754374
3.765419
3.775671
3.786343
3.796875
3.807736
3.818737
3.829909
3.84081
3.852167
3.864148
3.875625
3.887369
3.898755
3.909272
3.919939
3.930529
3.941251
3.952291
3.963678
3.974914
3.985968
3.997157
4.008476
4.019868
4.031201
4.042514
4.055265
4.066712
4.077463
4.088299
4.099426
4.110248
4.120825
4.132455
4.144631
4.1551
4.166782
4.177716
4.189583
4.201197
4.212527
4.223794
4.235147
4.246932
4.258709
4.269309
4.28079
4.291706
4.302832
4.318454
4.329583
4.340177
4.350924
4.361994
4.372352
4.383624
4.393867
4.404388
4.414492
4.425813
4.436772
4.447693
4.458045
4.469209
4.480089
4.490492
4.501778
4.513024
4.523874
4.535051
4.546443
4.557169
4.568681
4.579892
4.590964
4.602074
4.616615
4.627636
4.639107
4.6506
4.661764
4.672812
4.683981
4.695207
4.706442
4.71756
4.728619
4.739287
4.750453
4.761314
4.772976
4.783711
4.795019
4.806238
4.817809
4.830083
4.840809
4.852585
4.863808
4.875051
4.886092
4.897532
4.909006
4.920936
4.940405
4.953353
4.964951
4.975652
4.987025
5.002272
5.013649
5.024848
5.03725
5.048847
5.060196
5.072139
5.084548
5.095466
5.106989
5.118236
5.129358
5.141246
5.152188
5.163039
5.174699
5.185904
5.197587
5.208916
5.220237
5.232423
5.243905
5.254821
5.266758
5.278238
5.289172
5.30154
5.31269
5.323604
5.335459
5.346545
5.357829
5.3693
5.38106
5.391924
5.403536
5.41572
5.426966
5.438173
5.450158
5.460546
5.478649
5.48962
5.501285
5.512365
5.523211
5.533664
5.543611
5.554236
5.565052
5.574892
5.585734
5.596409
5.607165
5.621998
5.632691
5.643599
5.655139
5.665729
5.676255
5.686766
5.697682
5.712488
5.727199
5.739741
5.751029
5.762257
5.773642
5.784849
5.796148
5.807292
5.818481
5.829274
5.8405
5.85148
5.862918
5.874193
5.885241
5.896242
5.907263
5.918134
5.929849
5.94102
5.952065
5.96349
5.974645
5.985408
5.996716
6.007656
6.019541
6.031866
6.043127
6.054231
6.066755
6.078645
6.090368
6.102165
6.113598
6.125069
6.135945
6.147167
6.158112
6.169366
6.180499
6.190903
6.201542
6.21209
6.228038
6.238733
6.250034
6.264845
6.276625
6.287776
6.299014
6.309894
6.320922
6.332919
6.343499
6.354856
6.370454
6.38182
6.392891
6.404203
6.41553
6.426757
6.437806
6.44921
6.460883
6.471936
6.483765
6.49497
6.506181
6.517854
6.528905
6.539997
6.55172
6.563736
6.574831
6.586422
6.597632
6.608637
6.620228
6.631737
6.643419
6.655689
6.667009
6.678841
6.690391
6.702119
6.713453
6.724532
6.736039
6.747114
6.758134
6.769543
6.78055
6.791371
6.803168
6.813922
6.824788
6.835495
6.846005
6.856688
6.867671
6.879509
6.890406
6.901501
6.913336
6.923592
6.935161
6.946193
6.957053
6.968174
6.979773
6.990622
7.002765
7.01373
7.024084
7.040644
7.0514
7.062819
7.073256
7.085879
7.097878
7.108328
7.119277
7.13006
7.140552
7.151934
7.16287
7.173524
7.184789
7.195751
7.206332
7.217223
7.227908
7.238538
7.249444
7.260697
7.271603
7.282593
7.293787
7.305279
7.315777
7.326629
7.33741
7.348775
7.359715
7.37071
7.381954
7.392972
7.404241
7.41561
7.426556
7.437727
7.449031
7.460506
7.471825
7.483142
7.494485
7.506234
7.517692
7.528904
7.54032
7.551877
7.563334
7.57439
7.586287
7.598874
7.609731
7.62014
7.631226
7.642994
7.654773
7.66575
7.677016
7.687922
7.699516
7.710539
7.725646
7.737026
7.747847
7.758608
7.769176
7.77978
7.79036
7.800808
7.810753
7.820921
7.831028
7.840869
7.851526
7.862049
7.873159
7.884098
7.898778
7.908875
7.919238
7.93025
7.940463
7.951334
7.963562
7.974274
7.984893
8.000487
8.01277
8.02434
8.036393
8.048356
8.060054
8.071487
8.083512
8.095736
8.107681
8.11911
8.131415
8.143305
8.154821
8.166623
8.177734
8.189095
8.200933
8.21281
8.224267
8.235808
8.247745
8.259529
8.271308
8.282468
8.292109
8.302197
8.312506
8.32269
8.333636
8.343395
8.353637
8.364598
8.375676
8.386749
8.400982
8.411723
8.422313
8.433401
8.443402
8.45401
8.465288
8.476121
8.487456
8.498591
8.509846
8.520989
8.532227
8.543252
8.554438
8.565503
8.57679
8.588171
8.599566
8.610292
8.621576
8.632518
8.643779
8.655246
8.666558
8.678478
8.689588
8.700714
8.712649
8.724575
8.735578
8.747259
8.757916
8.769364
8.781023
8.792146
8.803575
8.815274
8.826393
8.837778
8.849715
8.860379
8.871896
8.883375
8.894404
8.90581
8.916746
8.927942
8.93913
8.950257
8.961652
8.972868
8.98371
8.995335
9.006267
9.018051
9.02901
9.039896
9.050876
9.06257
9.077423
9.088652
9.100806
9.110953
9.121577
9.132208
9.142945
9.154473
9.165795
9.176776
9.187524
9.198477
9.209632
9.220572
9.231618
9.242276
9.253297
9.264345
9.275226
9.286153
9.297319
9.30808
9.319201
9.329987
9.341221
9.352561
9.363985
9.375036
9.386243
9.397562
9.407909
9.418379
9.429149
9.439364
9.450009
9.459845
9.470577
9.481865
9.496008
9.507042
9.517412
9.527635
9.538317
9.549045
9.559576
9.570914
9.582048
9.593397
9.604644
9.619032
9.629779
9.640692
9.652279
9.664027
9.674431
9.686234
9.69733
9.707567
9.718822
9.734518
9.746341
9.758451
9.769382
9.780982
9.791899
9.802605
9.813579
9.82519
9.835785
9.847335
9.858371
9.869305
9.881289
9.892109
9.903077
9.914209
9.925174
9.936174
9.947273
9.958715
9.969904
9.981249
9.992732
10.0048
10.01609
10.0272
10.03806
10.04988
10.06116
10.07281
10.08494
10.09625
10.10728
10.11823
10.12969
10.14044
10.15213
10.16334
10.17396
10.18523
10.19661
10.20761
10.21879
10.2302
10.24116
10.25217
10.26362
10.27454
10.28573
10.29743
10.30805
10.31935
10.33073
10.3416
10.35302
10.36403
10.37523
10.38664
10.40169
10.41192
10.42194
10.43291
10.44288
10.45351
10.46476
10.47576
10.48675
10.49804
10.50912
10.52046
10.53155
10.54268
10.55421
10.56561
10.57733
10.58879
10.60099
10.61177
10.62317
10.6349
10.64654
10.65714
10.66832
10.67992
10.69077
10.70181
10.71316
10.72422
10.73528
10.74683
10.75777
10.76894
10.78074
10.79202
10.80295
10.81435
10.82568
10.8373
10.84877
10.85952
10.87132
10.88251
10.89395
10.90528
10.91651
10.92907
10.94128
10.95328
10.96545
10.97795
10.99024
11.00275
11.01498
11.02721
11.03857
11.05209
11.06403
11.07552
11.08723
11.10337
11.1165
11.12757
11.13906
11.15087
11.16259
11.17387
11.18533
11.19738
11.20985
11.22222
11.23438
11.24706
11.25864
11.26929
11.28009
11.29092
11.30235
11.31352
11.3245
11.33576
11.34727
11.35805
11.36917
11.38057
11.39168
11.40397
11.41608
11.44183
11.45291
11.46406
11.47465
11.48612
11.49692
11.50739
11.52212
11.53269
11.54298
11.55375
11.56447
11.57485
11.5866
11.59832
11.60856
11.62415
11.63572
11.64684
11.65792
11.66964
11.68208
11.69323
11.70443
11.71674
11.72763
11.73843
11.74998
11.76054
11.77194
11.78342
11.79418
11.80506
11.81635
11.82733
11.83838
11.85028
11.86095
11.87192
11.88341
11.89933
11.91037
11.92138
11.93244
11.9434
11.95431
11.96543
11.97666
11.98757
11.99886
12.01036
12.02168
12.0335
12.04518
12.05737
12.06844
12.07952
12.09086
12.10201
12.11342
12.12633
12.13757
12.14993
12.16095
12.17193
12.18406
12.19626
12.20733
12.21905
12.23007
12.24135
12.2529
12.26492
12.27659
12.28828
12.29957
12.32054
12.33308
12.34487
12.35632
12.36717
12.37885
12.39028
12.40164
12.41258
12.42401
12.4355
12.44741
12.45831
12.46915
12.48014
12.49128
12.50213
12.51313
12.52409
12.53466
12.54561
12.55664
12.56729
12.58273
12.59352
12.60451
12.61604
12.6341
12.64555
12.65692
12.66776
12.6781
12.68899
12.69948
12.71011
12.72074
12.73183
12.74296
12.75412
12.76534
12.77649
12.78765
12.79889
12.81025
12.82127
12.83263
12.84352
12.85475
12.86595
12.87716
12.88852
12.89939
12.91056
12.92186
12.93296
12.944
12.95529
12.96647
12.97778
12.98923
13
13.01127
13.02267
13.03341
13.04471
13.05632
13.06837
13.07925
13.0907
13.10164
13.11273
13.12437
13.1373
13.14904
13.15992
13.17146
13.1832
13.19532
13.20652
13.21856
13.23035
13.24186
13.2582
TARGET DESTROYED 
13.27001
13.28748
13.30107
13.3131
13.32447
13.33574
13.34672
13.35786
13.36871
13.38008
13.39151
13.40311
13.41404
13.4251
13.43621
13.44759
13.45932
13.47104
13.48235
13.49382
13.50517
13.5171
13.52796
13.53919
13.54982
13.56031
13.57071
13.58162
13.59224
13.60343
13.6144
13.62565
13.64064
13.65156
13.66271
13.67465
13.68593
13.69671
13.70741
13.71807
13.72907
13.74375
13.75575
13.76732
13.77821
13.78951
13.80125
13.81269
13.82412
13.83565
13.84705
13.85872
13.8702
13.88263
13.8939
13.90481
13.91679
13.93205
13.94293
13.9534
13.96502
13.97609
13.98641
13.99712
14.00699
14.01897
14.02971
14.04047
14.05134
14.06254
14.07291
14.08414
14.09448
14.10602
14.11683
14.12826
14.13951
14.15105
14.16191
14.17274
14.18375
14.19541
14.20616
14.21748
14.229
14.24007
14.2515
14.26401
14.27509
14.28671
14.29839
14.30909
14.32008
14.33175
14.34225
14.35364
14.36529
14.37589
14.38723
14.39943
14.41162
14.42361
14.43599
14.44858
14.46026
14.47257
14.48499
14.49728
14.50773
14.51902
14.5304
14.54153
14.55247
14.5697
14.5808
14.59106
14.60581
14.6169
14.62707
14.63825
14.64873
14.6587
14.66938
14.68055
14.69168
14.70274
14.71288
14.72349
14.7345
14.74463
14.75529
14.76629
14.77632
14.78716
14.79841
14.80941
14.82087
14.83203
14.84317
14.85409
14.86541
14.87651
14.88753
14.89899
14.91091
14.92152
14.93235
14.9437
14.95476
14.96628
14.97699
14.98827
14.99984
15.01065
15.02169
15.03357
15.04449
15.05591
15.06822
15.07916
15.09041
15.10195
15.1135
15.12464
15.13651
15.14789
15.15943
15.17072
TARGET DESTROYED 
15.18185
15.19742
15.20859
15.21922
15.23013
15.24063
15.25192
15.26786
15.27861
15.28995
15.30124
15.31295
15.3255
15.33861
15.34972
15.36136
15.37172
15.3815
15.39159
15.40198
15.41293
15.42384
15.43496
15.44623
15.45724
15.46875
15.47995
15.49085
15.50202
15.51336
15.52422
15.53545
15.54675
15.55782
15.569
15.58049
15.59164
15.60283
15.61389
15.62501
15.63626
15.65137
15.66345
15.67559
15.6871
15.69929
15.71064
15.72232
15.73469
15.74606
15.75819
15.7704
15.78239
15.7933
15.80538
15.81701
15.82833
15.83996
15.85079
15.86089
15.87183
15.88278
15.89321
15.90417
15.91531
15.92639
15.94248
15.9535
15.96495
15.97589
15.98701
15.99785
16.00963
16.02046
16.03221
16.04293
16.05368
16.06426
16.07537
16.08595
16.09693
16.10792
16.11853
16.12922
16.14031
16.15131
16.16488
16.17586
16.18698
16.19761
16.20828
16.21902
16.22944
16.24028
16.25232
16.26452
16.27658
16.28864
16.30121
16.31313
16.32495
16.33744
16.35016
16.36263
16.37445
16.38599
16.39816
16.4103
16.42282
16.43486
16.44681
16.4582
16.47031
16.48264
16.49208
16.5019
16.51229
16.52209
16.53296
16.54282
16.55362
16.56389
16.57437
16.58551
16.59683
16.6115
16.62159
16.63255
16.64251
16.65238
16.66393
16.67478
16.68604
16.69748
16.70843
16.71979
16.73084
16.742
16.7531
16.76456
16.77538
16.78649
16.79786
16.80932
16.82019
16.83126
16.84238
16.8535
16.86489
16.87688
16.88706
16.89823
16.90962
16.92101
16.93243
16.9438
16.95544
16.96684
16.9786
16.98978
17.00122
17.01283
17.02424
17.03585
17.04735
17.05871
17.07044
17.08141
17.09283
17.1041
17.11548
17.12646
17.13791
17.14888
17.1602
17.17167
17.18278
17.19392
17.20492
17.21599
17.22711
17.23824
17.24943
17.26074
17.27191
17.28695
17.29715
17.30704
17.31729
17.32692
17.33679
17.3487
17.35919
17.37016
17.38167
17.39261
17.40374
17.41502
17.42605
17.43721
17.44844
17.45957
TARGET DESTROYED 
17.47079
17.48512
17.49514
17.50575
17.51701
17.52831
17.53765
17.54896
17.56042
17.57123
17.58245
17.59361
17.60466
17.61604
17.62978
17.63957
17.64959
17.66101
17.67216
17.68374
17.69489
17.70623
17.71724
17.72873
17.7396
17.75098
17.76218
17.77326
17.7844
17.79591
17.80676
17.81834
17.82937
17.84024
17.85158
17.86308
17.87413
17.88607
17.89688
17.90792
17.9191
17.93076
17.94606
17.95637
17.9663
17.97668
17.98738
17.99715
18.00796
18.01774
18.02965
18.04028
18.05132
18.06293
18.07384
18.08496
18.09669
18.10715
18.11835
18.13029
18.14064
18.15199
18.16318
18.1741
18.18542
18.19681
18.2077
18.21896
18.23036
18.24124
18.25261
18.26375
18.27468
18.28631
18.29721
18.30825
18.31949
18.33113
18.34221
18.35366
18.36481
18.37612
18.3875
18.39871
18.41053
18.4215
18.4327
18.44433
18.45542
18.4668
18.47805
18.48938
18.50053
18.51208
18.52284
18.53405
18.54542
18.55628
18.56753
18.57896
18.58988
18.6049
18.61564
18.62561
18.63543
18.64503
18.65546
18.66612
18.67712
18.68859
18.69955
18.71061
18.72216
18.73298
18.74431
18.75573
18.76654
18.77755
18.78886
18.80001
18.81123
18.82226
18.83352
18.84473
18.85575
18.86694
18.87845
18.88951
18.90055
18.91214
18.92295
18.93397
18.94545
18.95625
18.96766
18.97909
18.99031
19.00121
19.01286
19.02394
19.03532
19.0468
19.05801
19.06957
19.08091
19.0919
19.10335
19.11472
19.12569
19.13721
19.14844
19.15962
19.17081
19.18189
19.19311
19.20415
19.21555
19.22669
19.23763
19.24881
19.26385
19.27464
19.28466
19.29466
19.30446
19.31463
19.32463
19.33607
19.34721
19.35822
19.36943
19.38101
19.39187
19.40299
19.41416
19.42529
19.43656
TARGET DESTROYED 
19.44774
19.46141
19.47202
19.48202
19.49259
19.50349
19.51472
19.52588
19.5375
19.54822
19.55947
19.57075
19.58192
19.59274
19.60403
19.61527
19.62632
19.63935
19.64973
19.66009
19.67171
19.68284
19.69446
19.70537
19.7169
19.72824
19.73954
19.75142
19.76277
19.77362
19.78457
19.79602
19.80705
19.81808
19.82958
19.84053
19.85207
19.86362
19.87445
19.88545
19.89705
19.90774
19.92204
19.93392
19.94393
19.95487
19.96621
19.97583
19.98627
19.99686
20.00726
20.01773
20.02846
20.03959
20.05075
20.06218
20.07309
20.08441
20.09577
20.10676
20.11782
20.12918
20.14013
20.15118
20.16334
20.17375
20.18484
20.19675
20.20702
20.21837
20.22996
20.24053
20.25187
20.26312
20.2742
20.28532
20.29681
20.30754
20.31913
20.33033
20.34169
20.36452
20.37548
20.38553
20.39594
20.40586
20.41677
20.42815
20.43909
20.45026
20.46199
20.47274
20.48387
20.49538
20.50611
20.51738
20.52859
20.53954
20.55079
20.56205
20.57302
20.58748
20.59829
20.60789
20.61791
20.62959
20.64011
20.65123
20.66275
20.67358
20.68482
20.69649
20.70705
20.71826
20.7297
20.74066
20.7518
20.76352
20.77416
20.78562
20.79673
20.80773
20.81889
20.83042
20.84122
20.85249
20.86397
20.87535
20.88743
20.89868
20.90989
20.92146
20.93305
20.94491
20.95609
20.96778
20.97957
20.99123
21.00189
21.0138
21.02454
21.03593
21.04742
21.05849
21.06949
21.08169
21.09199
21.10332
21.11437
21.12543
21.13654
21.14811
21.15886
21.17013
21.18134
21.19247
21.20426
21.21473
21.2258
21.23716
21.24825
21.26384
21.27433
21.28449
21.29494
21.30483
21.31488
21.32441
21.33474
21.34646
21.35707
21.36819
21.37981
21.39043
21.40178
21.41307
21.42431
21.43514
21.44661
21.45743
21.46879
21.4801
21.49122
21.50235
21.51354
21.52454
21.53573
21.54708
21.55817
21.56937
21.58086
21.59152
21.60286
21.61405
21.62505
21.63636
21.65043
21.66037
21.67089
21.68221
21.69321
21.70432
21.71576
21.72696
21.73878
21.74969
21.76115
21.77249
21.78364
21.79491
21.80609
21.81741
21.82842
21.83951
21.85086
21.86225
21.87299
21.88419
21.89582
21.90649
21.9207
21.93138
21.94769
21.95783
21.96942
21.98056
21.9917
22.00291
22.01433
22.02506
22.0364
22.04793
22.05876
22.06993
22.08112
22.09221
22.10338
22.11458
22.12575
22.13698
22.14821
22.1592
22.17044
22.18165
22.19284
22.20406
22.21562
22.22633
22.23745
22.24871
22.26016
22.27174
22.28249
22.29322
TARGET DESTROYED 
22.30447
22.31878
22.32878
22.33896
22.34942
22.36121
22.37312
22.3843
22.39533
22.40657
22.41776
22.42978
22.44087
22.45218
22.46386
22.47499
22.48646
22.49804
22.50943
22.52104
22.53171
22.54285
22.55398
22.56522
22.58017
22.59052
22.60062
22.61
22.62078
22.63182
22.64292
22.65409
22.66535
22.67695
22.68764
22.69886
22.71006
22.72096
22.73226
22.74343
22.75906
22.76937
22.77928
22.78891
22.79898
22.8095
22.8207
22.83209
22.843
22.85417
22.86525
22.87649
22.88758
22.89898
22.91005
22.92127
22.93249
22.9436
22.95479
22.96582
22.97699
22.98862
22.99945
23.0106
23.02165
23.03293
23.04419
23.05519
23.06644
23.07767
23.08895
23.10001
23.1111
23.12268
23.13386
23.14575
23.15664
23.16793
23.17978
23.19043
23.20185
23.2134
23.2247
23.23549
23.24993
23.26025
23.27069
23.28074
23.29153
23.303
23.31418
23.32502
23.3362
23.34754
23.35844
23.37
23.38114
23.39213
23.40326
23.4146
23.42547
23.43687
23.44799
23.4594
23.47029
23.48161
23.49263
23.50393
23.51493
23.52608
23.53731
23.54856
23.55968
23.57095
23.58215
23.59318
23.60458
23.61609
23.62782
23.6414
23.65188
23.66228
23.67197
23.68193
23.69343
23.70432
23.71544
23.72668
23.73773
23.74901
23.76006
23.77147
23.78245
23.79346
23.80485
23.81597
23.82714
23.83823
23.84945
23.8606
23.87172
23.8829
23.89417
23.90902
23.9191
23.929
23.93844
23.94951
23.96071
23.97195
23.98306
23.99422
24.00554
24.01712
24.02784
24.039
24.05021
24.06128
24.07256
24.08385
24.09491
24.10598
24.1173
24.12852
24.13953
24.15096
24.16214
24.17308
24.18434
24.19571
24.20638
24.21779
24.22933
24.24024
24.25116
24.26258
24.27353
24.28501
24.30545
24.31683
24.32672
24.33742
24.34851
24.35972
24.38062
24.39143
24.40173
24.41208
24.42197
24.43205
24.44191
24.45209
24.46222
24.47198
24.48259
24.49375
24.50534
24.51612
24.5275
24.53841
24.54988
24.56072
24.57203
24.5859
24.5964
24.60625
24.61674
24.62782
24.63889
24.65006
24.66158
24.6724
24.68374
24.69488
24.70623
24.71718
24.72868
24.73962
24.7507
24.76206
24.77295
24.7841
24.79572
24.80641
24.81767
24.82908
24.84052
24.85325
24.86407
24.87493
24.88643
24.89783
24.90932
24.92088
24.93236
24.94438
TARGET DESTROYED 
24.95576
24.97034
24.98131
24.99137
25.00186
25.01163
25.0226
25.03398
25.04475
25.05551
25.06691
25.07796
25.089
25.10076
25.11155
25.12247
25.13381
25.14509
25.15604
25.16732
25.17898
25.18958
25.2009
25.21213
25.22318
25.23413
25.24977
25.25985
25.27044
25.28015
25.29043
25.30076
25.31211
25.32294
25.33441
25.34575
25.35649
25.3677
25.37903
25.39022
25.40122
25.41262
25.42352
25.43465
25.44608
25.45707
25.46822
25.4796
25.49073
25.50176
25.51308
25.52415
25.53531
25.54678
25.5575
25.5687
25.58014
25.59112
25.60222
25.61388
25.62481
25.63704
25.65199
25.66274
25.67256
25.68286
25.69253
25.70312
25.71413
25.72559
25.73626
25.74773
25.7586
25.76987
25.78115
25.79219
25.8035
25.81461
25.82556
25.83673
25.84848
25.85916
25.87027
25.88168
25.89265
25.90788
25.91769
25.92759
25.93814
25.94887
25.95995
25.9709
25.98227
25.99326
26.00559
26.01565
26.02696
26.03825
26.04939
26.06069
26.07173
26.08323
26.09485
26.10535
26.11648
26.12744
26.13871
26.15011
26.16123
26.17216
26.18341
26.1947
26.20579
26.21689
26.22812
26.23915
26.25091
26.26187
26.27316
26.28444
26.29598
26.30687
26.31846
26.32961
26.34092
26.35209
26.36363
26.37481
26.38614
26.39742
26.40864
26.41996
26.43181
26.44221
26.45353
26.46465
26.47571
26.48697
26.49858
26.5092
26.52052
26.53165
26.54272
26.55388
26.56957
26.58039
26.59043
26.6009
26.61097
26.62115
26.63122
26.64095
26.65107
26.66281
26.67379
26.68474
26.69604
26.70709
26.71827
26.72973
26.74078
26.75175
26.763
26.77408
26.78533
26.79664
26.80775
26.81869
26.83001
26.8413
26.85213
26.86359
26.87451
26.8857
26.89718
26.90808
26.91922
26.93065
26.94149
26.95304
26.9642
26.97582
26.98697
26.99848
27.00975
27.02144
27.03275
27.04396
27.05534
27.0669
27.07789
27.08911
27.10088
27.11215
27.12322
27.13484
27.14633
27.15729
27.16825
27.17978
27.19061
27.20181
27.21366
27.22428
27.23875
27.24909
27.25964
27.27079
27.28114
27.29107
27.30131
27.31236
27.32303
27.3342
27.34569
27.35661
27.36806
27.37952
27.39007
27.40134
27.41293
27.42359
27.43466
27.44636
27.45703
27.46839
27.47987
27.49064
27.50181
27.51317
27.52489
27.53537
27.54664
27.55765
27.56891
27.58027
27.59116
27.60236
27.61374
27.62773
27.63781
27.64825
27.65848
27.67016
27.68145
27.69252
27.70338
27.71478
27.72589
27.73702
27.74817
27.75935
27.77049
27.78168
27.79285
27.804
27.81513
27.82628
27.83763
27.8487
27.85975
27.87116
27.88216
27.89334
27.90792
TARGET DESTROYED 
27.92007
27.93402
27.9449
27.95645
27.96751
27.979
27.99051
28.00171
28.01307
28.02328
28.03468
28.04613
28.0571
28.06811
28.07967
28.09063
28.10171
28.11295
28.12405
28.13539
28.14722
28.15751
28.16888
28.18003
28.19121
28.20237
28.21372
28.22472
28.23581
28.24736
28.25845
28.2696
28.28075
28.29164
28.303
28.31435
28.32533
28.33643
28.34749
28.35862
28.37029
28.38165
28.39306
28.40449
28.4165
28.42735
28.43888
28.45042
28.46252
28.47334
28.48489
28.49649
28.50765
28.51903
28.53089
28.54182
28.55666
28.56695
28.57704
28.58744
28.59774
28.60809
28.6193
28.6306
28.64165
28.65287
28.66438
28.67591
28.68669
28.69758
28.70843
28.71963
28.73103
28.74222
28.75333
28.76428
28.77595
28.787
28.79802
28.80922
28.82013
28.83136
28.84274
28.85406
28.86526
28.87661
28.88796
28.89931
28.91127
28.92342
28.93525
28.94793
28.95941
28.97132
28.98354
28.99554
29.00729
29.0196
29.03182
29.04361
29.05614
29.06808
29.08258
29.09622
29.10807
29.11962
29.13197
29.14645
