0.02
0.04
0.14
0.1742475
0.186855
0.1980725
0.2090911
0.2206521
0.2316967
0.2422973
0.2520843
0.263544
0.2744734
0.2860085
0.2969475
0.3095018
0.3191868
0.3301534
0.3413596
0.352613
0.3637272
0.3751333
0.3863072
0.3970874
0.4083706
0.4197434
0.4305377
0.4419082
0.453682
0.4641831
0.4753749
0.4869956
0.5019671
0.511093
0.5202675
0.5312098
0.5423159
0.5539324
0.5647945
0.5759917
0.5871701
0.5980363
0.6094822
0.6207032
0.6316296
0.6427861
0.6540954
0.6654165
0.6763099
0.6877006
0.6986791
0.7099328
0.7213444
0.7324268
0.7433497
0.7546641
0.7662835
0.7770041
0.788175
0.7994134
0.8105266
0.8215211
0.8327383
0.84405
0.8550895
0.8665794
0.877366
0.8925248
0.9033275
0.9143746
0.9261272
0.9373527
0.9486193
0.9599366
0.9713683
0.9826933
0.9940076
1.005593
1.016463
1.027685
1.039603
1.050108
1.061265
1.072327
1.084624
1.095214
1.105801
1.117088
1.127986
1.139365
1.150673
1.161716
1.172735
1.184178
1.195203
1.206343
1.217629
1.228547
1.240085
1.251224
1.262169
1.273441
1.28464
1.295762
1.307048
1.318379
1.329185
1.340469
1.35174
1.362862
1.373775
1.385331
1.396284
1.407426
1.418895
1.42983
1.441065
1.452867
1.463161
1.474542
1.486104
1.496699
1.50784
1.520071
1.530126
1.54133
1.553122
1.563839
1.578802
1.588957
1.59832
1.607783
1.617513
1.628517
1.639813
1.654894
1.663899
1.673664
1.685303
1.700729
1.710882
1.720491
1.729694
1.739246
1.750556
1.761876
1.772835
1.784088
1.795167
1.806289
1.817606
1.829005
1.840129
1.85131
1.862436
1.873515
1.884814
1.895653
1.907017
1.918135
1.929274
1.940379
1.952058
1.969922
1.982564
1.992354
2.001898
2.011641
2.021571
2.031051
2.041102
2.052838
2.062701
2.072435
2.083899
2.094957
2.106301
2.117444
2.128633
2.139956
2.151501
2.162077
2.173422
2.184527
2.196676
2.208012
2.221647
2.231318
2.241328
2.251434
2.262534
2.273927
2.284989
2.296118
2.307005
2.318479
2.329741
2.341173
2.352309
2.362972
2.374278
2.38549
2.396807
2.407805
2.419279
2.430183
2.441231
2.453083
2.463565
2.474754
2.48624
2.497011
2.508338
2.519494
2.530607
2.542055
2.553018
2.564038
2.576004
2.586785
2.598263
2.609774
2.621312
2.632393
2.644325
2.65541
2.666746
2.678187
2.693174
2.703813
2.713362
2.72354
2.735172
2.74595
2.757279
2.768565
2.780058
2.79058
2.802443
2.813023
2.824226
2.835717
2.846597
2.857685
2.869344
2.880366
2.891269
2.90262
2.913546
2.924629
2.936078
2.94706
2.958394
2.96971
2.980732
2.99182
3.003109
3.014255
3.025414
3.037151
3.047872
3.059211
3.07047
3.081595
3.092877
3.104509
3.115795
3.126676
3.137954
3.149655
3.161104
3.171874
3.183342
3.194689
3.205746
3.217
3.228086
3.23906
3.250537
3.261619
3.277196
3.287653
3.297982
3.308276
3.318331
3.328652
3.339047
3.348931
3.359096
3.370146
3.381249
3.392146
3.403577
3.414712
3.426614
3.437336
3.448632
3.4599
3.470609
3.482025
3.49265
3.50393
3.515506
3.526877
3.538116
3.548708
3.559755
3.571154
3.582407
3.594229
3.605535
3.615614
3.626735
3.638366
3.64941
3.660549
3.67235
3.683337
3.694679
3.706321
3.717687
3.728663
3.740206
3.755826
3.765618
3.775954
3.786358
3.796154
3.806984
3.817904
3.829101
3.84014
3.851485
3.86236
3.873706
3.885051
3.895981
3.907307
3.918735
3.929412
3.940748
3.952167
3.96306
3.974188
3.98568
3.996377
4.007592
4.019567
4.030036
4.041223
4.05274
4.063897
4.074633
4.086079
4.096908
4.108369
4.119674
4.130863
4.142267
4.153813
4.164887
4.176054
4.187657
4.198733
4.210308
4.221732
4.232705
4.243973
4.255559
4.266644
4.278224
4.289169
4.300411
4.311529
4.322794
4.333851
4.345078
4.356502
4.367293
4.378785
4.38988
4.400928
4.413915
4.424773
4.43576
4.446584
4.457239
4.467905
4.478991
4.490273
4.501801
4.513709
4.525774
4.536739
4.547335
4.55815
4.569526
4.581381
4.592474
4.604195
4.614468
4.625394
4.636235
4.647192
4.657864
4.669005
4.679809
4.69134
4.702838
4.713306
4.724598
4.73587
4.746863
4.758101
4.769955
4.780822
4.791656
4.803087
4.819033
4.830539
4.842546
4.853801
4.865092
4.876092
4.887781
4.898571
4.909723
4.921069
4.932342
4.943171
4.954489
4.965789
4.976868
4.988159
4.999589
5.010479
5.022058
5.032952
5.044026
5.054905
5.066345
5.077165
5.088397
5.099693
5.110776
5.122021
5.133293
5.144261
5.155766
5.166723
5.177751
5.189171
5.200518
5.211295
5.22261
5.233651
5.244818
5.256081
5.267444
5.278235
5.289462
5.300928
5.312395
5.323682
5.335483
5.34651
5.357945
5.369566
5.381118
5.392644
5.406325
5.417126
5.4281
5.438568
5.450365
5.461302
5.473112
5.484971
5.49542
5.506535
5.51779
5.529031
5.54022
5.551232
5.562413
5.574684
5.584807
5.595885
5.607402
5.61864
5.629627
5.641572
5.651796
5.662801
5.674224
5.685127
5.696358
5.707539
5.718973
5.729918
5.74139
5.752527
5.76352
5.774665
5.786694
5.797061
5.808261
5.819682
5.831003
5.841895
5.853272
5.864044
5.875333
5.891695
5.902403
5.912889
5.923779
5.93417
5.94489
5.955513
5.965605
5.976239
5.987661
5.99756
6.007985
6.018945
6.030819
6.041239
6.051835
6.062194
6.07283
6.083447
6.094258
6.105428
6.116082
6.127317
6.138683
6.149633
6.160852
6.172059
6.183275
6.194277
6.205485
6.216609
6.227811
6.239092
6.250387
6.261842
6.272546
6.283614
6.294803
6.306055
6.317202
6.32834
6.340024
6.351425
6.362658
6.374062
6.385672
6.397034
6.408442
6.420278
6.431404
6.44289
6.454239
6.465805
6.477109
6.488346
6.499968
6.511222
6.523081
6.534259
6.545324
6.556994
6.567944
6.57937
6.590079
6.601609
6.613026
6.623625
6.635201
6.646137
6.657245
6.668763
6.679562
6.696443
6.707905
6.718928
6.730869
6.741755
6.752907
6.764112
6.775103
6.78652
6.79738
6.808562
6.820091
6.833403
6.84385
6.854739
6.865757
6.876384
6.887749
6.898094
6.909057
6.920524
6.931426
6.942812
6.954108
6.970054
6.980934
6.991821
7.003639
7.01401
7.025186
7.035383
7.045847
7.056787
7.066984
7.078647
7.08987
7.100293
7.111877
7.123612
7.134972
7.145156
7.155648
7.166449
7.177256
7.188695
7.201244
7.211726
7.223416
7.234848
7.246094
7.257392
7.268773
7.279976
7.290714
7.302198
7.313053
7.32439
7.335663
7.346616
7.357898
7.369562
7.381166
7.39268
7.403716
7.414766
7.42586
7.437435
7.44876
7.459846
7.471656
7.482647
7.494038
7.505314
7.517194
7.528049
7.539324
7.551364
7.562562
7.5742
7.584876
7.595881
7.606942
7.618121
7.630965
7.64203
7.653755
7.664921
7.676665
7.688384
7.699708
7.710808
7.722401
7.733531
7.744806
7.756669
7.768405
7.780581
7.791903
7.802986
7.814107
7.825457
7.836914
7.84781
7.859064
7.870145
7.881291
7.892226
7.903683
7.914547
7.925886
7.937296
7.948024
7.959308
7.970932
7.981701
7.993291
8.004892
8.015771
8.027202
8.04387
8.055953
8.067119
8.078239
8.089724
8.101056
8.112864
8.124633
8.136333
8.147477
8.158834
8.170167
8.181045
8.192429
8.204979
8.216208
8.227644
8.23893
8.250485
8.261591
8.272865
8.283729
8.294799
8.306032
8.317052
8.328286
8.33937
8.350416
8.361724
8.373208
8.384686
8.395724
8.406999
8.41825
8.42974
8.440925
8.452114
8.462952
8.47465
8.485641
8.496704
8.507886
8.52736
8.539585
8.551445
8.563226
8.575176
8.586141
8.597355
8.608693
8.620434
8.632619
8.644619
8.65834
8.670845
8.682169
8.694159
8.706763
8.719026
8.730078
8.741914
8.753355
8.765327
8.776962
8.789435
8.800683
8.812469
8.824365
8.836068
8.84736
8.859404
8.871259
8.882668
8.894126
8.90586
8.917489
8.9299
8.941883
8.953479
8.964571
8.975897
8.987292
8.998425
9.009431
9.021422
9.032762
9.044166
9.055581
9.066657
9.078373
9.090136
9.101486
9.113412
9.125138
9.141768
9.153593
9.165422
9.176943
9.188455
9.199372
9.210965
9.222152
9.233144
9.244504
9.256042
9.267081
9.27813
9.289654
9.300689
9.31195
9.323475
9.334486
9.345816
9.357586
9.36902
9.380369
9.391741
9.403755
9.414854
9.42669
9.438251
9.449572
9.461334
9.472775
9.485782
9.496863
9.508328
9.520869
9.532608
9.544324
9.556691
9.568229
9.579691
9.590753
9.601997
9.613032
9.624264
9.635627
9.647424
9.659301
9.670983
9.682104
9.693461
9.705666
9.717409
9.728927
9.740564
9.752311
9.76394
9.775575
9.787575
9.798843
9.810297
9.82192
9.834006
9.845364
9.85735
9.869523
9.881291
9.893141
9.90494
9.916362
9.928133
9.939594
9.951122
9.963009
9.974903
9.987256
9.998828
10.01023
10.02273
10.03466
10.04666
10.05839
10.07074
10.0823
10.09364
10.10503
10.1165
10.12816
10.14013
10.15161
10.16308
10.175
10.18666
10.19796
10.20988
10.22178
10.23324
10.24463
10.26109
10.27274
10.28501
10.29633
10.30799
10.31995
10.33202
10.34383
10.35535
10.36655
10.37844
10.38959
10.39933
10.40936
10.41931
10.42895
10.43921
10.45016
10.46165
10.47251
10.48386
10.49471
10.50583
10.51742
10.52835
10.53926
10.55076
10.56255
10.57336
10.58409
10.59546
10.60643
10.61748
10.62869
10.64001
10.65152
10.66217
10.6735
10.70213
10.71248
10.72258
10.73241
10.74351
10.75377
10.76336
10.77396
10.78544
10.79654
10.80807
10.81947
10.8305
10.84116
10.85225
10.86342
10.87445
10.88574
10.89665
10.90816
10.91958
10.93039
10.9418
10.9531
10.96382
10.97505
10.98634
10.99738
11.00849
11.02061
11.03115
11.04197
11.05334
11.06479
11.07551
11.08678
11.0977
11.10946
11.12035
11.13131
11.14266
11.15404
11.165
11.17608
11.18747
11.19829
11.20944
11.22096
11.23189
11.24311
11.25425
11.26608
11.2773
11.28903
11.30484
11.31468
11.32994
11.34072
11.35107
11.36132
11.37126
11.38085
11.39173
11.40173
11.41185
11.42257
11.43315
11.44435
11.45598
11.46648
11.47771
11.48896
11.50061
11.51131
11.52254
11.53355
11.54472
11.55614
11.56715
11.57843
11.58951
11.60059
11.61183
11.62286
11.63422
11.64537
11.65678
11.66769
11.6788
11.6902
11.70132
11.71244
11.72386
11.73575
11.74697
11.7581
11.76971
11.78099
11.79245
11.80387
TARGET DESTROYED 
11.81537
11.8342
11.84534
11.85605
11.86645
11.87732
11.88803
11.90598
11.9173
11.92769
11.9375
11.94714
11.95802
11.96923
11.98016
11.99133
12.00285
12.01383
12.02486
12.03623
12.04742
12.0584
12.06996
12.08071
12.09203
12.10336
12.11435
12.12552
12.1368
12.1478
12.15897
12.17029
12.18166
12.19242
12.20406
12.21489
12.22615
12.2372
12.24828
12.25945
12.27097
12.28208
12.29296
12.30418
12.31544
12.33033
12.34123
12.35179
12.36249
12.37405
12.38409
12.3941
12.40476
12.41607
12.42695
12.43828
12.45006
12.46106
12.47284
12.48463
12.49605
12.50766
12.52069
12.53068
12.54198
12.55299
12.56438
12.57575
12.58646
12.5975
12.60892
12.62033
12.63131
12.64286
12.65496
12.66744
12.67971
12.69178
12.70408
12.71462
12.72558
12.7367
12.74732
12.75841
12.76941
12.78018
12.79084
12.80189
12.8125
12.82339
12.83499
12.84567
12.85639
12.86783
12.87953
12.89092
12.90226
12.91361
12.92523
12.93742
12.94915
12.96053
12.97233
12.98829
12.99881
13.00949
13.02033
13.03036
13.04154
13.05284
13.06392
13.07484
13.08638
13.09713
13.10843
13.11984
13.13088
13.14222
13.15335
13.16421
13.17569
13.18705
13.19783
13.20885
13.22035
13.23133
13.24288
13.25397
13.26513
13.27595
13.28767
13.29861
13.30958
13.32069
13.33185
13.34313
13.35451
13.36992
13.37961
13.38989
13.39935
13.41028
13.42121
13.43245
TARGET DESTROYED 
13.44364
13.45808
13.47504
13.48662
13.49658
13.50659
13.51686
13.52807
13.53986
13.55136
13.56311
13.5765
13.58953
13.60159
13.6138
13.62618
13.63916
13.65177
13.66374
13.67802
13.69094
13.70299
13.71517
13.72716
13.73953
13.75229
13.76488
13.77575
13.78605
13.79604
13.80631
13.81633
13.82662
13.83773
13.8477
13.85797
13.868
13.87914
13.89053
13.90154
13.9126
13.92437
13.93511
13.94602
13.95724
13.96852
13.97977
13.99084
14.00215
14.0131
14.02437
14.03594
14.04671
14.05774
14.07008
14.08118
14.09183
14.103
14.11374
14.12493
14.13607
14.1472
14.15837
14.1697
14.18118
14.19215
14.20377
14.21509
14.22645
14.23843
14.24934
14.2609
14.27231
14.28393
14.29519
14.30672
14.31839
14.3295
14.34096
14.35262
14.36348
14.37557
14.39117
14.40139
14.41173
14.42204
14.43162
14.44147
14.45273
14.46346
14.47441
14.48584
14.49722
14.50804
14.51946
14.53047
14.54167
14.55619
14.567
14.57845
14.58966
14.60037
14.61146
14.62259
14.63325
14.64433
14.65531
14.66608
14.67714
14.68952
14.70258
14.7145
14.72618
14.73812
14.75046
14.76195
14.77319
14.78441
14.79632
14.8081
14.82003
14.83203
14.84368
14.85571
14.86734
14.87863
14.89049
14.90236
14.91404
14.92529
14.93679
14.9467
14.95678
14.96615
14.97649
14.98648
14.99602
15.00751
15.01905
15.02966
15.04134
15.0528
15.06432
15.07578
15.08767
15.09915
15.11093
15.12337
15.1358
15.14749
15.1593
15.17147
15.18336
15.19523
15.20718
15.21974
15.23152
15.24342
TARGET DESTROYED 
15.25495
15.27029
15.28165
15.2929
15.30439
15.3148
15.33223
15.34532
15.35633
15.36709
15.37802
15.38894
15.40078
15.41305
15.42512
15.43754
15.44973
15.46054
15.47576
15.48842
15.49984
15.51074
15.52269
15.53355
15.54424
15.55547
15.56629
15.57779
15.58905
15.60102
15.61175
15.62632
15.63984
15.65353
15.66718
15.68049
15.6949
15.70849
15.72228
15.73631
15.75007
15.76298
15.77716
15.79209
15.80695
15.82145
15.83563
15.85027
15.86479
15.8793
15.89348
15.90765
15.91949
15.9322
15.94426
15.95684
15.96845
15.97996
15.99164
16.0021
16.01247
16.02402
16.03487
16.04692
16.05773
16.06848
16.07944
16.09121
16.10203
16.113
16.12416
16.13561
16.1465
16.15778
16.16951
16.18015
16.19131
16.20279
16.2135
16.22476
16.23623
16.24745
16.25887
16.27091
16.28248
16.29452
16.30673
16.31875
16.33069
16.34283
16.35507
16.36702
16.37925
16.39181
16.40438
16.41477
16.42598
16.43834
16.44814
16.45935
16.47071
16.48185
16.49283
16.50419
16.51904
16.52901
16.53868
16.54875
16.56025
16.57108
16.58226
16.5934
16.60497
16.61585
16.62696
16.63805
16.64931
16.66052
16.67158
16.68278
16.69402
16.70549
16.71672
16.72748
16.73874
16.74998
16.76101
16.77227
16.78342
16.79446
16.80577
16.81683
16.8287
16.83922
16.85043
16.86144
16.87331
16.88433
16.89584
16.90739
16.91969
16.93038
16.94193
16.95361
16.96485
16.97644
16.98811
16.99958
17.0111
17.02245
17.03414
17.04565
17.05648
17.06758
17.07875
17.0899
17.10122
17.11265
17.12362
17.13508
17.14595
17.15719
17.16822
17.17918
17.19079
17.20199
17.21263
17.22389
17.23543
17.24606
17.25739
17.2689
TARGET DESTROYED 
17.27976
17.30275
17.31333
17.32321
17.33271
17.3431
17.36019
17.3746
17.38755
17.4022
17.41494
17.42762
17.44176
17.45522
17.46885
17.48244
17.49489
17.50918
17.52462
17.53883
17.55185
17.56496
17.57839
17.59171
17.60573
17.61879
17.63909
17.65452
17.66694
17.67924
17.69154
17.70574
17.7208
17.73395
17.74591
17.75832
17.77134
17.78368
17.79594
17.80902
17.8221
17.8347
17.84631
17.86466
17.8831
17.90166
17.92161
17.94028
17.95873
17.97004
17.98018
17.99099
18.00151
18.01212
18.02356
18.03446
18.04566
18.0566
18.06819
18.07895
18.09038
18.10179
18.11248
18.12392
18.13617
18.14804
18.16016
18.17282
18.18551
18.19762
18.20998
18.22274
18.23483
18.24675
18.25904
18.27165
18.28373
18.29647
18.30863
18.32138
18.33363
18.34601
18.35834
18.37047
18.38263
18.39454
18.40693
18.41725
18.42828
18.43919
18.4496
18.46035
18.47159
18.48218
18.49284
18.50358
18.51513
18.52703
18.53799
18.54871
18.55966
18.57101
18.58288
18.59384
18.60477
18.61569
18.62653
18.63779
18.64874
18.65984
18.67118
18.68237
18.69328
18.70477
18.71583
18.72747
18.73838
18.74948
18.76512
18.77543
18.78612
18.79628
TARGET DESTROYED 
18.80729
18.82239
18.8336
18.84424
18.85492
18.86522
18.87562
18.88557
18.89551
18.90696
18.92518
18.93718
18.94709
18.95743
18.96739
18.97746
18.98843
18.99946
19.0097
19.02115
19.03096
19.04142
19.05189
19.06224
19.07305
19.08444
19.09553
19.10662
19.11793
19.12906
19.14012
19.15152
19.16246
19.1736
19.18523
19.19615
19.20732
19.21864
19.22939
19.24086
19.252
19.26338
19.27431
19.28571
19.29641
19.30762
19.31904
19.33005
19.34125
19.35328
19.3639
19.37577
19.38729
19.39856
19.40988
19.42178
19.43272
19.44418
19.45561
19.46714
19.47834
19.48984
19.50187
19.5128
19.52404
19.53752
19.55133
19.56505
19.57856
19.59243
19.60564
19.61934
19.63269
19.64625
19.6594
19.67324
19.68667
19.70037
19.71342
19.72709
19.74107
19.75468
19.76917
19.78287
19.79605
19.81414
19.82728
19.84143
19.85617
19.86963
19.87901
19.88885
19.89972
19.91083
19.92215
19.9331
19.94445
19.95559
19.96674
19.97798
19.98912
20.0002
20.01161
20.02261
20.03388
20.0448
20.05611
20.06725
20.07854
20.08951
20.10111
20.11205
20.12313
20.13422
20.14559
20.15651
20.1683
20.17891
20.19006
20.2014
20.2124
20.22371
20.23498
20.24609
20.25719
20.26846
20.27942
20.29071
20.30212
20.3129
20.32438
20.3356
20.34655
20.35781
20.36925
20.38071
20.39233
20.40418
20.41562
20.42686
20.43862
20.45042
20.46213
20.47325
20.48545
20.49596
20.50769
20.51972
20.53015
20.54129
20.55273
20.56376
20.57549
20.58616
20.59731
20.60839
20.62002
20.63074
20.64217
20.65338
20.66433
20.67537
20.6869
20.69769
20.70878
20.72021
20.73154
20.74272
20.75392
20.76515
20.77625
20.78722
20.79887
20.80934
20.82089
20.8321
20.84293
20.85409
20.86923
20.87904
20.88878
20.89814
20.90796
20.91953
20.93039
20.94149
20.95314
20.96393
20.97601
20.98658
20.99772
21.00849
21.02042
21.03083
21.04198
21.05342
21.06422
21.07581
21.08674
21.09791
21.10932
21.12042
21.13152
21.14265
21.15393
21.16538
21.17596
21.18731
21.19858
21.20964
21.22074
21.23207
21.24328
TARGET DESTROYED 
21.25485
21.26953
21.28586
21.29908
21.30875
21.31833
21.32998
21.3406
21.35236
21.36308
21.37414
21.3856
21.39669
21.40779
21.41956
21.43009
21.44139
21.45267
21.4636
21.47461
21.48608
21.49708
21.50812
21.52007
21.53062
21.5417
21.55305
21.56418
21.57564
21.58638
21.5975
21.60888
21.62015
21.63125
21.64226
21.65352
21.6647
21.67577
21.68723
21.69807
21.70938
21.72053
21.73215
21.74299
21.75417
21.76507
21.77643
21.78809
21.79947
21.81094
21.82237
21.83409
21.84555
21.85699
21.8689
21.88003
21.89182
21.90331
21.91433
21.92629
21.93765
21.9488
21.95992
21.97124
21.98266
21.99325
22.00774
22.01731
22.02746
22.03701
22.04844
22.05915
22.07058
22.08179
22.09294
22.10413
22.11509
22.12611
22.13757
22.14879
22.15955
22.171
22.18233
22.19309
22.20477
22.21604
22.22666
22.23806
22.24923
22.26043
22.27153
22.28264
22.29363
22.30495
22.31625
22.3273
22.33836
22.34984
22.361
22.37228
22.38332
22.39449
22.40595
22.41748
22.42826
22.44047
22.45159
22.46235
22.47473
22.48538
22.49588
22.50731
22.51918
22.52959
22.54082
22.55211
22.56299
22.57508
22.58561
22.59658
22.60766
22.61936
22.63019
22.64137
22.65292
22.66364
22.67515
22.68645
22.69716
22.70822
22.71962
22.73073
22.74183
22.75343
22.76503
22.77514
22.78675
22.7978
22.80875
22.82058
22.83174
22.84221
22.85371
22.86494
22.87566
22.88771
22.89831
22.90926
22.92105
22.93192
22.94299
22.95425
22.96523
22.97653
22.98797
22.99894
23.00989
23.02155
TARGET DESTROYED 
23.03224
23.05593
23.06583
23.07633
23.08617
23.09529
23.10562
23.11669
23.1316
23.14174
23.16011
23.17114
23.18371
23.19482
23.20599
23.21737
23.22833
23.23957
23.25073
23.26186
23.27301
23.28407
23.29659
23.30649
23.31786
23.32892
23.34
23.3519
23.36254
23.37355
23.38491
23.39587
23.40722
23.41835
23.42941
23.44058
23.45259
23.46294
23.47523
23.48565
23.49651
23.50784
23.51974
23.53079
23.54134
23.55274
23.56366
23.57498
23.58628
23.59701
23.60868
23.61994
23.63077
23.64238
23.65379
23.66484
23.67655
23.68825
23.69978
23.7109
23.72282
23.73427
23.74559
23.75708
23.76946
23.78023
23.79134
23.80363
23.81435
23.82536
23.83697
23.84838
23.85908
23.87035
23.88219
23.89245
23.90464
23.91522
23.92648
23.93727
23.94851
23.95945
23.97112
23.98165
23.993
24.00448
24.01528
24.02632
24.03763
24.04869
24.05984
24.07354
24.08415
24.09387
24.10494
24.11589
24.12679
24.13827
24.14917
24.16066
24.17428
