0.02
0.04
0.14
0.1723493
0.185097
0.1977745
0.2089496
0.2200583
0.2313178
0.2421869
0.2534474
0.2645943
0.2756094
0.2890134
0.3069604
0.3164122
0.3255354
0.3353299
0.3441782
0.3537362
0.3653056
0.3763287
0.3873466
0.4004039
0.4113089
0.4212978
0.4327305
0.4439643
0.4542319
0.4655546
0.4768427
0.4879998
0.4989931
0.5103405
0.5243733
0.5338386
0.5439743
0.5548094
0.5660458
0.5775504
0.5882267
0.5996623
0.6107431
0.6218538
0.6333702
0.6444591
0.6554064
0.6667602
0.6780582
0.6888384
0.6998881
0.711504
0.7226397
0.7336031
0.7447596
0.7562491
0.7668706
0.7784387
0.7892311
0.8004531
0.8118172
0.8229545
0.8342409
0.8452922
0.8564285
0.8675485
0.8787627
0.8943492
0.904911
0.9169029
0.9281932
0.9397116
0.9501454
0.9618068
0.972938
0.9842831
0.9956495
1.006932
1.018299
1.029171
1.040268
1.051231
1.062561
1.073986
1.085277
1.095936
1.107417
1.118348
1.130572
1.140818
1.151643
1.163827
1.174265
1.185449
1.196934
1.207703
1.218622
1.230536
1.241134
1.252289
1.263433
1.274632
1.285807
1.29705
1.308358
1.319257
1.330592
1.341522
1.352728
1.364244
1.374988
1.386792
1.397477
1.408729
1.419831
1.431048
1.442307
1.453601
1.46439
1.475691
1.486987
1.498155
1.509274
1.523934
1.53341
1.542915
1.552583
1.563255
1.574393
1.585688
1.599451
1.609507
1.61909
1.630247
1.641228
1.652575
1.663894
1.675097
1.69003
1.70025
1.717507
1.727957
1.73865
1.749924
1.76132
1.772577
1.783417
1.794758
1.805812
1.817109
1.828723
1.839641
1.850624
1.861804
1.87278
1.883994
1.895416
1.906456
1.917453
1.928746
1.939758
1.951105
1.962495
1.973366
1.984561
1.995734
2.006981
2.018097
2.029103
2.040469
2.051968
2.062809
2.073958
2.085426
2.09717
2.107364
2.118569
2.129689
2.146444
2.159328
2.169718
2.179957
2.189295
2.199516
2.209343
2.219335
2.230305
2.241227
2.254005
2.265798
2.276453
2.286767
2.297235
2.308411
2.319984
2.331347
2.342641
2.358877
2.368416
2.379157
2.38912
2.399267
2.409838
2.42006
2.431414
2.44265
2.45803
2.468513
2.479429
2.490216
2.500867
2.511819
2.52253
2.532561
2.543678
2.555083
2.566457
2.57763
2.588696
2.599794
2.611643
2.62219
2.63361
2.644728
2.655673
2.666853
2.678163
2.68916
2.700473
2.711704
2.723039
2.734274
2.745792
2.757228
2.768533
2.779829
2.791508
2.802462
2.813859
2.825247
2.836555
2.847567
2.859314
2.870535
2.882134
2.89398
2.904569
2.916205
2.927428
2.938295
2.949954
2.961214
2.972382
2.983775
2.994962
3.006113
3.017376
3.02863
3.040733
3.056732
3.06812
3.079701
3.091491
3.102749
3.114207
3.124751
3.135442
3.146657
3.157717
3.168834
3.180006
3.191214
3.202396
3.213687
3.224782
3.235935
3.247083
3.258499
3.270561
3.281899
3.293118
3.304112
3.315495
3.326607
3.337439
3.348568
3.359447
3.370147
3.381435
3.392217
3.403635
3.415902
3.42772
3.438606
3.450063
3.461693
3.472827
3.483914
3.495535
3.506032
3.517063
3.528485
3.539942
3.551625
3.563814
3.574173
3.58584
3.597507
3.608005
3.619605
3.633756
3.643512
3.653093
3.664077
3.675134
3.686394
3.697444
3.708524
3.719752
3.73423
3.749792
3.760829
3.771671
3.782841
3.794139
3.805285
3.816891
3.82758
3.838615
3.849959
3.861505
3.872254
3.883304
3.895359
3.905719
3.917024
3.928183
3.939345
3.950715
3.961729
3.972783
3.983839
3.995434
4.006368
4.018003
4.028834
4.039754
4.051239
4.062139
4.076099
4.087271
4.098498
4.108644
4.118718
4.129349
4.1403
4.151671
4.163238
4.174633
4.186255
4.197443
4.209632
4.220401
4.231562
4.243351
4.254608
4.265903
4.277496
4.288812
4.300578
4.311747
4.322925
4.334126
4.345753
4.356518
4.368036
4.379123
4.390222
4.40125
4.412648
4.430737
4.441512
4.453029
4.464408
4.475544
4.486591
4.497858
4.508853
4.520211
4.531255
4.542508
4.553561
4.56484
4.576004
4.587017
4.598494
4.609517
4.620629
4.63197
4.643252
4.65418
4.665235
4.677131
4.687644
4.706556
4.717242
4.727693
4.739025
4.749243
4.759859
4.770918
4.782801
4.793883
4.80483
4.815237
4.825702
4.837446
4.84851
4.858747
4.86963
4.881134
4.891156
4.902044
4.913634
4.92357
4.933899
4.945153
4.955981
4.967083
4.978251
4.989451
5.000407
5.011785
5.02285
5.034411
5.045213
5.056224
5.067609
5.078728
5.089855
5.101818
5.112905
5.127802
5.138968
5.149684
5.159883
5.169976
5.181623
5.192018
5.203841
5.21513
5.226587
5.238423
5.249062
5.260743
5.271765
5.283008
5.294037
5.305565
5.31636
5.327809
5.338755
5.349775
5.361387
5.37228
5.383404
5.395222
5.40607
5.41712
5.428237
5.439278
5.450426
5.461987
5.472793
5.48401
5.495453
5.506565
5.517649
5.529026
5.540396
5.551699
5.562877
5.574155
5.585548
5.596821
5.608278
5.619529
5.630794
5.642069
5.653282
5.664325
5.675756
5.686684
5.698025
5.708956
5.723213
5.733861
5.744183
5.754173
5.764746
5.776039
5.786549
5.797081
5.81269
5.82367
5.83455
5.845352
5.856302
5.86694
5.877211
5.887415
5.897892
5.908176
5.918043
5.929194
5.940161
5.951353
5.962804
5.975088
5.985656
5.996094
6.007392
6.018393
6.029725
6.04116
6.051913
6.063049
6.074249
6.085953
6.097746
6.107932
6.118854
6.130055
6.141254
6.152383
6.163647
6.175131
6.186134
6.197107
6.208422
6.219547
6.230989
6.242559
6.254244
6.264996
6.276469
6.287938
6.299204
6.310526
6.321852
6.333262
6.344888
6.355848
6.367548
6.378914
6.390117
6.401544
6.412905
6.424256
6.435163
6.446653
6.457423
6.468558
6.479861
6.49703
6.507945
6.520417
6.531555
6.542444
6.553976
6.564854
6.576468
6.587431
6.598307
6.609488
6.620703
6.63189
6.643795
6.654081
6.665468
6.676651
6.687774
6.698756
6.710719
6.721087
6.732454
6.743751
6.754659
6.765867
6.777673
6.789264
6.801458
6.812701
6.824359
6.837137
6.848525
6.860959
6.872532
6.884128
6.89602
6.907382
6.919364
6.93122
6.942702
6.955442
6.967124
6.978472
6.990081
7.001822
7.013783
7.025449
7.037542
7.049398
7.061274
7.072899
7.084799
7.096933
7.108221
7.120449
7.132634
7.144333
7.164098
7.176106
7.188103
7.200408
7.212298
7.22849
7.239457
7.250662
7.262251
7.273377
7.284495
7.295677
7.310828
7.322764
7.335145
7.346722
7.357577
7.368581
7.379983
7.390997
7.40174
7.4133
7.424232
7.435651
7.446764
7.457821
7.468893
7.480481
7.491393
7.503104
7.513731
7.524654
7.53586
7.54714
7.558503
7.56969
7.580816
7.591925
7.603008
7.614137
7.625426
7.636716
7.647776
7.65877
7.670084
7.681161
7.692274
7.703555
7.717773
7.72904
7.739916
7.750952
7.762522
7.773623
7.784952
7.795774
7.807273
7.818171
7.829257
7.841083
7.851991
7.862916
7.8739
7.884896
7.896623
7.914207
7.925373
7.936334
7.947777
7.958986
7.971707
7.98272
7.994404
8.005246
8.016429
8.027946
8.039033
8.049762
8.061299
8.072499
8.083281
8.095582
8.106716
8.117527
8.12848
8.139547
8.150249
8.161699
8.172625
8.183762
8.19508
8.206521
8.217503
8.228845
8.239869
8.250868
8.262226
8.273595
8.284762
8.296065
8.307006
8.317829
8.329229
8.340065
8.351379
8.362701
8.373784
8.384899
8.396217
8.407323
8.418763
8.430122
8.441577
8.452744
8.464406
8.475974
8.487806
8.499131
8.511375
8.521956
8.53352
8.545029
8.5564
8.567798
8.579382
8.590407
8.602138
8.618807
8.629773
8.6414
8.652634
8.66425
8.675583
8.686653
8.697848
8.709635
8.720233
8.731394
8.74253
8.753526
8.764507
8.776008
8.786969
8.798241
8.809391
8.820471
8.832152
8.843815
8.854775
8.865163
8.876386
8.887662
8.898767
8.909983
8.921003
8.932093
8.943388
8.959433
8.970022
8.981652
8.992546
9.003256
9.014702
9.02521
9.036294
9.047935
9.058409
9.069185
9.080917
9.093505
9.104785
9.116435
9.127279
9.13871
9.15008
9.161332
9.172221
9.183882
9.194615
9.205678
9.217311
9.228403
9.239585
9.251054
9.261868
9.27243
9.283743
9.294827
9.305654
9.322711
9.333962
9.346023
9.357291
9.368261
9.380126
9.390889
9.401631
9.412715
9.42388
9.435444
9.446363
9.457066
9.468447
9.480087
9.491275
9.502059
9.513492
9.525565
9.536676
9.548016
9.558509
9.569124
9.580171
9.591335
9.602783
9.613425
9.624723
9.635895
9.647148
9.658153
9.669884
9.680674
9.691672
9.705974
9.716846
9.727419
9.73737
9.747646
9.758762
9.770669
9.781077
9.792684
9.8082
9.819937
9.831573
9.842827
9.854486
9.866182
9.877127
9.888223
9.900488
9.911655
9.923123
9.934347
9.946224
9.957876
9.969571
9.981219
9.993699
10.00986
10.0212
10.03318
10.04421
10.05533
10.06721
10.07814
10.09009
10.10121
10.11252
10.1235
10.13469
10.14638
10.16441
10.17531
10.18686
10.19844
10.20944
10.22058
10.23226
10.24332
10.25419
10.2657
10.27672
10.28791
10.29943
10.31014
10.32146
10.33348
10.34463
10.35518
10.36653
10.37756
10.3883
10.39979
10.41079
10.42161
10.43337
10.44488
10.45653
10.46794
10.47922
10.48995
10.50075
10.51294
10.52491
10.53687
10.54779
10.55849
10.56958
10.57984
10.59016
10.60124
10.61185
10.62253
10.63317
10.64418
10.6543
10.66448
10.67487
10.68584
10.69711
10.70809
10.71931
10.73045
10.74165
10.75318
10.76407
10.77525
10.78683
10.79748
10.81256
10.82314
10.83494
10.8454
10.85588
10.86603
10.87608
10.88685
10.89846
10.90973
10.92054
10.93211
10.94382
10.97405
10.98488
10.99564
11.00625
11.01814
11.02907
11.03935
11.04964
11.06461
11.07702
11.08981
11.10039
11.11159
11.12279
11.13385
11.14481
11.15565
11.1666
11.17785
11.18852
11.19989
11.21113
11.2226
11.23349
11.24515
11.25606
11.26702
11.27814
11.28893
11.30036
11.31145
11.32241
11.33376
11.34505
11.35615
11.36721
11.37887
11.38946
11.40102
11.4134
11.42425
11.43476
11.44624
11.45697
11.46789
11.48014
11.49082
11.50177
11.513
11.5237
11.53677
11.5538
11.56504
11.5761
11.58783
11.59904
11.60994
11.62119
11.63173
11.6421
11.65227
11.66285
11.67298
11.68353
11.69453
11.70502
11.71569
11.73051
11.7417
11.75262
11.76329
11.77417
11.78548
11.79789
11.8087
11.81998
11.83295
11.84401
11.85528
11.86664
11.878
11.88935
11.90019
11.91122
11.92246
11.93355
11.94488
11.95602
11.96719
11.97808
11.98967
12.00054
12.01193
12.02316
12.03459
12.04543
12.05683
12.06816
12.07994
12.09121
12.1019
12.11363
12.12469
12.13552
12.14665
12.15811
12.16901
12.18011
12.19132
12.20227
12.21327
12.22443
12.2403
12.25201
12.26327
12.27418
12.28487
12.29594
TARGET DESTROYED 
12.30583
12.32577
12.3465
12.35905
12.36986
12.38097
12.39213
12.40294
12.41418
12.42543
12.43678
12.44876
12.45968
12.47024
12.48164
12.49296
12.50355
12.51456
12.52571
12.53676
12.54894
12.56019
12.57093
12.58299
12.59384
12.60447
12.61588
12.62716
12.63874
12.64992
12.66166
12.67217
12.68441
12.69699
12.70909
12.7216
12.73395
12.7462
12.75839
12.77172
12.7839
12.79663
12.80896
12.8209
12.83369
12.8463
12.85804
12.8703
12.88293
12.89673
12.90873
12.92484
12.93682
12.94873
12.96178
12.97339
12.98515
12.99714
13.0095
13.02111
13.03336
13.04506
13.05682
13.0687
13.08037
13.09249
13.10491
13.11679
13.12851
13.14004
13.1518
13.16372
13.17487
13.18647
13.19887
13.21042
13.22215
13.23352
13.25668
13.2702
13.28179
13.29365
13.30574
13.31756
13.32914
13.34103
13.35352
13.36548
13.37822
13.39014
13.40161
13.41315
13.42464
13.43647
13.45168
13.46364
13.47555
13.48689
13.49989
13.51175
TARGET DESTROYED 
13.523
13.54018
13.55324
13.56634
13.58503
13.59795
13.61002
13.62052
13.63082
13.64006
13.65509
13.66502
13.67468
13.68426
13.69385
13.70316
13.71787
13.72778
13.7384
13.7486
13.75823
13.76877
13.7799
13.79128
13.80214
13.81361
13.82456
13.83601
13.84755
13.85801
13.86981
13.88116
13.89187
13.90275
13.91406
13.92503
13.93627
13.94791
13.95861
13.96972
13.98108
13.99218
14.00335
14.01436
14.02578
14.03736
14.04868
14.06002
14.07072
14.08219
14.09331
14.10432
14.11623
14.12739
14.13778
14.14944
14.16052
14.1722
14.18384
14.19569
14.20719
14.21899
14.23047
14.2419
14.25328
14.2646
14.27666
14.28735
14.29886
14.31034
14.32689
14.33837
14.35021
14.36185
14.37286
14.38391
14.3959
14.40705
14.41775
14.42888
14.44009
14.45075
14.46206
14.47314
14.48451
14.49596
14.50669
14.51769
14.52912
14.5402
14.55187
14.56323
14.5744
14.58566
14.59637
14.60711
14.61838
14.6296
14.64066
14.65222
14.66306
14.67434
14.68556
14.69717
14.70843
14.71944
14.73085
14.74198
14.75347
14.76486
14.77635
14.78852
14.79978
14.81116
14.82313
14.83474
14.84593
14.85823
14.87017
14.88343
14.89647
14.90952
14.9221
14.93432
14.94616
14.95857
14.97083
14.98327
14.99532
15.0078
TARGET DESTROYED 
15.01976
15.05176
15.06932
15.08645
15.10273
15.11427
15.12526
15.15348
15.16705
15.17797
15.18917
15.19985
15.21014
15.23206
15.25453
15.27749
15.2992
15.32155
15.344
15.36628
15.38839
15.41137
15.43328
15.4565
15.47811
15.50004
15.52248
15.54495
15.56709
15.58973
15.61209
15.63458
15.65651
15.6791
15.70119
15.72354
15.74644
15.7688
15.79059
15.81319
15.83513
15.8576
15.88012
15.90244
15.92491
15.94706
15.96335
15.97382
15.98425
15.99547
16.00662
16.01754
16.0281
16.03923
16.04968
16.0608
16.07152
16.08246
16.09332
16.10444
16.11523
16.1262
16.13746
16.14946
16.16154
16.17403
16.18607
16.19839
16.2109
16.22312
16.23493
16.24745
16.25992
16.27176
16.28317
16.29554
16.30764
16.31953
16.33181
16.34738
16.36007
16.37234
16.38427
16.39629
16.40819
16.42008
16.43274
16.44493
16.45692
16.46952
16.48274
16.49537
16.50827
16.52064
16.53405
16.54817
16.5603
16.5729
16.58562
16.59889
16.61121
16.62322
16.63599
16.64921
16.66113
16.67904
16.69178
16.70397
16.71672
TARGET DESTROYED 
16.72982
16.7451
16.75611
16.76695
16.77774
16.78825
16.79956
16.81093
16.82157
16.83337
16.84433
16.86111
16.87314
16.88525
16.89668
16.90739
16.91852
16.92976
16.94115
16.95204
16.96327
16.97468
16.98582
16.99699
17.00795
17.01893
17.03025
17.04138
17.05261
17.06386
17.07509
17.08639
17.0975
17.10858
17.11962
17.13081
17.14198
17.15349
17.1646
17.17557
17.18672
17.19794
17.20909
17.22008
17.23136
17.24241
17.25363
17.26501
17.27613
17.28759
17.29836
17.31
17.32082
17.33189
17.3432
17.35444
17.3699
17.38122
17.39155
17.4027
17.4139
17.42434
17.43503
17.44668
17.45771
17.46919
17.48042
17.49149
17.50242
17.51368
17.5247
17.53599
17.54736
17.55819
17.56952
17.58057
17.59182
17.60292
17.61415
17.62563
17.63666
17.64765
17.65887
17.66998
17.68119
17.69214
17.70663
17.71775
17.72864
17.73893
17.74932
17.75971
17.77116
17.78238
17.7938
17.80479
17.81647
17.82716
17.83817
17.84944
17.86075
17.87202
17.88309
17.89435
17.90523
17.91633
17.9278
17.93887
17.95015
17.96157
17.97239
17.98329
17.99473
18.00567
18.01718
18.02826
18.03919
18.05118
18.06724
18.07802
18.08966
18.10043
18.11087
18.12197
18.13288
18.14381
18.15494
18.16589
18.17639
18.18763
18.19867
18.20909
18.21979
18.23066
18.24156
18.25196
18.26362
18.27383
18.2846
18.29585
18.30621
18.31674
18.32836
18.33877
18.34934
18.36031
18.37089
18.38219
18.39394
18.40407
18.41537
18.42682
18.43783
18.44904
18.46015
18.47151
18.48228
18.49369
18.50485
18.51587
18.52736
18.53841
18.54989
18.56124
18.57235
18.58383
18.59587
18.60724
18.61806
18.62941
TARGET DESTROYED 
18.64081
18.65618
18.6678
18.67984
18.69028
18.70115
18.71922
18.73158
18.74301
18.75871
18.77028
18.78086
18.79213
18.80344
18.81426
18.82537
18.83691
18.8476
18.85817
18.86883
18.88014
18.89082
18.90175
18.91267
18.92333
18.93436
18.94565
18.95615
18.96662
18.9774
18.98756
18.99882
19.00985
19.02025
19.0312
19.04211
19.05276
19.06377
19.07423
19.08591
19.09779
19.10797
19.11896
19.13019
19.14145
19.15269
19.16401
19.17488
19.18612
19.19715
19.20842
19.21957
19.23086
19.24204
19.25372
19.26478
19.27658
19.28787
19.29921
19.31097
19.3224
19.33349
19.34511
19.35626
19.36775
19.37919
19.39058
19.40183
19.41318
19.4245
19.43652
19.45235
19.46387
19.47492
19.48584
19.49664
19.50727
19.51848
19.52928
19.54008
19.55107
19.56172
19.57269
19.58325
19.59387
19.60527
19.61714
19.62803
19.63788
19.64822
19.65807
19.66817
19.67838
19.68897
19.69991
19.71124
19.72543
19.73708
19.74795
19.75834
19.76951
19.78088
19.79192
19.80284
19.8144
19.82579
19.83692
19.84898
19.86014
19.87153
19.88272
19.89337
19.90463
19.91644
19.92696
19.9385
19.94983
19.9603
19.97117
19.98274
19.9936
20.00432
20.01593
20.02663
20.03755
20.04867
20.05956
20.07092
20.08234
20.09403
20.1046
20.1159
20.12726
20.14354
20.15478
20.16619
20.17747
20.18903
20.19974
20.21029
20.22134
20.23274
20.24365
20.25446
20.2655
20.27578
20.2871
20.2982
20.30875
20.32044
20.33138
20.34186
20.35262
20.36579
20.37652
20.38782
20.3989
20.40936
20.42102
20.43186
20.44286
20.45421
20.46507
20.47622
20.48718
20.49792
20.50822
20.51898
20.52951
20.54035
20.55154
20.56251
20.57318
20.58399
20.59519
20.60551
20.61724
20.62837
20.63857
20.64942
20.66102
20.67165
20.68284
20.69434
20.70549
20.71657
20.72788
20.73961
20.75047
20.76171
20.77324
20.78437
20.79567
20.80659
TARGET DESTROYED 
20.81815
20.84019
20.85146
20.86234
20.873
20.89081
20.9033
20.91455
20.92453
20.93518
20.94641
20.95737
20.96811
20.97871
20.98963
21.00013
21.01052
21.02162
21.03246
21.04303
21.05536
21.06609
21.07635
21.08778
21.09851
21.10862
21.11929
21.13033
21.14081
21.1519
21.1636
21.17437
21.18568
21.19742
21.20791
21.21907
21.23059
21.24149
21.25249
21.26359
21.27468
21.28651
21.29731
21.30832
21.31949
21.3311
21.3426
21.3539
21.36545
21.37817
21.38941
21.40019
21.41139
21.42294
21.43396
21.44586
21.45731
21.46845
21.48005
21.4917
21.5028
21.51372
21.52491
21.5366
21.54778
21.56438
21.5754
21.58645
21.59713
21.60785
21.618
21.62935
21.63948
21.64946
21.65953
21.6699
21.68029
21.69098
21.7057
21.71627
21.7276
21.73811
21.74875
21.75926
21.77026
21.78103
21.79137
21.8032
21.81404
21.82575
21.83717
21.84762
21.85797
21.8695
21.88114
21.89154
21.90284
21.91357
21.92409
21.93494
21.94607
21.95633
21.96763
21.97855
21.98976
22.00149
22.0127
22.02341
22.03444
22.04601
22.05709
22.08174
22.09402
22.10531
22.11621
22.12823
22.13847
22.14914
22.16034
22.1712
22.18258
22.19344
22.20482
22.21575
22.22614
22.2369
22.24809
22.25905
22.27114
22.28215
22.29336
22.30967
22.32091
22.33164
22.3432
22.35398
22.36507
22.37606
22.38687
22.39848
22.40996
22.42044
22.43135
22.44239
22.46058
22.47142
22.48251
22.49353
22.50577
22.51745
22.52978
22.54194
22.55429
22.5662
22.57818
22.59019
22.60245
22.61485
22.62712
22.64023
22.65247
22.66479
22.67704
22.68937
22.7015
22.71363
22.72549
22.73779
22.74953
22.76151
22.77348
22.78539
22.7967
22.80861
22.82128
22.83455
22.84687
22.85885
22.87055
22.8831
22.89535
22.90773
22.92061
22.93262
22.94435
22.95665
22.96856
22.98099
22.99293
23.00494
23.02098
23.03325
23.0455
23.05727
23.06903
23.08701
23.09929
23.11629
23.13267
23.14948
23.16607
23.18241
23.19892
23.21594
23.23223
23.24877
23.26493
23.28142
23.29768
23.31408
23.33107
23.34824
23.3647
23.38226
23.39927
23.41598
23.43211
23.44861
23.46501
23.48179
23.49807
23.5147
23.53157
23.54813
23.56476
23.58141
23.59823
23.61459
23.63021
23.64671
23.66238
23.6777
23.69381
23.71414
23.73
23.74535
23.76095
23.77659
23.79284
23.81254
23.83057
23.84718
23.86399
23.88035
23.89702
23.91322
23.93031
23.9463
23.9632
23.98402
24.00057
24.01347
24.0261
24.03906
24.05137
24.06435
24.07695
24.08999
24.10189
24.11419
24.12697
24.13923
24.15145
24.16445
24.17731
24.18966
TARGET DESTROYED 
24.20164
24.22972
24.24297
24.25552
24.26776
24.27985
24.29278
24.30523
24.31752
24.33016
24.34241
24.36541
24.37954
24.39168
24.40399
24.41626
24.42927
24.44126
24.45343
24.46666
24.47962
24.49275
24.50494
24.51701
24.5306
24.54255
24.55478
24.56776
24.57989
24.59188
24.60435
24.6168
24.62936
24.64203
24.65502
24.66884
24.68611
24.6993
24.7164
24.72892
24.74106
24.75328
24.76592
24.77877
24.79137
24.80379
24.81681
24.82942
24.84216
24.85532
24.86842
24.88113
24.8941
24.90668
24.91917
24.93264
24.94537
24.95876
24.97196
24.98399
24.99721
25.0094
25.02143
25.03456
25.04732
25.0604
25.07303
25.08585
25.09861
25.11057
25.12314
25.1353
25.14803
25.1607
25.17298
25.18538
25.19761
25.20976
25.22205
25.23406
25.24732
25.25957
25.27173
25.28402
25.29662
25.3086
25.32082
25.33192
25.34246
25.35252
25.36448
25.37548
25.38619
25.39729
25.40833
25.41928
25.42988
25.44157
25.4525
25.46374
25.475
25.49151
25.50619
25.51738
25.52828
25.53846
25.54901
25.55999
25.57046
25.58404
