0.02
0.04
0.14
0.1868749
0.2010014
0.2120691
0.2229552
0.2335551
0.2448515
0.2558239
0.2671591
0.2782188
0.291208
0.3006226
0.3115437
0.3226636
0.3340489
0.3452182
0.3562747
0.3726753
0.3822516
0.3914448
0.4012617
0.4121218
0.4233007
0.4346125
0.4459468
0.4569962
0.4682845
0.4792034
0.4902566
0.5013903
0.5157186
0.5256009
0.5349417
0.5462996
0.557195
0.5686464
0.579468
0.5908327
0.6022327
0.61302
0.6242881
0.6353879
0.6467093
0.6579537
0.6689431
0.6801555
0.6915096
0.7026061
0.7136577
0.7247671
0.7359634
0.7472466
0.75845
0.769654
0.7806283
0.7917835
0.803026
0.8141534
0.8252968
0.8365954
0.8477305
0.8587458
0.8702803
0.8813309
0.8922677
0.9078497
0.9192029
0.9301432
0.9421649
0.9528293
0.9642521
0.9753717
0.9864673
0.9984043
1.009183
1.020817
1.031946
1.042398
1.053835
1.065321
1.076391
1.087364
1.098741
1.109567
1.12059
1.13217
1.143181
1.154102
1.16557
1.17657
1.187682
1.199213
1.21005
1.221149
1.232824
1.243586
1.254852
1.266318
1.277093
1.288492
1.299787
1.310507
1.321629
1.333679
1.343935
1.355285
1.366649
1.377587
1.388986
1.400473
1.411506
1.422463
1.433695
1.444617
1.455994
1.467221
1.478109
1.489276
1.500592
1.511605
1.52333
1.534359
1.545809
1.556344
1.567778
1.578854
1.589947
1.601138
1.612215
1.623359
1.634545
1.646397
1.65689
1.668212
1.682583
1.692017
1.701807
1.710961
1.722565
1.733513
TARGET DESTROYED 
1.747819
1.758309
1.768471
1.778063
1.789252
1.800832
1.811706
1.822793
1.834141
1.845158
1.856641
1.868313
1.879246
1.899425
1.908786
1.928341
1.938137
1.947199
1.956781
1.966471
1.975841
1.987931
1.998735
2.009503
2.020794
2.031843
2.042838
2.054435
2.065311
2.076324
2.088019
2.099098
2.10995
2.121045
2.132654
2.14334
2.154582
2.16621
2.177118
2.188114
2.199512
2.210764
2.222041
2.233834
2.244096
2.255807
2.266709
2.277482
2.288525
2.300031
2.310974
2.322466
2.333751
2.344561
2.355625
2.367631
2.378778
2.390121
2.401656
2.41334
2.424697
2.436217
2.447855
2.45969
2.470378
2.482449
2.49354
2.505636
2.51656
2.52781
2.539028
2.551076
2.561601
2.572705
2.584356
2.595077
2.606192
2.617631
2.628632
2.639975
2.651068
2.662292
2.673426
2.684532
2.695669
2.706922
2.718201
2.729436
2.740344
2.751791
2.762554
2.774072
2.786907
2.796357
2.810905
2.820662
2.829754
2.838963
2.850359
2.861104
2.872526
2.883749
2.89544
2.9065
2.917344
2.928227
2.939308
2.950912
2.962154
2.972859
TARGET DESTROYED 
2.986468
2.996158
3.006334
3.017835
3.028746
3.040204
3.051403
3.062357
3.073255
3.084923
3.09571
3.107218
3.119076
3.129755
3.140338
3.151927
3.163193
3.173842
3.185696
3.196597
3.207947
3.219611
3.230508
3.241873
3.253168
3.264924
3.275911
3.287545
3.298501
3.309443
3.320504
3.33196
3.34276
3.354044
3.365792
3.377021
3.387929
3.399566
3.410489
3.421994
3.433032
3.444139
3.455055
3.466614
3.477563
3.488872
3.500133
3.511158
3.522189
3.533697
3.545029
3.556066
3.567171
3.578589
3.589208
3.600667
3.611578
3.622617
3.634152
3.645045
3.656271
3.667765
3.678721
3.69008
3.700832
3.71207
3.72417
3.734568
3.745506
3.756773
3.768406
3.779388
3.790215
3.801683
3.812704
3.823901
3.835276
3.846096
3.857307
3.869292
3.879674
3.890964
3.902011
3.913068
3.92803
3.937622
3.946903
3.956765
3.967408
3.978055
3.989217
4.000756
4.011613
4.022799
4.034142
4.045856
4.056506
4.067896
4.078705
4.089922
4.101152
4.11238
4.124017
4.1347
4.146505
4.156803
4.168158
4.179398
4.190535
4.202036
4.212685
4.224023
4.235535
4.246194
4.257496
4.268534
4.279842
4.290886
4.30239
4.313792
4.324935
4.336504
4.347707
4.359229
4.37073
4.382069
4.393077
4.404431
4.416002
4.427102
4.438121
4.449537
4.460481
4.471644
4.483011
4.493958
4.50541
4.516856
4.527778
4.539189
4.550119
4.560953
4.572229
4.583495
4.594562
4.605576
4.617231
4.628053
4.639173
TARGET DESTROYED 
4.653225
4.663281
4.673135
4.684183
4.695024
4.705116
4.716469
4.727489
4.738624
4.749971
4.760966
4.771997
4.783424
4.794545
4.805844
4.817124
4.828635
4.839284
4.850429
4.861516
4.87265
4.884601
4.894942
4.906163
4.917543
4.928586
4.939719
4.951033
4.961926
4.973218
4.984762
4.995559
5.00675
5.017965
5.029098
5.040459
5.055171
5.064781
5.074317
5.084486
5.095292
5.106509
5.118003
5.128859
5.140169
5.151256
5.162632
5.173685
5.184757
5.195742
5.207078
5.218423
5.229297
5.240494
5.251752
5.262919
5.274065
5.285337
5.296549
5.307451
5.318975
5.330027
5.340979
5.352249
5.363318
5.374525
5.385715
5.396927
5.408071
5.419373
5.430814
5.441942
5.453624
5.465055
5.475918
5.487196
5.498903
5.509903
5.521284
5.532786
5.544689
5.554985
5.566454
5.577733
5.588742
5.600286
5.611313
5.622061
5.633442
5.644534
5.655871
5.667177
5.678123
5.689297
5.700571
5.711556
5.723094
5.733936
5.744968
5.756115
5.767796
5.778484
5.789761
5.800982
5.812065
5.823127
5.83461
5.845534
5.85674
5.867993
5.879052
5.890649
5.901417
5.912525
5.924043
5.935277
5.946038
5.957303
5.968383
5.979761
5.990808
6.001905
6.013106
6.024258
6.03574
6.046607
6.057888
6.06899
6.080414
6.091448
6.102545
6.11366
6.124917
6.135941
6.147192
6.158426
6.169436
6.184023
6.193574
6.203326
6.213342
6.224124
6.235
6.246212
6.257596
6.268564
6.279728
6.290759
6.301953
6.313047
6.324306
6.335868
6.346589
6.358047
6.369026
6.380142
6.391578
6.402542
6.413624
6.424788
TARGET DESTROYED 
6.438783
6.44854
6.458522
6.469662
6.480761
6.491815
6.503046
6.514256
6.525605
6.536578
6.548982
6.560082
6.571182
6.581835
6.592862
6.603993
6.61552
6.626495
6.637957
6.649422
6.660028
6.671289
6.682561
6.69367
6.704721
6.716217
6.726855
6.73828
6.749613
6.760454
6.771586
6.782981
6.793895
6.805174
6.816666
6.827837
6.839191
6.850911
6.861964
6.8729
6.884256
6.895594
6.906617
6.91794
6.929091
6.940319
6.951498
6.96242
6.973619
6.984879
6.995909
7.007217
7.01885
7.030045
7.040717
7.051923
7.062989
7.074169
7.085738
7.096551
7.107759
7.118965
7.129983
7.141316
7.152335
7.163511
7.174811
7.186106
7.19698
7.208456
7.219509
7.230844
7.241855
7.253088
7.264244
7.275354
7.28686
7.297699
7.312014
7.321945
7.332172
7.34207
7.351909
7.363102
7.37434
7.385503
7.39675
7.407844
7.419259
7.430867
7.441306
7.452581
7.46364
7.474917
7.486221
7.497217
7.508957
7.519696
7.530655
7.541968
7.553193
7.564333
7.575405
7.58663
7.59798
7.608843
7.620262
7.631775
7.642494
7.653604
7.665347
7.676043
7.687285
7.699319
7.709909
7.721566
7.732832
7.744054
7.755028
7.766355
7.777654
7.789036
7.800494
7.811295
7.822701
7.834008
7.84492
7.856004
7.867565
7.878623
7.889504
7.90089
7.911965
7.923228
7.934618
7.945387
7.957328
7.968006
7.978883
7.99009
8.00134
8.012464
8.023774
8.035082
8.046221
8.057127
8.069056
8.079608
8.090772
8.102267
8.113111
8.124273
8.135747
8.146702
8.157678
8.169454
8.180079
8.191461
8.202717
8.213505
8.224874
8.23592
8.246971
8.258205
8.269989
8.280564
8.291728
8.302912
8.314086
8.32567
8.336743
8.348415
8.358954
8.370167
8.381575
8.39232
8.403368
8.414853
8.426236
8.437283
8.453119
8.462475
8.472382
8.481746
8.491969
8.501703
8.511572
8.522755
8.534163
8.545229
8.556518
8.567659
8.578816
8.589852
8.601212
8.612263
8.623419
8.634784
8.645931
8.656821
8.668113
8.679189
8.690256
8.701607
8.712817
8.724314
8.735244
8.74632
8.757452
8.768602
8.779761
8.790887
8.802127
8.813346
8.824501
8.835835
8.847113
8.858603
8.86995
8.881838
8.892806
8.903988
8.915591
8.927239
8.938414
8.949831
8.961244
8.97201
8.983496
8.994801
9.006305
9.017758
9.028968
9.040405
9.052125
9.062482
9.073668
9.08522
9.096016
9.107092
9.13622
9.14627
9.158037
9.169114
9.180455
9.191606
9.202952
9.213887
9.224972
9.236216
9.247699
9.258706
9.270243
9.28096
9.29219
9.303187
9.314662
9.325538
9.337119
9.349163
9.359385
9.370667
9.381478
9.392525
9.403818
9.41514
9.426188
9.437287
9.448804
9.459618
9.470924
9.48214
9.493312
9.504233
9.516216
9.526682
9.538037
9.549459
9.560299
9.571265
9.582907
9.593534
9.607959
9.617508
9.627433
9.638611
9.650504
9.660673
9.672287
9.683189
9.694122
9.705454
9.716974
9.728701
9.74029
9.752086
9.763879
9.775691
9.786865
9.798823
9.809597
9.820984
9.832817
9.843658
9.854194
9.865943
9.876593
9.887935
9.89937
9.910543
9.921414
9.933314
9.943833
9.95516
9.96732
9.977317
9.989251
10.00039
10.01123
10.0226
10.03395
10.04534
10.05631
10.06822
10.07915
10.09027
10.10158
10.11281
10.12373
10.13497
10.14652
10.15723
10.1684
10.17964
10.19084
10.20192
10.21304
10.22457
10.23549
10.24706
10.25788
10.26928
10.2843
10.29468
10.30496
10.31456
10.32452
10.3348
10.34457
10.35563
10.36701
10.37757
10.3888
10.40028
10.41113
10.42267
10.43367
10.44465
10.45617
10.46708
10.4783
10.48931
10.50056
10.51171
10.52299
10.53446
10.54573
10.55656
10.56821
10.57887
10.58984
10.60091
10.61237
10.62332
10.63465
10.64625
10.65682
10.66863
10.67963
10.69103
10.70223
10.71342
10.725
10.73999
10.74971
10.75924
10.76994
10.78078
10.79198
10.8065
10.8168
10.82647
10.83669
10.84795
10.85911
10.87302
