0.02
0.04
0.14
0.1811403
0.1944224
0.2043128
0.213872
0.2236837
0.2347158
0.2445275
0.2545998
0.2643431
0.274978
0.2861022
0.2977059
0.3085487
0.3195567
0.3310083
0.342075
0.353221
0.3645292
0.3757432
0.3867432
0.397848
0.4125722
0.422289
0.4324574
0.4426827
0.4538941
0.4654587
0.4760762
0.4871773
0.4984458
0.5097739
0.5208983
0.5321947
0.5429394
0.5540257
0.5653272
0.5765039
0.5876521
0.5987461
0.6103656
0.6213197
0.6322898
0.6434466
0.6546391
0.6658809
0.6772212
0.6884359
0.6993758
0.7105423
0.7216391
0.7329894
0.7439451
0.7551728
0.7664856
0.7775356
0.7886835
0.7999401
0.8113449
0.8222381
0.8334013
0.8448745
0.8562918
0.8670534
0.8781528
0.8945734
0.9055625
0.9170154
0.9280404
0.9389699
0.9500288
0.9620846
0.9723326
0.9838058
0.9949328
1.006071
1.017762
1.029215
1.040352
1.050587
1.061991
1.073175
1.084307
1.096589
1.106485
1.118084
1.129691
1.139979
1.151089
1.162616
1.173257
1.185019
1.196426
1.207091
1.223299
1.234234
1.244419
1.254077
1.264491
1.276569
1.2864
1.296453
1.306409
1.316536
1.325943
1.336091
1.347517
1.358515
1.369577
1.381183
1.39224
1.403007
1.414664
1.425653
1.437194
1.447788
1.458904
1.470708
1.481608
1.49236
1.503707
1.514827
1.526002
1.544073
1.554065
1.564137
1.574219
1.58424
1.593773
1.604007
TARGET DESTROYED 
1.615343
1.633184
1.643327
1.653516
1.663757
1.673672
1.684054
1.693388
1.70508
1.724208
1.735761
1.745848
1.7555
1.765292
1.776698
1.786559
1.79618
1.805958
1.816513
1.827538
1.838714
1.8498
1.861254
1.872084
1.883511
1.894558
1.905774
1.917158
1.928445
1.939133
1.950613
1.961897
1.973392
1.988487
1.998407
2.008019
2.018059
2.029042
2.039765
2.050935
2.062265
2.07336
2.084423
2.095927
2.106725
2.117871
2.129349
2.140684
2.15154
2.163038
2.174608
2.187003
2.197781
2.209022
2.220343
2.231747
2.243379
2.254553
2.265322
2.276625
2.287955
2.299142
2.31003
2.321471
2.332875
2.344346
2.355254
2.367254
2.378149
2.38911
2.400179
2.411883
2.423049
2.434292
2.445978
2.456843
2.468501
2.479735
2.491332
2.502145
2.513841
2.525597
2.53664
2.547706
2.558561
2.569664
2.581171
2.592056
TARGET DESTROYED 
2.603152
2.617012
2.627039
2.637167
2.64744
2.665148
2.677166
2.687651
2.698858
2.710048
2.721092
2.732293
2.74366
2.754477
2.765667
2.78122
2.79145
2.801949
2.811972
2.822133
2.836862
2.847301
2.857512
2.867756
2.878309
2.888581
2.899844
2.910911
2.922067
2.933398
2.944887
2.955971
2.966716
2.978133
2.989077
3.000277
3.011684
3.022822
3.033772
3.045239
3.056328
3.068265
3.079031
3.089971
3.101362
3.113246
3.124365
3.135622
3.147388
3.158672
3.169952
3.181973
3.193479
3.204626
3.216102
3.227051
3.238337
3.24994
3.261027
3.272727
3.283626
3.295259
3.306585
3.317776
3.32933
3.340448
3.351677
3.363155
3.374193
3.385307
3.396493
3.407479
3.418616
3.43052
3.441207
3.451978
3.463877
3.474883
3.485662
3.497058
3.508326
3.519553
3.530539
3.541916
3.552742
3.563985
3.575053
3.591485
3.602223
3.613444
3.624222
3.634951
3.64537
3.65576
3.666377
3.67665
3.687717
3.698928
3.708973
3.719196
3.729807
3.740173
3.75101
3.761124
3.771356
3.782244
3.793437
3.804739
3.815742
3.826942
3.838118
3.849333
3.860422
TARGET DESTROYED 
3.871568
3.886518
3.897164
3.907264
3.924206
3.935965
3.946815
3.9567
3.967487
3.977129
3.987703
3.997986
4.007836
4.018558
4.029207
4.039229
4.050386
4.062029
4.072652
4.083812
4.095438
4.106304
4.117419
4.128927
4.139828
4.150711
4.162361
4.173149
4.184229
4.196397
4.207094
4.219583
4.230971
4.241142
4.252017
4.263268
4.274501
4.284873
4.296572
4.307384
4.318253
4.329864
4.340658
4.35184
4.367371
4.377936
4.388396
4.398821
4.409452
4.420769
4.432443
4.443501
4.45513
4.46669
4.478515
4.489101
4.500154
4.511642
4.522479
4.533766
4.545514
4.556055
4.567631
4.578602
4.589648
4.600692
4.612627
4.623022
4.63425
4.645474
4.656562
4.667689
4.679119
4.690134
4.70143
4.712515
4.723675
4.734833
4.746546
4.758
4.768764
4.78027
4.791592
4.802487
4.814293
4.825199
4.836558
4.848321
4.859398
4.87069
4.881849
4.892967
4.904162
4.915222
4.926775
4.937577
4.948782
4.960014
4.971377
4.982316
4.993567
5.004948
5.015975
5.026962
5.03828
5.04931
5.060665
5.071739
5.082892
5.093934
5.105198
5.116371
5.127711
5.138788
5.14981
5.161372
5.176722
5.187162
5.198565
5.208974
5.22047
5.231543
5.242413
5.252734
5.263036
5.273623
5.284148
5.294352
5.304716
5.315801
TARGET DESTROYED 
5.32644
5.341856
5.352159
5.362439
5.372487
5.382651
5.393249
5.4038
5.414161
5.424358
5.435645
5.446839
5.457848
5.469139
5.485905
5.498196
5.509275
5.520012
5.530756
5.541196
5.552658
5.563807
5.574284
5.585052
5.596537
5.607463
5.61827
5.629171
5.639718
5.651294
5.662238
5.672536
5.683424
5.694251
5.70545
5.716075
5.727058
5.737705
5.74873
5.759642
5.770435
5.781786
5.793188
5.803971
5.815165
5.826346
5.837472
5.848921
5.859853
5.871706
5.882676
5.894207
5.90584
5.917179
5.928687
5.940658
5.951493
5.967692
5.978315
5.989549
6.000112
6.011254
6.021911
6.033129
6.044673
6.05503
6.066298
6.07657
6.087298
6.098335
6.108815
6.11912
6.1301
6.140708
6.151749
6.162926
6.17484
6.185511
6.196663
6.208235
6.219154
6.230134
6.241202
6.252431
6.263745
6.274613
6.285873
6.297259
6.308397
6.319178
6.33058
6.341738
6.353313
6.364558
6.375897
6.387965
6.398644
6.410042
6.42391
6.435733
6.447427
6.45865
6.470816
6.483374
6.495335
6.507262
6.518808
6.542075
6.553868
6.566021
6.577399
6.589453
6.601678
6.613863
6.625852
6.63784
6.650077
6.661672
6.673352
6.685947
6.697648
6.708968
6.720242
6.731923
6.743174
6.754692
6.7663
6.777872
6.789277
6.801308
6.817638
6.829349
6.840888
6.852331
6.863757
6.87609
6.88834
TARGET DESTROYED 
6.899889
6.916802
6.927915
6.939221
6.950646
6.961796
6.972492
6.98373
6.995285
7.006915
7.018084
7.030082
7.047575
7.059911
7.071041
7.08245
7.094481
7.106103
7.117894
7.129182
7.140032
7.15132
7.16309
7.174315
7.186318
7.198228
7.210312
7.222444
7.234127
7.245206
7.256403
7.267815
7.27912
7.290411
7.302079
7.31374
7.325145
7.336802
7.348479
7.359872
7.371407
7.383136
7.394533
7.406175
7.417698
7.429269
7.440374
7.451645
7.464626
7.47644
7.488471
7.500278
7.512624
7.524844
7.536157
7.547848
7.55988
7.57118
7.582819
7.595134
7.606974
7.618415
7.629812
7.641232
7.658193
7.669759
7.681404
7.69266
7.703637
7.715554
7.727029
7.738423
7.750303
7.761789
7.772997
7.784685
7.797433
7.808505
7.819637
7.831695
7.843332
7.85476
7.866472
7.877682
7.888435
7.899882
7.910578
7.921813
7.932852
7.943671
7.954465
7.965647
7.976399
7.987532
7.998359
8.009142
8.02037
8.031525
8.042787
8.053438
8.06434
8.074936
8.086049
8.097333
8.10836
8.119071
8.130234
8.140785
8.152102
8.163029
8.174974
8.186202
8.19763
8.208224
8.220216
8.231281
8.242498
8.253483
8.265684
8.276926
8.288352
8.299979
8.31141
8.322637
8.334817
8.346154
8.357148
8.368322
8.379663
8.390897
8.402097
8.413136
8.424579
8.435933
8.447207
8.458256
8.470411
8.486454
8.497902
8.508759
8.519658
8.530865
TARGET DESTROYED 
8.542403
8.559073
8.570828
8.581904
8.599626
8.611662
8.622125
8.633551
8.644804
8.655399
8.666377
8.677439
8.688531
8.699591
8.710234
8.720915
8.731996
8.742884
8.753826
8.764757
8.776017
8.786944
8.797948
8.808742
8.820466
8.831838
8.84286
8.853705
8.865237
8.875913
8.887505
8.899014
8.909844
8.920792
8.931939
8.943064
8.953979
8.965443
8.976348
8.987234
8.99853
9.010278
9.021578
9.032695
9.043341
9.05451
9.065614
9.076873
9.087931
9.099277
9.110216
9.12149
9.133603
9.145007
9.156165
9.16781
9.179255
9.190641
9.202551
9.214374
9.226512
9.23812
9.250381
9.262285
9.273575
9.285204
9.297029
9.308752
9.320399
9.332121
9.344604
9.362053
9.373056
9.384257
9.39516
9.406289
9.418434
9.429953
9.440945
9.452522
9.465297
9.476872
9.489636
9.501041
9.513262
9.524677
9.536691
9.548614
9.561234
9.572602
9.584243
9.595884
9.607916
9.619665
9.631577
9.643147
9.654722
9.667708
9.679453
9.691319
9.702902
9.714586
9.725857
9.737451
9.748993
9.761187
9.77253
9.784474
9.796548
9.807853
9.819784
9.832412
9.844116
9.855947
9.867643
9.879486
9.891395
9.903441
9.91501
9.926535
9.938027
9.949222
9.961143
9.972951
9.984398
9.9962
10.00765
10.01904
10.03067
10.04236
10.05381
10.0655
10.07736
10.08887
10.10114
10.1129
10.12453
10.13684
10.14946
10.16198
10.17318
10.18554
10.19729
10.20888
10.22187
10.23396
10.24555
10.25718
10.27466
10.2864
10.29826
10.31079
10.32252
10.33447
10.34607
10.35827
10.37023
10.38245
10.394
10.4065
10.41842
10.43079
10.44214
10.45389
10.4665
10.4782
10.48967
10.50132
10.51303
10.52433
10.53586
10.54761
10.55938
10.57197
10.58376
10.59617
10.60776
TARGET DESTROYED 
10.61911
10.64519
10.65717
10.66877
10.6805
10.69164
10.70318
10.7146
10.72585
10.73717
10.7581
10.7703
10.78239
10.79356
10.80479
10.81637
10.82769
10.84063
10.85278
10.86415
10.87505
10.88696
10.8985
10.90942
10.92041
10.93147
10.94253
10.95378
10.96531
10.97616
10.98745
10.99874
11.00935
11.02026
11.0318
11.04293
11.054
11.06498
11.07625
11.0873
11.0989
11.11569
11.13143
11.14317
11.1542
11.16541
11.17666
11.1878
11.19922
11.21054
11.2267
11.23814
11.24984
11.26095
11.27261
11.28432
11.29591
11.30705
11.32134
