0.02
0.04
0.14
0.1768624
0.1882281
0.1976012
0.2071676
0.2158998
0.2256926
0.237006
0.2481939
0.259277
0.2706077
0.2815073
0.2930921
0.3040237
0.3152944
0.3263162
0.3375745
0.3486899
0.3598824
0.3710078
0.3821059
0.3932477
0.4047824
0.4156968
0.4276245
0.4381513
0.4494134
0.4603739
0.4718419
0.4831239
0.4943468
0.5050067
0.5188404
0.5279248
0.5387542
0.5497211
0.5608
0.5720271
0.5833489
0.5945189
0.6057277
0.6170524
0.6279362
0.6390007
0.6503333
0.6613628
0.6725453
0.6839254
0.694877
0.7059571
0.7176045
0.7284851
0.7404494
0.7507013
0.7621574
0.7731311
0.784458
0.795372
0.8066055
0.8179157
0.8294588
0.840317
0.8513859
0.8623756
0.8735446
0.8894811
0.9009979
0.911885
0.9234213
0.9349118
0.9458402
0.9569303
0.9683121
0.97991
0.9945691
1.005022
1.01432
1.023713
1.032786
1.04394
1.055241
1.066226
1.077694
1.088777
1.099677
1.110953
1.122071
1.133216
1.144391
1.155726
1.166693
1.17793
1.189138
1.20038
1.211521
1.222858
1.234379
1.245016
1.256192
1.267522
1.278396
1.289749
1.300813
1.312122
1.323223
1.334615
1.345515
1.356732
1.368049
1.37991
1.390755
1.402184
1.414219
1.424586
1.436302
1.44739
1.458661
1.469953
1.481465
1.492439
1.503801
1.515168
1.526406
1.537777
1.549136
1.560008
1.571211
1.585421
1.594877
1.604332
1.61499
1.626031
1.637007
1.648021
1.65942
1.67051
1.687177
1.705737
1.716042
1.72547
1.735893
1.746228
1.756309
1.77488
1.785741
1.795629
1.805829
1.816105
1.825654
1.835987
1.845922
1.856907
1.868098
1.87895
1.890197
1.901357
1.912513
1.923451
1.935111
1.945919
1.95709
1.968533
1.979507
1.990685
2.002064
2.013052
2.024588
2.036158
2.046484
2.057637
2.074791
2.088281
2.098278
2.108394
2.11892
2.128671
2.13898
2.151229
2.163168
2.173516
2.18391
2.195167
2.206014
2.216421
2.22703
2.237193
2.247554
2.25873
2.270056
2.281067
2.292702
2.303671
2.315034
2.32601
2.33737
2.348033
2.359254
2.3777
2.388588
2.398494
2.409073
2.419526
2.42931
2.439506
2.451082
2.461751
2.472589
2.482843
2.493754
2.504528
2.515599
2.527079
2.538146
2.549279
2.560727
2.571461
2.582705
2.594093
2.605126
2.616177
2.62752
2.638455
2.649814
2.660698
2.672231
2.68328
2.694794
2.705667
2.717008
2.728816
2.739275
2.750239
2.761828
2.773286
2.784823
2.795964
2.807327
2.81897
2.830257
2.84229
2.853266
2.864627
2.875904
2.887309
2.898795
2.910061
2.921564
2.932906
2.944819
2.955704
2.967277
2.978367
2.989667
3.001012
3.012396
3.023666
3.035003
3.045798
3.061037
3.072194
3.082854
3.093962
3.104828
3.115049
3.125879
3.137094
3.147132
3.157642
3.169149
3.179257
3.189771
3.200263
3.211002
3.221514
3.231748
3.242563
3.252933
3.264434
3.275482
3.28653
3.297548
3.308656
3.320117
3.330906
3.342292
3.353378
3.365069
3.375809
3.387149
3.397996
3.409294
3.420649
3.431458
3.443187
3.454649
3.466496
3.477297
3.48776
3.498554
3.509812
3.521554
3.53265
3.544132
3.555534
3.567299
3.578604
3.589832
3.6015
3.615286
3.625897
3.635864
3.64693
3.658255
3.669935
3.681234
3.692234
3.704241
3.715739
3.726927
3.737865
3.753783
3.770731
3.781646
3.792331
3.804013
3.814523
3.824824
3.836224
3.846473
3.856922
3.867492
3.878221
3.889634
3.900669
3.911809
3.923042
3.934408
3.945313
3.956622
3.967942
3.982153
3.992787
4.004033
4.014747
4.025923
4.03663
4.047693
4.058271
4.069029
4.079375
4.090766
4.102065
4.112968
4.124071
4.135558
4.146419
4.1577
4.169073
4.17992
4.191197
4.203079
4.21364
4.224667
4.235917
4.246976
4.258354
4.27013
4.281383
4.292931
4.304436
4.31601
4.327422
4.339072
4.350658
4.362354
4.373628
4.385122
4.396324
4.407807
4.419319
4.430296
4.446247
4.45921
4.471635
4.483155
4.494452
4.506344
4.518918
4.53014
4.541231
4.552614
4.564075
4.575443
4.587801
4.599171
4.610836
4.622089
4.632665
4.644641
4.656394
4.667167
4.678973
4.690217
4.701246
4.712701
4.723892
4.735011
4.747196
4.758873
4.770299
4.781076
4.792413
4.804221
4.815313
4.827829
4.839555
4.850651
4.86157
4.872733
4.883778
4.895348
4.906337
4.91779
4.92852
4.939465
4.950792
4.962078
4.973166
4.98467
4.995817
5.006798
5.01808
5.02929
5.039968
5.051741
5.062646
5.073829
5.085564
5.096623
5.108184
5.119874
5.130592
5.146706
5.159076
5.170501
5.182119
5.19399
5.205902
5.217795
5.229778
5.241354
5.252748
5.263958
5.275087
5.287
5.298563
5.310256
5.321552
5.332779
5.344471
5.3555
5.366775
5.377461
5.389291
5.400535
5.411184
5.422146
5.433799
5.445428
5.456581
5.467902
5.48065
5.493357
5.504571
5.51597
5.527659
5.53969
5.549992
5.560713
5.57153
5.582183
5.592871
5.60427
5.614992
5.626067
5.64107
5.651977
5.662852
5.673768
5.684721
5.695811
5.707164
5.718056
5.728943
5.744231
5.757233
5.769217
5.780657
5.791649
5.803411
5.814644
5.826604
5.838365
5.854773
5.867106
5.877974
5.889063
5.901015
5.91176
5.923426
5.93462
5.945334
5.956721
5.96817
5.979261
5.990397
6.001901
6.012966
6.025876
6.037751
6.049762
6.061267
6.073506
6.085344
6.096821
6.108056
6.120651
6.131932
6.143536
6.155226
6.167242
6.180232
6.191802
6.203072
6.213993
6.226132
6.237777
6.248784
6.260705
6.272414
6.283077
6.294585
6.306083
6.316595
6.327831
6.33927
6.349825
6.36131
6.372682
6.383689
6.395164
6.406337
6.417284
6.428683
6.439485
6.450381
6.461601
6.472792
6.483811
6.496418
6.507799
6.519133
6.530411
6.542272
6.558947
6.570564
6.581439
6.592836
6.604013
6.614994
6.62685
6.638602
6.649547
6.660439
6.671354
6.68236
6.694398
6.705224
6.715917
6.727169
6.738676
6.749673
6.76071
6.771621
6.782472
6.794193
6.805302
6.816002
6.827616
6.83864
6.849915
6.860611
6.871852
6.882951
6.89446
6.906105
6.917614
6.928779
6.93983
6.950431
6.961545
6.973056
6.984037
6.994947
7.007254
7.018783
7.029712
7.040695
7.051991
7.062554
7.074063
7.085857
7.096999
7.108629
7.120221
7.131583
7.143068
7.154848
7.166382
7.177895
7.188932
7.200507
7.212131
7.223055
7.234553
7.248458
7.263685
7.275636
7.286343
7.296424
7.307489
7.319371
7.329719
7.341108
7.352436
7.363266
7.374666
7.385902
7.397172
7.408172
7.419354
7.430263
7.441834
7.452733
7.463843
7.47528
7.486418
7.498648
7.510287
7.521841
7.53243
7.544051
7.555479
7.56577
7.576155
7.586699
7.597908
7.609131
7.620527
7.632368
7.642957
7.65781
7.669685
7.680458
7.691294
7.703014
7.713838
7.725241
7.736506
7.747979
7.758884
7.770054
7.780923
7.792051
7.803568
7.814111
7.824981
7.83664
7.84743
7.858099
7.869652
7.880088
7.890837
7.901961
7.912857
7.924162
7.935588
7.951982
7.963548
7.974983
7.986221
7.997278
8.008586
8.021199
8.033562
8.044801
8.055945
8.066984
8.078354
8.089372
8.100664
8.111882
8.122767
8.134048
8.145254
8.156312
8.167838
8.179146
8.190432
8.201621
8.212304
8.223348
8.235348
8.246538
8.257463
8.268502
8.279476
8.290391
8.302384
8.313063
8.323928
8.335391
8.346284
8.357508
8.368948
8.379614
8.390874
8.402174
8.413313
8.424656
8.435724
8.446826
8.458141
8.469186
8.480338
8.491678
8.503788
8.515181
8.526471
8.537777
8.54918
8.560705
8.57226
8.584098
8.595447
8.606955
8.61881
8.629881
8.646387
8.658808
8.670644
8.681735
8.694695
8.706359
8.718089
8.729411
8.741447
8.75381
8.765406
8.777631
8.789947
8.801233
8.812592
8.823759
8.835597
8.846633
8.857939
8.869358
8.880224
8.896499
8.90811
8.920396
8.931906
8.944016
8.956143
8.96782
8.979704
8.991957
9.003576
9.015201
9.027592
9.039416
9.051195
9.06231
9.074018
9.086701
9.098291
9.109616
9.121667
9.133006
9.145796
9.157523
9.169164
9.181504
9.193881
9.206199
9.218166
9.229566
9.241376
9.253582
9.265718
9.277857
9.290165
9.302382
9.314425
9.329213
9.341437
9.358362
9.370726
9.382729
9.395305
9.407518
9.420006
9.431623
9.44421
9.457017
9.469022
9.482114
9.495024
9.507569
9.522403
9.534336
9.546667
9.559368
9.571993
9.583439
9.595541
9.607457
9.620137
9.631481
9.642669
9.654463
9.665512
9.681226
9.69312
9.70462
9.715846
9.72753
9.739209
9.760877
9.776765
9.789577
9.801785
9.813989
9.825953
9.839262
9.851398
9.863516
9.875515
9.887753
9.899763
9.911264
9.923276
9.935934
9.947644
9.959939
9.971944
9.984017
9.996441
10.00862
10.02165
10.0346
10.04675
10.0589
10.07153
10.0839
10.10068
10.11301
10.12491
10.13731
10.14942
10.16207
10.17404
10.18685
10.19875
10.20994
10.22202
10.23413
10.24523
10.25626
10.26747
10.27856
10.28988
10.30171
10.31254
10.32361
10.33505
10.34581
10.35696
10.36821
10.37925
10.39073
10.40235
10.41269
10.42377
10.43551
10.44691
10.4579
10.46861
10.47967
10.49107
10.50221
10.51326
10.5266
10.53706
10.54723
10.55784
10.56938
10.58025
10.59153
10.60285
10.61415
10.62492
10.63629
10.64732
10.65845
10.66961
10.68082
10.69198
10.70344
10.71492
10.72656
10.73796
10.76035
10.77099
10.78151
10.79261
10.80379
10.81491
10.82609
10.8377
10.84835
10.86913
10.8794
10.88964
10.89975
10.91136
10.92183
10.93344
10.9465
10.96158
10.97257
10.9829
10.99348
11.00493
11.01625
11.02745
11.0383
11.04941
11.06056
11.07196
11.08297
11.09431
11.10541
11.11635
11.12765
11.13908
11.14985
11.16111
11.17235
11.1834
11.19468
11.20578
11.21695
11.2283
11.23934
11.25036
11.26155
11.27283
11.28401
11.29503
11.30628
11.31774
11.32866
11.33991
11.3513
11.36231
11.37325
11.38493
11.39552
11.40681
11.41825
11.43006
11.44043
11.45165
11.46281
11.47399
11.48589
11.49719
11.50841
11.52096
11.53239
11.54422
11.55499
11.56643
11.57817
11.58981
11.60237
11.61283
11.62406
11.63965
11.6537
11.66381
11.67498
11.68664
11.69735
11.70927
11.71979
11.73084
11.74214
11.75329
11.7653
11.77695
11.78757
11.80713
11.81884
11.82917
11.84058
11.85194
11.86211
11.873
11.8837
11.89472
11.90562
11.9163
11.92696
11.93786
11.94858
11.95918
11.96996
11.98019
11.99097
12.00159
12.01239
12.02472
12.03601
12.04653
12.0572
12.06719
12.07794
12.0886
12.09927
12.11066
12.12156
12.13277
12.144
12.15522
12.16655
12.17748
12.18873
12.2004
12.21145
12.22224
12.23349
12.24459
12.25567
TARGET DESTROYED 
12.26727
12.29204
12.30339
12.31349
12.32467
12.34442
12.35653
12.36792
12.37869
12.38987
12.40096
12.41236
12.42349
12.43478
12.44562
12.45689
12.46823
12.47942
12.49086
12.50196
12.51281
12.52418
12.53544
12.54667
12.55794
12.56883
12.57966
12.59096
12.60302
12.61315
12.62446
12.63606
12.6466
12.65826
12.66916
12.68018
12.69142
12.70287
12.71434
12.72525
12.73643
12.74725
12.75878
12.76985
12.78067
12.79211
12.80329
12.8142
12.82578
12.83729
12.84851
12.86023
12.87172
12.88303
12.89538
12.90682
12.91826
12.92988
12.94107
12.95343
12.97055
12.98268
12.99488
13.00609
13.01833
13.03007
13.04214
13.05412
13.06609
13.07787
13.08936
13.1019
13.1133
13.1249
13.13722
13.14932
13.16118
13.1727
13.18372
13.19486
13.20696
13.21806
13.22904
13.24096
13.25252
13.26414
13.27573
13.28796
13.2994
13.31105
13.32305
13.33508
13.34656
13.35774
13.36947
13.38072
13.3917
13.40257
13.41437
13.42614
13.43783
13.4491
13.46109
13.47327
TARGET DESTROYED 
13.48477
13.50193
13.5143
13.52596
13.53787
13.54965
13.56082
13.57234
13.58965
13.60159
13.61243
13.62367
13.63438
13.64925
13.66576
13.67806
13.68956
13.70113
13.71285
13.72443
13.73646
13.74783
13.75935
13.77507
13.78662
13.79789
13.80968
13.8216
13.83252
13.84464
13.86406
13.87626
13.88798
13.89954
13.91138
13.92254
13.93385
13.94637
13.9577
13.96955
13.98087
13.99212
14.00395
14.01575
14.02785
14.03909
14.05104
14.06271
14.07482
14.087
14.09869
14.11005
14.1213
14.13249
14.14334
14.15486
14.16602
14.17689
14.18893
14.19975
14.21083
14.22233
14.23313
14.24466
14.2559
14.26686
14.27787
14.28986
14.30036
14.31114
14.32276
14.33364
14.34514
14.3564
14.37201
14.384
14.3949
14.40569
14.41656
14.42759
14.43902
14.45034
14.46258
14.47415
14.48574
14.49761
14.50932
14.52117
14.53221
14.54351
14.55577
14.56808
14.57952
14.59179
14.60283
14.61394
14.62484
14.6359
14.64735
14.65896
14.66988
14.68078
14.69355
14.70585
14.71738
14.7292
14.74107
14.75404
14.76586
14.77761
14.79006
14.80327
14.81552
14.82776
14.84027
14.85374
14.86628
14.87749
14.88953
14.90175
14.91316
14.92547
14.93726
14.9594
14.97228
14.98406
14.99651
15.00827
15.02146
15.03387
15.04605
15.059
15.07101
15.08276
15.10003
15.11267
TARGET DESTROYED 
15.12578
15.14457
15.15762
15.17026
15.1823
15.19508
15.2081
15.22121
15.23465
15.24754
15.26039
15.27175
15.28304
15.30149
15.31354
15.32454
15.33529
15.34548
15.3561
15.36712
15.37743
15.38804
15.39879
15.40918
15.4196
15.42931
15.44022
15.4503
15.4614
15.47285
15.48402
15.49518
15.50623
15.5181
15.52883
15.53988
15.55099
15.56333
15.57588
15.58844
15.60121
15.6131
15.62523
15.63871
15.6546
15.6673
15.68004
15.69288
15.7053
15.71817
15.73026
15.74796
15.76138
15.77488
15.78924
15.80771
15.82053
15.83616
15.85097
15.86643
15.88133
15.89298
15.9045
15.91583
15.92777
15.93917
15.95016
15.96173
15.97361
15.98679
15.9978
16.00925
16.02196
16.03339
16.04495
16.05711
16.06958
16.08053
16.09152
16.10347
16.11436
16.12625
16.13799
16.1501
16.16254
16.17535
16.18758
16.20001
16.21214
16.22501
16.23797
16.25083
16.26338
16.27613
16.28851
16.30248
16.31512
16.32772
16.34053
16.35424
16.36744
16.38054
16.39296
16.40607
16.4193
16.43158
16.44468
16.45719
16.46995
16.48331
16.49632
16.50904
16.52274
16.53511
16.55193
16.56531
16.58001
16.5931
16.60629
16.61977
16.63162
16.645
16.65756
16.67015
16.68267
16.69581
16.70872
16.72111
16.73335
16.74668
16.7597
16.77265
16.78573
16.79812
16.81109
16.82341
16.83579
16.84818
16.8607
16.87337
16.88666
16.89891
16.91319
16.92607
TARGET DESTROYED 
16.93869
16.95797
16.97118
16.98428
16.99728
17.01062
17.0307
17.04556
17.05906
17.07134
17.08988
17.1019
17.11462
17.12642
17.13822
17.15024
17.16189
17.17384
17.18616
17.19807
17.21078
17.2234
17.23633
17.24875
17.26092
17.27242
17.2897
17.30215
17.31435
17.32656
17.33858
17.3505
17.36205
17.37421
17.38666
17.39901
17.41056
17.43977
17.45291
17.46466
17.47677
17.48963
17.50199
17.51405
17.52645
17.53856
17.55015
17.56202
17.57388
17.5864
17.59869
17.611
17.62346
17.63548
17.65097
17.66273
17.67302
17.68444
17.69543
17.70663
17.71808
17.7292
17.74523
17.75751
17.76835
17.77911
17.79046
17.80203
17.81244
17.82342
17.83435
17.84493
17.85567
17.86782
17.87829
17.88886
17.9017
17.91399
17.92636
17.93914
17.95164
17.9638
17.97629
17.98826
18.0004
18.01253
18.03042
18.04316
18.05569
18.06804
18.0801
18.09236
18.10491
18.11676
18.1297
18.1422
18.1542
18.16665
18.17889
18.19137
18.20428
18.21632
18.22928
18.24209
18.255
18.26754
18.2797
18.29204
18.30536
18.31748
18.32994
18.34262
18.35526
18.36745
18.37944
18.39145
18.40444
18.41787
18.43011
18.4428
18.45506
18.46773
18.48022
18.49333
18.50597
18.5181
18.52928
18.54083
18.55215
18.56312
18.57495
18.58753
18.60025
18.61419
18.62793
18.6414
18.65611
18.66886
18.68094
18.69289
18.70581
18.71857
18.73107
18.74482
18.75707
18.77486
18.7879
18.80036
18.81252
18.82476
18.83794
18.85034
18.86506
18.87935
18.89365
18.9093
18.92016
18.93028
18.94066
18.95101
18.96139
TARGET DESTROYED 
18.97183
18.99783
19.0093
19.02093
19.03178
19.04272
19.05414
19.07612
19.08838
19.09859
19.10909
19.11959
19.12945
19.14028
19.15085
19.16175
19.17282
19.18375
19.19446
19.20545
19.21624
19.22703
19.23812
19.24887
19.25915
19.27103
19.28173
19.29272
19.30418
19.31548
19.32626
19.33754
19.34845
19.36003
19.37107
19.38213
19.3931
19.40442
19.41558
19.42692
19.43818
19.44977
19.46135
19.47814
19.4909
19.5017
19.51303
19.52497
19.53614
19.54751
19.55926
19.56992
19.58044
19.59143
19.60219
19.61349
19.6249
19.63574
19.64606
19.66063
19.67286
19.6838
19.69511
19.7063
19.71726
19.72851
19.74009
19.75145
19.76226
19.7733
19.78435
19.79531
19.80698
19.81856
19.83007
19.84228
19.85461
19.8666
19.87884
19.89092
19.90256
19.9142
19.92644
19.93835
19.95028
19.96278
19.97421
19.98681
19.99886
20.01014
20.02298
20.03462
20.0458
20.05758
20.06926
20.0802
20.09165
20.10337
20.11445
20.12618
20.13803
20.14948
20.16061
20.17231
20.18876
20.20119
20.21271
20.22419
20.2366
20.24801
20.25972
20.27158
20.2824
20.29428
20.3064
20.31731
20.329
20.34107
20.35209
20.36301
20.37458
20.38521
20.39601
20.40685
20.41742
20.42887
20.43992
20.45086
20.462
20.47378
20.48457
20.49607
20.50705
20.51864
20.52993
20.54093
20.55137
20.56228
20.57282
20.58313
20.59372
20.60528
20.61724
20.62766
20.63866
20.64914
20.65996
20.67101
20.68147
20.69252
20.70404
20.71389
20.72464
20.73537
20.74624
20.75778
20.76827
20.77883
20.7899
20.80131
20.81207
20.82284
20.83447
20.84541
20.85648
20.86867
20.87936
20.89566
20.90722
20.91789
20.92887
20.9403
20.95051
20.96245
20.97367
20.98401
20.99467
21.0057
21.0165
21.0282
21.03935
21.04961
21.06066
21.07167
21.0822
21.09372
TARGET DESTROYED 
21.1043
21.12074
21.13124
21.14238
21.15309
21.16319
21.17459
21.1852
21.19547
21.20661
21.21713
21.22865
21.24583
21.25767
21.26984
21.28087
21.29218
21.30395
21.31553
21.32677
21.3379
21.34878
21.35973
21.37082
21.38253
21.39399
21.40504
21.4162
21.42708
21.43791
21.44894
21.45982
21.47078
21.48245
21.4938
21.50459
21.51555
21.52667
21.53814
21.54922
21.56009
21.57137
21.58292
21.59372
21.6049
21.61661
21.6281
21.64391
21.65895
21.67082
21.68297
21.69476
21.70592
21.71775
21.72871
21.74043
21.75168
21.76291
21.78436
21.79611
21.80792
21.81915
21.82996
21.84178
21.85348
21.86503
21.87716
21.88914
21.90019
21.91127
21.92297
21.93445
21.94559
21.95779
21.96922
21.98035
21.99312
22.00499
22.01735
22.02936
22.04057
22.05319
22.06426
22.07558
22.08725
22.09822
22.10991
22.12198
22.13297
22.14427
22.15678
22.16778
22.17955
22.19128
22.20279
22.21422
22.2258
22.23787
22.24934
22.26128
22.27319
22.28465
22.29593
22.30762
22.31919
22.33107
22.34271
22.35414
22.36979
22.38226
22.3941
22.40536
22.41683
22.42873
22.44094
22.45267
22.46441
22.47613
22.48813
22.49945
22.51057
22.52295
22.53456
22.54585
22.55742
22.56833
22.57964
22.59125
22.60269
22.61405
22.6258
22.63723
22.64894
22.66033
22.6716
22.68295
22.69433
22.70602
22.71765
22.72886
22.74156
22.7543
22.76648
22.7782
22.78986
22.80059
22.81159
22.82378
22.83533
22.84654
22.85835
22.86988
22.88217
22.89446
22.90625
22.91769
22.93132
22.94326
22.95444
22.96574
22.97698
22.98924
23.00124
23.01312
23.02497
23.03623
23.04733
23.05885
23.07025
23.08151
23.09373
23.10542
23.12182
23.13322
23.14523
23.15746
23.16901
23.18051
23.19163
23.20269
23.21346
23.22515
23.23732
23.24829
23.25987
23.27151
23.28204
23.29393
23.30563
23.31675
23.32792
23.33962
23.35081
23.36227
23.37424
23.38543
23.39662
23.40859
23.42051
23.4319
23.44347
23.45491
23.46662
23.4782
23.49056
23.50228
23.51331
23.52535
23.53757
23.54875
23.55945
23.57089
23.58213
23.59319
23.60446
23.61571
23.62659
23.64311
23.65496
23.66634
23.67769
23.68944
23.70188
23.71365
23.72809
23.74012
23.75132
23.76288
23.77485
23.7867
23.79788
23.80959
23.82102
23.83259
23.84364
23.85549
23.87238
23.88499
23.89767
23.90944
23.92039
23.93169
23.94328
23.95495
23.96614
23.97685
23.98846
23.99918
24.01107
24.02315
24.03476
24.04678
24.05783
24.07251
24.08531
24.09629
24.10779
24.11917
24.13024
TARGET DESTROYED 
24.14178
24.1696
24.19212
24.20531
24.21716
24.22887
24.24131
24.25239
24.26445
24.27643
24.28845
24.29967
24.31159
24.32323
24.33496
24.34607
24.35747
24.36909
24.38086
24.39239
24.40387
24.41539
24.42714
24.43937
24.45163
24.46336
24.47617
24.48814
24.49948
24.5112
24.52379
24.5352
24.54739
24.55913
24.57038
24.58777
24.59919
24.61894
24.63101
24.64318
24.65558
24.66665
24.67795
24.69066
24.70229
24.7143
24.72597
24.73805
24.75022
24.76147
24.77487
24.78894
24.80208
24.81496
24.82721
24.84071
24.85355
24.86666
24.8796
24.89259
24.90417
24.91538
24.92665
24.93764
24.94889
24.96001
24.97073
24.98207
24.99482
25.00648
25.01823
25.02958
25.04224
25.05468
25.06621
25.07774
25.08966
25.10193
25.11392
25.12509
25.13603
25.14741
25.15736
25.16861
25.17952
25.19063
25.20192
25.21295
25.22399
25.23557
25.2464
25.25771
25.2691
25.28
25.29128
25.30285
25.31363
25.32451
25.33991
25.35022
25.36073
25.371
25.38108
25.39138
25.40269
25.41416
25.42503
25.43624
25.44723
25.45853
25.46986
25.48078
25.49233
25.50318
25.51485
25.52561
25.53682
25.54813
25.56158
25.57242
25.58204
25.59335
25.60499
25.61627
25.62795
25.63939
25.65502
