0.02
0.04
0.14
0.1766182
0.1899947
0.2020373
0.2125497
0.2218709
0.2314093
0.2415299
0.2507873
0.2621854
0.2733887
0.2848009
0.2974505
0.3078547
0.31791
0.3289763
0.3405448
0.3515649
0.3628155
0.3740753
0.3849027
0.3961487
0.4076
0.4185326
0.4296722
0.4412197
0.4521363
0.4632906
0.474621
0.4854352
0.4966405
0.5082895
0.5222004
0.5318688
0.5418479
0.5524928
0.5636509
0.5751645
0.5859489
0.5974532
0.6092286
0.6199651
0.6305898
0.6423148
0.6531909
0.6641377
0.6754902
0.6867083
0.6975964
0.7093502
0.7208834
0.7312757
0.7423354
0.7539824
0.7648554
0.7761467
0.7869798
0.7982219
0.8094227
0.8205889
0.8318897
0.8431233
0.8539381
0.8653054
0.8763664
0.8919009
0.9026795
0.9138781
0.9257115
0.9367099
0.947816
0.9594027
0.9708261
0.9820908
0.9932328
1.00478
1.015302
1.026539
1.037694
1.049097
1.06009
1.071368
1.083212
1.093608
1.104985
1.116127
1.127759
1.138405
1.149435
1.160942
1.172155
1.182935
1.194132
1.205607
1.216914
1.227854
1.239725
1.250155
1.261235
1.272708
1.283428
1.295395
1.30648
1.316849
1.328132
1.34024
1.350524
1.361658
1.373104
1.384243
1.395265
1.407039
1.417446
1.428821
1.440206
1.451133
1.462087
1.473769
1.484546
1.495843
1.507049
1.518021
1.529243
1.540773
1.552095
1.562964
1.574202
1.587974
1.59766
1.607325
1.618055
1.628833
1.640312
1.650995
1.662208
1.677484
1.687509
1.705313
1.715576
1.726214
1.736459
1.747577
1.759403
1.769968
1.781135
1.792377
1.803766
1.814554
1.825894
1.837074
1.848245
1.85955
1.87046
1.881591
1.892831
1.904133
1.9151
1.931978
1.945884
1.956072
1.96632
1.976822
1.986827
1.997295
2.007386
2.017384
2.027248
2.038042
2.049196
2.060619
2.073412
2.084285
2.094557
2.105252
2.116428
2.12772
2.138903
2.150084
2.161188
2.172796
2.184241
2.19591
2.210252
2.220501
2.230353
2.240448
2.250378
2.261458
2.272878
2.283906
2.295135
2.306347
2.317283
2.328697
2.339928
2.356129
2.366968
2.378301
2.390135
2.400109
2.410408
2.420728
2.431204
2.441582
2.451574
2.462782
2.473975
2.485144
2.496178
2.507396
2.518369
2.529759
2.540841
2.552248
2.562931
2.574451
2.585584
2.597066
2.608487
2.619965
2.631334
2.642769
2.66519
2.676339
2.686729
2.697067
2.708495
2.719511
2.731026
2.741807
2.752943
2.764112
2.775773
2.786413
2.798222
2.808911
2.820346
2.831076
2.842223
2.853466
2.864647
2.875998
2.887237
2.898093
2.909724
2.920729
2.932294
2.943006
2.954433
2.9655
2.97685
2.987874
2.998943
3.009855
3.021028
3.037048
3.048038
3.059219
3.070198
3.080992
3.091863
3.102653
3.113107
3.124288
3.134854
3.145521
3.156808
3.16707
3.178353
3.189958
3.201203
3.212753
3.224186
3.235236
3.246344
3.257831
3.269343
3.279931
3.291543
3.302213
3.313616
3.324986
3.336433
3.347632
3.359579
3.370847
3.381786
3.392587
3.403816
3.414374
3.425828
3.436946
3.448143
3.45963
3.471015
3.482279
3.493528
3.50519
3.516046
3.527563
3.53926
3.550284
3.56226
3.573402
3.58452
3.595412
3.607314
3.618827
3.629749
3.641095
3.651664
3.662871
3.674151
3.685148
3.6963
3.707537
3.71847
3.73579
3.747189
3.758646
3.770295
3.780806
3.792094
3.803207
3.81453
3.825613
3.837362
3.852012
3.863571
3.874801
3.885406
3.897124
3.907947
3.918307
3.93016
3.941264
3.951652
3.963109
3.97396
3.984574
3.995566
4.006628
4.017681
4.028734
4.040444
4.051336
4.062099
4.073306
4.083607
4.10342
4.114708
4.126821
4.138
4.149092
4.160544
4.171891
4.182919
4.193848
4.205632
4.216073
4.227882
4.239367
4.250301
4.26141
4.272327
4.28308
4.29431
4.306064
4.317344
4.329283
4.340164
4.350843
4.363233
4.374038
4.384276
4.395741
4.406645
4.417534
4.434122
4.445898
4.457346
4.468275
4.479404
4.489866
4.500086
4.510738
4.520812
4.531347
4.541926
4.552513
4.563269
4.57409
4.585193
4.59647
4.607889
4.618801
4.630077
4.641326
4.652379
4.663439
4.675061
4.685874
4.696935
4.708299
4.719456
4.730485
4.74214
4.752748
4.764058
4.775482
4.786582
4.797472
4.808758
4.819965
4.831484
4.842553
4.85402
4.865439
4.876752
4.888186
4.899548
4.911208
4.922685
4.933706
4.945128
4.95654
4.967909
4.979267
4.991354
5.001806
5.013348
5.025183
5.035992
5.047317
5.058947
5.070225
5.081179
5.092449
5.103552
5.118546
5.129175
5.139535
5.150071
5.160435
5.170884
5.181304
5.191813
5.202136
5.212731
5.224135
5.235132
5.246359
5.257938
5.268927
5.27992
5.291199
5.303076
5.314491
5.325443
5.336259
5.347543
5.359506
5.369541
5.381023
5.391957
5.402645
5.413891
5.425312
5.436246
5.447402
5.462076
5.472783
5.483541
5.494884
5.505801
5.516157
5.526549
5.537388
5.548736
5.560077
5.571478
5.58255
5.593688
5.604839
5.616559
5.631134
5.642769
5.654377
5.665473
5.676815
5.688042
5.699531
5.711307
5.722469
5.733306
5.74507
5.756496
5.769617
5.783309
5.795244
5.812984
5.825179
5.836433
5.84751
5.858999
5.869619
5.88069
5.891786
5.902762
5.914045
5.925538
5.936269
5.947511
5.958782
5.969899
5.980919
5.992309
6.003247
6.014746
6.025957
6.037323
6.048258
6.059324
6.070354
6.082202
6.093419
6.104898
6.115728
6.127313
6.138327
6.149297
6.160733
6.172321
6.183198
6.194611
6.205725
6.216583
6.227644
6.239767
6.250468
6.262099
6.273242
6.283827
6.294795
6.306142
6.317014
6.328506
6.341952
6.353434
6.365374
6.376324
6.387517
6.399124
6.410442
6.421984
6.432961
6.444218
6.455486
6.466694
6.477679
6.489155
6.505299
6.516674
6.528082
6.539983
6.551025
6.5624
6.573446
6.584436
6.595321
6.606984
6.618317
6.629848
6.640692
6.651432
6.663748
6.675278
6.686807
6.697802
6.70898
6.720161
6.731362
6.742995
6.753865
6.765058
6.776073
6.787928
6.798577
6.809401
6.819777
6.83007
6.841377
6.852321
6.864051
6.874632
6.885702
6.896873
6.908175
6.919441
6.930343
6.941673
6.965
6.976275
6.986386
6.997344
7.008665
7.020176
7.031036
7.042204
7.053386
7.064382
7.075855
7.08672
7.100183
7.110715
7.121453
7.131642
7.142686
7.153872
7.164976
7.176436
7.187308
7.202189
7.212617
7.223258
7.233633
7.243993
7.254617
7.265848
7.27679
7.288161
7.299026
7.310176
7.321714
7.332751
7.344021
7.354833
7.366111
7.377584
7.389665
7.399936
7.410668
7.421982
7.43309
7.444194
7.455441
7.466621
7.478362
7.490451
7.501248
7.512844
7.524772
7.536776
7.547645
7.559151
7.570951
7.581943
7.593372
7.604701
7.615828
7.626941
7.642493
7.652732
7.66313
7.672858
7.682986
7.693071
7.704193
7.715943
7.726471
7.741397
7.751637
7.762889
7.773227
7.784124
7.795144
7.805331
7.815902
7.827187
7.838514
7.849301
7.860516
7.872126
7.88857
7.900517
7.911351
7.921856
7.932214
7.94281
7.95378
7.964866
7.976376
7.988759
8.000731
8.012683
8.025301
8.037016
8.048799
8.059937
8.071355
8.083132
8.094417
8.106997
8.11847
8.130109
8.141485
8.1526
8.16429
8.175982
8.187256
8.199259
8.211153
8.2224
8.233965
8.245799
8.257826
8.268834
8.279932
8.290651
8.301382
8.312111
8.322751
8.333256
8.344174
8.355677
8.367689
8.378832
8.389752
8.400046
8.411676
8.421889
8.432441
8.443357
8.453123
8.463913
8.474394
8.48478
8.496378
8.50695
8.517819
8.528639
8.53954
8.550136
8.561226
8.573138
8.588722
8.599724
8.611079
8.622435
8.632587
8.642629
8.652557
8.663262
8.673106
8.684328
8.695264
8.706857
8.720914
8.73284
8.744262
8.754699
8.765188
8.776059
8.786283
8.796955
8.808201
8.820408
8.831553
8.84243
8.853541
8.864803
8.875817
8.887183
8.898018
8.909473
8.920422
8.931813
8.94291
8.954037
8.965155
8.976543
8.987519
8.999228
9.010532
9.022025
9.033068
9.044484
9.055689
9.06651
9.077862
9.089245
9.100161
9.111325
9.12317
9.134092
9.145428
9.157085
9.167924
9.17951
9.190793
9.202364
9.213257
9.225107
9.235895
9.247553
9.258661
9.274728
9.285384
9.295292
9.306522
9.316869
9.327193
9.337661
9.348828
9.359898
9.371351
9.382291
9.392968
9.403502
9.414224
9.425063
9.435212
9.446447
9.456642
9.466914
9.478306
9.489348
9.500279
9.511664
9.522643
9.533555
9.544708
9.55618
9.567132
9.578232
9.589589
9.600699
9.611817
9.627029
9.638483
9.649626
9.666447
9.678629
9.690305
9.70128
9.71242
9.723691
9.734435
9.745678
9.757315
9.767867
9.779313
9.790569
9.801062
9.812252
9.823851
9.834652
9.84577
9.857113
9.867993
9.879418
9.89075
9.901815
9.914076
9.925065
9.935469
9.951642
9.962858
9.974472
9.985624
9.996371
10.00746
10.01852
10.0288
10.04054
10.0512
10.06252
10.07455
10.08593
10.09754
10.1096
10.12123
10.133
10.14512
10.15665
10.16867
10.18092
10.19267
10.20392
10.21559
10.22721
10.23895
10.24992
10.26258
10.27408
10.285
10.29593
10.30715
10.31923
10.33041
10.34113
10.35273
10.36349
10.37729
10.38862
10.39965
10.41075
10.42102
10.43249
10.44351
10.45391
10.46473
10.47555
10.48588
10.49702
10.50782
10.51817
10.52909
10.53973
10.55028
10.56085
10.57236
10.58328
10.59526
10.60623
10.62352
10.63445
10.64533
10.65588
10.66775
10.67893
10.68972
10.70377
10.71513
10.72581
10.73634
10.74731
10.75954
10.77094
10.78115
10.79702
10.8114
10.82262
10.83345
10.84451
10.85558
10.86646
10.87741
10.8887
10.90074
10.9126
10.92449
10.93603
10.9474
10.95928
10.97088
10.98243
10.99477
11.00653
11.01858
11.03024
11.04163
11.05333
11.06457
11.07654
11.08782
11.09954
11.11101
11.12283
11.13449
11.14624
11.15771
11.16938
11.18076
11.19315
11.20553
11.21702
11.22918
11.24058
11.25206
11.26441
11.2755
11.28774
11.29805
11.30909
11.32026
11.33133
11.34249
11.35362
11.36501
11.37628
11.38804
11.39831
11.40972
11.42076
11.43193
11.44302
11.45861
11.46898
11.47939
11.4916
11.50428
11.51675
11.52864
11.54111
TARGET DESTROYED 
11.55264
11.57464
11.58662
11.59832
11.61456
11.62774
11.64033
11.65258
11.66534
11.67798
11.69919
11.71307
11.72626
11.73927
11.75128
11.76399
11.7764
11.78938
11.80175
11.8138
11.82633
11.83956
11.85169
11.86435
11.87651
11.88909
11.90107
11.91397
11.92667
11.94688
11.95971
11.9719
11.98397
11.99671
12.009
12.02145
12.03385
12.04635
12.05868
12.07074
12.08284
12.09538
12.10746
12.11942
12.13149
12.14412
12.157
12.17404
12.18569
12.19726
12.20778
12.21805
12.22915
12.24033
12.25125
12.2621
12.27249
12.28248
12.29342
12.30339
12.31448
12.32565
12.33671
12.34822
12.3598
12.37009
12.38146
12.39396
12.40393
12.41485
12.42594
12.43721
12.44826
12.45964
12.47086
12.48195
12.49293
12.50446
12.51562
12.52664
12.53769
12.54886
12.55995
12.57117
12.58236
12.59436
12.60466
12.61618
12.62794
12.63846
12.6495
12.66623
12.67715
12.68775
12.69843
12.7091
12.71982
12.73021
12.74099
12.75146
12.76256
12.77394
12.78495
12.79596
12.80737
12.81816
12.82949
12.84079
12.85176
12.86816
12.87954
12.89002
12.90111
12.91121
12.92179
12.93249
12.94314
12.95365
12.96406
12.97491
TARGET DESTROYED 
12.98571
13.001
13.01196
13.02294
13.03372
13.04406
13.05434
13.06496
13.07564
13.08682
13.09829
13.11584
13.12825
13.13894
13.14959
13.16059
13.17064
13.18089
13.19139
13.20201
13.21225
13.22283
13.23353
13.24415
13.25494
13.2655
13.27563
13.28656
13.2972
13.30844
13.31956
13.33074
13.34194
13.35311
13.36431
13.37565
13.38753
13.40015
13.41131
13.42226
13.43276
13.44333
13.45385
13.46483
13.47635
13.48733
13.49824
13.50952
13.52573
13.53693
13.54721
13.55756
13.56781
13.5781
13.58879
13.59963
13.61115
13.62285
13.63396
13.64954
13.66537
13.67721
13.68847
13.69969
13.71078
13.72211
13.73301
13.74396
13.75526
13.76697
13.7775
13.78878
13.79998
13.81108
13.82262
13.83398
13.84477
13.85598
13.86685
13.87887
13.88973
13.90074
13.91171
13.92287
13.93418
13.94524
13.95642
13.96757
13.9785
13.99029
14.00099
14.01213
14.02355
14.03474
14.04556
14.05701
14.06807
14.07931
14.09047
14.10139
14.1126
14.12433
14.13564
14.14697
14.15868
14.16998
14.18144
14.19313
14.20429
14.22051
14.23358
14.24649
14.25919
14.27188
14.28463
14.29753
14.31065
14.32341
14.33586
14.34852
14.36155
14.37901
14.39213
14.40584
14.4197
14.43231
14.44535
14.45832
14.47084
14.48328
14.49653
14.51031
14.52298
14.53562
14.54828
14.561
14.57448
TARGET DESTROYED 
14.58692
14.60656
14.62224
14.63541
14.64846
14.66175
14.68209
14.6964
14.70989
14.7229
14.73537
14.74819
14.76057
14.77338
14.78572
14.79797
14.81063
14.82288
14.83517
14.84835
14.86104
14.87383
14.88611
14.89893
14.91226
14.92455
14.93763
14.95008
14.96732
14.98061
14.99351
15.00626
15.01816
15.03039
15.04296
15.05578
15.06857
15.08095
15.09338
15.10635
15.11944
15.13264
15.14589
15.15845
15.16962
15.18055
15.1923
15.20359
15.21407
15.22499
15.23538
15.24604
15.25655
15.26754
15.27819
15.28878
15.29966
15.31098
15.32182
15.3324
15.34396
15.35425
15.36534
15.37668
15.38713
15.39815
15.4095
15.42054
15.43153
15.44351
15.4539
15.46443
15.47575
15.48654
15.49787
15.50931
15.52027
15.53113
15.54261
15.55352
15.56477
15.57632
15.58717
15.59888
15.6132
15.62413
15.6351
15.64599
15.66192
15.67308
15.68372
15.69505
15.70584
15.717
15.7281
15.74032
15.75263
15.7656
15.77953
15.79183
15.80282
15.81367
15.8248
15.83607
15.84737
15.85796
15.86898
15.87988
15.89079
15.90193
15.9133
15.92465
15.93566
15.94691
15.95819
15.96926
15.98043
15.99204
16.00306
16.01389
16.02485
16.03568
16.04632
16.05721
16.06816
16.07898
16.08991
16.1009
16.11213
16.12353
16.13459
16.14563
16.15704
16.16813
16.17936
16.1904
16.20167
16.21313
16.22439
16.24378
16.2549
16.26595
16.27691
16.28801
16.29921
16.31039
16.32121
16.33192
16.34813
16.35944
16.37039
16.3821
16.39512
16.40751
16.41955
16.4324
16.44502
16.45686
16.46883
16.48081
16.49293
16.50449
16.51588
16.52791
16.54066
16.55275
16.56508
16.57748
16.58934
16.6007
16.61305
16.62488
16.63704
16.64953
16.66183
16.67468
16.6874
16.69957
16.71147
16.72266
16.73366
16.74537
16.75644
16.76771
16.77984
TARGET DESTROYED 
16.79129
16.80808
16.81934
16.83028
16.84127
16.85285
16.8718
16.88642
16.8983
16.9116
16.92358
16.93584
16.94805
16.96171
16.97275
16.98346
16.99441
17.00616
17.0169
17.02826
17.03937
17.05542
17.06608
17.07682
17.08688
17.09728
17.10742
17.11811
17.12858
17.14001
17.15085
17.16237
17.17354
17.18443
17.19579
17.20782
17.21827
17.22917
17.24045
17.25139
17.26265
17.27381
17.28496
17.29611
17.30735
17.31902
17.32965
17.3411
17.35193
17.36383
17.37941
17.39074
17.40109
17.41162
17.422
17.4334
17.44454
17.45468
17.46504
17.47597
17.48683
17.49835
17.50992
17.52109
17.53238
17.54338
17.55462
17.56582
17.57679
17.58823
17.59951
17.61044
17.62264
17.6364
17.64633
17.65602
17.66627
17.67758
17.68905
17.69984
17.71106
17.72261
17.73693
17.75275
17.76374
17.77433
17.78559
17.79638
17.80674
17.81734
17.83174
17.84551
17.86009
17.87463
17.88885
17.90356
17.91729
17.93175
17.94405
17.95605
17.96782
17.97943
17.99233
18.00398
18.01564
18.02828
18.03994
18.05204
18.0638
18.07588
18.08817
18.10045
18.11263
18.12527
18.13741
18.14949
18.16207
18.1742
18.18641
18.19886
18.21173
18.22434
18.23715
18.2497
18.26311
18.27504
18.28766
18.29985
18.31197
18.32404
18.3361
18.34802
18.36086
18.37305
18.38488
18.3978
18.41036
18.42267
18.43515
18.44864
18.46127
18.47136
18.48153
18.49815
18.5089
18.51936
18.52941
18.53972
18.55017
18.56069
18.57087
18.58117
18.59203
18.603
18.61421
18.62523
18.63643
18.64778
18.65901
18.67005
18.68109
18.69239
18.70364
18.71454
18.7262
18.73714
18.74822
18.75964
18.77064
18.78185
18.79312
18.80436
18.81515
18.82644
18.83746
18.8488
18.86003
18.87101
18.8823
18.89371
18.90466
18.91596
18.92737
18.9388
18.95033
18.96185
18.9735
18.98482
18.99635
19.00818
19.01973
19.03106
19.0426
19.05414
19.06541
19.07702
19.08809
19.09949
19.11083
19.12177
TARGET DESTROYED 
19.13294
19.14802
19.15876
19.16922
19.18512
19.19546
19.20705
19.22373
19.23644
19.24689
19.25726
19.26753
19.27767
19.2892
19.29969
19.3099
19.32019
19.33095
19.34193
19.35189
19.36296
19.37394
19.38507
19.39607
19.40795
19.41828
19.43007
19.44135
19.4528
19.46399
19.47505
19.48555
19.49662
19.50772
19.51933
19.53001
19.54126
19.5524
19.56346
19.5749
19.58598
19.59701
19.60831
19.62348
19.63473
19.64577
19.65639
19.66701
19.67857
19.68898
19.70012
19.71093
19.72218
19.73358
19.74517
19.75672
19.76748
19.77858
19.78994
19.80096
19.81219
19.82347
19.83498
19.84572
19.85709
19.87316
19.88357
19.89459
19.90553
19.91635
19.92757
19.9377
19.9483
19.9596
19.97061
19.98106
19.99224
20.0027
20.01289
20.02353
20.03427
20.0455
20.05707
20.06772
20.07897
20.09052
20.10136
20.11245
20.12403
20.13475
20.14615
20.15745
20.16857
20.17954
20.19088
20.20175
20.21303
20.2243
20.23536
20.24651
20.25821
20.26925
20.28052
20.29178
20.30358
20.315
20.32617
20.33716
20.3486
20.36029
20.3714
20.38248
20.39431
20.40564
20.41656
20.42805
20.43956
20.45066
20.46351
20.47468
20.48465
20.49562
20.50711
20.51798
20.52959
20.54091
20.55147
20.56699
20.57877
20.58948
20.59995
20.61061
20.62143
20.63188
20.64322
20.65339
20.66453
20.6756
20.68608
20.69632
20.70681
20.71779
20.72811
20.73873
20.75089
20.76264
20.77521
20.78685
20.79984
20.81186
20.82358
20.83646
20.84822
20.86007
20.87195
20.88367
20.89552
20.90714
20.91936
20.9312
20.94373
20.9556
20.96742
20.97931
20.99245
21.00443
21.01688
21.02874
21.04039
21.0526
21.06417
21.07671
21.08867
21.10023
21.11217
21.12405
21.13549
21.14676
21.15888
21.17024
21.18243
21.19462
21.20594
21.21739
21.22912
21.24104
21.25298
21.26433
21.28137
21.29393
21.3064
21.31847
21.32986
21.34175
21.35358
21.36522
21.37832
21.39081
21.40242
21.41569
21.42791
21.44038
21.45272
21.46461
21.47733
21.48974
21.5014
21.51332
21.52583
TARGET DESTROYED 
21.53675
21.55342
21.57119
21.58423
21.59602
21.60899
21.62026
21.63566
21.64721
21.65972
21.67086
21.68233
21.6942
21.70577
21.71711
21.72933
21.7417
21.75315
21.7644
21.77571
21.78744
21.79924
21.81071
21.82267
21.83492
21.84606
21.8581
21.86987
21.88133
21.89383
21.90523
21.91693
21.92896
21.94037
21.95181
21.96339
21.97466
21.98639
21.99858
22.01504
22.02688
22.03763
22.04881
22.06089
22.07233
22.08428
22.09633
22.10806
22.11998
22.13139
22.1438
22.15528
22.1668
22.17815
22.18964
22.20167
22.21317
22.22509
22.2361
22.24733
22.25909
22.27044
22.28189
22.29421
22.30593
22.31787
22.3291
22.34044
22.35207
22.36315
22.37461
22.38658
22.39816
22.41097
22.42313
22.43462
22.44577
22.45768
22.46952
22.48143
22.49386
22.50487
22.51725
22.52928
22.54091
22.55311
22.56438
22.57649
22.58806
22.59941
22.61116
22.62358
22.63513
22.64635
22.65775
22.6692
22.68088
22.69265
22.70382
22.71506
22.7278
22.73933
22.75074
22.76753
22.77982
22.79189
22.80371
22.81481
22.82645
22.83801
22.84941
22.86113
22.87267
22.88391
22.89551
22.90731
22.91864
22.93145
22.94304
22.95466
22.96632
22.9775
22.98847
23.00034
23.01189
23.02356
23.03563
23.04675
23.05853
23.07121
23.08259
23.09468
23.10595
23.11719
23.12892
23.14086
23.17405
23.18649
23.198
23.21012
23.22132
23.23327
23.24467
23.25637
23.26803
23.27911
23.29081
23.30282
23.31412
23.32571
23.33733
23.34977
23.36188
23.37339
23.3855
23.39693
23.40897
23.42078
23.43246
23.4447
23.45597
23.46785
23.47944
23.49204
23.50373
23.51528
23.53101
23.54208
23.55276
23.56362
23.57459
23.58567
23.59619
23.60735
23.62271
23.63484
23.64588
23.65756
23.66942
23.68112
23.69347
23.70475
23.71646
23.72822
23.74032
23.75237
23.76394
23.77605
23.78783
23.79975
23.81121
23.82308
23.83562
23.847
23.85866
23.87017
23.88154
23.89343
23.90466
23.91612
23.92791
23.93944
23.95086
23.96244
23.97466
23.9869
23.99912
24.01063
24.02189
24.0337
24.04527
24.05658
24.06807
24.07926
24.09084
24.10225
24.11403
24.12543
24.13679
24.14845
24.16027
24.17202
24.18446
24.19596
24.20722
24.21914
24.23054
24.24257
24.25501
24.27101
24.28297
24.29457
24.30657
24.31814
24.32961
24.34162
24.35367
TARGET DESTROYED 
24.36648
24.39365
24.40641
24.41823
24.42997
24.44163
24.45343
24.46507
24.47718
24.49825
24.51157
24.52343
24.53546
24.54646
24.5576
24.56933
24.58049
24.59165
24.60298
24.6146
24.62641
24.63925
24.65136
24.66252
24.67377
24.68532
24.697
24.70917
24.72061
24.73186
24.74411
24.75541
24.76663
24.77819
24.79071
24.80316
24.81464
24.82574
24.83697
24.84842
24.85963
24.8707
24.88229
24.89347
24.90499
24.91656
24.92803
24.93926
24.95159
24.96744
24.97999
24.99205
25.00348
25.01608
25.02862
25.04056
25.05185
25.06311
25.07518
25.08684
25.09867
25.11065
25.12227
25.13371
25.1458
25.15777
25.16892
25.18032
25.19273
25.20469
25.21656
25.22827
25.23989
25.25236
25.26393
25.27604
25.28751
25.29935
25.31206
25.32404
25.33533
25.3471
25.35932
25.37031
25.38255
25.39472
25.40595
25.41853
25.43021
25.44254
25.45448
25.46604
25.47905
25.49131
25.5042
25.51544
25.52748
25.54
25.55081
25.56164
25.57345
25.58435
25.59539
25.60666
25.61862
25.63749
25.65035
25.66233
25.67369
25.68522
25.6965
25.70795
25.7286
