0.02
0.04
0.14
0.1738247
0.1886133
0.1996781
0.2117935
0.2234011
0.2348046
0.2455043
0.2575755
0.269525
0.2792193
0.2925939
0.3015721
0.3120274
0.3234691
0.3346991
0.3455284
0.3569871
0.367914
0.3823427
0.3931155
0.4020957
0.4132093
0.4240552
0.4351114
0.4462666
0.4575005
0.4683683
0.4796554
0.4910034
0.5024127
0.5136344
0.5246815
0.5354925
0.546651
0.5579804
0.5689734
0.5802723
0.5913795
0.6027387
0.6138455
0.6249334
0.6362333
0.6472849
0.6583536
0.6696191
0.6807558
0.6921497
0.7030268
0.7141449
0.7253649
0.7366019
0.7477912
0.7590638
0.7701722
0.7813275
0.7923672
0.8036104
0.814826
0.8258545
0.8371262
0.8481085
0.8593462
0.8706317
0.8818071
0.8980833
0.9093015
0.9203563
0.9313537
0.9428682
0.954139
0.9658845
0.9761957
0.9876589
0.9984205
1.009916
1.021549
1.03314
1.042874
1.054428
1.065979
1.076617
1.087854
1.098793
1.110063
1.121405
1.132369
1.143694
1.154832
1.165896
1.180964
1.190904
1.200347
1.2105
1.220032
1.230916
1.24212
1.253379
1.264305
1.275666
1.286789
1.297902
1.309244
1.320393
1.331327
1.342704
1.354003
1.364846
1.376306
TARGET DESTROYED 
1.387415
1.401968
1.412278
1.422124
1.431822
1.443262
1.454597
1.465588
1.476512
1.488006
1.498868
1.510437
1.521495
1.532905
1.54402
1.555113
1.566655
1.577648
1.589293
1.600321
1.611357
1.622587
1.633719
1.644802
1.656363
1.67428
1.684744
1.694839
1.705439
1.716011
1.725975
1.73521
1.746
1.755925
1.765766
1.775915
1.786516
1.798153
1.80899
1.82013
1.831141
1.84316
1.853625
1.864651
1.876087
1.887116
1.898057
1.909653
1.920953
1.931826
1.9471
1.956897
1.966846
1.977395
1.987536
1.998886
2.010082
2.021239
2.032647
2.043383
2.05453
2.065646
2.076967
2.088067
2.099197
2.110494
2.122031
2.133101
2.14469
2.156727
2.167624
2.179028
2.190757
2.201949
2.21324
2.224915
2.236265
2.24723
2.258453
TARGET DESTROYED 
2.269748
2.283591
2.293537
2.303514
2.314825
2.326312
2.337059
2.348389
2.35992
2.371376
2.382555
2.393805
2.404931
2.416234
2.427376
2.438792
2.449699
2.460916
2.472739
2.483203
2.494533
2.50637
2.516647
2.527762
2.539481
2.550266
2.561551
2.572752
2.583924
2.595069
2.606207
2.617442
2.628796
2.640249
2.650885
2.662044
2.673758
2.684954
2.696102
2.707684
2.718433
2.734466
2.745781
2.755734
2.765316
2.775311
2.785092
2.795239
2.805193
2.814855
2.825957
2.837237
2.848116
2.859433
2.870623
2.881653
2.893119
2.904448
2.915274
2.926464
2.93781
2.948698
2.959885
2.971058
2.982218
2.993821
3.004778
3.015649
3.026966
3.038282
3.049263
3.060465
3.071854
3.08287
3.094311
3.105278
3.116542
3.127873
3.13949
3.15076
3.162116
3.173744
3.184998
3.196257
3.208293
3.219133
3.230371
3.24189
3.253563
3.264601
3.275952
3.28754
3.298562
3.31005
3.321492
3.332876
3.344177
3.355504
3.366341
3.377511
3.38878
3.399992
3.411491
3.422587
3.444413
3.456106
3.465979
3.476076
3.486135
TARGET DESTROYED 
3.495927
3.515332
3.526295
3.536197
3.546311
3.556458
3.566421
3.577905
3.5891
3.599039
3.609472
3.619953
3.629934
3.640774
3.651699
3.663031
3.674189
3.685332
3.696442
3.70782
3.719279
3.730087
3.741532
3.752595
3.763564
3.77495
3.78598
3.797024
3.808171
3.819597
3.83036
3.842003
3.852929
3.864084
3.875478
3.886453
3.897792
3.909099
3.919985
3.931101
3.94235
3.954011
3.965436
3.976727
3.988225
3.999947
4.01101
4.023106
4.034258
4.04556
4.057007
4.068511
4.079733
4.091571
4.102763
4.114697
4.12545
4.136986
4.14842
4.159497
4.170593
4.182126
4.193055
4.204146
4.215921
4.226386
4.237592
4.248837
4.260067
4.271281
4.282234
4.29362
4.308599
4.318689
4.329126
4.339353
4.349499
4.359653
4.369634
4.380583
4.39172
4.402888
4.41396
4.424985
4.436356
4.447587
4.458578
4.469752
4.480995
4.492327
4.503756
4.514727
4.525676
4.536979
4.547945
4.559733
4.570737
4.581656
4.592628
4.603875
4.615366
4.626152
4.637281
4.648737
4.660058
4.671075
4.681901
4.693356
4.704763
4.715976
4.727243
4.739323
4.750086
4.761347
4.773167
4.783917
4.795232
4.806928
4.818222
4.829232
4.840814
4.852099
4.863256
4.874639
4.885611
4.896742
4.908135
4.920204
TARGET DESTROYED 
4.930725
4.944877
4.9559
4.966184
4.976978
4.988147
5.000565
5.011774
5.021856
5.032159
5.043036
5.056857
5.066885
5.082143
5.092808
5.103986
5.115373
5.126354
5.137987
5.148625
5.159705
5.171243
5.182127
5.193407
5.20462
5.2157
5.226805
5.238282
5.249069
5.26044
5.271563
5.282705
5.29419
5.30517
5.316123
5.327291
5.338712
5.350906
5.361203
5.372113
5.383245
5.394454
5.405777
5.41718
5.428034
5.439177
5.450568
5.46169
5.473308
5.48365
5.494913
5.506472
5.517348
5.528374
5.539719
5.551095
5.561988
5.57347
5.584623
5.596022
5.608024
5.619206
5.630831
5.642367
5.654164
5.665309
5.676909
5.688594
5.700029
5.711655
5.723819
5.734396
5.74561
5.757228
5.768115
5.779036
5.790907
5.802105
5.812613
5.8244
5.834874
5.846354
5.857368
5.873541
5.883253
5.893796
5.903478
5.913666
5.92442
5.934191
5.944953
5.954426
5.964869
5.976717
5.987118
5.998559
6.009565
6.021017
6.03182
6.043206
6.054174
6.065293
6.076809
6.087783
6.099271
6.110016
6.121228
6.132353
6.144534
6.154744
6.166175
6.177009
6.188429
6.199538
6.210597
6.221833
6.233151
6.244238
6.256293
6.267012
6.278219
TARGET DESTROYED 
6.289588
6.303719
6.313933
6.323966
6.33552
6.346526
6.358006
6.369289
6.380767
6.39256
6.404281
6.414998
6.426671
6.437472
6.448536
6.460059
6.470932
6.482069
6.493464
6.504897
6.515647
6.526768
6.537996
6.549354
6.560282
6.571992
6.5832
6.593725
6.605377
6.616532
6.627319
6.638346
6.654195
6.665805
6.677109
6.689117
6.701508
6.713003
6.723948
6.735057
6.746314
6.757396
6.768414
6.779877
6.790857
6.802271
6.813901
6.82476
6.835732
6.847194
6.858612
6.869561
6.881332
6.892935
6.903612
6.914682
6.926594
6.937194
6.94868
6.960755
6.971588
6.982748
6.994686
7.006326
7.018323
7.029615
7.04145
7.054023
7.065468
7.076652
7.087435
7.099303
7.110631
7.121887
7.133807
7.144936
7.15598
7.167025
7.178957
7.189943
7.200889
7.212177
7.22343
7.234696
7.245842
7.257242
7.268096
7.279222
7.290809
7.302269
7.313491
7.325015
7.336535
7.347586
7.35895
7.370331
7.383837
7.395205
7.406792
7.418096
7.430254
7.441454
7.457806
7.469306
7.480658
7.492755
7.504693
7.516728
7.528125
7.539529
7.550607
7.561832
7.573273
7.584248
7.595436
7.606944
7.617537
7.628672
7.639805
7.650871
7.662642
7.674114
7.684981
7.696198
7.707681
7.718665
7.729628
7.740753
7.75192
7.764112
7.775938
7.786831
7.79807
7.809554
7.820584
7.831993
7.843769
7.855148
7.866344
7.877842
7.889231
7.899533
7.911052
7.921319
7.9318
7.942223
7.95259
7.963604
7.974863
7.986055
7.997704
8.009133
8.020869
8.032037
8.043676
8.055076
8.066648
8.078286
8.089357
8.100509
8.111679
8.123556
8.13412
8.145024
8.156722
8.167826
8.178701
8.189983
8.200989
8.212386
8.223907
8.234907
8.251258
8.262687
TARGET DESTROYED 
8.274438
8.291376
8.303321
8.315325
8.327581
8.339163
8.350449
8.362094
8.37359
8.384877
8.396216
8.408289
8.420237
8.432382
8.444893
8.457168
8.468295
8.479789
8.491351
8.502706
8.514254
8.526335
8.538533
8.549883
8.561445
8.573155
8.585341
8.596752
8.608793
8.62009
8.631672
8.643355
8.654778
8.667205
8.678929
8.690336
8.701649
8.712927
8.724683
8.736476
8.749029
8.760773
8.772672
8.784027
8.796102
8.808019
8.819106
8.831525
8.843395
8.855247
8.867382
8.879638
8.891318
8.902501
8.913639
8.925751
8.937652
8.949186
8.960814
8.973442
8.985
8.997097
9.010048
9.02157
9.032811
9.04486
9.057753
9.075455
9.086842
9.098962
9.110669
9.122416
9.134146
9.146468
9.158935
9.170208
9.181483
9.193059
9.204784
9.216297
9.227894
9.239444
9.251023
9.262924
9.27453
9.285661
9.296912
9.308475
9.31935
9.330502
9.34187
9.353618
9.365918
9.377085
9.388216
9.399973
9.4112
9.423055
9.434033
9.445148
9.456705
9.468006
9.479823
9.491285
9.502289
9.51343
9.525315
9.537268
9.549523
9.560601
9.572298
9.583271
9.594603
9.605809
9.61653
9.62771
9.639116
9.650144
9.661223
9.672592
9.683955
9.694804
9.706293
9.71705
9.72834
9.739576
9.750584
9.761684
9.773572
9.784082
9.795367
9.806537
9.817682
9.828626
9.840619
9.851651
9.862471
9.873734
9.888806
9.898811
9.909516
9.919938
9.930151
9.94057
9.951625
9.962642
9.974289
9.985602
9.996531
10.00808
10.01942
10.03079
10.04252
10.05388
10.07116
10.08098
10.09171
10.10147
10.11174
10.12173
10.13189
10.14263
10.15388
10.16495
10.17592
10.18719
10.19835
10.20946
10.22209
10.23211
10.24309
10.25425
TARGET DESTROYED 
10.2654
10.28017
10.29117
10.30146
10.31214
10.32408
10.33521
10.34581
10.35606
10.36707
10.37758
10.38811
10.39942
10.41042
10.42164
10.43304
10.4446
10.45605
10.46733
10.47861
10.49041
10.5012
10.5128
10.52434
10.5359
10.54724
10.55844
10.56951
10.58082
10.59191
10.60298
10.614
10.62513
10.63628
10.64772
10.66415
10.67583
10.68715
10.6996
10.71152
10.72389
10.735
10.74649
10.75803
10.76904
10.78146
10.79309
10.8041
10.81545
10.82736
10.83902
10.85029
10.86211
10.87354
10.88464
10.89613
10.90794
10.91963
10.93065
10.94277
10.95396
10.96629
10.97851
10.99142
11.0024
11.01363
11.02542
11.03633
11.047
11.05844
11.06937
11.08002
11.09209
11.10334
11.11527
11.1268
11.13798
11.149
11.16039
11.17131
11.18264
11.19455
11.20623
11.21678
11.22819
11.23977
11.25062
11.26269
11.27413
11.28635
11.29748
11.30849
11.32038
11.33152
11.3434
11.35445
11.3652
11.37636
11.38779
11.39907
11.40994
11.42108
11.43171
11.44234
11.45302
11.4684
11.47982
11.49142
11.50249
11.51361
11.52446
11.53548
11.54641
11.5575
11.56834
11.5793
11.59071
11.60179
11.6125
11.62363
11.63449
11.64867
11.66008
11.67222
11.68356
11.69439
11.7054
11.71658
11.73097
