0.02
0.04
0.14
0.1787885
0.1937959
0.2055129
0.2165728
0.2274022
0.2385551
0.2496106
0.260524
0.2719224
0.2832236
0.3016367
0.3121362
0.3229524
0.3336194
0.3448593
0.3556145
0.3665571
0.3772847
0.3883832
0.4082116
0.4204088
0.4310893
0.4422849
0.453778
0.4649502
0.4756829
0.4872386
0.4985385
0.510002
0.520992
0.5327587
0.5438604
0.5554176
0.5659963
0.576714
0.5876784
0.5989212
0.6107829
0.6215467
0.6325454
0.6435271
0.6545746
0.6658055
0.6771007
0.6887188
0.6993142
0.7153761
0.7261711
0.7374685
0.7485923
0.7595018
0.7709464
0.7821202
0.7930859
0.804517
0.8149492
0.8262767
0.8378003
0.8482751
0.8591159
0.8701608
0.8810674
0.892281
0.9032893
0.9144375
0.9258478
0.937389
0.9483935
0.9589648
0.9696289
0.981011
0.9922923
1.004781
1.016387
1.028878
1.040199
1.051499
1.062323
1.0739
TARGET DESTROYED 
1.093499
1.113257
1.125338
1.141704
1.152971
1.163723
1.175049
1.186587
1.197334
1.208189
1.219025
1.229591
1.240662
1.252033
1.262859
1.273847
1.284703
1.295514
1.306658
1.317788
1.328823
1.339666
1.351361
1.362385
1.373568
1.384602
1.395523
1.406777
1.417472
1.428299
1.439253
1.449829
1.460544
1.471768
1.487452
1.498766
1.509651
1.520683
1.531529
1.549113
1.559975
1.571671
1.582219
1.592782
1.604381
1.615167
1.626159
1.637605
1.648951
1.659835
1.670934
1.682492
1.693656
1.704703
1.716183
1.726904
1.738262
1.749428
1.760232
1.771608
1.782658
1.793883
1.804923
1.816255
1.828204
1.839231
1.849739
1.861655
1.873484
1.88499
1.895937
1.907115
1.917733
1.928454
1.940722
1.951913
1.962746
1.979047
1.991331
2.002426
2.01437
2.025403
2.036312
2.047239
2.058034
2.069229
2.079879
2.091006
2.101839
TARGET DESTROYED 
2.11668
2.129084
2.1403
2.151417
2.162553
2.173792
2.185306
2.203453
2.215578
2.226472
2.237762
2.248626
2.259375
2.270587
2.281981
2.292668
2.304
2.315146
2.32621
2.33747
2.348827
2.360147
2.371059
2.386793
2.397818
2.408404
2.419816
2.430437
2.441775
2.453915
2.464957
2.475836
2.486612
2.497962
2.509491
2.520766
2.531236
2.542364
2.554393
2.565381
2.577027
2.587928
2.598672
2.609806
2.620867
2.631469
2.643108
2.654486
2.665148
2.676249
2.68793
2.69875
2.710013
2.720964
2.732739
2.744001
2.755479
2.765972
2.777195
2.788775
2.806432
2.817681
2.829169
2.840334
2.851632
2.863153
2.87476
2.886249
2.89781
2.909327
2.920912
2.933288
2.94466
2.956428
2.967586
2.978945
2.992003
3.003633
3.014855
3.026462
TARGET DESTROYED 
3.042634
3.054265
3.065501
3.076693
3.08834
3.099388
3.11118
3.129184
3.14139
3.153667
3.165005
3.176143
3.187811
3.198943
3.210133
3.221841
3.238886
3.250601
3.261951
3.273533
3.288093
3.299872
3.311328
3.322924
3.335684
3.346759
3.358399
3.369653
3.380901
3.392518
3.404235
3.416037
3.427556
3.439125
3.451422
3.462582
3.47415
3.486221
3.497702
3.509208
3.52097
3.532619
3.544123
3.557555
3.57038
3.582098
3.593566
3.605342
3.616575
3.628093
3.640318
3.652493
3.663971
3.680536
3.691751
3.704163
3.715337
3.726624
3.738714
3.749351
3.760337
3.783315
3.794825
3.806114
3.817077
3.828394
3.839342
3.850096
3.861406
3.872864
3.884053
3.895234
3.906388
3.917472
3.928146
3.939328
3.950436
3.961098
3.971834
3.983186
3.99517
4.006574
4.017791
4.028604
4.039844
4.050573
4.061404
4.072948
4.083599
4.095005
4.111532
4.123087
4.133748
4.144683
4.155947
4.16677
4.177446
4.189479
4.200758
4.21147
4.222501
4.233702
4.245446
4.256505
4.267676
4.278477
4.28984
4.300716
4.31186
4.322836
4.333425
4.344271
4.35626
4.367705
4.378877
4.389934
4.400736
4.412166
4.424032
4.434813
4.445817
TARGET DESTROYED 
4.461031
4.473092
4.488348
4.499729
4.510656
4.528254
4.544985
4.556016
4.568456
4.579104
4.589873
4.600521
4.611376
4.622588
4.633111
4.644309
4.655064
4.665954
4.67802
4.689184
4.701418
4.712515
4.72401
4.735303
4.746639
4.758282
4.769612
4.780667
4.791793
4.80301
4.814022
4.825597
4.836432
4.847148
4.858655
4.869614
4.88087
4.892247
4.904045
4.914978
4.926144
4.937336
4.948391
4.96501
4.976317
4.988749
4.999636
5.010872
5.022097
5.032956
5.044554
5.055465
5.066607
5.077791
5.089054
5.100246
5.111254
5.122399
5.133837
5.144906
5.155998
5.167261
5.178447
5.190006
5.201209
5.212399
5.223324
5.234958
5.246051
5.256774
5.268237
5.279119
5.290381
5.312744
5.324157
5.335148
5.345853
5.357075
5.368542
5.379304
5.395712
5.406603
5.417382
5.428411
5.439655
5.45085
5.461535
5.472463
5.483504
5.494862
5.505964
5.516612
5.527809
5.539044
5.549471
5.560569
5.57197
5.58284
5.594039
5.605312
5.616043
5.627008
5.638175
5.648918
5.659533
5.670936
5.681674
5.692572
5.705726
5.716768
5.727875
5.739669
5.750886
5.762245
5.778463
5.789884
5.801023
5.817193
5.828012
5.83931
5.850147
5.861098
5.872187
5.883005
5.894223
5.905614
TARGET DESTROYED 
5.921167
5.939436
5.951443
5.962292
5.973364
5.984881
5.996059
6.007948
6.019164
6.030066
6.041595
6.0532
6.064511
6.076436
6.087776
6.098751
6.11072
6.121865
6.132988
6.143684
6.155224
6.166178
6.177053
6.18881
6.199495
6.210503
6.22184
6.238652
6.249945
6.262061
6.273136
6.284812
6.295793
6.306756
6.318049
6.329114
6.346171
6.357788
6.369429
6.38139
6.392555
6.404203
6.415208
6.426166
6.437309
6.448253
6.459625
6.471041
6.482951
6.493915
6.505203
6.516635
6.527919
6.539635
6.550939
6.562077
6.572937
6.585898
6.596935
6.608624
6.619479
6.630641
6.641897
6.652877
6.663854
6.680214
6.691463
6.703428
6.714314
6.725702
6.738319
6.749711
6.760507
6.771719
6.782561
6.793211
6.804624
6.815613
6.826458
6.837862
6.849581
6.86184
6.87429
6.886729
6.898732
6.910948
6.923174
6.935452
6.948458
6.960811
6.973041
6.985937
6.998806
7.010963
7.023131
7.035662
7.047841
7.06012
7.072749
7.084784
7.096668
7.109315
7.125877
7.138444
7.151603
7.163897
7.176895
7.189078
7.201304
7.213067
7.224955
7.236967
7.248187
7.259749
7.271909
7.282969
7.294632
7.306321
TARGET DESTROYED 
7.322154
7.334804
7.351879
7.364639
7.376146
7.387554
7.398835
7.410342
7.422093
7.433368
7.445409
7.45763
7.469018
7.480191
7.491628
7.502476
7.513576
7.524318
7.535348
7.546556
7.557667
7.573797
7.585297
7.596492
7.607435
7.618376
7.629362
7.640175
7.651049
7.661555
7.672305
7.683013
7.693996
7.705391
7.716058
7.726651
7.737942
7.748981
7.759807
7.771619
7.782834
7.793364
7.804788
7.815643
7.826277
7.837416
7.848354
7.859466
7.870637
7.881418
7.892599
7.904309
7.915012
7.926391
7.937965
7.949386
7.960938
7.972606
7.984572
8.000768
8.011416
8.022635
8.033517
8.04464
8.055492
8.065954
8.076582
8.087437
8.097938
8.108809
8.119346
8.130207
8.14101
8.151824
8.162439
8.174366
8.184915
8.195675
8.206891
8.218527
8.229208
8.240214
8.251667
8.262673
8.274031
8.285173
8.296124
8.307257
8.318727
8.329551
8.340941
8.352298
8.362943
8.37428
8.385956
8.396913
8.408134
8.419885
8.436055
8.446678
8.457365
8.468192
8.478506
8.489491
8.500275
8.510992
8.521737
8.532152
8.542509
8.553993
8.565159
8.576069
8.58776
8.598854
8.610534
8.623
8.634868
8.646936
8.658805
8.670961
8.682797
8.694867
8.706819
8.719327
8.731201
8.744308
8.75682
8.769313
8.781542
8.793504
8.805567
8.817376
8.829097
8.84114
8.853325
8.864908
8.882123
8.894491
8.906782
8.918533
8.930405
8.942694
8.954177
8.96499
8.976003
8.988691
9.000003
9.01097
9.022846
9.034139
9.045665
9.057593
9.068703
9.080406
9.09163
9.103189
9.114325
9.125587
9.137235
9.14875
9.160126
9.172233
TARGET DESTROYED 
9.1982
9.218695
9.231437
9.243086
9.255416
9.266508
9.277613
9.288779
9.299856
9.316097
9.327105
9.337914
9.349027
9.359843
9.371117
9.383066
9.394289
9.405227
9.416004
9.427076
9.438239
9.448761
9.459938
9.47102
9.482291
9.49422
9.506351
9.518283
9.530602
9.542632
9.554905
9.566342
9.578136
9.590334
9.602175
9.615614
9.627423
9.639778
9.651361
9.663128
9.674923
9.687603
9.700506
9.713097
9.725284
9.737755
9.750336
9.767667
9.779871
9.792857
9.805714
9.818017
9.830732
9.842787
9.855775
9.868113
9.880488
9.892684
9.905425
9.917646
9.929633
9.942131
9.9551
9.967327
9.979442
9.991891
10.00384
10.01572
10.02763
10.03987
10.05183
10.06397
10.07564
10.08827
10.1011
10.11307
10.12585
10.13832
10.14982
10.16189
10.17391
10.18663
10.19864
10.21101
10.22355
10.24183
10.2552
10.26729
10.2797
10.29228
10.30498
10.3168
10.32924
10.34093
10.35248
10.36506
10.37761
10.38955
10.40128
10.41281
10.42474
10.4366
10.44887
10.46173
10.47397
10.48653
10.49841
10.51057
10.5228
10.53492
10.54649
10.55812
10.56982
10.58104
10.59235
10.6039
10.61602
10.62837
10.64033
10.65212
10.66319
10.67445
10.68595
10.69704
10.71409
10.72689
10.7395
10.75124
10.76361
10.7746
10.78595
10.79791
10.80937
10.82063
10.83177
10.8432
10.85523
10.87009
10.88174
10.89328
10.90477
10.91633
10.9273
10.94264
