0.02
0.04
0.14
0.1736059
0.1848747
0.1984007
0.2089493
0.2177235
0.2272716
0.2367099
0.2476171
0.258544
0.2700184
0.2810861
0.2923584
0.3056871
0.3145884
0.3255489
0.3370474
0.3479293
0.3591141
0.3705757
0.3814535
0.392626
0.4041973
0.4148839
0.4265765
0.4377102
0.448784
0.4596245
0.4711121
0.4817778
0.4930902
0.5081512
0.5175049
0.5265409
0.5380772
0.5488998
0.5600916
0.5716199
0.5823613
0.5942063
0.6052573
0.615949
0.6271829
0.6385948
0.649588
0.6606586
0.6719582
0.6830471
0.6941417
0.7054525
0.7167788
0.7276112
0.7389214
0.7500709
0.761426
0.7724462
0.7834038
0.7948282
0.8058804
0.8171268
0.8284125
0.8393548
0.8504763
0.8617114
0.8729424
0.8880534
0.899703
0.9100524
0.9224177
0.9329307
0.9442877
0.9556319
0.9667143
0.9780091
0.9898095
1.001087
1.011982
1.023024
1.034281
1.045438
1.056649
1.067757
1.079176
1.090031
1.101672
1.112429
1.123705
1.13492
1.145927
1.157175
1.169432
1.179314
1.191172
1.201608
1.212913
1.224468
1.235658
1.246669
1.257755
1.269217
1.280054
1.291114
1.302403
1.313546
1.324839
1.335875
1.346963
1.357983
1.369701
1.380476
1.391987
1.403066
1.41413
1.425162
1.43664
1.447552
1.458626
1.470308
1.481054
1.492106
1.503878
1.515145
1.525641
1.537285
1.548723
1.559124
1.573927
1.583261
1.59259
1.602207
1.61351
1.62467
1.63591
1.646983
1.657948
1.672394
1.69053
1.70059
1.710728
1.721861
1.733039
1.744258
1.755365
1.766641
1.77748
1.789022
1.79999
1.811075
1.82224
1.833568
1.844738
1.856284
1.866957
1.878079
1.889251
1.900425
1.911697
1.923131
1.934016
1.945227
1.956378
1.967433
1.978634
1.989761
2.006639
2.018939
2.028607
2.038509
2.049564
2.059491
2.069641
2.079931
2.092774
2.103158
2.115635
2.127203
2.137844
2.148534
2.159107
2.170408
2.181614
2.192351
2.20224
2.213116
2.224584
2.235897
2.246874
2.258054
2.26949
2.280319
2.291414
2.305103
2.315699
2.331456
2.342384
2.352427
2.362463
2.372484
2.383259
2.393518
2.403564
2.414245
2.425464
2.436905
2.448054
2.459598
2.470773
2.481209
2.492446
2.504666
2.515628
2.527593
2.538073
2.548434
2.559579
2.571136
2.582419
2.593858
2.605136
2.616007
2.627487
2.638366
2.649305
2.660797
2.672323
2.682844
2.694433
2.705731
2.717089
2.728447
2.739928
2.751204
2.762632
2.773934
2.785923
2.79682
2.808493
2.819867
2.830884
2.842231
2.854001
2.865231
2.876802
2.887761
2.899027
2.910592
2.922225
2.933018
2.944722
2.955949
2.966559
2.977693
2.988974
3.000154
3.015333
3.026288
3.037451
3.04807
3.058666
3.069601
3.080121
3.092311
3.102883
3.113542
3.124114
3.134982
3.145958
3.156951
3.167369
3.177883
3.188704
3.198722
3.209922
3.220577
3.231486
3.241628
3.253085
3.264286
3.275489
3.286222
3.297568
3.308433
3.319773
3.331382
3.342163
3.353127
3.364206
3.375044
3.38643
3.39769
3.40892
3.419959
3.431086
3.442408
3.453883
3.465227
3.476272
3.488037
3.499085
3.510528
3.521985
3.533542
3.544755
3.55601
3.567755
3.578986
3.590202
3.601624
3.616711
3.628857
3.641181
3.652851
3.675751
3.68814
3.698827
3.714595
3.725747
3.736865
3.747042
3.757745
3.767965
3.778825
3.789397
3.799839
3.810417
3.821897
3.833156
3.844106
3.855498
3.866535
3.877821
3.888825
3.90002
3.910987
3.922436
3.933438
3.947942
3.959593
3.970348
3.980671
3.991859
4.003111
4.013685
4.024949
4.036166
4.047306
4.058638
4.069155
4.079956
4.091779
4.102228
4.112804
4.124636
4.13574
4.145968
4.156749
4.168121
4.179266
4.190597
4.201356
4.212847
4.224245
4.235221
4.246277
4.258307
4.269081
4.280468
4.292277
4.304461
4.315597
4.327576
4.339324
4.350383
4.361723
4.374043
4.384629
4.400768
4.41146
4.422651
4.433073
4.443824
4.455664
4.467059
4.477563
4.488708
4.499649
4.510772
4.522171
4.533432
4.54476
4.555737
4.566584
4.577164
4.588247
4.599287
4.610555
4.622221
4.633811
4.645126
4.656766
4.668021
4.678832
4.690864
4.701842
4.713297
4.725056
4.736512
4.747745
4.760345
4.771608
4.782191
4.794008
4.806042
4.816803
4.828222
4.839794
4.850434
4.861775
4.87353
4.883956
4.895333
4.907204
4.917998
4.928981
4.940129
4.951147
4.962698
4.973755
4.984734
4.995575
5.00634
5.016893
5.028517
5.040059
5.050772
5.061824
5.073254
5.084259
5.101195
5.115038
5.127487
5.13863
5.148754
5.15967
5.171788
5.183349
5.195752
5.207094
5.217915
5.229209
5.240386
5.251463
5.263673
5.275224
5.286345
5.297266
5.308076
5.318565
5.334072
5.346061
5.358054
5.368526
5.379259
5.390986
5.401987
5.413068
5.426255
5.43788
5.449269
5.461086
5.473412
5.48485
5.496165
5.508471
5.519983
5.530742
5.542039
5.553368
5.564864
5.575605
5.586712
5.59783
5.613179
5.624979
5.635366
5.645691
5.656786
5.667686
5.679536
5.691279
5.702252
5.712905
5.724886
5.736234
5.747328
5.759264
5.77053
5.780627
5.791791
5.807587
5.818657
5.828979
5.839889
5.850475
5.86124
5.872281
5.883524
5.894495
5.905292
5.915722
5.926734
5.937598
5.948337
5.959807
5.971456
5.982399
5.994328
6.006231
6.01705
6.027891
6.044654
6.0561
6.067626
6.079407
6.09088
6.101379
6.111989
6.123127
6.13386
6.145257
6.156813
6.167521
6.179023
6.189802
6.201399
6.21254
6.223314
6.2347
6.246023
6.257791
6.270015
6.280485
6.291143
6.3045
6.31718
6.328778
6.341266
6.351518
6.362592
6.373951
6.384092
6.395696
6.407609
6.417973
6.428845
6.440197
6.451255
6.462471
6.472903
6.484016
6.495947
6.511582
6.523436
6.534777
6.547397
6.560309
6.572655
6.583555
6.594671
6.605957
6.61638
6.627357
6.638512
6.648787
6.659931
6.670791
6.681221
6.692315
6.704298
6.71471
6.72618
6.737868
6.748664
6.759862
6.770803
6.781807
6.79359
6.804537
6.815333
6.826328
6.83788
6.848669
6.860116
6.871473
6.883049
6.894409
6.90553
6.916602
6.928215
6.939312
6.950041
6.960873
6.971879
6.983286
6.994478
7.005612
7.017358
7.028977
7.041049
7.051995
7.063633
7.075877
7.087425
7.09867
7.115272
7.131566
7.142158
7.151853
7.162025
7.173622
7.188903
7.199832
7.215984
7.22763
7.239885
7.251465
7.262741
7.274734
7.285121
7.296285
7.308191
7.320028
7.332407
7.343642
7.354571
7.365218
7.376403
7.386868
7.39872
7.410378
7.421274
7.432042
7.442627
7.453536
7.464608
7.476093
7.487206
7.498456
7.509779
7.521144
7.531628
7.544755
7.558252
7.569267
7.580538
7.591826
7.602716
7.617775
7.628865
7.640856
7.653218
7.664255
7.675558
7.686728
7.698058
7.709117
7.721669
7.733929
7.745973
7.757805
7.769691
7.781536
7.793275
7.805385
7.816033
7.827666
7.840038
7.850415
7.861611
7.873391
7.885051
7.896509
7.908143
7.924255
7.936088
7.947805
7.958762
7.969666
7.980692
7.99179
8.002709
8.013905
8.024984
8.037805
8.048982
8.059999
8.071664
8.082739
8.094358
8.106722
8.117997
8.128885
8.140855
8.151849
8.16356
8.175935
8.186588
8.199933
8.213125
8.225235
8.237186
8.248229
8.259282
8.269939
8.281015
8.291758
8.302254
8.313471
8.324659
8.33555
8.346413
8.356956
8.368306
8.379815
8.390867
8.402098
8.414248
8.426397
8.438392
8.450113
8.460917
8.472746
8.484201
8.495396
8.507046
8.518359
8.52911
8.540023
8.552708
8.564754
8.57719
8.590466
8.602613
8.613996
8.629973
8.641703
8.652427
8.663569
8.676337
8.689009
8.708055
8.718599
8.728887
8.739301
8.749215
8.759699
8.770141
8.781154
8.795758
8.807294
8.818111
8.82907
8.840103
8.850767
8.861754
8.874245
8.887187
8.898375
8.909575
8.921642
8.932748
8.943957
8.957253
8.968975
8.981497
8.993417
9.004927
9.016825
9.028317
9.040359
9.052135
9.063085
9.0749
9.085587
9.096531
9.108553
9.11951
9.130204
9.141636
9.152808
9.163206
9.175861
9.187255
9.198332
9.210171
9.221503
9.232997
9.244536
9.256035
9.268148
9.280724
9.292261
9.304908
9.316821
9.333708
9.346633
9.358191
9.36914
9.381001
9.391822
9.402318
9.413477
9.424719
9.435315
9.446937
9.458409
9.469471
9.482491
9.495749
9.508488
9.519401
9.530711
9.541974
9.551854
9.562956
9.574607
9.586337
9.598158
9.608563
9.619195
9.634692
9.645785
9.656808
9.66886
9.680548
9.693029
9.704206
9.715335
9.726674
9.738043
9.749495
9.760426
9.771734
9.783008
9.795251
9.807178
9.817923
9.830219
9.841723
9.853983
9.86573
9.877851
9.890044
9.901493
9.912611
9.924203
9.934478
9.946946
9.959593
9.974738
9.985405
9.996785
10.00845
10.02526
10.03907
10.05108
10.06283
10.07528
10.08626
10.0983
10.11061
10.12305
10.13321
10.14407
10.15526
10.16625
10.17845
10.19091
10.20177
10.21346
10.22588
10.23837
10.25084
10.26166
10.2729
10.28376
10.2946
10.30595
10.31604
10.32768
10.33997
10.35274
10.36446
10.37678
10.38925
10.40077
10.41188
10.42382
10.43423
10.44573
10.45694
10.46795
10.47903
10.49023
10.50147
10.51308
10.52929
10.54075
10.55217
10.56463
10.57613
10.58713
10.59879
10.61074
10.62221
10.63323
10.64446
10.65493
10.66622
10.67779
10.68915
10.70051
10.71189
10.72438
10.73596
10.75498
10.76681
10.77845
10.79059
10.80319
10.81424
10.8263
10.83929
10.84949
10.87344
10.88498
10.89573
10.90669
10.91866
10.93049
10.94613
10.96064
10.97116
10.9815
10.99351
11.00481
11.0158
11.02665
11.03765
11.04882
11.065
11.07724
11.08844
11.1001
11.11112
11.12251
11.1347
11.14776
11.16016
11.17182
11.18357
11.19435
11.20665
11.21854
11.23145
11.24322
11.25536
11.26605
11.27722
11.29097
11.30274
11.31479
11.32674
11.33943
11.35111
11.36164
11.37373
11.38555
11.40284
11.42081
11.43381
11.44563
11.45691
11.4682
11.48015
11.49227
11.50261
11.51336
11.52424
11.53385
11.54404
11.55477
11.56554
11.5763
11.58659
11.59648
11.60855
11.62873
11.64183
11.65218
11.66298
11.67491
11.6854
11.69644
11.70906
11.72245
11.73332
11.74478
11.75625
11.7683
11.78095
11.79163
11.80295
11.81505
11.82608
11.83702
11.84878
11.85979
11.87106
11.88215
11.89286
11.90426
11.9175
11.92952
11.94187
11.95402
11.96574
11.97801
11.9907
12.00322
12.01431
12.02498
12.03802
12.05049
12.06198
12.07426
12.08528
12.09725
12.10815
12.11863
12.12951
12.14116
12.15247
12.16422
12.17566
12.18827
12.20923
12.23089
12.24493
12.25703
12.26774
12.28008
12.2931
12.30612
12.31702
12.32836
12.34133
12.3572
12.36824
12.38115
12.39163
12.40294
12.41516
12.42727
12.43967
12.4503
12.46112
12.47354
12.48545
12.49688
12.50962
12.52244
TARGET DESTROYED 
12.5344
12.55688
12.57006
12.58151
12.59383
12.61552
12.62943
12.64222
12.65356
12.66546
12.67735
12.69031
12.70194
12.71485
12.72688
12.73886
12.75102
12.76328
12.7759
12.78782
12.7986
12.80964
12.8222
12.83429
12.84527
12.85614
12.86784
12.87912
12.89058
12.90335
12.9161
12.92816
12.9413
12.95367
12.9651
12.9772
12.99004
13.00221
13.01455
13.02758
13.04487
13.05778
13.06852
13.07924
13.09203
13.10426
13.11497
13.12718
13.13875
13.15041
13.16171
13.17342
13.18438
13.19481
13.20581
13.21681
13.22771
13.23892
13.25004
13.26219
13.27269
13.28573
13.29883
13.31039
13.32359
13.33663
13.34771
13.35883
13.37063
13.38176
13.3933
13.40571
13.41809
13.43069
13.44276
13.45532
13.46546
13.4765
13.487
13.49725
13.50778
13.51869
13.52914
13.53955
13.55058
13.56187
13.57356
13.58471
13.59606
13.60827
13.61965
13.63457
13.6466
13.6581
13.66891
13.68123
13.6923
13.70427
13.71599
13.72906
13.74605
13.75903
13.77137
13.78392
13.79695
13.80933
13.82174
13.83362
13.84593
13.85858
13.87219
13.88365
13.89626
13.90844
13.9206
13.932
13.94402
13.95701
13.96853
13.98087
13.99169
14.00353
14.01615
14.02814
14.04012
14.05327
14.06448
14.07561
14.08826
14.10055
14.11193
TARGET DESTROYED 
14.12302
14.14005
14.15301
14.17433
14.18759
14.1991
14.20963
14.22109
14.23229
14.2431
14.25459
14.26553
14.27677
14.28806
14.30013
14.3115
14.32426
14.34006
14.35235
14.36294
14.37408
14.38518
14.39624
14.40692
14.41765
14.42904
14.43981
14.45475
14.46686
14.47984
14.49284
14.51306
14.5268
14.53974
14.55083
14.56296
14.57513
14.587
14.59902
14.61136
14.62327
14.63459
14.64606
14.65718
14.6678
14.67877
14.69009
14.70328
14.71617
14.72824
14.73903
14.74979
14.76278
14.77359
14.78366
14.79626
14.80709
14.8184
14.83053
14.84209
14.85428
14.8668
14.87926
14.8913
14.90268
14.91465
14.92707
14.93934
14.94927
14.96019
14.97013
14.98052
14.9915
15.00283
15.01445
15.02701
15.03807
15.04964
15.06057
15.07202
15.08405
15.09562
15.10723
15.11998
15.13085
15.14148
15.15799
15.17061
15.18186
15.19348
15.2064
15.21936
15.23245
15.24461
15.25651
15.26672
15.27774
15.29109
15.30148
15.31284
15.32387
15.33501
15.34738
15.35825
15.36819
15.37856
15.38965
15.3999
15.41039
15.4212
15.43173
15.44222
15.4525
15.46329
15.47363
15.48386
15.49474
15.50562
15.51703
15.52767
15.53897
15.5502
15.56138
15.57259
15.58341
15.5947
15.60603
15.61712
15.63082
15.64232
15.65285
15.66313
15.6745
15.68473
15.697
15.70956
15.72276
15.7345
15.74668
15.7595
15.77182
15.78424
15.79681
15.809
15.82127
15.83362
15.84597
15.86322
15.87553
15.88746
15.8997
15.91182
15.92477
15.93682
15.94999
15.96331
15.97612
15.98929
16.00131
16.01452
16.02525
16.03656
TARGET DESTROYED 
16.04966
16.0662
16.07764
16.08957
16.1009
16.11237
16.12474
16.13632
16.14798
16.15946
16.17103
16.18983
16.20262
16.21436
16.22565
16.23694
16.24858
16.25998
16.2715
16.28303
16.29527
16.3063
16.31695
16.32843
16.34052
16.35189
16.36448
16.37682
16.38847
16.39994
16.41155
16.42309
16.43463
16.4464
16.45817
16.46983
16.4822
16.49448
16.5067
16.51867
16.5312
16.54344
16.55996
16.57156
16.58351
16.59559
16.60786
16.61921
16.63131
16.64377
16.65695
16.66815
16.67894
16.6895
16.70035
16.71166
16.72285
16.73439
16.74515
16.75671
16.76791
16.77876
16.79003
16.80153
16.81249
16.82372
16.83462
16.84567
16.85698
16.86817
16.87992
16.8905
16.90153
16.91367
16.92506
16.93749
16.94957
16.96204
16.97495
16.9873
17.00043
17.01247
17.02475
17.03651
17.04864
17.06057
17.07317
17.08551
17.09811
17.11024
17.12294
17.13514
17.14804
17.16022
17.17181
17.18292
17.19473
17.207
17.21953
17.23212
17.2444
17.25759
17.27525
17.28889
17.30239
17.3148
17.32761
17.34024
17.35394
17.36674
17.379
17.39189
17.40701
17.42202
17.43505
17.44722
17.45947
17.47149
17.48314
17.4951
17.50708
17.51757
17.52837
17.54044
17.55161
17.56247
17.57392
17.58466
17.59616
17.61161
17.62387
17.63595
17.64791
17.66084
17.67263
17.68415
17.69565
17.70722
17.71839
17.73075
17.74243
17.75533
17.76682
17.7783
17.7907
17.80241
17.81409
17.8258
17.83755
17.84865
17.86035
17.87166
17.88302
17.89497
17.90724
17.91859
17.93012
17.94131
17.95245
17.96445
17.97592
17.99172
18.00395
18.01548
18.0266
18.03856
18.05014
18.06254
TARGET DESTROYED 
18.07495
18.09158
18.10394
18.11503
18.12666
18.1389
18.14927
18.16023
18.17238
18.18288
18.19355
18.20506
18.21618
18.23382
18.24701
18.25766
18.26839
18.27983
18.29073
18.30168
18.31305
18.32427
18.33552
18.34711
18.35794
18.36911
18.38062
18.39186
18.40287
18.41386
18.42487
18.43568
18.44675
18.45768
18.46821
18.48324
18.49496
18.5063
18.51702
18.52812
18.5394
18.54976
18.56067
18.57199
18.58274
18.59363
18.60462
18.61561
18.62694
18.638
18.64838
18.65905
18.67761
18.68931
18.70004
18.71133
18.72233
18.73357
18.74534
18.75672
18.76758
18.77886
18.79009
18.80046
18.81286
18.82459
18.83618
18.84857
18.86025
18.87262
18.88426
18.89638
18.90829
18.92068
18.93257
18.9444
18.9566
18.96802
18.97979
18.99172
19.00432
19.01559
19.02688
19.03865
19.04957
19.06124
19.07338
19.08445
19.09672
19.10863
19.1197
19.13132
19.14273
19.15437
19.16617
19.17799
19.18967
19.20118
19.21307
19.22495
19.2366
19.24889
19.26121
19.27437
19.28782
19.30092
19.31401
19.32696
19.34034
19.35276
19.36565
19.37897
19.39639
19.40992
19.42287
19.43598
19.44891
19.46148
19.47502
19.48833
19.50155
19.51457
19.5269
19.53934
19.55184
19.56425
19.5765
19.58904
19.60114
19.61794
19.63136
19.64367
19.65667
19.66982
19.68294
19.69522
19.70827
19.7187
19.72992
19.7408
19.75141
19.76212
19.77343
19.78436
19.79499
19.80643
19.81743
19.82843
19.83943
19.85052
19.86154
TARGET DESTROYED 
19.8729
19.88835
19.89969
19.9108
19.92291
19.93481
19.9521
19.96445
19.97563
19.98731
19.99881
20.01065
20.02253
20.03334
20.0448
20.05645
20.06801
20.08064
20.09295
20.10892
20.11999
20.13069
20.14246
20.15466
20.16652
20.17795
20.18833
20.1989
20.21104
20.22667
20.24101
20.25614
20.2679
20.27988
20.29258
20.30439
20.31603
20.32881
20.34104
20.35335
20.36473
20.3765
20.38853
20.39967
20.41209
20.42587
20.4372
20.44887
20.46028
20.47317
20.48449
20.49601
20.50809
20.5198
20.532
20.5438
20.5549
20.56623
20.57769
20.58916
20.60011
20.61191
20.62394
20.63569
20.64887
20.66142
20.67481
20.69023
20.70402
20.71686
20.73005
20.74356
20.75679
20.76945
20.78257
20.7953
20.80897
20.82259
20.83634
20.85407
20.86742
20.88053
20.89338
20.90686
20.92026
20.9333
20.9467
20.95959
20.973
20.9864
20.99896
21.01192
21.02494
21.0387
21.05275
21.06663
21.07993
21.09321
21.1071
21.12015
21.13326
21.14659
21.15987
21.17361
21.1877
21.20055
21.21392
21.22677
21.24064
21.25364
21.26674
21.28014
21.29335
21.30678
21.32051
21.33377
21.34723
21.36003
21.37328
21.3867
21.39967
21.4129
21.42577
21.43902
21.45235
21.4655
21.47884
21.49232
21.50625
21.51887
21.53161
21.54463
21.55732
21.56981
21.58219
21.5945
21.60595
21.61683
21.63707
21.64998
21.6624
21.67459
21.6897
21.70167
21.71404
21.72609
21.73831
21.7497
21.76126
21.77351
21.78569
21.79761
21.80989
21.82262
21.83473
21.84682
21.85905
21.87196
21.88363
21.8957
21.90745
21.91997
21.9321
21.94431
21.9562
21.96752
21.97975
21.99165
22.00336
22.01545
22.02724
22.03897
22.05106
22.06322
22.07562
22.08761
22.09939
22.11116
22.1236
22.13565
22.14833
22.161
22.17357
22.18622
22.19818
22.21044
22.22339
22.23526
22.2478
22.2607
22.27325
22.28655
22.29899
22.31113
22.3239
22.337
22.35454
22.36696
22.37939
22.39196
22.4046
22.41724
22.43031
22.44276
22.45617
22.46816
22.48077
22.4933
22.5062
TARGET DESTROYED 
22.51918
22.53835
22.55123
22.56365
22.57574
22.58858
22.60066
22.62
22.63397
22.64655
22.65883
22.67145
22.68383
22.69746
22.71047
22.72346
22.73525
22.74803
22.76046
22.77333
22.78566
22.7988
22.81111
22.82418
22.83623
22.84859
22.86158
22.87395
22.88709
22.89949
22.91117
22.92388
22.9368
22.94992
22.96274
22.97511
22.98844
23.00065
23.01334
23.02574
23.03803
23.05066
23.06405
23.07673
23.08979
23.1026
23.12047
23.13311
23.14581
23.15829
23.1709
23.1834
23.19634
23.20927
23.22258
23.23505
23.24857
23.26148
23.27398
23.28663
23.29863
23.31083
23.32367
23.33604
23.34794
23.35975
23.37197
23.38436
23.39686
23.40918
23.42166
23.43355
23.44537
23.45809
23.46971
23.48203
23.49442
23.50647
23.51938
23.53183
23.5433
23.55536
23.56741
23.57939
23.5916
23.60403
23.61529
23.63137
23.64341
23.6553
23.66694
23.67916
23.69134
23.70397
23.71597
23.72803
23.74397
23.75714
23.77037
23.78226
23.79485
23.80737
23.81936
23.8323
23.84483
23.85824
23.87124
23.88333
23.90052
23.91289
23.92562
23.94014
23.95217
23.96448
23.97684
23.98997
24.00383
24.01608
24.02851
24.04068
24.05289
24.06533
24.0783
24.09083
24.10358
24.11599
24.12891
24.14189
24.15443
24.167
24.17912
24.19174
24.20515
24.21762
24.23006
24.24231
24.25564
24.26811
24.28016
24.29268
24.30497
24.31678
24.33097
24.34349
24.35613
24.36845
24.38049
24.39284
24.40546
24.41755
24.43004
24.44192
24.45454
24.46687
24.47883
24.49152
24.50411
24.51587
24.52795
24.54014
24.55265
24.56471
24.57665
24.58942
24.6016
24.61399
24.62636
24.63858
24.65098
24.66826
24.68067
24.69313
24.70563
24.71998
24.73259
24.74924
24.76207
24.77476
24.78711
24.80025
24.8125
24.82523
24.83896
24.85132
24.86459
24.87774
24.89018
24.90346
24.9156
24.92824
24.941
24.95351
24.96642
24.97867
24.99096
25.00417
25.01597
25.02876
25.04177
25.05426
25.06718
25.07974
25.09272
25.10568
25.1181
25.13043
25.14295
25.15595
25.16841
25.18072
TARGET DESTROYED 
25.19349
25.22274
25.2357
25.24817
25.26101
25.27402
25.29528
25.30947
25.32252
25.33638
25.34886
25.36093
25.37442
25.38623
25.40328
25.41593
25.42912
25.44151
25.45392
25.46675
25.47944
25.49196
25.50445
25.5166
25.52802
25.54075
25.55236
25.56426
25.57713
25.58955
25.60127
25.61721
25.62908
25.64067
25.65226
25.66385
25.67608
25.68827
25.70092
25.71752
25.73239
25.74592
25.759
25.77178
25.78415
25.7966
25.809
25.82211
25.83534
25.84868
25.8605
25.87376
25.88701
25.90009
25.91334
25.92563
25.93826
25.95058
25.96337
25.97584
25.98913
26.00194
26.01483
26.02796
26.04102
26.05444
26.06841
26.08102
26.09439
26.10759
26.1201
26.1329
26.14608
26.15922
26.17449
26.19215
26.20659
26.21855
26.23446
