0.02
0.04
0.14
0.1719265
0.1906017
0.2020434
0.2141206
0.2260606
0.2387085
0.2498413
0.2607886
0.2720074
0.2831469
0.2990144
0.3124114
0.3236196
0.3348769
0.3463234
0.3586406
0.3691918
0.3803929
0.3919026
0.4022173
0.4133588
0.4244242
0.4350219
0.446273
0.4580785
0.4690548
0.4810252
0.4919844
0.503377
0.5148768
0.5256551
0.5361261
0.5477776
0.5603601
0.5709395
0.5821894
0.5932333
0.6043892
0.6154992
0.6273801
0.6386377
0.649237
0.6602636
0.6708841
0.6816778
0.6934323
0.7095173
0.7202032
0.7318166
0.7425545
0.7526373
0.7637322
0.7748098
0.7858149
0.7979534
0.8094204
0.8195221
0.8305571
0.841867
0.852822
0.8641472
0.8752136
0.8861848
0.8973785
0.9087198
0.9197756
0.9311147
0.9428365
0.9531394
0.9645481
0.9755862
0.9868495
0.9983625
1.009938
1.022427
1.032797
1.043498
1.054018
1.066024
1.077093
1.088473
1.099218
1.110265
TARGET DESTROYED 
1.133504
1.145133
1.156039
1.166766
1.178098
1.188999
1.199598
1.21036
1.221569
1.232499
1.244198
1.26401
1.276036
1.288989
1.299761
1.310732
1.322256
1.333051
1.344334
1.355792
1.366936
1.379301
1.390436
1.400917
1.411912
1.423645
1.435454
1.446046
1.458482
1.469097
1.480442
1.491222
1.501812
1.512587
1.523572
1.539811
1.550481
1.561831
1.572664
1.584162
1.594861
1.605958
1.616538
1.628071
1.639202
1.649764
1.661396
1.672964
1.684406
1.6952
1.705931
1.716953
1.728065
1.73938
1.750208
1.761549
1.772462
1.782888
1.794303
1.806815
1.817594
1.828418
1.839386
1.850221
1.86112
1.872141
1.8828
1.893359
1.904609
1.915658
1.926609
1.938421
1.954365
1.965294
1.976743
1.98734
1.999072
2.010053
2.020711
2.031756
2.043278
2.054113
2.065206
2.076366
2.087341
2.098183
2.109062
2.119394
2.130516
2.142336
2.153349
2.164125
2.175217
2.186363
2.197147
2.209216
2.220039
2.231194
2.242462
2.252842
TARGET DESTROYED 
2.267762
2.278723
2.289609
2.300459
2.31149
2.322094
2.332927
2.344312
2.366724
2.379779
2.391226
2.402273
2.414053
2.424944
2.435304
2.446202
2.457542
2.468449
2.479607
2.491143
2.502293
2.513346
2.524957
2.535676
2.546489
2.557755
2.568364
2.579356
2.590924
2.601386
2.612666
2.624821
2.635558
2.647196
2.658467
2.669066
2.68029
2.691572
2.703241
2.715013
2.726685
2.73772
2.749536
2.761261
2.772718
2.789485
2.800887
2.813163
2.826415
2.837327
2.849235
2.861042
2.872759
2.883997
2.895964
2.908184
2.919887
2.93123
2.942601
2.953944
2.965322
2.976703
2.988101
2.999532
3.011376
3.023376
3.035099
3.046952
3.059372
3.070743
3.082489
3.09424
3.105867
3.117413
3.129064
3.141162
3.152907
3.16503
3.176495
3.188492
3.199803
3.21162
3.228343
3.240347
3.25161
3.263402
3.275491
3.286727
3.299031
3.310267
3.32177
3.33233
3.343714
3.355186
3.365902
3.377733
3.388768
3.399709
3.411014
TARGET DESTROYED 
3.426579
3.445084
3.458125
3.468572
3.479759
3.490908
3.501688
3.513666
3.524634
3.535291
3.546379
3.557559
3.569102
3.580687
3.591714
3.602385
3.613243
3.624998
3.636063
3.652673
3.664866
3.67745
3.689396
3.7011
3.713345
3.725467
3.736965
3.74896
3.761075
3.772805
3.78456
3.796177
3.807891
3.82047
3.832751
3.844532
3.857261
3.868685
3.880332
3.892533
3.904025
3.915723
3.927826
3.940044
3.951541
3.963195
3.975566
3.987458
3.99959
4.011237
4.023057
4.035052
4.047531
4.059613
4.072539
4.084488
4.101138
4.113331
4.125586
4.137509
4.149259
4.160862
4.172761
4.183922
4.19562
4.207479
4.218991
4.230873
4.242495
4.253972
4.265694
4.277937
4.290198
4.301293
4.31258
4.324363
4.335704
4.347164
4.359058
4.371887
4.390291
4.401928
4.413614
4.425718
4.437118
4.449576
TARGET DESTROYED 
4.466065
4.478686
4.490271
4.501616
4.513365
4.530912
4.548465
4.560749
4.572593
4.583665
4.595332
4.606908
4.61802
4.630028
4.641834
4.653157
4.664798
4.676703
4.688831
4.700524
4.71207
4.723658
4.734998
4.746543
4.758583
4.769682
4.781386
4.792885
4.803929
4.815945
4.829451
4.840891
4.85336
4.865252
4.876742
4.889028
4.900597
4.912452
4.924458
4.936061
4.947437
4.959539
4.971435
4.982971
4.999916
5.011679
5.023676
5.035591
5.047639
5.059796
5.07117
5.083171
5.095253
5.107522
5.119504
5.131549
5.143187
5.154493
5.165913
5.177944
5.190879
5.202241
5.213978
5.225492
5.236784
5.248823
5.260404
5.27206
5.283716
5.295886
5.308027
5.319915
5.332044
5.343838
5.35645
5.367894
5.38006
5.391955
5.404117
5.416451
5.428469
5.445621
5.458092
5.469623
5.481602
5.493949
5.506089
5.517677
5.529525
5.541901
5.560629
5.572112
5.583762
5.595704
5.60768
5.619322
5.631575
5.64397
5.656164
5.667473
5.679373
5.691449
5.702957
5.714962
5.727416
5.740109
5.75193
5.764295
5.776229
5.78864
5.800975
5.812553
5.824172
5.835352
5.848059
5.860857
5.873494
5.890206
5.907129
5.918826
5.930401
5.94202
5.953188
5.965023
5.976943
5.98858
6.000575
6.012981
6.024909
6.036048
6.048045
6.059889
6.071228
6.082661
6.094822
6.106599
6.118492
6.130703
6.142217
6.153427
6.165202
6.17691
6.188491
6.200502
6.212313
6.224237
6.235693
6.248072
6.259438
6.270625
6.281922
6.293437
TARGET DESTROYED 
6.310247
6.322385
6.333984
6.350541
6.362697
6.381257
6.394034
6.406158
6.417921
6.429388
6.441204
6.452352
6.464235
6.47589
6.487154
6.499409
6.511005
6.522921
6.535407
6.546943
6.55917
6.571327
6.582745
6.594375
6.605989
6.617436
6.629913
6.64168
6.652825
6.664394
6.676518
6.689021
6.700603
6.712337
6.724353
6.73609
6.747496
6.759454
6.770849
6.78748
6.79921
6.810918
6.822838
6.834856
6.847436
6.861121
6.872911
6.884475
6.896109
6.908013
6.919161
6.930741
6.943259
6.955318
6.967171
6.979241
6.991777
7.003574
7.01558
7.027849
7.04009
7.051999
7.06419
7.076236
7.08843
7.100326
7.112236
7.124991
7.137018
7.149626
7.161873
7.174424
7.186069
7.19814
7.210239
7.222299
7.234236
7.251301
7.263884
7.276555
7.288789
7.300805
7.31305
7.325328
7.337189
7.349871
7.361701
7.373828
7.386204
7.398469
7.410602
7.423179
7.435028
7.447257
7.459925
7.47235
7.484562
7.497231
7.509349
7.521506
7.533465
7.545568
7.558237
7.570262
7.582607
7.594675
7.606739
7.618889
7.631791
7.644838
7.65695
7.668495
7.68062
7.692595
7.709357
7.721934
7.733516
7.745295
7.757356
7.769324
7.781718
7.794402
7.806898
7.818629
7.831038
7.843855
7.856842
7.86971
7.881352
7.893069
7.90414
7.915736
TARGET DESTROYED 
7.932646
7.950193
7.962457
7.974761
7.986046
7.997608
8.009048
8.020256
8.031572
8.043181
8.05444
8.066006
8.077884
8.089568
8.10097
8.113328
8.125211
8.136012
8.147139
8.163189
8.1751
8.186049
8.197808
8.210218
8.221668
8.233092
8.2448
8.256155
8.267695
8.279315
8.290929
8.303242
8.314547
8.325921
8.336724
8.347998
8.359751
8.370756
8.382948
8.394485
8.40652
8.417769
8.429276
8.440955
8.452332
8.463785
8.475293
8.486631
8.4987
8.510556
8.522197
8.533751
8.545523
8.557931
8.570118
8.582172
8.594308
8.611204
8.624111
8.63555
8.64725
8.659624
8.671935
8.683538
8.695426
8.707248
8.718956
8.730565
8.742679
8.754262
8.765985
8.778008
8.790223
8.802199
8.814047
8.82619
8.837654
8.849802
8.861507
8.874455
8.885812
8.897559
8.909615
8.921403
8.932891
8.944823
8.956841
8.968433
8.979945
8.991858
9.003867
9.015703
9.027976
9.040402
9.051625
9.068425
9.080414
9.092527
9.10429
9.116236
9.128284
9.140914
9.152279
9.164042
9.176063
9.19054
9.201979
9.214937
9.227196
9.238992
9.250468
9.262407
9.274501
9.286075
9.298174
9.309974
9.321585
9.333231
9.34525
9.358441
9.369986
9.382059
9.394297
9.406722
9.418607
9.43065
9.442286
9.454314
9.466356
9.477775
9.490514
9.502701
9.51471
9.526818
9.544272
9.557117
9.569383
9.581099
9.593724
9.606067
9.617899
9.630633
9.642868
9.65556
9.667284
9.679257
9.690989
9.702907
9.715137
9.72733
9.739703
9.751262
9.763618
9.776267
9.78863
9.800206
9.812461
TARGET DESTROYED 
9.839494
9.851658
9.863704
9.877437
9.889416
9.900945
9.912999
9.925305
9.936883
9.949407
9.961552
9.974698
10.00069
10.01363
10.02667
10.03887
10.05111
10.06384
10.07686
10.08972
10.10192
10.11432
10.12768
10.14075
10.15271
10.16498
10.17745
10.18964
10.20147
10.21378
10.22587
10.2374
10.24911
10.26138
10.27399
10.28652
10.29916
10.31152
10.32369
10.3383
10.35075
10.36284
10.37606
10.38811
10.40038
10.41234
10.42442
10.43678
10.44886
10.46108
10.47911
10.49211
10.5037
10.51573
10.52793
10.54004
10.55177
10.56406
10.57692
10.58988
10.60158
10.61353
10.62676
10.63896
10.65085
10.66327
10.67547
10.68706
10.70027
10.71245
10.72469
10.73694
10.74897
10.76088
10.77162
10.78628
10.79902
10.81159
10.85328
