0.02
0.04
0.14
0.1751984
0.1877915
0.1981623
0.2086375
0.2187713
0.2299775
0.2440845
0.2566182
0.2659577
0.2748725
0.2855905
0.2970563
0.3097257
0.3189199
0.3302268
0.3414485
0.3526499
0.3637304
0.37504
0.3861535
0.3971432
0.4084948
0.4194508
0.4308649
0.4420677
0.4533419
0.4644288
0.4755077
0.486525
0.4976241
0.5089789
0.5237679
0.5330942
0.5422736
0.5537295
0.5648228
0.5760832
0.5872526
0.5982956
0.6095987
0.6205464
0.632058
0.643118
0.654442
0.6659892
0.6764185
0.6877049
0.6991252
0.7100395
0.7209281
0.732707
0.7436018
0.7545937
0.7663951
0.7770884
0.7884018
0.7995288
0.8104053
0.8217783
0.8330846
0.8441468
0.855108
0.8667185
0.87738
0.8923419
0.9035241
0.9148269
0.926345
0.9374165
0.9491119
0.9606881
0.9712396
0.9835763
0.9941922
1.005833
1.017414
1.027658
1.038898
1.050541
1.061098
1.07285
1.084296
1.094647
1.105894
1.117198
1.128243
1.13923
1.150787
1.161629
1.172945
1.184454
1.195279
1.206399
1.217814
1.229421
1.240891
1.259151
1.269057
1.279566
1.290788
1.302156
1.313357
1.32441
1.335555
1.346595
1.357875
1.369079
1.380649
1.391551
1.402501
1.414238
1.42484
1.436111
1.447182
1.458523
1.469493
1.480757
1.492147
1.503318
1.514175
1.525551
1.53661
1.547873
1.559037
1.570451
1.584929
1.595208
1.605056
1.614686
1.62601
1.637005
1.648303
1.659358
1.670661
1.682361
1.703519
1.713289
1.722718
1.732556
1.743101
1.752805
1.762256
1.773075
1.782904
1.79361
1.804715
1.81586
1.826969
1.838109
1.84957
1.860735
1.8715
1.883332
1.894011
1.905305
1.916576
1.927495
1.938599
1.950154
1.964573
1.980885
1.995189
2.005764
2.017403
2.028147
2.039193
2.052107
2.062862
2.073147
2.084081
2.095231
2.106378
2.117763
2.128603
2.140143
2.151068
2.162102
2.173753
2.185521
2.195949
2.206658
2.218392
2.22912
2.240303
2.251491
2.262562
2.273818
2.28494
2.296118
2.307427
2.318596
2.329817
2.34112
2.352053
2.363232
2.374442
2.385648
2.396549
2.407954
2.419171
2.430092
2.441445
2.452443
2.463638
2.475403
2.487054
2.497166
2.509089
2.519818
2.530574
2.542234
2.553458
2.564422
2.576691
2.587522
2.59911
2.61062
2.621728
2.633796
2.644799
2.655774
2.667445
2.678553
2.689899
2.704837
2.714773
2.724506
2.735306
2.74705
2.758281
2.769161
2.780001
2.791469
2.80279
2.813411
2.825117
2.835875
2.847043
2.858087
2.869218
2.880648
2.891528
2.902902
2.91456
2.925409
2.936575
2.947339
2.958956
2.970009
2.981065
2.992764
3.003348
3.014473
3.025757
3.036807
3.048267
3.059443
3.070665
3.081952
3.093314
3.104709
3.115926
3.12698
3.138336
3.149828
3.160755
3.172133
3.183993
3.194648
3.205832
3.21728
3.228027
3.23938
3.250796
3.261572
3.273201
3.28424
3.295107
3.306551
3.317839
3.32851
3.339805
3.351227
3.361995
3.373587
3.384668
3.39562
3.406892
3.41807
3.42945
3.448791
3.459812
3.470584
3.481681
3.492386
3.50333
3.513832
3.525043
3.535804
3.547052
3.558315
3.569477
3.580741
3.591891
3.602942
3.615812
3.626097
3.636796
3.647659
3.658979
3.670029
3.681231
3.692477
3.703456
3.714791
3.726047
3.737354
3.748143
3.759698
3.770496
3.787256
3.798273
3.808414
3.819061
3.828977
3.839039
3.849277
3.859935
3.871072
3.883511
3.894556
3.905369
3.917074
3.928296
3.939755
3.951195
3.962156
3.973459
3.984771
3.995921
4.007528
4.018321
4.02917
4.041041
4.051877
4.06282
4.073859
4.085168
4.096282
4.107597
4.118805
4.130106
4.141158
4.152312
4.163531
4.175008
4.1862
4.19767
4.209137
4.220225
4.231684
4.243022
4.254333
4.26643
4.277107
4.289354
4.300101
4.311156
4.322759
4.334595
4.345296
4.356495
4.368523
4.378575
4.389614
4.401505
4.412034
4.423308
4.434667
4.445642
4.457045
4.46805
4.479127
4.490296
4.501556
4.512691
4.524356
4.535172
4.546046
4.557424
4.568688
4.579724
4.591225
4.602361
4.613104
4.624742
4.635557
4.64675
4.657989
4.669168
4.68042
4.69151
4.702651
4.713762
4.725303
4.736128
4.74716
4.758716
4.769552
4.780759
4.792211
4.803185
4.814274
4.825472
4.839256
4.849789
4.859823
4.875965
4.886944
4.899686
4.910286
4.921498
4.933083
4.944251
4.955171
4.966547
4.97761
4.988447
5.000012
5.010856
5.022135
5.033556
5.045063
5.055557
5.066914
5.077892
5.088974
5.100436
5.111979
5.122947
5.134109
5.144851
5.15613
5.167293
5.178458
5.18952
5.201057
5.211825
5.223019
5.234645
5.245549
5.257003
5.268617
5.279663
5.291281
5.302602
5.314295
5.325489
5.336725
5.348717
5.359845
5.370954
5.382577
5.393932
5.405118
5.416894
5.427615
5.439335
5.450818
5.462172
5.473559
5.484637
5.495516
5.506768
5.518022
5.529065
5.540239
5.551665
5.562518
5.573967
5.585096
5.596101
5.607203
5.61871
5.631555
5.64227
5.652803
5.663166
5.674575
5.685595
5.696579
5.707772
5.719012
5.730141
5.741498
5.752712
5.76373
5.775228
5.786902
5.797871
5.808457
5.819587
5.830632
5.842029
5.853061
5.864297
5.875487
5.886647
5.89763
5.908896
5.920286
5.931238
5.94264
5.959073
5.97015
5.981216
5.992381
6.00461
6.015792
6.026834
6.037904
6.050466
6.07467
6.085634
6.096368
6.107078
6.118318
6.129094
6.13994
6.150774
6.161387
6.172293
6.183869
6.194332
6.205629
6.216976
6.228369
6.239129
6.250784
6.261681
6.272432
6.284225
6.295233
6.305954
6.317446
6.328354
6.339595
6.351708
6.362156
6.373242
6.384568
6.395434
6.406999
6.418516
6.429444
6.440314
6.451383
6.462705
6.474077
6.484846
6.496024
6.507411
6.518336
6.529573
6.541043
6.55197
6.563304
6.574327
6.585737
6.596869
6.608025
6.619606
6.631053
6.643651
6.654554
6.665952
6.677413
6.688947
6.700748
6.712386
6.723891
6.735504
6.746991
6.758273
6.769534
6.780292
6.791698
6.803377
6.813908
6.824892
6.836682
6.847358
6.858565
6.869912
6.880955
6.89209
6.903828
6.914978
6.926435
6.937695
6.948164
6.958941
6.969987
6.981858
6.993736
7.005383
7.016782
7.027653
7.038896
7.051096
7.06716
7.078961
7.090188
7.101604
7.112588
7.123434
7.134932
7.14632
7.157424
7.189738
7.201287
7.212076
7.22319
7.234047
7.24492
7.258608
7.269712
7.280387
7.292309
7.303583
7.314297
7.325316
7.336393
7.347328
7.358312
7.369182
7.380035
7.391148
7.402097
7.413002
7.424265
7.435171
7.445964
7.456807
7.468229
7.478911
7.489982
7.501596
7.512407
7.523653
7.534882
7.546021
7.556915
7.568409
7.579474
7.590874
7.602066
7.612826
7.624488
7.635356
7.646816
7.658088
7.669008
7.68012
7.691817
7.702982
7.714185
7.725225
7.736083
7.746926
7.758353
7.769729
7.780647
7.792166
7.803273
7.815693
7.827056
7.838988
7.85119
7.862872
7.873978
7.886089
7.897017
7.908419
7.919623
7.930729
7.941849
7.952977
7.964299
7.976243
7.986633
7.997705
8.008876
8.020134
8.031105
8.042737
8.053685
8.064678
8.075906
8.087037
8.098361
8.109312
8.120601
8.131928
8.142993
8.154271
8.165257
8.180176
8.19058
8.201042
8.210841
8.220903
8.23112
8.241536
8.252437
8.26358
8.274769
8.286162
8.296926
8.30841
8.31949
8.33035
8.341943
8.352986
8.364
8.375211
8.386512
8.397517
8.408995
8.41998
8.430974
8.44248
8.453427
8.464513
8.475708
8.486917
8.498121
8.509268
8.520491
8.531652
8.542783
8.553928
8.56547
8.57651
8.587995
8.599793
8.610641
8.622198
8.633524
8.644309
8.656503
8.667207
8.678537
8.689658
8.701104
8.712416
8.724383
8.734828
8.746048
8.757545
8.768385
8.779609
8.790909
8.802014
8.813242
8.824489
8.835454
8.846615
8.857837
8.869038
8.879964
8.891399
8.902561
8.913855
8.925103
8.935995
8.947228
8.958269
8.96943
8.98076
8.992358
9.003117
9.014178
9.025259
9.036432
9.047659
9.058864
9.070166
9.081227
9.092441
9.103641
9.115123
9.125942
9.137508
9.14914
9.160822
9.171469
9.181652
9.192966
9.204035
9.21563
9.227467
9.242771
9.253759
9.263979
9.274231
9.284879
9.295173
9.305826
9.316279
9.326955
9.337618
9.347836
9.358782
9.369779
9.380306
9.391705
9.402596
9.412787
9.424061
9.435739
9.44628
9.456717
9.46723
9.478303
9.489527
9.500878
9.511816
9.522964
9.534644
9.545459
9.55641
9.567794
9.578718
9.590137
9.601372
9.61246
9.623613
9.634811
9.645828
9.657092
9.669777
9.680276
9.691434
9.702643
9.713971
9.725533
9.73689
9.749234
9.759887
9.771335
9.782801
9.794163
9.805935
9.817533
9.828263
9.84006
9.851829
9.862419
9.873925
9.885348
9.896626
9.907778
9.918906
9.930262
9.941085
9.952583
9.963845
9.9748
9.985938
9.997057
10.00863
10.01951
10.03064
10.04218
10.05285
10.06413
10.07547
10.08662
10.09772
10.10889
10.11987
10.13128
10.14237
10.15368
10.16502
10.17576
10.18706
10.19832
10.2092
10.22052
10.23174
10.24289
10.25395
10.26543
10.27634
10.28747
10.30327
10.31364
10.3249
10.33606
10.34633
10.35711
10.36761
10.37777
10.38848
10.39937
10.40992
10.42039
10.43066
10.44099
10.45156
10.46193
10.47272
10.48415
10.49499
10.50613
10.51722
10.52827
10.53927
10.55085
10.56188
10.57298
10.5844
10.59527
10.60637
10.61771
10.62941
10.64038
10.65137
10.66248
10.67397
10.68504
10.69588
10.70695
10.71811
10.72954
10.74081
10.75277
10.77567
10.78736
10.79777
10.80895
10.82027
10.83012
10.84121
10.85293
10.86334
10.87464
10.88578
10.89698
10.9087
10.92035
10.93341
10.94558
10.95819
10.9693
10.97953
10.98967
11.00149
11.012
11.02243
11.0328
11.04457
11.05485
11.0652
11.07562
11.08669
11.0979
11.10951
11.12028
11.13146
11.14263
11.15387
11.16505
11.17622
11.18719
11.19876
11.21001
11.22085
11.23215
11.24309
11.25419
11.266
11.27673
11.28844
11.30029
11.31155
11.32711
11.33807
11.34823
11.35918
11.36951
11.37951
11.39104
11.40238
11.41387
11.42509
11.43578
11.44722
11.45804
11.46922
11.48034
11.49182
11.50263
11.51401
11.5252
11.53621
11.54731
11.55848
11.56964
11.58108
11.5921
11.60336
11.6144
11.62568
11.63686
11.64801
11.65906
11.67027
11.68195
11.69373
11.70404
11.71587
11.72668
11.73896
11.74989
11.7608
11.772
11.7835
11.79453
11.80592
11.81739
TARGET DESTROYED 
11.82868
11.84823
11.85979
11.87097
11.88103
11.89173
11.91102
11.923
11.93352
11.94416
11.95503
11.96534
11.97627
11.98679
11.99833
12.00914
12.01986
12.0297
12.04005
12.05097
12.06126
12.07202
12.08225
12.09263
12.10339
12.11437
12.12554
12.13705
12.14797
12.15914
12.17057
12.18149
12.19264
12.20397
12.21527
12.22672
12.23743
12.24853
12.25947
12.27117
12.28214
12.29318
12.30425
12.31566
12.3266
12.33757
12.354
12.3651
12.37579
12.38666
12.39683
12.40773
12.41872
12.42902
12.4404
12.45156
12.46271
12.47399
12.48518
12.49624
12.50822
12.51878
12.52965
12.54095
12.55215
12.56354
12.57447
12.58579
12.59676
12.60777
12.61917
12.63015
12.64178
12.65263
12.66388
12.67527
12.68669
12.6988
12.71033
12.72177
12.73324
12.74506
12.75651
12.76844
12.78013
12.79247
12.80393
12.81598
12.82793
12.83979
12.8518
12.86359
12.87479
12.88634
12.89769
12.9094
12.92091
12.93224
12.94387
12.95544
12.96939
12.9804
12.99247
13.00413
13.01586
13.02697
13.03834
13.04993
13.06124
13.07257
13.08393
13.09517
13.10697
13.11852
13.13101
13.14231
13.1538
TARGET DESTROYED 
13.16494
13.1815
13.19321
13.20492
13.21595
13.22737
13.23846
13.25875
13.27056
13.28162
13.2996
13.3118
13.32287
13.335
13.3474
13.35935
13.37097
13.38307
13.39492
13.40633
13.41821
13.42951
13.44601
13.4578
13.46918
13.48012
13.49131
13.50275
13.51369
13.52492
13.53655
13.54751
13.55925
13.5705
13.58141
13.5928
13.60443
13.61554
13.62703
13.63832
13.64996
13.66092
13.67213
13.6837
13.69492
13.70688
13.71802
13.73047
13.74209
13.75358
13.76487
13.77614
13.78864
13.80136
13.81341
13.82509
13.83693
13.84881
13.8609
13.87285
13.88484
13.90278
13.91579
13.92762
13.93961
13.95191
13.96362
13.97582
13.98784
13.99995
14.01206
14.02446
14.03647
14.04877
14.06058
14.07337
14.08549
14.09739
14.1099
14.12181
14.13406
14.14622
14.15868
14.17063
14.18223
14.19271
14.20303
14.21448
14.2261
14.23674
14.2477
14.25907
14.27055
14.28142
14.29306
14.30449
14.31569
14.32684
14.33857
14.34992
14.36134
14.37347
14.38497
14.39627
14.40774
14.41897
14.43081
14.44175
14.45273
14.46366
14.47452
14.48443
14.49427
14.50477
14.51627
14.52723
14.53865
14.54965
14.56419
14.57436
14.58484
14.5943
14.60516
14.61681
14.62826
14.64004
14.65119
14.66284
14.67414
14.68591
14.69751
14.70874
14.71963
14.73084
14.74209
TARGET DESTROYED 
14.75323
14.76757
14.77783
14.78821
14.79799
14.80951
14.8208
14.83219
14.84324
14.85465
14.87094
14.88221
14.89224
14.90267
14.91261
14.92296
14.93311
14.94305
14.95461
14.96445
14.97464
14.98585
14.99756
15.00966
15.02113
15.03203
15.04402
15.05548
15.06686
15.07925
15.09186
15.10465
15.11664
15.12851
15.14018
15.15206
15.16414
15.17634
15.18824
15.19981
15.2115
15.22344
15.23551
15.24728
15.25922
15.27145
15.2833
15.2949
15.30553
15.31636
15.32709
15.33747
15.34815
15.35921
15.36996
15.38038
15.39113
15.40167
15.41197
15.42263
15.4334
15.44385
15.45459
15.46556
15.47688
15.48774
15.49906
15.50986
15.52102
15.53242
15.54364
15.5547
15.56597
15.57704
15.58814
15.59997
15.61537
15.62611
15.6375
15.64801
15.65868
15.66916
15.67945
15.69024
15.70063
15.71122
15.72304
15.7343
15.74567
15.75764
15.76863
15.78005
15.79173
15.80311
15.81433
15.82528
15.83628
15.84752
15.85893
15.87007
15.88135
15.89216
15.90316
15.91498
15.92654
15.93771
15.94875
15.95944
15.97055
15.98157
15.99325
16.00426
16.01612
16.02719
16.03865
16.0498
16.06081
16.07243
16.0837
16.09473
16.10636
16.11758
16.12882
16.14017
16.15163
16.16289
16.17424
16.18578
16.19632
16.20768
16.21875
16.22985
16.24112
16.25218
16.26354
16.27469
16.28589
16.29678
16.30807
16.31927
16.33031
16.34189
16.35301
16.36378
16.37519
16.38629
16.3973
16.40878
16.41996
16.43089
16.44209
16.45328
16.46448
16.47574
TARGET DESTROYED 
16.48684
16.50513
16.51748
16.52913
16.54079
16.55263
16.56408
16.5764
16.59476
16.61238
16.62436
16.63663
16.64842
16.66046
16.67193
16.68371
16.69562
16.70705
16.71874
16.73136
16.74425
16.7564
16.76865
16.78031
16.79264
16.80504
16.81728
16.82906
16.84116
16.85372
16.8653
16.87733
16.89009
16.90241
16.91449
16.92693
16.93898
16.95122
16.96318
16.97517
16.98697
16.99894
17.01128
17.0245
17.03647
17.04868
17.06179
17.07436
17.08737
17.0995
17.12714
17.14019
17.15226
17.16389
17.17534
17.1876
17.19992
17.21153
17.2236
17.23567
17.24738
17.26206
17.27386
17.28625
17.2975
17.30929
17.32162
17.34371
17.36666
17.38856
17.4106
17.42065
17.43126
17.44242
17.45363
17.46493
17.47594
17.48708
17.49826
17.50943
17.52077
17.53184
17.54305
17.55414
17.56552
17.57648
17.58757
17.59917
17.61002
17.6211
17.6327
17.64356
17.6551
17.6659
17.67718
17.68815
17.69962
17.71055
17.72166
17.73344
17.744
17.75508
17.76661
17.77844
17.78962
17.80495
17.81536
17.82561
17.83628
17.8466
17.85661
17.86714
17.87795
17.8891
17.90055
17.91162
17.92285
17.9343
17.94589
17.95741
17.9691
17.9803
17.99226
18.00276
18.01398
18.02522
18.03632
18.04737
18.05868
18.06985
18.08091
18.09234
18.10345
18.11451
18.12591
18.1367
18.14827
18.15919
18.17057
18.18192
18.19339
18.20448
18.21622
18.22738
18.23845
18.2502
18.26281
18.27305
18.28472
18.29587
18.30669
18.31835
TARGET DESTROYED 
18.32921
18.34434
18.35529
18.36595
18.37647
18.3874
18.39764
18.40801
18.41872
18.42861
18.43917
18.45052
18.46193
18.47914
18.49064
18.50179
18.51247
18.52277
18.53474
18.54672
18.55857
18.57074
18.58178
18.59297
18.60434
18.61546
18.62638
18.63755
18.64882
18.66041
18.67133
18.68258
18.69354
18.70449
18.71605
18.7269
18.73812
18.74978
18.76096
18.7728
18.78437
18.79524
18.80588
18.81755
18.82874
18.83973
18.85548
18.86674
18.87819
18.88911
18.90029
18.91101
18.92185
18.933
18.94412
18.95528
18.96643
18.97739
18.98835
18.99966
19.01067
19.02207
19.03358
19.04566
19.05609
19.06734
19.07845
19.08924
19.10059
19.11135
19.12213
19.1332
19.14393
19.15481
19.16595
19.17665
19.18736
19.19781
19.20857
19.2193
19.23052
19.24195
19.25316
19.26452
19.27606
19.28725
19.29858
19.30977
19.32075
19.33138
19.3423
19.35343
19.36471
19.37568
19.38698
19.39839
19.40955
19.42074
19.43237
19.44372
19.45516
19.46665
19.47784
19.48916
19.50077
19.51174
19.52347
19.5348
19.54611
19.55774
19.56982
19.58088
19.59194
19.60338
19.61435
19.62575
19.63661
19.64766
19.65893
19.6701
19.68204
19.69293
19.70375
19.71536
19.7262
19.73715
19.74871
19.76169
19.77365
19.78564
19.79697
19.80816
19.81936
19.83072
19.84285
19.85452
19.86684
19.87789
19.88928
19.9005
19.91627
19.92761
19.93848
19.94958
19.96088
19.97935
19.99014
20.00121
20.01212
20.02369
20.03565
20.04703
20.05854
20.06953
20.08042
20.09134
20.10222
20.11296
20.12394
20.13498
20.14561
20.15672
20.16818
20.17928
20.1902
20.20142
20.21245
20.22367
20.23486
20.24591
20.25763
20.26883
20.27949
20.29073
20.30198
20.31322
20.32445
20.33567
20.3467
20.35801
20.36958
20.38057
20.3921
20.4036
20.41467
20.42624
20.43774
20.44979
20.46163
20.47295
20.48434
20.49677
20.5088
20.52044
20.53204
20.54355
20.55537
20.56686
20.5782
TARGET DESTROYED 
20.58965
20.60678
20.61806
20.62949
20.6405
20.65183
20.67037
20.68307
20.69395
20.70465
20.71595
20.72715
20.73814
20.74925
20.762
20.77328
20.78501
20.79638
20.80754
20.81925
20.83051
20.84118
20.85223
20.86314
20.87385
20.88456
20.89545
20.90607
20.91648
20.92738
20.93846
20.95015
20.9613
20.97199
20.98409
20.99594
21.00809
21.02465
21.03686
21.04894
21.06051
21.07257
21.08394
21.10353
21.11546
21.12726
21.13877
21.15103
21.16265
21.17442
21.18687
21.19973
21.21152
21.22332
21.23545
21.24671
21.25854
21.27022
21.28153
21.29338
21.30533
21.31712
21.32854
21.34092
21.35229
21.36336
21.37499
21.38657
21.39779
21.40954
21.42135
21.43288
21.44435
21.45582
21.46801
21.47927
21.49067
21.50269
21.51394
21.52581
21.53813
21.54967
21.56123
21.57301
21.58488
21.59616
21.60822
21.62036
21.63147
21.64302
21.6545
21.66597
21.67742
21.68915
21.7007
21.71202
21.72409
21.7357
21.74761
21.7597
21.7732
21.78547
21.79776
21.80985
21.82194
21.83385
21.84561
21.85703
21.86862
21.87996
21.89219
21.90491
21.91722
21.92908
21.941
21.95372
21.966
21.97812
21.99006
22.00261
22.01445
22.0267
22.03921
22.05197
22.06401
22.07624
22.08828
22.10058
22.11194
22.12357
22.13563
22.14641
22.15671
22.16794
22.17834
22.19006
22.20117
22.21216
22.22383
22.23487
22.25035
22.26294
22.27514
22.28726
22.29934
22.31125
22.32322
22.33551
22.34738
22.35929
22.37101
22.38334
22.40264
22.41427
22.4264
22.43837
22.4508
22.4625
22.47437
22.48649
22.49892
22.51105
22.52306
22.53605
22.54743
22.55904
22.57099
22.58321
22.59498
22.60807
22.62014
22.63243
22.64439
22.65665
22.66913
22.68137
22.69337
22.70526
22.71716
22.72938
22.74207
22.75408
22.76485
22.77681
22.78907
22.80078
22.81231
22.82388
22.83596
22.84735
22.85877
22.87101
22.88258
22.89411
22.9058
22.91743
22.92871
22.94029
22.95159
22.96332
22.97488
22.98669
TARGET DESTROYED 
22.99959
23.02695
23.03966
23.05173
23.06271
23.0741
23.08573
23.09701
23.10875
23.12146
23.14169
23.15442
23.16582
23.17719
23.1913
23.20562
23.21972
23.23411
23.24841
23.26345
23.27794
23.29186
23.30593
23.32038
23.3348
23.34905
23.36382
23.37836
23.39822
23.41773
23.43469
23.45074
23.4672
23.48829
23.50502
23.52081
23.53704
23.55337
23.56945
23.58542
23.60146
23.61819
23.63493
23.65088
23.66689
23.68328
23.69941
23.71585
23.73153
23.74837
23.76399
23.77983
23.7971
23.81334
23.83011
23.84776
23.86405
23.88145
23.89734
23.91403
23.93066
23.94629
23.96246
23.978
23.995
24.01032
24.02627
24.04337
24.05972
24.07583
24.09124
24.1069
24.12257
24.1386
24.15458
24.17078
24.18693
24.20282
24.21908
24.23503
24.2516
24.26733
24.28315
24.29895
24.31449
24.33069
24.34609
24.36439
24.38075
24.39774
24.41419
24.43008
24.44857
