0.02
0.04
0.14
0.1809641
0.1939993
0.2054465
0.2147719
0.2243131
0.2340039
0.2450142
0.2563808
0.2673195
0.2785922
0.2899672
0.3028342
0.3120967
0.3232398
0.3343421
0.3456301
0.356675
0.3679483
0.3792508
0.3901825
0.4013204
0.412783
0.423841
0.4407502
0.4503299
0.4593839
0.469006
0.4799159
0.4915882
0.5019966
0.5166839
0.5261938
0.5355962
0.5468583
0.5577889
0.5689695
0.5802967
0.591511
0.6024609
0.6138939
0.6248249
0.6359628
0.6472939
0.6583426
0.6696647
0.6808158
0.6917984
0.7030438
0.7143601
0.7252853
0.7364864
0.7481636
0.7587155
0.7700731
0.7814154
0.7923281
0.8034179
0.8149719
0.8257903
0.8370315
0.8482497
0.859293
0.870361
0.8820243
0.8961887
0.9073135
0.9187713
0.9302986
0.9414051
0.9528757
0.9641291
0.9753662
0.9874771
0.9985188
1.010149
1.021028
1.032208
1.043154
1.054199
1.066189
1.077085
1.087797
1.099147
1.110211
1.12126
1.13258
1.143594
1.154893
1.166511
1.177357
1.188548
1.199452
1.210449
1.222194
1.233266
1.244564
1.255315
1.26659
1.277533
1.288699
1.300053
1.311202
1.322276
1.333537
1.344598
1.355732
1.366928
1.378909
1.389259
1.400432
1.411798
1.423661
1.433954
1.445919
1.45619
1.467498
1.478675
1.489956
1.501002
1.51251
1.523364
1.53468
1.545719
1.566297
1.57562
1.589781
1.599152
1.608411
1.618829
1.630301
1.641573
1.652417
1.663828
1.678769
1.688783
1.706171
1.718251
1.730673
1.741994
1.752971
1.764927
1.77537
1.786559
1.797947
1.808732
1.81978
1.831395
1.843037
1.853348
1.86467
1.87594
1.886883
1.899098
1.909468
1.920504
1.931802
1.942916
1.953954
1.96543
1.976238
1.993063
2.005961
2.016902
2.026708
2.037136
2.047762
2.05712
2.068008
2.07869
2.090252
2.101182
2.111862
2.123454
2.134692
2.145392
2.158854
2.170701
2.181923
2.192871
2.20254
2.211661
2.222553
2.233242
2.244383
2.25604
2.266864
2.280669
2.2909
2.301013
2.311555
2.322701
2.334068
2.349896
2.360102
2.370443
2.38134
2.391464
2.401965
2.413369
2.424141
2.435668
2.447264
2.458656
2.469827
2.481196
2.492354
2.503496
2.514743
2.525923
2.536937
2.548213
2.559209
2.570354
2.581874
2.593127
2.604442
2.616472
2.626874
2.637615
2.6488
2.659736
2.670936
2.682203
2.693418
2.704364
2.715922
2.727251
2.738493
2.75061
2.761217
2.773187
2.785006
2.795963
2.806545
2.817948
2.829596
2.840327
2.852007
2.863703
2.874751
2.885874
2.897485
2.908348
2.919653
2.931167
2.942057
2.953079
2.964594
2.975514
2.986613
2.997907
3.008992
3.020162
3.03699
3.048105
3.059314
3.070382
3.082768
3.094927
3.105823
3.116214
3.126821
3.137915
3.149278
3.160266
3.17166
3.182755
3.193817
3.204974
3.216403
3.227403
3.239347
3.250305
3.261201
3.273242
3.284019
3.294882
3.305713
3.316736
3.327992
3.338991
3.350378
3.361445
3.372741
3.383887
3.395263
3.405984
3.417493
3.428607
3.439645
3.450792
3.462181
3.473026
3.484311
3.495621
3.506693
3.517884
3.530212
3.541118
3.552507
3.56427
3.575018
3.586776
3.600702
3.610634
3.620994
3.632596
3.644223
3.655411
3.667065
3.678457
3.689966
3.701041
3.712879
3.728193
3.739308
3.751006
3.761131
3.772735
3.782929
3.792822
3.802568
3.816681
3.826702
3.836728
3.846578
3.856798
3.867179
3.880987
3.891765
3.902068
3.912692
3.922567
3.933399
3.943587
3.954231
3.964979
3.97567
3.987252
3.99834
4.009225
4.020695
4.032304
4.042825
4.054014
4.066063
4.076828
4.087364
4.098682
4.109697
4.12124
4.13272
4.143332
4.154711
4.165956
4.17703
4.188183
4.199095
4.210522
4.221993
4.232904
4.244344
4.255762
4.267224
4.279375
4.290213
4.30192
4.313474
4.324495
4.336171
4.347569
4.358783
4.370199
4.381707
4.393632
4.410654
4.422113
4.434298
4.445288
4.456292
4.467505
4.478997
4.490136
4.501071
4.512763
4.523976
4.534939
4.546106
4.5656
4.576137
4.586957
4.596904
4.607429
4.617991
4.628086
4.638607
4.649597
4.659895
4.670307
4.681567
4.692007
4.702566
4.713919
4.72408
4.735299
4.746688
4.757662
4.768948
4.780475
4.791159
4.802977
4.814061
4.824801
4.835918
4.84758
4.858247
4.869481
4.88057
4.891866
4.903078
4.914206
4.925073
4.936304
4.947702
4.959237
4.970709
4.982481
4.992759
5.004167
5.015969
5.026969
5.038145
5.050282
5.060975
5.072584
5.084414
5.100476
5.111044
5.12189
5.132298
5.14298
5.153783
5.163463
5.17393
5.185593
5.19562
5.206533
5.217537
5.228768
5.239989
5.251657
5.26291
5.273438
5.285291
5.297114
5.307612
5.318649
5.329901
5.340418
5.351857
5.363431
5.373975
5.385291
5.396544
5.407816
5.41896
5.430161
5.440967
5.452421
5.463744
5.474769
5.486131
5.500762
5.510694
5.520382
5.531621
5.542741
5.554064
5.565653
5.576919
5.587833
5.602758
5.617392
5.628128
5.640405
5.651608
5.66277
5.673563
5.68482
5.69628
5.707112
5.718352
5.730222
5.740823
5.752274
5.763848
5.774147
5.790329
5.801319
5.811504
5.821974
5.832607
5.842609
5.853127
5.863767
5.874575
5.886107
5.903058
5.913805
5.924228
5.934544
5.944381
5.955405
5.966578
5.977225
5.987637
5.999033
6.009558
6.020169
6.03243
6.043168
6.054337
6.065928
6.077583
6.08771
6.099092
6.110069
6.121356
6.132617
6.143765
6.154761
6.166214
6.177081
6.18843
6.19979
6.21064
6.222321
6.233102
6.244226
6.255356
6.266952
6.27833
6.289629
6.301219
6.312325
6.323593
6.335159
6.346573
6.357934
6.369174
6.380601
6.392148
6.40346
6.414904
6.426314
6.437232
6.448947
6.459939
6.475911
6.486614
6.497248
6.508018
6.518393
6.52904
6.539774
6.550484
6.560751
6.571408
6.582051
6.592597
6.602835
6.613524
6.623767
6.635062
6.646556
6.657469
6.668721
6.679755
6.69064
6.702
6.713355
6.72419
6.735337
6.746826
6.757812
6.769057
6.780472
6.791254
6.80262
6.813851
6.825177
6.835995
6.847148
6.858505
6.869443
6.880828
6.892348
6.903596
6.914941
6.926473
6.937705
6.949178
6.960609
6.972073
6.983554
6.994853
7.006205
7.017596
7.029663
7.040606
7.051411
7.063348
7.074265
7.085673
7.097261
7.108358
7.122346
7.133682
7.14394
7.159785
7.170388
7.181844
7.192682
7.204009
7.215024
7.226538
7.237512
7.248779
7.25962
7.271178
7.282038
7.293441
7.304863
7.315583
7.326893
7.33806
7.34963
7.360167
7.37138
7.382832
7.393737
7.404955
7.416296
7.427406
7.438634
7.45
7.46067
7.472075
7.48349
7.49432
7.505384
7.516809
7.527681
7.539021
7.550042
7.566565
7.576131
7.585915
7.596104
7.607195
7.618803
7.632737
7.643445
7.654474
7.664841
7.674835
7.685859
7.697055
7.70835
7.719367
7.73085
7.7419
7.752978
7.764377
7.775076
7.786323
7.797689
7.808625
7.82032
7.831354
7.847589
7.858505
7.869019
7.879447
7.890182
7.900596
7.910507
7.921359
7.931491
7.942694
7.953712
7.965268
7.976931
7.988443
8.000202
8.011057
8.022752
8.034481
8.045862
8.057241
8.068381
8.079808
8.091569
8.103003
8.114532
8.12568
8.136678
8.148012
8.159965
8.170955
8.182894
8.194739
8.205814
8.218006
8.229862
8.241166
8.2528
8.265224
8.276164
8.287553
8.298864
8.309854
8.321403
8.332725
8.343229
8.354444
8.365684
8.377642
8.38907
8.400098
8.410924
8.421521
8.432739
8.443732
8.454868
8.466097
8.477523
8.488935
8.500504
8.511184
8.522203
8.538512
8.550188
8.560735
8.571562
8.582975
8.593904
8.60465
8.615826
8.626225
8.636855
8.646991
8.657146
8.667354
8.67839
8.689841
8.701044
8.711843
8.72308
8.737451
8.748503
8.759016
8.77022
8.780759
8.791965
8.802773
8.81364
8.824862
8.836085
8.847243
8.858586
8.869475
8.880897
8.8919
8.902844
8.914607
8.925887
8.936873
8.948389
8.959801
8.972273
8.983423
8.993683
9.005177
9.016649
9.027813
9.039139
9.05034
9.062068
9.073491
9.084423
9.095469
9.106539
9.118007
9.129391
9.140725
9.174274
9.186645
9.198076
9.208798
9.219594
9.232997
9.249166
9.260218
9.271339
9.28215
9.292815
9.303998
9.315275
9.327166
9.33758
9.348446
9.359944
9.3711
9.382632
9.393194
9.404408
9.415977
9.427082
9.438913
9.449866
9.460424
9.471544
9.482978
9.49413
9.50528
9.516014
9.527405
9.538465
9.549744
9.563519
9.573851
9.584374
9.594987
9.60545
9.620003
9.631241
9.642159
9.652492
9.663172
9.674064
9.68475
9.694992
9.705799
9.717253
9.728292
9.739916
9.750924
9.76174
9.772848
9.784163
9.796688
9.807922
9.819765
9.831768
9.843444
9.854411
9.865873
9.876768
9.887895
9.899193
9.910187
9.921801
9.938766
9.950679
9.961371
9.973345
9.985621
9.996851
10.00809
10.01955
10.03072
10.04186
10.05334
10.06433
10.07565
10.08718
10.09878
10.10991
10.12094
10.13332
10.14441
10.15574
10.16707
10.17799
10.18938
10.20066
10.21099
10.22217
10.23355
10.24429
10.25568
10.26701
10.27725
10.28866
10.29938
10.30971
10.32087
10.33445
10.3457
10.35698
10.36785
10.37792
10.3886
10.39894
10.41043
10.42108
10.43233
10.44353
10.45474
10.46644
10.47768
10.48916
10.50083
10.51241
10.52428
10.53522
10.54747
10.55861
10.56963
10.58142
10.59242
10.60315
10.61471
10.62609
10.63663
10.65735
10.6679
10.67798
10.68915
10.70014
10.71143
10.72264
10.73392
10.75503
10.76861
10.77833
10.78941
10.80119
10.81186
10.82307
10.83439
10.84521
10.85643
10.86759
10.87878
10.89042
10.90107
10.91256
10.92387
10.93478
10.94597
10.95697
10.96841
10.97959
10.99042
11.0018
11.01304
11.02388
11.03544
11.047
11.05772
11.06856
11.08029
11.09107
11.10204
11.11361
11.12439
11.13557
11.1472
11.15864
11.16944
11.18055
11.19134
11.20278
11.21391
11.22572
11.23748
11.24838
11.2595
11.27119
11.28261
11.29421
11.30554
11.31712
11.32913
11.34089
11.35157
11.36432
11.37502
11.386
11.3978
11.40856
11.42437
11.43611
11.44684
11.45779
11.46918
11.47957
11.491
11.5024
11.51249
11.52366
11.53406
11.54389
11.55396
11.56425
11.5739
11.58415
11.59425
11.60808
11.61824
11.6283
11.63829
11.64952
11.66064
11.67185
11.68317
11.69416
11.70935
11.72042
11.73129
11.7416
11.75243
11.7632
TARGET DESTROYED 
11.77405
11.79323
11.80561
11.81731
11.82823
11.83973
11.8597
11.87249
11.88408
11.89518
11.90638
11.91759
11.9288
11.9399
11.95118
11.96237
11.97355
11.98458
11.99634
12.00776
12.01867
12.03038
12.04116
12.05181
12.06298
12.07403
12.08974
12.10127
12.11233
12.12269
12.13334
12.14423
12.1553
12.16627
12.17727
12.18806
12.1991
12.20949
12.22009
12.23198
12.24235
12.25305
12.26426
12.27492
12.28614
12.29753
12.30912
12.32017
12.33088
12.34261
12.35387
12.36481
12.37638
12.38773
12.39933
12.41067
12.4222
12.43349
12.44435
12.45543
12.46752
12.47812
12.48967
12.50093
12.51298
12.52394
12.53498
12.54706
12.558
12.56893
12.58065
12.59179
12.60301
12.61471
12.62693
12.63714
12.6486
12.65989
12.67085
12.68215
12.69315
12.70431
12.71574
12.72667
12.73782
12.74917
12.76019
12.7765
12.78792
12.79863
12.80956
12.82081
12.83192
12.84289
12.85394
12.86448
12.87617
12.88647
12.89747
12.90771
12.91869
12.92922
12.93978
12.95077
12.96213
12.97305
12.98357
12.99436
13.00442
13.01538
13.02598
13.03738
13.04844
13.0586
13.06935
13.08077
13.09127
13.10203
13.11275
13.12371
13.13515
13.14636
13.15799
13.16858
13.17997
13.19077
13.20217
13.21361
13.2259
13.23695
13.24792
13.26816
13.28044
13.29165
13.3028
13.31391
13.32497
TARGET DESTROYED 
13.3362
13.35241
13.36517
13.37566
13.38618
13.39718
13.40796
13.42655
13.43936
13.44988
13.46625
13.4771
13.48825
13.49862
13.50908
13.51924
13.52972
13.53958
13.54976
13.5662
13.57602
13.58593
13.59639
13.6105
13.62151
13.63216
13.64252
13.6532
13.66377
13.67424
13.68538
13.69625
13.7182
13.72937
13.73968
13.75064
13.76089
13.77174
13.78298
13.79411
13.80524
13.81641
13.82758
13.83862
13.85007
13.86123
13.87251
13.88348
13.89471
13.90575
13.91716
13.92797
13.93938
13.95058
13.96197
13.97381
13.98435
13.99588
14.00654
14.01752
14.02968
14.04113
14.0526
14.06444
14.07498
14.08558
14.09643
14.10697
14.1179
14.12928
14.14029
14.15577
14.16797
14.17846
14.18915
14.19933
14.20947
14.21964
14.23017
14.24089
14.25256
14.26429
14.27564
14.28726
14.2987
14.3096
14.32107
14.33179
14.34329
14.35425
14.36607
14.37707
14.38768
14.3991
14.4099
14.42118
14.43247
14.44353
14.45478
14.46578
14.47705
14.48826
14.49962
14.51071
14.52177
14.53309
14.54456
14.55583
14.56721
14.57841
14.58995
14.6015
14.61285
14.62423
14.63542
14.64715
14.6584
14.6694
14.68097
14.69205
TARGET DESTROYED 
14.70351
14.71836
14.72859
14.73911
14.74955
14.75957
14.7696
14.78078
14.79176
14.80305
14.8148
14.83671
14.84935
14.85915
14.86933
14.88023
14.89023
14.90096
14.91101
14.92253
14.93377
14.94468
14.95579
14.96745
14.97831
14.98944
15.0007
15.01169
15.02327
15.0344
15.04511
15.05627
15.06798
15.07894
15.08968
15.10139
15.1122
15.12422
15.13458
15.14597
15.15676
15.168
15.17938
15.19027
15.2015
15.21295
15.22407
15.23506
15.24619
15.2574
15.26875
15.2804
15.29105
15.30213
15.31351
15.32442
15.33553
15.34746
15.35913
15.37079
15.38227
15.39354
15.40518
15.41658
15.42809
15.43994
15.45121
15.46268
15.47393
15.48625
15.49729
15.50817
15.52367
15.53468
15.54414
15.5538
15.56361
15.5729
15.583
15.59433
15.60528
15.61639
15.62751
15.64143
15.65214
15.66287
15.67298
15.68376
15.69446
15.70563
15.71686
15.72807
15.73929
15.75099
15.76147
15.77271
15.78394
15.79512
15.80632
15.81788
15.82865
15.83986
15.85096
15.86223
15.87376
15.88504
15.89615
15.90723
15.91844
15.92986
15.9411
15.95252
15.96408
15.97502
15.9865
15.99806
16.00907
16.02059
16.03269
16.04312
16.0546
16.06635
16.07718
16.08854
16.10005
16.11123
16.12255
16.13348
16.14461
16.15619
16.16703
16.17816
16.18944
16.20544
16.21676
16.22861
16.23915
16.25165
16.26285
16.27379
16.28499
16.29655
16.30729
16.31853
16.32981
16.34091
16.35213
16.36334
16.37518
16.38653
16.39746
16.40784
16.41898
16.43044
16.44203
16.45838
16.47421
TARGET DESTROYED 
16.48961
16.50807
16.52478
16.54329
16.56582
16.57771
16.58841
16.59883
16.60872
16.62002
16.63133
16.64242
16.65345
16.665
16.67577
16.68692
16.69856
16.70927
16.72043
16.73178
16.7429
16.75416
16.76559
16.77645
16.78753
16.79885
16.80993
16.82088
16.83241
16.84347
16.85491
16.86577
16.87728
16.88808
16.89916
16.91442
16.92473
16.93544
16.94523
16.95602
16.96656
16.97744
16.98873
16.9998
17.01106
17.02222
17.03331
17.04461
17.05558
17.0667
17.07801
17.08952
17.10122
17.11313
17.12432
17.13579
17.14758
17.15901
17.17094
17.18175
17.19287
17.20384
17.21515
17.22619
17.2375
17.24875
17.26005
17.27085
17.28243
17.29356
17.30494
17.31623
17.32787
17.33876
17.35035
17.3615
17.37277
17.38418
17.3964
17.40698
17.4181
17.42997
17.44079
17.45145
17.46302
17.47391
17.48535
17.49651
17.50733
17.51885
17.53029
17.54094
17.55204
17.56398
17.57435
17.58566
17.59711
17.60809
17.62763
17.6391
17.64966
17.65972
17.67031
17.68154
17.69261
17.70435
17.71522
17.72582
17.73701
17.74854
17.75933
17.77044
17.78193
17.79315
17.80427
17.81532
17.82648
17.83761
17.84891
17.8603
17.87105
17.88243
17.8935
17.90451
17.91584
17.92682
17.9381
17.9494
17.96035
17.97206
17.9829
17.99398
18.00534
18.01625
18.02765
18.0386
18.04996
18.06094
18.07258
18.08376
18.09613
18.10736
18.11816
18.12971
18.14101
18.15265
18.16417
18.17534
18.18767
18.19856
18.20999
18.22157
18.23288
18.24388
18.2555
18.26725
18.27805
18.28924
18.30061
18.31669
18.32659
18.33755
18.34825
18.35858
18.36924
18.38
TARGET DESTROYED 
18.39014
18.40625
18.41874
18.43565
18.44821
18.45812
18.46875
18.47968
18.48994
18.50069
18.51134
18.52226
18.53301
18.54316
18.55386
18.56433
18.5751
18.58601
18.59735
18.60832
18.6194
18.63111
18.64168
18.65298
18.66418
18.67528
18.68647
18.69791
18.70881
18.71992
18.73147
18.74248
18.75368
18.76477
18.7759
18.7869
18.79855
18.8092
18.82074
18.83213
18.84291
18.85404
18.86568
18.87645
18.88836
18.89953
18.91105
18.92265
18.93397
18.94546
18.95712
18.96891
18.98035
18.99162
19.00721
19.01821
19.02864
19.03922
19.05006
19.06133
19.07173
19.08181
19.09304
19.10271
19.11388
19.12477
19.13585
19.14726
19.15831
19.16933
19.18099
19.19211
19.20318
19.21444
19.22616
19.23694
19.24779
19.25894
19.26994
19.28135
19.29259
19.30364
19.31476
19.32589
19.33721
19.34873
19.3594
19.37064
19.38224
19.39309
19.40472
19.41587
19.42707
19.43857
19.44974
19.46092
19.47238
19.48366
19.49492
19.50654
19.5177
19.52917
19.54043
19.55174
19.56337
19.57371
19.58531
19.59748
19.61208
19.62293
19.63357
19.64398
19.65458
19.66538
19.67597
19.68599
19.70177
19.71427
19.72538
19.73635
19.74777
19.7587
19.77003
19.78159
19.79242
19.80694
19.81742
19.82831
19.83899
19.84967
19.85949
19.87058
19.88186
19.89298
19.90449
19.91519
19.9268
19.93829
19.94904
19.96053
19.97269
19.9831
19.99365
20.00464
20.01609
20.027
20.03843
20.04956
20.06053
20.07167
20.08308
20.0946
20.10563
20.11633
20.12844
20.13886
20.1497
20.16079
20.17253
20.18377
20.19561
20.20681
20.21822
20.22985
20.24137
20.25277
20.26476
20.28479
20.29579
20.30634
20.31766
20.32854
20.33974
20.35098
20.36218
TARGET DESTROYED 
20.37702
20.39214
20.40861
20.4213
20.43194
20.44212
20.45926
20.4708
20.48182
20.49173
20.50207
20.51291
20.52375
20.53458
20.54497
20.55499
20.56559
20.57549
20.58609
20.59706
20.60768
20.61881
20.6303
20.64111
20.65256
20.66381
20.67484
20.68593
20.69754
20.70828
20.71949
20.73093
20.74163
20.75345
20.76445
20.77525
20.78629
20.79798
20.80876
20.82006
20.8315
20.84236
20.85349
20.86477
20.87571
20.8871
20.89835
20.9096
20.92038
20.93198
20.94343
20.95515
20.96676
20.97825
20.98977
21.00136
21.01377
21.02511
21.03579
21.04839
21.05859
21.07061
21.08188
21.0931
21.10414
21.11568
21.13194
21.14225
21.15279
21.16247
21.17286
21.18337
21.19351
21.20387
21.2141
21.22495
21.23543
21.24556
21.25559
21.26669
21.27789
21.28911
21.30024
21.31141
21.32254
21.33416
21.34492
21.35647
21.36729
21.37855
21.38953
21.40086
21.4128
21.42339
21.43439
21.44564
21.4566
21.46838
21.4789
21.49051
21.50149
21.5127
21.52358
21.53503
21.5466
21.55764
21.569
21.58078
21.59233
21.60366
21.61494
21.62847
21.63868
21.64925
21.66048
21.67214
21.68339
21.69529
21.70623
21.71785
21.72911
21.7409
21.7519
21.76355
21.77424
21.78529
21.79698
21.80765
21.81881
21.83076
21.84113
21.85752
21.8688
21.87881
21.88909
21.89997
21.91047
21.92092
21.93096
21.94054
21.95118
21.96138
21.97184
21.9816
21.99302
22.00393
22.01552
22.02675
22.03772
22.04879
22.05991
22.07088
22.08235
22.09344
22.10439
22.11572
22.12681
22.13821
22.14919
22.16034
22.17192
22.18278
22.19384
22.20503
22.21629
22.22722
22.23858
22.2497
22.26096
22.27193
22.28344
22.29456
22.30616
22.31753
22.32948
22.34045
22.35196
22.36344
22.37472
22.3862
22.39779
22.4092
22.42024
22.43221
22.44364
22.45474
22.46627
22.47759
22.48908
22.50035
22.51176
22.52318
22.53407
22.54482
22.55598
22.56746
22.57861
22.59451
22.60542
22.61567
22.62595
22.63698
22.64811
22.65803
22.6688
22.6783
22.68838
22.69862
22.709
22.71912
22.73025
22.74123
22.75225
22.76364
22.7747
22.78595
22.79738
22.80842
22.81934
22.83118
22.84188
22.85297
22.86423
22.87518
22.88653
22.8977
TARGET DESTROYED 
22.90868
22.93319
22.94431
22.95477
22.96523
22.98545
22.99686
23.00941
23.02045
23.03196
23.04283
23.05385
23.06597
23.07647
23.08745
23.09869
23.10984
23.12118
23.13224
23.1433
23.15463
23.16556
23.17681
23.1884
23.1993
23.21037
23.22165
23.23289
23.24384
23.25489
23.26615
23.28135
23.29137
23.30159
23.31175
23.32205
23.33303
23.34446
23.3555
23.36659
23.37777
23.38909
23.40012
23.4115
23.4225
23.43385
23.44568
23.45628
23.46738
23.47846
23.49048
23.50182
23.51391
23.52516
23.53658
23.54819
23.5594
23.5708
23.58217
23.59342
23.60422
23.61569
23.62956
23.63994
23.65059
23.66041
23.67197
23.6833
23.69449
23.70584
23.71732
23.72999
23.74001
23.75113
23.76322
23.77312
23.78442
23.79574
23.80668
23.8183
23.82905
23.84027
23.85132
23.86277
23.87357
23.8849
23.89618
23.90783
23.91951
23.92992
23.94083
23.95211
23.96361
23.97433
23.98525
23.99667
24.01211
24.02339
24.03446
24.04519
24.05597
24.06736
24.07784
24.08803
24.09811
24.1076
24.11812
24.12787
24.13854
24.14897
24.1597
24.17095
24.18228
24.19394
24.20481
24.21567
24.22747
24.23789
24.24936
24.26031
24.27157
24.283
24.29379
24.30508
24.31626
24.3274
24.33882
24.3499
24.36098
24.37202
24.38359
24.39422
24.40561
24.41681
24.42796
24.43907
24.45209
24.46334
24.47381
24.48555
24.49609
24.50731
24.51914
24.53077
24.54183
24.55305
24.56489
24.57567
24.58716
24.59938
24.61539
24.63101
24.6468
24.65853
24.6692
24.68
24.69056
24.70102
24.71143
24.72208
24.73216
24.74739
24.75757
24.76795
24.77806
24.78831
24.79807
24.80788
24.82121
24.83242
24.84311
24.85321
24.86379
24.87473
24.88584
24.89702
24.9106
