0.02
0.04
0.14
0.1746225
0.1869686
0.1979965
0.2086436
0.2196885
0.2307366
0.2456282
0.2555403
0.2650742
0.2754644
0.2867078
0.2980578
0.3090334
0.3202348
0.3313779
0.342647
0.3536679
0.3650506
0.3759463
0.3872433
0.3984409
0.4095708
0.4205875
0.4319291
0.4431322
0.4545642
0.4653355
0.4770611
0.4877663
0.4989777
0.510113
0.5244808
0.5340044
0.5439672
0.5551616
0.5657368
0.5773502
0.5880791
0.599259
0.6110562
0.6214913
0.632856
0.6439977
0.6551687
0.6663252
0.6776592
0.6886505
0.6999341
0.712046
0.722429
0.7335955
0.744725
0.7556047
0.7669974
0.7780609
0.7892226
0.8002643
0.8117628
0.8225122
0.8337566
0.8455692
0.8561098
0.8672827
0.8785858
0.893147
0.9044681
0.9158944
0.927304
0.938586
0.9497243
0.961242
0.9721666
0.983907
0.995581
1.006192
1.017251
1.029194
1.039694
1.050868
1.062462
1.073324
1.085266
1.095994
1.106709
1.118322
1.129722
1.140422
1.151461
1.162834
1.173844
1.185051
1.196542
1.207358
1.218513
1.230148
1.241379
1.252336
1.263508
1.274391
1.285832
1.296969
1.307838
1.31914
1.330456
1.341499
1.352705
1.364318
1.375
1.386148
1.397538
1.408523
1.419707
1.430972
1.441827
1.453101
1.464674
1.476043
1.486552
1.497994
1.508922
1.520098
1.531466
1.542646
1.55377
1.565082
1.576067
1.587299
1.59822
1.609324
1.620606
1.631664
1.642982
1.654529
1.66566
1.680505
1.690366
TARGET DESTROYED 
1.707986
1.72643
1.739449
1.749707
1.760958
1.772186
1.7833
1.794909
1.805807
1.817052
1.828653
1.839183
1.850433
1.861742
1.872668
1.883875
1.895358
1.906175
1.917376
1.929267
1.93969
1.950833
1.962328
1.973019
1.984402
1.99587
2.006658
2.01839
2.029679
2.040276
2.051455
2.063347
2.07359
2.085051
2.09634
2.107151
2.118522
2.129966
2.140754
2.151956
2.163292
2.174371
2.185301
2.196985
2.207737
2.219065
2.230236
2.241161
2.252398
2.263631
2.274868
2.285947
2.297207
2.308374
2.320495
2.331768
2.343507
2.355169
2.367148
2.379292
2.390538
2.401802
2.414499
2.425005
2.436208
2.447443
2.458597
2.469529
2.48097
2.491935
2.503194
2.514668
2.526042
2.536541
2.547894
2.5589
2.570333
2.581486
2.592392
2.603494
2.615047
2.625827
2.637118
2.648778
2.659439
2.670776
2.682964
2.692934
2.704378
2.715233
2.726626
2.737726
2.74878
2.760124
2.771013
2.786096
2.796633
2.807028
2.817308
2.827095
2.83725
2.847591
2.857455
TARGET DESTROYED 
2.871989
2.882555
2.892301
2.902881
2.913652
2.924488
2.935795
2.947163
2.95841
2.975133
2.987123
2.997399
3.007763
3.017839
3.027519
3.037428
3.04702
3.056776
3.067765
3.079229
3.090116
3.101391
3.112868
3.123569
3.134789
3.146356
3.157133
3.168191
3.179746
3.190627
3.201758
3.213017
3.224186
3.235285
3.246733
3.257522
3.268906
3.280079
3.291054
3.302269
3.313789
3.324722
3.335808
3.347013
3.358369
3.369164
3.380598
3.391729
3.40333
3.414878
3.426491
3.437658
3.449021
3.460697
3.471863
3.483724
3.495386
3.506147
3.517671
3.529716
3.540262
3.552571
3.564012
3.574704
3.586576
3.597615
3.608966
3.61995
3.631641
3.642462
3.653722
3.665091
3.676107
3.686909
3.698154
3.709269
3.720622
3.731651
3.743248
3.754044
3.765687
3.776234
3.787733
3.798659
3.809907
3.821042
3.832222
3.843314
3.854898
3.865915
3.881735
3.891557
3.902227
3.912389
3.922137
3.933255
3.943484
3.953682
3.963396
3.973762
3.984986
3.996618
4.007205
4.01841
4.029925
4.040971
4.052003
4.063785
4.074349
4.085743
4.096947
4.10779
4.119061
4.130253
4.141542
4.152643
4.16414
4.174871
4.185953
4.197557
4.20864
4.219692
4.230803
4.241917
4.253016
4.264529
4.275754
4.287061
4.298692
4.309821
4.321421
4.332874
4.344124
4.355938
4.366501
4.378762
4.389563
4.400576
4.412328
4.423631
4.434965
4.446585
4.457819
4.468969
4.480496
4.491444
4.50252
4.513845
4.525003
4.53617
4.547776
4.558438
4.569918
4.580975
4.592008
TARGET DESTROYED 
4.606998
4.61736
4.627654
4.638519
4.64899
4.65944
4.669899
4.680375
4.691456
4.708516
4.720245
4.732351
4.743156
4.754499
4.765915
4.776655
4.787817
4.799164
4.810198
4.821611
4.832516
4.843925
4.85491
4.866619
4.877273
4.888392
4.899566
4.910799
4.921915
4.933438
4.94521
4.955267
4.966883
4.977846
4.992682
5.003227
5.013766
5.023327
5.034067
5.045194
5.057114
5.067124
5.078433
5.089338
5.100531
5.112144
5.122836
5.134108
5.145587
5.156876
5.167997
5.179615
5.190928
5.202299
5.214375
5.225489
5.23667
5.248536
5.259924
5.27114
5.282332
5.293416
5.304945
5.316223
5.326885
5.338505
5.349191
5.360613
5.371758
5.383315
5.39467
5.406002
5.417084
5.42901
5.440066
5.4512
5.463437
5.474159
5.485087
5.496689
5.507771
5.518742
5.530256
5.541042
5.552556
5.564023
5.574798
5.585776
5.597008
5.608153
5.619174
5.630826
5.641694
5.652814
5.664221
5.675354
5.686492
5.697785
5.708684
5.719872
5.731415
5.742333
5.753374
5.764808
5.775643
5.787086
5.798223
5.809208
5.820652
5.831596
5.84273
5.854129
5.865333
5.876178
5.887432
5.898707
5.909849
5.920929
5.932177
5.944207
5.954543
5.966137
5.976861
5.987926
5.999242
6.010592
6.021377
6.032715
6.043928
6.055355
6.066202
6.077421
6.088399
6.099988
6.111108
6.122348
6.138386
6.149558
6.160191
6.170986
6.182232
6.192586
6.203642
6.215063
6.225781
6.23693
6.248029
6.259055
6.269624
6.280304
6.290779
6.30164
6.312432
6.32348
6.334479
6.345452
6.356396
6.367555
6.378373
6.389115
6.400293
6.411829
6.422787
TARGET DESTROYED 
6.439049
6.450336
6.461353
6.472381
6.483682
6.495303
6.506065
6.516966
6.527754
6.538542
6.549538
6.560497
6.571724
6.589155
6.601225
6.611685
6.622343
6.632942
6.643104
6.653951
6.664791
6.675561
6.686877
6.698133
6.7091
6.720246
6.732142
6.742877
6.753896
6.764857
6.776072
6.787396
6.798602
6.809571
6.820822
6.831964
6.84295
6.854238
6.865331
6.876608
6.888063
6.899529
6.910376
6.9217
6.93277
6.943748
6.954831
6.965865
6.977863
6.988313
6.999756
7.01064
7.022212
7.03436
7.045135
7.056071
7.067216
7.07828
7.089005
7.100617
7.112114
7.123208
7.134392
7.150836
7.164721
7.177656
7.190702
7.203937
7.216382
7.235943
7.249085
7.261223
7.273389
7.285903
7.299919
7.312524
7.325286
7.339563
7.352593
7.364613
7.375707
7.386919
7.39834
7.409422
7.420435
7.431502
7.442807
7.454245
7.466283
7.477555
7.489568
7.501068
7.513833
7.525378
7.536601
7.547677
7.558846
7.570679
7.581583
7.592737
7.603956
7.615431
7.626447
7.637641
7.648656
7.659465
7.670888
7.683633
7.695092
7.706225
7.717501
7.728351
7.739436
7.750864
7.762475
7.773633
7.784935
7.796764
7.807876
7.819218
7.831114
7.842902
7.854434
7.865885
7.87706
7.887163
7.89748
7.906737
7.916558
7.9266
7.937817
7.949931
7.96026
7.971363
7.982816
7.994505
8.005159
8.016402
8.027794
8.038697
8.049847
8.061318
8.072289
8.083519
8.09538
8.105808
8.116999
8.128322
8.139193
8.150804
8.162116
8.172782
8.183943
8.195767
8.206666
8.217447
8.228977
8.240079
8.251455
8.263091
8.274642
8.285699
8.297298
8.308607
8.319763
8.331573
8.342545
8.354854
8.369917
8.380274
8.389732
8.399477
8.408853
8.419816
8.43124
8.442189
8.453396
8.464825
8.475851
8.486842
8.498072
8.509221
8.520314
8.531734
8.542735
8.55399
8.565684
8.576276
8.587678
8.59878
8.609804
8.621268
8.632144
8.643463
8.654552
8.665674
8.676899
8.688604
8.699712
8.710859
8.721801
8.733321
8.745039
8.755998
8.767439
8.779334
8.790162
8.802222
8.813732
8.824327
8.83531
8.846687
8.85778
8.869056
8.880767
8.891994
8.903716
8.915293
8.926197
8.938059
8.949399
8.960098
8.971153
8.982287
8.997191
9.009216
9.020248
9.031484
9.042083
9.055495
