0.02
0.04
0.14
0.1736152
0.1876256
0.2000698
0.2094873
0.220606
0.231826
0.243371
0.2547126
0.2657858
0.2764896
0.288076
0.29905
0.3122173
0.3230117
0.3331869
0.3434711
0.3549995
0.3670042
0.3770642
0.3881662
0.4000324
0.4149413
0.4243565
0.4344335
0.4439851
0.4556902
0.4662837
0.4776314
0.4886786
0.50035
0.5113217
0.5225485
0.5337191
0.5446591
0.5557793
0.5669098
0.5786271
0.5896621
0.6004657
0.6120717
0.6228317
0.6344476
0.6452833
0.6565374
0.6677405
0.6791222
0.6900201
0.702108
0.7125061
0.7235458
0.7345423
0.7463472
0.7566764
0.7681579
0.7795756
0.7904636
0.8016965
0.8128716
0.8240128
0.8402905
0.8507352
0.8602175
0.8702945
0.880272
0.8922921
0.9036479
0.9148709
0.9263921
0.9368285
0.948593
0.9595377
0.97041
0.9818482
0.9933682
1.004188
1.015864
1.026277
1.037499
1.049057
1.060219
1.071092
1.082974
1.093353
1.104502
1.115796
1.126984
1.138171
1.149636
1.160607
1.171608
1.182863
1.194199
1.205475
1.216485
TARGET DESTROYED 
1.231459
1.249126
1.266338
1.276298
1.286258
1.296581
1.306483
1.316228
1.326539
1.3376
1.348844
1.36003
1.37134
1.382361
1.393579
1.404774
1.415733
1.426835
1.43822
1.449553
1.460945
1.471576
1.482792
1.493982
1.505133
1.516456
1.527746
1.538666
1.550194
1.561597
1.572868
1.583303
1.594568
1.605987
1.617374
1.628229
1.639367
1.650263
1.661624
1.67258
1.684247
1.695196
1.706276
1.717521
1.7292
1.739918
1.750939
1.762449
1.773521
1.784399
1.795798
1.806827
1.818197
1.830056
1.841478
1.853163
1.864846
1.876689
1.888121
1.900097
1.911234
1.923021
1.934729
1.946156
1.956917
1.968023
1.979389
1.990731
2.005982
2.016258
2.026261
2.036565
2.04673
2.056254
2.065742
2.076702
2.087942
2.099243
2.115458
2.125196
2.135866
2.145837
2.155931
2.165975
2.176967
2.188581
2.199202
2.210448
2.221677
2.232775
2.243888
2.255403
2.266279
2.277825
TARGET DESTROYED 
2.288635
2.302722
2.312631
2.322709
2.334304
2.346035
2.362383
2.373328
2.384285
2.394761
2.405396
2.415507
2.425582
2.436033
2.447044
2.456623
2.466681
2.477131
2.487953
2.499711
2.510275
2.521462
2.532881
2.544141
2.555025
2.566426
2.57762
2.588964
2.599554
2.610964
2.622078
2.633314
2.644638
2.65628
2.666717
2.678523
2.688993
2.700713
2.711613
2.722884
2.733884
2.745236
2.757219
2.767986
2.78451
2.795022
2.806519
2.816699
2.827398
2.837551
2.848208
2.858517
2.869594
2.881001
2.891945
2.90316
2.915
2.925747
2.940144
2.951143
2.962041
2.972688
2.983517
2.994476
3.004742
3.015684
3.025943
3.037496
3.048485
3.059616
3.070731
3.081896
3.093013
3.104503
3.116221
3.126443
3.137761
3.149147
3.16044
3.171827
3.183046
3.194748
3.205916
3.217331
3.228851
3.240462
3.251121
3.262697
3.273856
3.284681
3.29619
3.307344
3.319266
3.330031
3.34081
3.352438
3.36357
3.374969
3.385975
3.397674
3.408903
3.420125
3.431449
3.442493
3.453467
TARGET DESTROYED 
3.464825
3.480068
3.490669
3.501825
3.512689
3.523146
3.533771
3.54434
3.555215
3.566186
3.578211
3.595153
3.611244
3.622358
3.632623
3.642648
3.653144
3.663563
3.673685
3.684179
3.694868
3.705622
3.716929
3.72792
3.739099
3.750686
3.7616
3.772961
3.783882
3.795298
3.806444
3.817219
3.828929
3.839726
3.8508
3.862159
3.873756
3.88429
3.895737
3.907247
3.917878
3.929526
3.940236
3.951367
3.962755
3.973603
3.985164
3.99612
4.00807
4.018331
4.029753
4.040799
4.052142
4.063702
4.074338
4.085444
4.097263
4.108458
4.120016
4.131816
4.143135
4.154518
4.166119
4.177811
4.189271
4.200804
4.212705
4.223818
4.235344
4.246772
4.258068
4.269103
4.280383
4.291588
4.303535
4.313928
4.324908
4.335911
4.347809
4.358362
4.36962
4.380862
4.396361
4.406888
4.417809
4.428543
4.439402
4.450436
4.461171
4.471366
4.482086
4.493207
4.503711
4.514426
4.525057
4.535612
4.546346
4.55654
4.568559
4.579502
4.589869
4.600604
4.611084
4.621401
4.63259
4.644187
4.655102
4.666626
4.677568
4.688657
4.700325
4.711141
4.721934
4.733126
4.744898
4.756425
4.767305
TARGET DESTROYED 
4.778189
4.793022
4.803876
4.814763
4.82648
4.838849
4.855306
4.866975
4.878824
4.889632
4.900914
4.912318
4.923095
4.934681
4.94595
4.956621
4.967738
4.979452
4.99063
5.001543
5.012671
5.023703
5.034786
5.046854
5.057436
5.068298
5.079776
5.09077
5.101907
5.113223
5.124239
5.135367
5.147389
5.158021
5.168816
5.184975
5.19603
5.206092
5.216462
5.22661
5.237263
5.247761
5.259349
5.26999
5.280927
5.291978
5.303278
5.314185
5.325205
5.336403
5.347951
5.359614
5.370918
5.382598
5.394247
5.405288
5.416436
5.427808
5.438734
5.449954
5.461584
5.472291
5.483942
5.495361
5.506402
5.516945
5.528589
5.540409
5.55073
5.5626
5.573431
5.584756
5.596166
5.607466
5.618998
5.630251
5.641494
5.653088
5.66413
5.675817
5.686585
5.69842
5.709461
5.721163
5.732581
5.743438
5.75458
5.766445
5.777153
5.78826
5.799831
5.810432
5.82166
5.833229
5.84396
5.855391
5.866832
5.877713
5.8886
5.900323
5.910833
5.922027
5.933522
5.944785
5.956053
5.967273
5.97821
5.989177
6.00028
6.015796
6.025761
6.036342
6.046962
6.058044
6.068976
6.079693
6.090079
6.105796
6.116433
6.126846
6.137079
6.148058
TARGET DESTROYED 
6.158483
6.173497
6.185361
6.197131
6.207726
6.219352
6.230937
6.242366
6.25761
6.268319
6.27932
6.289531
6.300064
6.310405
6.321028
6.340022
6.352556
6.364197
6.375185
6.386278
6.397791
6.408844
6.419866
6.431159
6.442208
6.453346
6.464503
6.475629
6.486875
6.497986
6.509535
6.520551
6.531498
6.542733
6.554143
6.565183
6.576327
6.58741
6.598572
6.60988
6.620942
6.632021
6.643173
6.65451
6.665828
6.677241
6.687894
6.699487
6.710531
6.721399
6.732506
6.743796
6.754912
6.766152
6.777363
6.789078
6.799878
6.810738
6.825718
6.83575
6.846164
6.856391
6.867878
6.879471
6.890832
6.902259
6.914053
6.925442
6.937062
6.94843
6.960369
6.970797
6.981358
6.992833
7.003671
7.015171
7.026156
7.037202
7.04845
7.059683
7.070772
7.082034
7.093236
7.104908
7.115489
7.126558
7.138064
7.149853
7.160046
7.171854
7.183347
7.193851
7.205074
7.216649
7.227726
7.239316
7.250318
7.261933
7.272951
7.284076
7.295852
7.307178
7.318485
7.329827
7.341102
7.35208
7.363205
7.374308
7.385813
7.396669
7.407833
7.419258
7.430111
7.441244
7.452513
7.463849
7.474757
7.485955
7.497732
7.508236
7.519592
7.530808
7.541732
7.553193
7.564136
7.575464
7.586972
7.598089
7.609092
7.620265
7.631306
7.646398
7.656554
7.667215
7.677472
7.687781
7.699626
7.710065
7.720734
7.731209
7.741848
7.752259
7.762701
7.773838
7.78506
7.796928
7.811603
7.823657
7.835113
7.846471
7.858286
TARGET DESTROYED 
7.869188
7.884848
7.896111
7.907331
7.917616
7.927967
7.939403
7.952571
7.964362
7.980083
7.990052
8.000504
8.010509
8.020498
8.030828
8.040895
8.051095
8.062223
8.073097
8.084067
8.096512
8.107663
8.118505
8.129066
8.14012
8.151612
8.162585
8.173404
8.184978
8.195997
8.207087
8.218094
8.229645
8.240565
8.251917
8.263139
8.274483
8.285295
8.296526
8.307837
8.31855
8.330389
8.340965
8.352196
8.363587
8.374618
8.38581
8.397315
8.40879
8.420227
8.432033
8.443358
8.454994
8.466458
8.482314
8.49287
8.503014
8.51405
8.524503
8.534549
8.54516
8.555969
8.567076
8.578411
8.589986
8.600473
8.612101
8.622905
8.634195
8.645555
8.656621
8.667507
8.679216
8.689855
8.701197
8.712834
8.723408
8.734632
8.746106
8.757138
8.768779
8.779712
8.790442
8.801691
8.813528
8.824202
8.835512
8.846712
8.857808
8.869765
8.880643
8.891932
8.903432
8.91452
8.926155
8.937072
8.949103
8.959649
8.971375
8.982255
8.993768
9.004962
9.016149
9.027337
9.038524
9.049705
9.061705
9.07233
9.083717
9.094318
9.105637
9.116651
9.12812
9.13933
9.150245
9.162086
9.172677
9.183885
9.195295
9.20624
9.217593
9.229024
9.239635
9.250791
9.262351
9.27326
9.284178
9.295568
9.306943
9.31779
9.329192
9.340354
9.355592
9.366207
9.376243
9.386566
9.396583
9.406607
9.416958
9.427325
9.437757
9.448952
9.459991
9.47119
9.482458
9.493563
9.505084
9.515776
9.52729
9.5381
9.549723
9.560657
9.571605
9.582909
9.59417
9.60542
9.616492
9.627486
9.63875
9.650037
9.661696
9.672309
9.683702
9.694516
9.705776
9.716831
9.728765
9.739443
9.750946
9.762426
9.773743
9.784738
9.796581
TARGET DESTROYED 
9.807523
9.832574
9.845108
9.863735
9.874023
9.884137
9.893745
9.904902
9.915985
9.927153
9.938439
9.949798
9.960615
9.971898
9.983065
9.994171
10.00551
10.01639
10.02772
10.03917
10.05009
10.06129
10.07238
10.08346
10.09479
10.10603
10.11716
10.12843
10.13939
10.15056
10.16561
10.1774
10.18759
10.19794
10.20789
10.2179
10.2292
10.24024
10.2513
10.26282
10.27423
10.28486
10.29626
10.30742
10.3185
10.32978
10.3408
10.35219
10.36315
10.37415
10.38558
10.39721
10.40834
10.41993
10.43181
10.44323
10.45454
10.46603
10.47725
10.48833
10.49972
10.51066
10.52187
10.53315
10.54446
10.55579
10.56698
10.57877
10.58978
10.60092
10.61268
10.62362
10.63544
10.64649
10.65806
10.6691
10.68026
10.69171
10.70299
10.71452
10.72554
10.73618
10.74821
10.75907
10.76982
10.7812
10.79247
10.80323
10.81492
10.82568
10.83697
10.84845
10.85933
10.87068
10.88209
10.89279
10.9038
10.9155
10.92616
10.93738
10.94964
10.95985
10.97092
10.98237
10.99369
11.00439
11.01555
11.03122
11.04173
11.05298
11.06325
11.07329
11.08349
11.09389
11.1042
11.11492
11.12571
11.13578
11.14632
11.15686
11.16783
11.18001
11.19072
11.20224
11.21294
11.22384
11.23489
11.24625
11.25739
11.26845
11.27957
11.29102
11.30189
11.31298
11.32404
11.33543
11.34678
11.35777
11.36881
11.3799
11.39115
11.40231
11.41419
11.42468
11.43641
11.44839
11.45891
11.47045
11.48173
11.49312
11.50457
11.51576
11.52708
11.53834
11.55031
11.56207
11.57314
11.58413
11.59577
11.60682
11.61857
11.62959
11.64096
11.6521
11.66382
11.67476
11.68622
11.69697
11.70815
11.71932
11.7334
11.7438
11.75377
11.76525
11.77625
11.78821
11.80041
11.81043
11.82149
11.83208
11.84199
11.85308
11.86436
11.87547
11.89071
11.90181
11.91281
11.9231
11.93381
11.94446
11.95538
11.96581
11.97647
11.98683
11.99735
12.00703
12.01736
12.02909
12.03995
12.0515
12.06244
12.07324
12.08472
12.09667
12.10706
12.11827
12.13
12.14023
12.1514
12.16336
12.17423
12.1852
12.19789
12.20816
12.21853
12.22993
12.24155
12.25186
12.26349
12.27529
12.28655
12.2968
12.30824
12.31978
12.33117
12.34251
12.3537
12.3653
12.37643
12.38784
12.39925
12.41057
12.42191
12.43312
12.44464
12.45592
12.46762
12.47915
12.49069
12.50117
12.51272
12.52408
12.53481
12.54612
12.55984
12.57096
12.58155
12.59214
12.6024
12.61234
12.62315
12.6366
