0.02
0.04
0.14
0.1801512
0.1933006
0.2040442
0.2177649
0.2288948
0.2390325
0.2489071
0.2587641
0.2679505
0.2791661
0.2887671
0.2987183
0.309965
0.321929
0.3326428
0.3435328
0.354809
0.3657464
0.376977
0.3884691
0.3992159
0.4104665
0.4224404
0.4328241
0.4442777
0.4557432
0.4662879
0.4774021
0.4888951
0.5002275
0.5109095
0.5223101
0.5373211
0.5468403
0.556676
0.5669073
0.578027
0.5891361
0.6004248
0.6114254
0.6227446
0.6337526
0.6448867
0.6561962
0.6671125
0.6783675
0.6898471
0.7007886
0.711939
0.7231742
0.7343422
0.7454265
0.7571012
0.7679269
0.7789567
0.7902021
0.8012944
0.8126124
0.8240464
0.8348789
0.8460296
0.857489
0.8682923
0.8793847
0.8934198
0.9051506
0.9159485
0.9271216
0.9387443
0.9498341
0.9612653
0.9732732
0.9839341
0.9955596
1.00656
1.017879
1.029303
1.040561
1.051689
1.063216
1.074458
1.085416
1.096698
1.108223
1.118868
1.130154
1.141525
1.153005
1.163893
1.175131
1.186194
1.197128
1.208235
1.219689
1.23128
1.24218
1.25373
1.264219
1.275506
1.28674
1.297639
1.309136
1.32059
1.331228
1.342474
1.353663
1.364663
1.376106
1.387617
1.398344
1.409624
1.420995
1.432065
1.443083
1.454621
1.465436
1.476396
1.487984
1.498839
1.509828
1.521608
1.532599
1.543876
1.555916
TARGET DESTROYED 
1.5733
1.584973
1.594565
1.605887
1.616656
1.62795
1.63946
1.650118
1.661497
1.672875
1.687706
1.698438
1.716999
1.728877
1.739719
1.750846
1.761866
1.773231
1.784297
1.795744
1.806698
1.817898
1.828923
1.840057
1.851452
1.862656
1.873576
1.884781
1.895889
1.907122
1.918493
1.929546
1.940582
1.951935
1.963159
1.974196
1.985085
1.996507
2.007853
2.018882
2.029931
2.04127
2.052511
2.063484
2.074575
2.085941
2.096857
2.10808
2.119515
2.130422
2.141783
2.15288
2.164177
2.175132
2.186371
2.197566
2.208601
2.220361
2.231792
2.243476
2.254821
2.266524
2.277975
2.289621
2.301155
2.312867
2.324497
2.335452
2.346943
2.358663
2.370255
2.381414
2.392565
2.404032
2.414702
2.425955
2.437398
2.448078
2.459348
2.471232
2.481887
2.492891
2.504089
2.515274
2.526373
TARGET DESTROYED 
2.540842
2.550513
2.560477
2.570909
2.580984
2.59176
2.60297
2.614088
2.625198
2.637162
2.653603
2.664994
2.674931
2.684889
2.695349
2.705143
2.715224
2.725605
2.735327
2.745398
2.756209
2.771381
2.781059
2.791659
2.801496
2.811948
2.823109
2.834211
2.845317
2.85649
2.867933
2.878855
2.890035
2.90137
2.912486
2.923484
2.934625
2.945958
2.956933
2.968267
2.979311
2.990546
3.0019
3.012913
3.02397
3.035038
3.046245
3.057515
3.068691
3.08003
3.091606
3.103205
3.114263
3.125844
3.137706
3.148712
3.160221
3.171912
3.183097
3.194467
3.206123
3.217052
3.228967
3.240065
3.25198
3.263335
3.274813
3.285638
3.297245
3.308496
3.319509
3.330624
3.342004
3.353017
3.364341
3.375479
3.386514
3.397446
3.408917
3.42037
3.431223
3.442488
3.453787
3.464682
3.476062
3.487111
3.498096
3.509177
3.520825
3.53201
3.54296
3.554161
3.565206
3.576363
3.58778
3.598625
3.609702
3.621201
3.632158
3.643289
3.65479
3.665892
3.677336
3.688556
3.699129
3.710214
3.722093
3.733009
3.743809
3.755381
3.766364
3.777261
3.788915
3.79959
3.811
3.822483
3.833231
3.8445
3.855929
3.866609
3.877969
3.889614
3.900285
3.915828
3.926626
3.937077
3.947457
3.9578
3.96823
3.978928
3.98976
3.999696
4.010038
4.020508
4.030995
TARGET DESTROYED 
4.046518
4.06364
4.075241
4.085348
4.096284
4.107456
4.118578
4.129774
4.141257
4.15226
4.163222
4.174522
4.185546
4.197054
4.208059
4.219177
4.230327
4.24175
4.25295
4.263998
4.274941
4.286427
4.297539
4.308444
4.319823
4.331242
4.342656
4.353614
4.364426
4.375576
4.386864
4.397815
4.409052
4.420565
4.431433
4.442624
4.454368
4.464859
4.476251
4.487508
4.498466
4.509758
4.521091
4.53213
4.543118
4.554466
4.565402
4.576792
4.588651
4.600024
4.611557
4.623472
4.634575
4.64619
4.657875
4.670053
4.680753
4.692306
4.704588
4.715429
4.726803
4.738246
4.749113
4.760331
4.771873
4.78273
4.793662
4.805148
4.816017
4.827503
4.838517
4.849575
4.860777
4.87236
4.883401
4.894175
4.905887
4.916572
4.927862
4.939105
4.950163
4.961279
4.973046
4.983947
4.994758
5.005982
5.017116
5.028264
5.043733
5.054662
5.065288
5.076365
5.086992
5.09765
5.108659
5.119072
5.130178
5.141844
5.152526
5.163297
5.174174
5.184855
5.195526
5.206257
5.216547
5.227419
5.238033
5.248428
5.259188
5.271088
5.281426
5.292478
5.303756
5.315024
5.327249
5.33895
5.350249
5.362258
TARGET DESTROYED 
5.379668
5.392237
5.403751
5.415269
5.427048
5.438803
5.450382
5.468858
5.481987
5.493593
5.505424
5.51724
5.528948
5.541378
5.551489
5.561579
5.571431
5.582211
5.593047
5.604781
5.615229
5.626524
5.63804
5.648829
5.660039
5.671661
5.682451
5.693615
5.704881
5.715912
5.727001
5.738473
5.749384
5.760684
5.771929
5.782875
5.79399
5.805539
5.816311
5.827867
5.838923
5.850262
5.861085
5.872434
5.883522
5.894548
5.90602
5.917119
5.928041
5.9394
5.950817
5.962518
5.973911
5.986057
5.996902
6.008506
6.020133
6.031497
6.04313
6.054351
6.066099
6.077869
6.089172
6.100316
6.112122
6.12324
6.134168
6.145411
6.156484
6.167606
6.183714
6.194866
6.205866
6.216289
6.227031
6.237809
6.248681
6.259259
6.269718
6.281196
6.291954
6.302417
6.313109
6.324018
6.334977
6.345426
6.356061
6.366806
6.377387
6.388186
6.398893
6.409683
6.4199
6.430702
6.441973
6.453529
6.464266
6.475469
6.486899
6.497719
6.509123
6.520989
6.531599
6.543678
6.554859
6.565502
6.575949
6.587537
6.598324
6.609596
6.621028
6.631881
6.642992
6.654534
6.665809
6.677182
6.688912
6.700257
6.711635
6.723212
6.734483
6.745919
6.757297
6.768723
6.780106
6.791692
6.803596
6.814144
6.825614
6.837329
6.848364
6.860178
6.871772
6.882897
6.893715
6.905311
6.916081
6.927188
6.938604
6.94976
6.960746
6.972571
6.983123
6.99426
7.005661
7.017169
7.028083
7.039269
7.050093
7.061571
7.073159
7.08348
7.094845
7.106021
7.1171
7.128301
7.139464
7.150521
7.161735
7.173361
7.184202
7.19539
7.206712
7.217636
7.228792
7.239873
7.251072
7.26233
7.273645
7.285203
7.297028
7.307599
7.318296
7.330202
7.34069
7.357234
7.367963
7.378527
7.389631
7.400273
7.410985
7.422
7.432543
7.443765
7.454922
7.465467
7.47679
7.487743
7.498536
7.509285
7.519751
7.530665
7.541813
7.552423
7.563025
7.573735
7.585135
7.595852
7.606333
7.617174
7.627727
7.638889
7.649373
7.660419
7.671236
7.682122
7.693344
7.704337
7.715219
7.726549
7.737805
7.748757
7.760094
7.771399
7.782901
7.793799
7.804802
7.816058
7.827005
7.838653
7.849293
7.861018
7.872535
7.883957
7.895358
7.907239
7.917903
7.929406
7.940996
7.952509
7.964276
7.975876
7.987214
7.998986
8.010199
8.02198
8.033689
8.044657
8.055732
8.066039
8.07845
8.089409
8.100184
8.112286
8.12368
8.134721
8.146038
8.157219
8.167845
8.178923
8.189854
8.200694
8.211955
8.223359
8.234588
8.245618
8.256493
8.26846
8.280705
8.292937
8.304568
8.316349
8.328059
8.339648
8.350548
8.363222
8.374558
8.385539
8.396691
8.408347
8.419867
8.431187
8.442539
8.453581
8.465008
8.47636
8.487331
8.49832
8.509577
8.520772
8.538962
8.550215
8.56141
8.573339
8.585189
8.596804
8.609027
8.620217
8.631384
8.643145
8.654254
8.665258
8.6776
8.688587
8.699677
8.711104
8.726434
8.742307
8.754354
8.766257
8.77652
8.790545
