0.02
0.04
0.14
0.1879698
0.2019969
0.214419
0.2255896
0.2365957
0.2477304
0.2591699
0.2699251
0.2814027
0.2925384
0.3053352
0.3151456
0.3259246
0.3368527
0.3487853
0.359356
0.3706258
0.3820072
0.3928775
0.4040168
0.4153154
0.4263923
0.4374385
0.449039
0.4600753
0.4710605
0.4824701
0.4937723
0.5045214
0.5157437
0.5309886
0.5399566
0.5492845
0.5604725
0.5714875
0.5829219
0.5938073
0.6056408
0.6162263
0.6274084
0.6385531
0.6498716
0.6612664
0.6723165
0.6833938
0.6944146
0.705763
0.7168496
0.7278521
0.7391302
0.7503762
0.7616438
0.7726338
0.7838474
0.7948265
0.8062413
0.8172104
0.828375
0.8394609
0.8508282
0.8621798
0.8736809
0.884379
0.8955333
0.9103524
0.9215824
0.9329205
0.9440507
0.9551755
0.9671443
0.9779528
0.9891956
1.000747
1.01214
1.023426
1.034849
1.046079
1.057027
1.068115
1.079642
1.090241
1.101621
1.112803
1.123778
1.135068
1.146498
1.157583
1.169557
1.17956
1.191258
1.202254
1.2137
1.224606
1.235937
1.246672
1.258104
1.269239
1.280727
1.291414
1.303122
1.314273
1.324886
1.336049
1.347701
1.358572
1.369773
1.381121
1.392396
1.403305
1.414722
1.425555
1.436407
1.447775
1.459045
1.470549
1.481852
1.492407
1.503694
1.515036
1.526274
1.537263
1.548929
1.559386
1.573298
1.582487
1.592152
1.603439
1.614788
1.625878
1.636812
1.648586
1.659313
1.670435
1.692329
1.702242
1.711357
1.722226
1.733324
1.74439
1.755349
1.766737
1.777932
1.791306
1.801533
1.811585
1.822506
1.833713
1.844819
1.856605
1.867249
1.878419
1.890844
1.901277
1.911867
1.923075
1.934214
1.945455
1.956559
1.967932
1.97885
1.990093
2.001245
2.013658
2.023752
2.034734
2.046031
2.057813
2.068122
2.079627
2.090466
2.101769
2.112941
2.124086
2.141287
2.154707
2.164968
2.175315
2.185806
2.203435
2.213669
2.224568
2.235728
2.247082
2.258293
2.269314
2.28241
2.292605
2.302862
2.315105
2.326669
2.338303
2.349227
2.359047
2.374077
2.384028
2.393516
2.40338
2.414843
2.42564
2.439487
2.449612
2.459255
2.471225
2.481867
2.493029
2.504267
2.515408
2.526142
2.537632
2.54921
2.559695
2.570968
2.582343
2.593375
2.604434
2.615717
2.627448
2.637857
2.649391
2.660278
2.671413
2.682888
2.693877
2.704901
2.716422
2.728088
2.739452
2.751045
2.762762
2.774087
2.786
2.797459
2.809106
2.820512
2.832399
2.843236
2.854639
2.866062
2.877841
2.888318
2.900851
2.910937
2.922612
2.933467
2.94465
2.955764
2.966825
2.977964
2.989076
3.000336
3.011462
3.022744
3.033952
3.048626
3.058859
3.069814
3.07974
3.090137
3.101424
3.111628
3.122215
3.13324
3.143036
3.154372
3.165789
3.177194
3.18777
3.208617
3.219789
3.230779
3.241046
3.252705
3.263641
3.274734
3.286115
3.297093
3.308121
3.319343
3.330572
3.341512
3.352986
3.364563
3.375313
3.386297
3.397718
3.409068
3.420714
3.431672
3.442467
3.453394
3.464862
3.475579
3.487099
3.498398
3.509423
3.520578
3.532089
3.542732
3.553921
3.565848
3.576087
3.587396
3.598843
3.609641
3.620713
3.632241
3.64664
3.656978
3.667411
3.677779
3.688352
3.700201
3.71134
3.72321
3.734529
3.753648
3.766054
3.777436
3.788636
3.800893
3.811198
3.822415
3.833687
3.844585
3.855876
3.867503
3.878407
3.88938
3.90088
3.912834
3.927621
3.938859
3.949824
3.960423
3.971885
3.982098
3.991941
4.002192
4.011767
4.022998
4.034369
4.045524
4.056967
4.067889
4.078838
4.092661
4.102983
4.113799
4.123813
4.135084
4.146071
4.157113
4.168935
4.18014
4.191726
4.202742
4.214224
4.2254
4.236105
4.24826
4.25929
4.270898
4.282513
4.2932
4.304279
4.315807
4.326812
4.338249
4.349916
4.360893
4.372822
4.38356
4.394868
4.411987
4.423353
4.434947
4.445982
4.456791
4.468012
4.478806
4.488367
4.499668
4.510674
4.521039
4.531444
4.541686
4.551933
4.562271
4.573012
4.58326
4.593529
4.603791
4.615179
4.626153
4.637269
4.649941
4.660003
4.671035
4.683228
4.693237
4.704943
4.716248
4.727046
4.738321
4.749381
4.760168
4.771617
4.782996
4.793685
4.804847
4.816892
4.827601
4.838564
4.850079
4.860691
4.871989
4.883721
4.894112
4.905293
4.917459
4.928374
4.939795
4.95159
4.962837
4.974231
4.986084
4.99745
5.008739
5.020365
5.031872
5.043378
5.054532
5.065886
5.077654
5.094015
5.105359
5.116598
5.127589
5.138909
5.150802
5.162612
5.17451
5.185547
5.20354
5.215487
5.226076
5.23702
5.249053
5.259895
5.270916
5.283317
5.294543
5.305772
5.317391
5.328192
5.339563
5.350851
5.362665
5.374771
5.386007
5.397177
5.408666
5.419925
5.430488
5.441959
5.453492
5.46421
5.4753
5.487122
5.498523
5.509253
5.521109
5.532406
5.54341
5.55465
5.565517
5.576287
5.587285
5.598525
5.609556
5.620366
5.63151
5.64257
5.653873
5.665102
5.676676
5.687576
5.702115
5.713077
5.724454
5.735642
5.746121
5.757513
5.768844
5.784318
5.79597
5.807374
5.818734
5.829858
5.84107
5.852342
5.863963
5.87498
5.886294
5.897683
5.909071
5.92198
5.934429
5.945414
5.957009
5.968177
5.978986
5.990607
6.002075
6.012891
6.024292
6.035416
6.046251
6.058365
6.070046
6.081682
6.09282
6.103865
6.115793
6.127001
6.138083
6.150557
6.16181
6.173802
6.185504
6.196746
6.207675
6.218637
6.229815
6.241358
6.252769
6.264356
6.275659
6.287864
6.299887
6.311059
6.322609
6.334157
6.346747
6.358052
6.368804
6.380001
6.391494
6.402537
6.41369
6.424983
6.436184
6.446948
6.457942
6.473762
6.485344
6.496646
6.50813
6.519078
6.530304
6.542382
6.553703
6.565285
6.576344
6.587481
6.599257
6.609928
6.621058
6.633215
6.643935
6.655199
6.666509
6.677301
6.689006
6.70032
6.71169
6.72419
6.735684
6.74645
6.758628
6.77082
6.782251
6.793161
6.804814
6.816055
6.826854
6.837982
6.84937
6.8605
6.871917
6.88281
6.893693
6.904916
6.916452
6.927228
6.939288
6.950348
6.961156
6.972634
6.983677
6.994094
7.00538
7.016761
7.027697
7.03922
7.050925
7.061628
7.072989
7.084044
7.095241
7.106377
7.117517
7.12825
7.143999
7.155023
7.16692
7.177864
7.189766
7.201174
7.212363
7.222651
7.233678
7.244033
7.254704
7.265197
7.275689
7.286756
7.297237
7.310913
7.322762
7.334228
7.344805
7.356318
7.367868
7.380056
7.39125
7.402727
7.414056
7.425302
7.436659
7.447776
7.458505
7.470133
7.481369
7.492371
7.504676
7.516104
7.526936
7.538575
7.549751
7.561074
7.572706
7.584149
7.594939
7.606416
7.61794
7.629074
7.641021
7.652236
7.664903
7.675803
7.687049
7.698742
7.709087
7.723585
7.734172
7.744799
7.756126
7.766363
7.776679
7.787426
7.798954
7.809482
7.824153
7.84016
7.852181
7.863796
7.875219
7.886284
7.897717
7.908805
7.92108
7.932893
7.945459
7.956542
7.967743
7.978917
7.990041
8.001237
8.012956
8.024509
8.035724
8.047076
8.058677
8.070259
8.082296
8.093468
8.106707
8.118357
8.130752
8.142337
8.154631
8.167319
8.178848
8.189963
8.202203
8.213504
8.225188
8.2367
8.248146
8.259689
8.271447
8.282618
8.29388
8.305088
8.31628
8.328218
8.340013
8.351512
8.362583
8.374404
8.385741
8.396691
8.407761
8.419798
8.43146
8.442998
8.454286
8.466286
8.477633
8.488906
8.500306
8.512177
8.528029
8.539495
8.550589
8.561408
8.573464
8.584733
8.595835
8.607838
8.619502
8.632296
8.64362
8.654886
8.666825
8.677803
8.689436
8.701203
8.712523
8.723676
8.73522
8.746668
8.759405
8.770634
8.782013
8.793193
8.80434
8.815276
8.826121
8.837204
8.848865
8.859604
8.87084
8.88263
8.893104
8.904346
8.919613
8.931432
8.942989
8.955375
8.967345
8.978384
8.989524
9.00089
9.012603
9.024156
9.03571
9.046742
9.057805
9.069407
9.081102
9.092223
9.103827
9.115174
9.127769
9.138966
9.15026
9.161202
9.173456
9.185103
9.196229
9.212535
9.22396
9.234882
9.246172
9.25713
9.268596
9.279718
9.290937
9.302284
9.313787
9.324724
9.335751
9.351326
9.362361
9.373674
9.384991
9.395631
9.407016
9.418913
9.429371
9.440764
9.451932
9.462802
9.474082
9.485212
9.496265
9.507731
9.518764
9.529822
9.541177
9.552479
9.564258
9.575763
9.587927
9.599688
9.609782
9.620696
9.631107
9.641703
9.652701
9.664092
9.674823
9.686129
9.701353
9.712766
9.724523
9.73596
9.748107
9.759178
9.770607
9.782681
9.794229
9.805259
9.816826
9.827867
9.839129
9.850395
9.862383
9.874056
9.889773
9.901376
9.912239
9.923596
9.934636
9.945615
9.957313
9.968884
9.980032
9.99145
10.0026
10.0135
10.02501
10.03663
10.04739
10.05828
10.06903
10.07988
10.09069
10.1013
10.11282
10.12531
10.13717
10.14918
10.16131
10.17408
10.18632
10.19935
10.21107
10.22316
10.23501
10.24677
10.25932
10.27109
10.28491
10.29746
10.30971
10.32212
10.33434
10.34566
10.35769
10.36943
10.38227
10.39443
10.40651
10.41915
10.43198
10.4433
10.45533
10.46804
10.47923
10.49077
10.50252
10.51322
10.52406
10.53506
10.54626
10.5575
10.5692
10.58034
10.59148
10.60264
10.61429
10.62537
10.64147
10.65271
10.66385
10.67543
10.68677
10.69796
10.70894
10.72031
10.73122
10.74242
10.75404
10.76538
10.78415
10.7952
10.80751
10.81969
10.83232
10.84406
10.86288
10.87507
10.88643
10.89793
10.90998
10.92215
10.93475
10.94932
10.96007
10.97261
10.98398
10.9947
11.00624
11.01716
11.02857
11.03989
11.05521
11.06822
11.07983
11.09891
11.11065
11.12275
11.13486
11.14684
11.15855
11.1716
11.18349
11.19523
11.20721
11.21965
11.23278
11.24477
11.25654
11.26848
11.28069
11.29269
11.30519
11.31697
11.32807
11.33992
11.35095
11.36577
11.37817
11.38937
11.40128
11.41749
11.429
11.44134
11.45274
11.46424
11.47542
11.48661
11.49835
11.50987
11.52133
11.53294
11.54464
11.55564
11.56745
11.57873
11.59046
11.60243
11.61337
11.62404
11.63487
11.64578
11.65656
11.66734
11.67824
11.68949
11.70068
11.71621
11.72754
11.73956
11.75147
11.76375
11.77526
11.78682
11.79887
11.81078
11.82242
11.83487
11.84691
11.85907
11.87134
11.8831
11.89464
11.90655
11.91895
11.93191
11.94443
11.95643
11.96856
11.9823
11.99411
12.00663
12.01809
12.02938
12.04093
12.05267
12.06475
12.07645
12.08773
12.09963
12.11573
12.12729
12.13898
12.15056
12.16241
12.17463
12.18627
12.19831
12.21049
12.22291
12.23404
12.24563
12.26012
12.276
12.29243
12.30859
12.32296
12.33778
12.3531
12.36848
12.38439
12.39851
12.41401
12.42913
12.44482
12.4605
12.4761
12.49091
12.50555
12.52094
12.53631
12.55154
12.56686
12.58231
12.59704
12.61204
12.6275
12.64241
12.65824
12.67272
12.68826
12.70341
12.71892
12.73429
12.74957
12.7641
12.77953
TARGET DESTROYED 
12.79478
12.82032
12.8363
12.85161
12.86693
12.88706
12.90292
12.91805
12.93362
12.95097
12.96782
12.98356
12.99896
13.01406
13.02971
13.04483
13.06001
13.07515
13.08611
13.09645
13.10847
13.11959
13.13009
13.14057
13.15182
13.16222
13.17301
13.18383
13.1937
13.20471
13.21616
13.22688
13.23832
13.2497
13.26055
13.27326
13.28427
13.29413
13.30577
13.31686
13.32749
13.33878
13.35018
13.36109
13.37218
13.38352
13.39492
13.40581
13.41808
13.42976
13.44226
13.45487
13.46673
13.47911
13.49122
13.50374
13.51649
13.52883
13.54042
13.55302
13.56467
13.57637
13.59306
13.60481
13.61572
13.62621
13.63668
13.64654
13.65753
13.66782
13.67804
13.68811
13.70326
13.71481
13.72591
13.73699
13.74798
13.75938
13.76993
13.78114
13.79201
13.80394
13.81517
13.82578
13.83663
13.8476
TARGET DESTROYED 
13.85849
13.87427
13.88597
13.89774
13.90828
13.91964
13.93087
13.94198
13.95297
13.96439
13.97535
13.98659
13.99925
14.01111
14.02376
14.0359
14.04651
14.05735
14.06825
14.07872
14.08944
14.10022
14.11061
14.12133
14.13205
14.14293
14.15413
14.1662
14.17753
14.18908
14.20087
14.21266
14.22511
14.23758
14.25378
14.26627
14.2777
14.28985
14.30143
14.31278
14.32456
14.33653
14.34845
14.36038
14.3718
14.38322
14.39453
14.40598
14.41791
14.42969
14.44134
14.45288
14.46457
14.47668
14.48856
14.50051
14.51143
14.52332
14.53506
14.54524
14.55683
14.56793
14.57907
14.58974
14.6012
14.61217
14.62334
14.6346
14.64543
14.6567
14.66814
14.67898
14.6903
14.70152
14.71254
14.72391
14.73502
14.7461
14.75731
14.7687
14.77955
14.79086
14.80207
14.81361
14.82465
14.83582
14.84642
14.85778
14.86986
14.88107
14.89145
14.90249
14.91369
14.92479
14.93973
14.95036
14.96046
14.97096
14.98126
14.99285
15.00468
15.01636
15.02739
15.03874
TARGET DESTROYED 
15.05039
15.06504
15.07508
15.08498
15.0954
15.10672
15.11803
15.12972
15.1402
15.15119
15.16448
15.17716
15.18954
15.20244
15.21606
15.22822
15.24077
15.25335
15.26676
15.27902
15.29174
15.30454
15.31745
15.32982
15.34227
15.35529
15.3688
15.38144
15.39304
15.40538
15.41764
15.42959
15.4414
15.45395
15.46663
15.49139
15.51618
15.54009
15.56395
15.58919
15.614
15.63801
15.66123
15.68463
15.70812
15.74202
15.76687
15.79213
15.81768
15.84229
15.86695
15.89145
15.91654
15.94068
15.96568
15.99015
16.01726
16.04173
16.06658
16.09153
16.11592
16.14025
16.16503
16.19001
16.2154
16.24019
16.26553
16.29002
16.31481
16.33963
16.36502
16.38942
16.41394
16.43838
16.4635
16.48825
16.5124
16.53743
16.56181
16.58714
16.61151
16.63614
16.66557
16.69085
TARGET DESTROYED 
16.71562
16.75786
16.78552
16.81124
16.83669
16.86127
16.88658
16.91164
16.93681
16.96099
16.98624
17.01037
17.0365
17.06077
17.08659
17.11082
17.13625
17.16087
17.18659
17.21087
17.23599
17.26046
17.28521
17.30964
17.335
17.35997
17.38434
17.40869
17.42703
17.44948
17.47158
17.49406
17.51644
17.53856
17.56088
17.5836
17.60559
17.62842
17.65035
17.67271
17.69502
17.7174
17.74
17.7621
17.78446
17.80679
17.829
17.85205
17.87385
17.89627
17.91828
17.94117
17.96325
17.98539
18.00771
18.03055
18.05271
18.07579
18.09745
18.1195
18.13113
18.14209
18.15325
18.16418
18.17587
18.18709
18.19777
18.20898
18.22035
18.23128
18.24267
18.2535
18.26466
18.27613
18.28888
18.30167
18.314
18.32684
18.33951
18.35245
18.3636
18.37434
18.38481
18.39521
18.40587
18.41727
18.42836
18.43897
18.45362
18.46595
18.4769
18.48816
18.50689
18.51803
18.52861
18.5392
18.55141
18.56307
18.57475
18.58666
18.59967
18.6112
18.62242
18.63441
18.64587
18.65717
18.66948
18.6814
18.69273
18.71058
TARGET DESTROYED 
18.72804
18.75704
18.77523
18.7923
18.81011
18.82779
18.84711
18.86634
18.88435
18.90188
18.91997
18.93765
18.9558
18.97393
18.99221
19.01071
19.02878
19.04756
19.06574
19.08396
19.10177
19.1197
19.13733
19.15553
19.17372
19.19109
19.2091
19.22731
19.24545
19.268
19.28614
19.30364
19.32118
19.33871
19.35663
19.37217
19.38756
19.40289
19.41908
19.43479
19.45045
19.46558
19.48108
19.49654
19.51217
19.52789
19.54346
19.55872
19.57441
19.59022
19.60519
19.62037
19.63574
19.65016
19.66532
19.67983
19.69456
19.7133
19.72912
19.74467
19.76028
19.77542
19.79103
19.80602
19.82123
19.8374
19.85297
19.8644
19.87564
19.88774
19.89897
19.9102
19.92204
19.93356
19.94515
19.9564
19.96801
19.97935
19.99087
20.00268
20.01438
20.02593
20.042
20.05505
20.06623
20.07788
20.08915
20.1012
20.11278
20.12471
20.13625
20.14826
20.16043
20.17224
20.18411
20.19588
20.20813
20.21932
20.23036
20.24191
20.25335
20.26444
20.27506
20.28635
20.29771
20.30876
20.32035
20.33187
20.34275
20.35338
20.36466
20.37581
20.38676
20.3983
20.40957
20.42155
20.43295
20.44389
20.45444
20.46513
20.47612
20.48741
20.49873
20.50969
20.52095
20.53287
20.54341
20.55427
20.56581
20.57682
20.58797
20.59924
20.61025
20.62143
20.63279
20.6439
20.65608
20.66755
20.67864
20.68985
20.70069
20.71252
20.72887
20.74006
20.75162
20.76231
20.77331
20.78431
20.79533
20.80618
20.817
20.82767
20.83836
20.84992
20.86138
20.87236
20.88356
20.89459
20.90537
TARGET DESTROYED 
20.91659
20.93294
20.94456
20.95656
20.96783
20.97882
20.9901
21.00155
21.01289
21.02384
21.03595
21.04924
21.06436
21.07584
21.08762
21.09904
21.11046
21.12194
21.13403
21.14646
21.15842
21.17043
21.18192
21.19389
21.20499
21.21642
21.22831
21.23975
21.25133
21.26281
21.27455
21.2874
21.29915
21.31031
21.32227
21.33372
21.3462
21.358
21.37005
21.38149
21.39271
21.40916
21.42134
21.43277
21.444
21.45569
21.4671
21.47849
21.49041
21.50262
21.5138
21.5258
21.53756
21.54932
21.5611
21.5723
21.58407
21.59548
21.607
21.61814
21.62868
21.63951
21.65054
21.66179
21.67264
21.68381
21.69506
21.71053
21.72254
21.73417
21.74517
21.75677
21.76865
21.77996
21.79175
21.80344
21.81504
21.82611
21.83824
21.85006
21.86118
21.87278
21.88414
21.89582
21.90701
21.91856
21.92982
21.94116
21.95315
21.96443
21.97617
21.98788
21.99973
22.01034
22.02236
22.03466
22.04585
22.05755
22.07094
22.08275
22.09894
22.11103
22.12233
22.13478
22.14638
22.15826
22.17043
22.18158
22.19304
22.20476
22.21619
22.22791
22.23972
22.25133
22.26345
22.27485
22.28648
22.29734
22.3087
22.32064
22.33218
22.34423
22.35555
22.36712
22.37928
22.39262
22.40462
22.41684
22.42852
22.44008
22.45218
22.46472
22.47738
22.48843
22.50021
22.51153
22.52313
22.53593
22.54715
22.55911
22.57065
22.58166
22.59291
22.60348
22.61395
22.62502
22.63622
22.64694
22.65758
22.66861
22.679
22.69059
22.70163
22.71214
22.72456
22.73571
22.74628
22.75685
22.76775
22.78343
22.79431
22.80471
22.81672
22.82715
22.83774
22.84884
22.85882
22.87017
22.88082
22.89158
22.90302
22.91392
22.92454
22.93587
22.94691
22.95717
22.96811
22.97878
22.99009
23.00141
23.01249
23.02359
23.03481
23.04592
23.05742
23.06879
23.08006
23.0908
23.1064
23.12215
23.13795
23.1539
23.16971
23.1826
23.19557
23.2094
23.22356
23.23631
23.24949
23.26209
23.27527
23.2891
23.30223
23.31503
23.32838
23.34133
23.35514
23.36863
23.38165
23.39417
23.40698
23.42093
23.43437
23.44707
23.46041
23.47341
23.48645
23.50441
23.52238
23.5366
23.54976
23.5627
23.57603
23.58971
23.60305
23.61517
23.62749
23.63947
23.65175
23.6635
23.67597
TARGET DESTROYED 
23.68934
23.71273
23.72698
23.73975
23.75438
23.76769
23.78071
23.7937
23.80628
23.81925
23.83366
23.84859
23.86243
23.87507
23.88873
23.90193
23.91538
23.92853
23.94126
23.95539
23.96933
23.98227
23.99505
24.00751
24.02173
24.03463
24.04772
24.06035
24.07355
24.08739
24.10047
24.11372
24.12671
24.13946
24.1528
24.16674
24.18005
24.19343
24.20667
24.21932
24.23301
24.2505
24.26329
24.27693
24.28998
24.30285
24.31687
24.32961
24.34238
24.35593
24.36982
24.38397
24.39655
24.40916
24.42268
24.43564
24.44825
24.46116
24.47424
24.48744
24.50662
24.51977
24.53269
24.54548
24.55837
24.5718
24.5846
24.59753
24.60945
24.6224
24.63784
24.65104
24.66374
24.676
24.68909
24.70467
