0.02
0.04
0.14
0.1742347
0.1871117
0.1993897
0.2110239
0.2228413
0.2339898
0.2447893
0.2553523
0.266419
0.2775101
0.2889197
0.3013797
0.3109431
0.3223014
0.3334246
0.3444579
0.3557479
0.3668303
0.3780131
0.3894857
0.4003201
0.411323
0.4227602
0.433774
0.4452468
0.4561855
0.4674287
0.4784517
0.4900879
0.5006914
0.5120115
0.5233149
0.5344461
0.5486159
0.5581415
0.5676876
0.5788486
0.5902993
0.6014741
0.6125164
0.62367
0.6349279
0.6459629
0.6571493
0.6685675
0.679548
0.690752
0.701888
0.7130377
0.7243078
0.7356094
0.7465006
0.7579743
0.7692393
0.7800962
0.7912793
0.8023794
0.8135629
0.824805
0.8358518
0.8472727
0.8582768
0.8698796
0.8806018
0.8957359
0.9070063
0.918279
0.929184
0.9406103
0.9517643
0.9631184
0.9748556
0.9859185
0.9971761
1.00879
1.019852
1.030789
1.041918
1.054193
1.064534
1.075589
1.086813
1.09823
1.109032
1.120479
1.131183
1.142884
1.153981
1.165299
1.176051
1.187505
1.198343
1.209628
1.221133
1.232013
1.243655
1.254871
1.265292
1.2766
1.288137
1.298732
1.309892
1.321668
1.332415
1.343651
1.355022
1.365866
1.377027
1.389197
1.399561
1.410493
1.421955
1.433026
1.44413
1.455636
1.4666
1.477473
1.489324
1.500391
1.511104
1.522486
1.533481
1.545057
1.555851
1.56707
1.579624
1.593342
1.603039
1.612686
1.623304
1.632414
1.642864
1.654691
1.665296
1.676444
1.688143
1.69903
1.719866
1.729309
1.740734
1.751679
1.763045
1.774279
1.785631
1.796436
1.807617
1.819393
1.830003
1.841202
1.853318
1.8637
1.874716
1.885729
1.897093
1.908631
1.91958
1.930517
1.941965
1.953149
1.964194
1.975312
1.992722
2.006058
2.015558
2.025425
2.034908
2.045852
2.055801
2.065778
2.076077
2.087357
2.098065
2.109316
2.122465
2.132855
2.143302
2.15433
2.165899
2.178494
2.189543
2.199825
2.210799
2.221824
2.232066
2.243499
2.25508
2.265734
2.277044
2.288167
2.299095
2.310356
2.321825
2.332873
2.343979
2.355105
2.366387
2.377656
2.389067
2.399845
2.410815
2.422252
2.433384
2.44508
2.455858
2.466744
2.478113
2.489443
2.500441
2.511363
2.522813
2.533922
2.555071
2.567401
2.578361
2.589677
2.600778
2.611889
2.623326
2.634514
2.645442
2.656646
2.668031
2.67884
2.690363
2.701291
2.71246
2.723678
2.735013
2.745962
2.757277
2.768529
2.779598
2.79131
2.806408
2.81638
2.826216
2.835826
2.846411
2.857749
2.86883
2.880122
2.891334
2.902418
2.913594
2.924836
2.936023
2.947285
2.958292
2.969651
2.980423
2.991767
3.003304
3.014322
3.025296
3.037281
3.048383
3.059911
3.071792
3.083029
3.094398
3.106206
3.117012
3.128134
3.139679
3.150459
3.161935
3.17325
3.184284
3.195702
3.207051
3.218424
3.229683
3.241159
3.252597
3.264036
3.274824
3.286876
3.297496
3.308994
3.320508
3.331615
3.343104
3.354538
3.365389
3.376475
3.387995
3.398799
3.410649
3.421744
3.432428
3.443568
3.454883
3.465773
3.47701
3.48859
3.499413
3.510597
3.522002
3.532782
3.543973
3.555418
3.566434
3.577916
3.589025
3.599727
3.610892
3.622703
3.633362
3.644613
3.656087
3.667018
3.678173
3.689511
3.700526
3.711534
3.72308
3.734256
3.745055
3.756579
3.767766
3.778733
3.790106
3.800907
3.81211
3.823349
3.834469
3.845589
3.856923
3.867984
3.879062
3.894909
3.90518
3.915602
3.926987
3.937061
3.947285
3.957927
3.967207
3.978183
3.98918
3.999276
4.009553
4.020766
4.031504
4.042763
4.054425
4.064965
4.076108
4.088181
4.099208
4.109673
4.121268
4.132221
4.143186
4.154644
4.165729
4.17704
4.188133
4.198981
4.210381
4.221941
4.232738
4.24401
4.255123
4.266108
4.277498
4.288933
4.299876
4.311503
4.322907
4.334381
4.345808
4.357038
4.368659
4.379644
4.391043
4.402477
4.413796
4.429047
4.439331
4.448943
4.459449
4.469196
4.480222
4.491428
4.50376
4.513675
4.525138
4.536372
4.547304
4.558348
4.570521
4.5807
4.591861
4.603192
4.614318
4.625376
4.636868
4.647836
4.658904
4.670177
4.681507
4.692561
4.70396
4.714686
4.725922
4.742035
4.751871
4.762139
4.772254
4.782696
4.793913
4.804738
4.814613
4.825697
4.837393
4.847676
4.85885
4.870297
4.881295
4.892805
4.909822
4.919854
4.929228
4.93987
4.949256
4.960062
4.969996
4.980814
4.992248
5.0035
5.014392
5.025587
5.03698
5.047871
5.059139
5.070385
5.081439
5.093031
5.10399
5.114797
5.126143
5.137465
5.148716
5.159541
5.170921
5.181901
5.193128
5.204788
5.215719
5.226782
5.238109
5.248886
5.260171
5.27171
5.283118
5.294279
5.306066
5.317066
5.328391
5.339781
5.3512
5.362639
5.374132
5.385244
5.396737
5.408023
5.419548
5.430743
5.442302
5.454075
5.465325
5.476211
5.488242
5.498718
5.50972
5.52158
5.53218
5.54327
5.554912
5.565749
5.576952
5.588333
5.599167
5.610525
5.622142
5.632693
5.64388
5.655681
5.666361
5.677456
5.688761
5.700378
5.711051
5.722299
5.733441
5.74452
5.755874
5.767695
5.778141
5.78919
5.800448
5.811417
5.822642
5.834089
5.844887
5.856245
5.867411
5.878603
5.889573
5.900854
5.911908
5.92314
5.934797
5.945498
5.957008
5.967999
5.983677
5.994687
6.006364
6.016966
6.028286
6.039408
6.04985
6.061052
6.071904
6.082202
6.093609
6.105252
6.117428
6.128009
6.138595
6.148674
6.159518
6.171044
6.181077
6.191946
6.201766
6.212292
6.223078
6.2336
6.244788
6.256037
6.266405
6.277215
6.288217
6.298466
6.30905
6.32059
6.331614
6.342866
6.354363
6.365052
6.376197
6.387514
6.398783
6.410381
6.420997
6.431952
6.443416
6.45473
6.465642
6.476841
6.488216
6.499227
6.510352
6.521791
6.532607
6.543781
6.5555
6.566406
6.578013
6.589539
6.60084
6.612287
6.623909
6.635334
6.64702
6.658481
6.669793
6.681142
6.692756
6.705037
6.71545
6.72666
6.738513
6.749381
6.760861
6.772408
6.783229
6.794427
6.805798
6.817032
6.832267
6.84286
6.853404
6.86363
6.873577
6.883573
6.893632
6.904484
6.915342
6.925394
6.936543
6.947334
6.95848
6.969738
6.981069
6.992159
7.003664
7.014323
7.026
7.037204
7.047997
7.059205
7.07059
7.081454
7.092681
7.104162
7.116014
7.126378
7.137698
7.148378
7.160125
7.171185
7.182359
7.193144
7.204535
7.21575
7.227019
7.23852
7.249687
7.261128
7.272751
7.284005
7.295163
7.306808
7.318136
7.329194
7.341108
7.352005
7.363223
7.374633
7.38615
7.397237
7.408837
7.420026
7.431127
7.442657
7.454109
7.464487
7.475976
7.48771
7.498312
7.509192
7.521028
7.531682
7.54288
7.554562
7.565264
7.57627
7.587841
7.598499
7.609828
7.621312
7.632231
7.643366
7.655164
7.665493
7.676917
7.688455
7.699177
7.710499
7.722178
7.73267
7.743944
7.755334
7.766159
7.777353
7.788748
7.799765
7.811043
7.822229
7.833555
7.844244
7.855862
7.866656
7.878055
7.888999
7.900328
7.915883
7.926235
7.936098
7.946126
7.956543
7.966905
7.977268
7.987527
7.997841
8.009156
8.020628
8.031092
8.042284
8.053727
8.064604
8.075902
8.087414
8.097961
8.109356
8.121347
8.132047
8.142838
8.154675
8.165154
8.176365
8.187886
8.198779
8.210042
8.22146
8.23219
8.243836
8.254898
8.265587
8.276998
8.288312
8.299398
8.310627
8.322221
8.333539
8.344776
8.356748
8.367437
8.378979
8.390152
8.401691
8.412883
8.424181
8.435866
8.446882
8.458301
8.469751
8.480912
8.492233
8.503866
8.514604
8.525664
8.537613
8.548061
8.559139
8.570812
8.581535
8.593235
8.604384
8.615239
8.626276
8.637745
8.648609
8.659757
8.671307
8.682153
8.693437
8.705039
8.716219
8.726987
8.73836
8.749294
8.76033
8.771565
8.782682
8.793785
8.805414
8.816197
8.827357
8.838635
8.849943
8.86169
8.872333
8.883519
8.894868
8.906027
8.916865
8.928199
8.9392
8.950307
8.96144
8.974053
8.984672
9.000515
9.011747
9.022934
9.033495
9.045818
9.057503
9.068358
9.079414
9.090558
9.101819
9.112981
9.124252
9.135412
9.146179
9.157624
9.168746
9.17999
9.191221
9.202049
9.213682
9.22464
9.236012
9.246776
9.258248
9.269291
9.280491
9.291681
9.303361
9.313792
9.335201
9.347652
9.358744
9.370185
9.380861
9.39223
9.403679
9.41445
9.425612
9.436804
9.448071
9.459078
9.470663
9.481258
9.492719
9.504247
9.515079
9.526221
9.537509
9.548462
9.559595
9.571233
9.581794
9.593043
9.604683
9.615469
9.627222
9.638082
9.648952
9.660122
9.671471
9.68261
9.693728
9.705133
9.71618
9.727287
9.738611
9.749418
9.760554
9.772172
9.783442
9.794142
9.805662
9.816945
9.828362
9.840628
9.851437
9.863408
9.874351
9.886326
9.897499
9.90945
9.920732
9.931963
9.943721
9.955397
9.966306
9.977821
9.989661
10.00027
10.01153
10.02267
10.03373
10.04498
10.05617
10.06781
10.07869
10.09404
10.10443
10.11454
10.12489
10.13508
10.14765
10.158
10.16865
10.17909
10.18918
10.19896
10.20917
10.21974
10.23083
10.24206
10.25377
10.26432
10.27565
10.28697
10.29804
10.3092
10.32052
10.33143
10.3426
10.35379
10.36483
10.37607
10.38737
10.39845
10.40963
10.42118
10.43189
10.44322
10.45447
10.46573
10.47667
10.48889
10.49909
10.51045
10.52195
10.53309
10.54465
10.57846
10.58904
10.59874
10.60959
10.62158
10.63284
10.64437
10.65463
10.66545
10.67698
10.68807
10.69885
10.71002
10.72174
10.73258
10.74382
10.75488
10.76592
10.77731
10.78854
10.79963
10.8105
10.82188
10.83294
10.84409
10.85535
10.86669
10.87828
10.88892
10.89983
10.91114
10.92237
10.93439
10.94456
10.95634
10.96704
10.97809
10.98939
11.00059
11.03491
11.04508
11.05645
11.06764
11.07917
11.09021
11.10094
11.11242
11.12355
11.13857
11.14863
11.16114
11.1716
11.18108
11.19112
11.20169
11.2128
11.224
11.23504
11.24645
11.2574
11.26878
11.27983
11.291
11.30232
11.3134
11.32441
11.33564
11.34678
11.35805
11.36925
11.38036
11.39136
11.40304
11.41389
11.425
11.43609
11.44758
11.4585
11.47003
11.48074
11.49227
11.50354
11.51437
11.52541
11.53684
11.54778
11.55919
11.57036
11.58141
11.5927
11.60426
11.61478
11.62622
11.63728
11.64896
11.66075
11.6729
11.6846
11.69648
11.70854
11.72022
11.7314
11.7428
11.75445
11.76503
11.77623
11.78778
11.79843
11.80958
11.82121
11.83204
11.84335
11.85478
11.8656
11.87712
11.88825
11.89897
11.91077
11.92162
11.93252
11.94392
11.95525
11.96604
11.97712
11.98904
11.99946
12.01074
12.02216
12.03366
12.04413
12.05567
12.06655
12.07777
12.08922
12.10009
12.11124
12.12277
12.13368
12.1448
12.15601
12.16754
12.17822
12.19004
12.20054
12.21179
12.22335
12.23893
12.25827
12.26858
12.27862
12.28922
12.29884
12.30944
12.31948
12.3297
12.34113
12.35242
12.36332
12.37442
12.38551
12.39664
12.40777
12.41909
12.4303
12.44182
12.45273
12.46396
12.47475
12.48626
12.4975
12.50866
12.51968
12.53085
12.54478
12.55565
12.56524
12.57588
12.58669
12.59773
12.60898
12.62044
12.63126
12.64246
12.65421
12.6649
12.67696
12.68767
12.69834
12.70956
12.72117
12.73192
12.74298
12.75466
12.76524
12.77667
12.78825
12.80048
12.8118
12.82323
12.83493
12.84632
12.85785
12.8694
12.88092
12.8924
12.90373
12.91519
12.92577
12.93764
12.94847
12.95993
12.97202
12.98222
12.99376
13.0052
13.01598
13.02714
13.03861
13.04959
13.06066
13.07184
13.08335
13.09412
13.10563
13.11659
13.12779
13.14126
13.15619
13.16789
13.19018
13.20103
13.21215
13.22348
13.23479
13.24562
13.25782
13.26861
13.28032
13.29182
13.30837
13.31946
13.33076
13.34229
13.35401
13.36522
13.37664
13.38897
13.40032
13.41243
13.42454
13.43595
13.44694
13.45814
13.46898
13.48086
13.49343
13.50582
13.51768
13.52979
13.54174
13.55381
13.56624
13.57791
13.59005
13.60152
13.61379
13.62584
13.63708
13.64832
13.66039
13.67215
13.68396
13.69586
13.708
13.71979
13.73192
13.74417
13.75666
13.76832
13.78034
13.79265
13.8048
13.81604
13.82702
13.83795
13.849
13.86088
13.87201
13.88299
13.89461
13.90538
13.91656
TARGET DESTROYED 
13.92804
13.94773
13.95973
13.9721
13.98296
13.99431
14.00556
14.01683
14.02792
14.03887
14.05058
14.07041
14.08247
14.09461
14.1059
14.11732
14.12947
14.14069
14.15192
14.16392
14.17564
14.19037
14.20257
14.21445
14.22733
14.23995
14.2525
14.26513
14.27748
14.28989
14.30189
14.31413
14.32642
14.33873
14.3504
14.36282
14.37424
14.38512
14.396
14.4126
14.42427
14.43541
14.44698
14.45827
14.46912
14.48047
14.49295
14.50517
14.51743
14.5298
14.54201
14.55482
14.56658
14.57847
14.59083
14.60289
14.61482
14.62709
14.63906
14.65112
14.66335
14.67599
14.68816
14.69916
14.71078
14.72275
14.73438
14.74653
14.75832
14.7697
14.78127
14.79305
14.8053
14.81665
14.82849
14.84007
14.85187
14.86327
14.87508
14.88629
14.89849
14.91052
14.92183
14.9327
14.94404
14.95584
14.9667
14.97783
14.98938
15.00032
15.01175
15.02305
15.03383
15.04495
15.05655
15.0678
15.07893
15.09081
15.10229
15.11368
15.12567
15.13743
15.14936
15.16424
15.17634
15.18869
15.20055
15.21203
15.224
15.23535
15.24652
TARGET DESTROYED 
15.25825
15.27575
15.28776
15.29911
15.31138
15.32999
15.3431
15.3552
15.36659
15.37798
15.39034
15.40141
15.4126
15.42384
15.43483
15.44615
15.45751
15.46881
15.47965
15.49075
15.50188
15.51321
15.52931
15.54002
15.55006
15.56052
15.57102
15.58145
15.59233
15.60258
15.61385
15.6251
15.63604
15.64708
15.65821
15.66957
15.68077
15.69199
15.70358
15.71428
15.72535
15.73709
15.74785
15.75894
15.77011
15.78155
15.79234
15.8039
15.81482
15.82588
15.83739
15.84842
15.85978
15.87159
15.8827
15.8943
15.9062
15.91719
15.92891
15.94052
15.95208
15.96311
15.97472
15.98586
15.99853
16.01117
16.02394
16.03617
16.04852
16.06079
16.0732
16.08533
16.09807
16.11007
16.12277
16.13501
16.14746
16.16037
16.17279
16.18462
16.19732
16.21038
16.22284
16.23506
16.24502
16.25604
16.2658
16.2759
16.28579
16.29563
16.30706
16.31735
16.32868
16.3398
16.35092
16.36193
16.3735
16.38427
16.39562
16.40694
16.41794
16.42968
16.44046
16.45143
16.46251
16.4738
16.48486
16.49612
16.50727
16.51859
16.52958
16.54133
16.55203
16.56331
16.57479
16.58556
16.5969
16.6077
16.619
16.63376
16.6438
16.65358
16.66436
16.67594
16.68788
16.6989
16.7105
16.72253
16.73371
16.74499
16.75626
16.76748
16.77851
16.79053
16.80098
16.81197
16.82338
16.83445
16.84561
16.8568
16.86831
16.87928
16.89034
16.90265
16.91335
16.92368
16.93511
16.94605
16.95722
16.96846
16.97953
16.99084
17.00221
TARGET DESTROYED 
17.01335
17.02748
17.03806
17.05486
17.06579
17.07701
17.08832
17.09922
17.11038
17.12202
17.13271
17.14397
17.15524
17.16681
17.17745
17.1892
17.20043
17.21119
17.22249
17.23343
17.24435
17.25565
17.26684
17.27801
17.28925
17.30066
17.31148
17.32297
17.33378
17.34524
17.35637
17.36737
17.37848
17.38976
17.40087
17.41193
17.42331
17.43453
17.44541
17.45712
17.4683
17.47991
17.49119
17.50346
17.51455
17.52551
17.53715
17.54822
17.55989
17.57159
17.58254
17.59399
17.60582
17.61691
17.62824
17.63985
17.65081
17.66284
17.67405
17.68527
17.70008
17.71044
17.72062
17.7302
17.73981
17.75012
17.76134
17.77244
17.7834
17.79453
17.80598
17.81734
17.82808
17.83941
17.85063
17.86189
17.87385
17.88403
17.8952
17.90654
17.91758
17.92956
17.93998
17.9515
17.96211
17.97362
17.98472
17.9957
18.00685
18.01813
18.02921
18.04041
18.05198
18.06299
18.07427
18.08545
18.09735
18.10829
18.11951
18.13099
18.14229
18.15349
18.16496
18.17598
18.18787
18.19865
18.20987
18.2217
18.23229
18.2436
18.25506
18.26634
18.2779
18.28864
18.29956
18.31063
18.32201
18.33272
18.34411
18.35536
18.3664
18.37752
18.38898
18.39999
18.41123
18.42229
TARGET DESTROYED 
18.4335
18.44795
18.46421
18.47511
18.48461
18.49548
18.50676
18.53342
18.5433
18.55255
18.56266
18.57392
18.58501
18.59591
18.60736
18.61855
18.62941
18.64075
18.65219
18.66295
18.67454
18.68543
18.69646
18.70783
18.71894
18.73009
18.74122
18.75246
18.76769
18.77739
18.78734
18.79725
18.80813
18.81963
18.8305
18.84186
18.85302
18.86436
18.87547
18.8865
18.89762
18.90929
18.92021
18.93111
18.94242
18.95374
18.96452
18.97586
18.98737
18.99821
19.00942
19.02073
19.03159
19.04293
19.05413
19.06504
19.07662
19.08798
19.09974
19.11125
19.12319
19.13457
19.14619
19.15801
19.17019
19.18057
19.19217
19.20372
19.21452
19.22626
19.23778
19.24858
19.26048
19.27144
19.28233
19.29373
19.30488
19.31583
19.32704
19.33834
19.34949
19.36055
19.37185
19.38285
19.3942
19.40547
19.41628
19.42746
19.43903
19.44983
19.46101
19.4726
19.48448
19.49457
19.50588
19.51693
19.52798
19.53945
19.5506
19.56158
19.57277
19.58388
19.5951
19.60657
19.61751
19.62851
19.6398
19.65085
19.66199
19.67341
19.68452
19.69575
19.70709
19.71808
19.72918
19.74062
19.752
19.76285
19.77405
19.7852
19.79634
19.80731
19.81864
19.82963
19.84081
19.85217
19.86377
19.87873
19.8886
19.8985
19.90875
19.91832
19.92782
19.93899
19.94977
19.9612
19.97242
19.9834
19.99466
20.00615
20.01708
20.02821
20.03949
20.05052
20.06169
20.07296
20.0843
20.09514
20.10649
20.11759
20.12878
20.14005
20.15103
20.16249
20.1736
20.18465
20.19554
20.20685
20.21815
20.22912
20.24063
20.25166
20.26312
20.27435
20.28599
20.29702
20.30827
20.3197
20.33171
20.34226
20.35396
20.36508
20.37651
20.38783
20.39883
20.4103
20.42171
20.43318
20.44419
20.45541
20.46665
20.47774
20.4894
20.49997
20.51089
20.52237
20.53363
20.54466
20.55578
TARGET DESTROYED 
20.56698
20.58088
20.59117
20.6003
20.61052
20.62201
20.63306
20.64454
20.66051
20.67178
20.68133
20.69104
20.7002
20.71043
20.72025
20.73005
20.74123
20.7524
20.76372
20.77477
20.7861
20.79716
20.8085
20.8195
20.83067
20.84194
20.85299
20.8643
20.87547
20.88663
20.89761
20.90905
20.92021
20.93102
20.94243
20.95772
20.96696
20.97713
20.98713
20.9982
21.00943
21.02063
21.03177
21.04315
21.05478
21.0658
21.07738
21.08875
21.10065
21.11155
21.12309
21.13413
21.14559
21.15718
21.16824
21.17917
21.19043
21.20156
21.21285
21.22395
21.23518
21.24649
21.25759
21.26897
21.27973
21.29082
21.30211
21.31316
21.32456
21.33594
21.34751
21.3584
21.36995
21.38117
21.39268
21.404
21.41527
21.42666
21.43784
21.44914
21.4603
21.47172
21.48283
21.49412
21.50551
21.51626
21.52745
21.53895
21.54974
21.56116
21.57228
21.58356
21.59449
21.60588
21.61685
21.62783
21.63924
21.65041
21.66146
21.67301
21.68403
21.69496
21.70634
21.71743
21.72895
21.73995
21.75522
21.76508
21.7753
21.78475
21.79456
21.8046
21.81536
21.82661
21.838
21.84913
21.86006
21.87149
21.8826
21.89427
21.90517
21.91622
21.92719
21.93866
21.94992
21.96076
21.97194
21.98309
21.99424
22.00546
22.0167
22.02768
22.03908
22.05042
22.06542
22.07523
22.0847
22.09462
22.10632
22.11711
22.1282
22.13954
22.15086
22.16215
22.17334
22.18457
22.19539
22.20709
22.21793
22.229
22.24016
22.25189
22.26251
22.27394
22.285
22.29599
22.30723
22.31854
22.32959
22.34072
22.35207
22.36339
22.37441
22.38561
22.39704
22.40771
22.41894
22.43008
22.44166
22.45296
22.46437
TARGET DESTROYED 
22.47585
22.49023
22.49944
22.50904
22.52131
22.53676
22.54727
22.55724
22.56648
22.57594
22.58545
22.5961
22.60726
22.61866
22.62971
22.64098
22.65211
22.66316
22.67485
22.6855
22.69665
22.70788
22.71918
22.73024
22.74147
22.75266
22.76381
22.77499
22.78634
22.79724
22.80842
22.81974
22.83078
22.84185
22.85322
22.86435
22.87544
22.88681
22.89768
22.90937
22.92054
22.93164
22.94309
22.95463
22.96594
22.9771
22.98911
22.99992
23.01114
23.02283
23.03442
23.04538
23.05667
23.06874
23.07913
23.09108
23.10214
23.11433
23.12479
23.13598
23.14726
23.15831
23.16965
23.1807
23.19198
23.20636
23.21572
23.22561
23.23485
23.24615
23.25735
23.26865
23.27957
23.29092
23.30224
23.31302
23.32461
23.3354
23.34673
23.35799
23.36908
23.38018
23.39145
23.40245
23.41367
23.42503
23.436
23.44703
23.45857
23.46952
23.48059
23.49187
23.50345
23.51414
23.52547
23.5366
23.55456
23.56406
23.5737
23.58262
23.59193
23.60128
23.61138
23.62263
23.63387
23.64525
23.65625
23.66728
23.67826
23.68964
23.70057
23.71186
23.72305
23.73425
23.74533
23.75665
23.76868
23.77876
23.7902
23.80146
23.8125
23.82368
23.83463
23.84577
23.85726
23.86844
23.87957
23.89068
23.90165
23.91299
23.92458
23.93526
23.94675
23.95836
23.96969
23.98113
23.99242
24.00403
24.01509
24.02669
24.0381
24.04935
24.06094
24.07225
24.08423
24.0951
24.10667
24.1182
24.12954
24.14065
24.15204
24.16384
24.17478
24.18597
24.1971
24.20826
24.21959
24.23056
24.24209
TARGET DESTROYED 
24.25315
24.2783
24.28828
24.29779
24.30731
24.31619
24.32623
24.33772
24.35231
24.36152
24.37163
24.38199
24.39354
24.41195
24.42307
24.43214
24.44181
24.45064
24.46056
24.47157
24.4831
24.49374
24.50521
24.51612
24.5273
24.53856
24.54984
24.56066
24.57197
24.58307
24.59423
24.60553
24.6165
24.62773
24.63922
24.65005
24.66129
24.6728
24.68385
24.69464
24.70688
24.71705
24.72823
24.73967
24.75082
24.76172
24.7733
24.78466
24.79544
24.80668
24.81808
24.82955
24.84097
24.85245
24.86407
24.87527
24.88723
24.89794
24.90986
24.92105
24.9322
24.94376
24.95532
24.9667
24.97802
24.98972
25.00063
25.01221
25.02387
25.03486
25.04604
25.05754
25.06837
25.07948
25.09084
25.10206
25.11312
25.12423
25.13522
25.14649
25.15771
25.16887
25.18022
25.19137
25.20242
25.21358
25.22474
25.23584
25.24862
25.25829
25.26939
25.28081
25.29168
25.3032
25.31421
25.32542
25.33682
25.34747
25.35874
25.37024
25.38101
25.39247
25.40356
25.41465
25.42583
25.43702
25.44808
25.45916
25.47079
25.48173
25.49686
25.50663
25.51605
25.52623
25.53855
25.54834
25.5588
25.56987
25.58103
25.59224
25.60364
25.61428
25.62547
25.63689
25.64825
25.6593
25.67029
25.68141
25.69253
25.70416
25.71472
25.72599
25.73742
25.74854
25.75973
25.77146
25.78213
25.79401
25.80471
25.81565
25.82662
25.83822
25.84895
25.86036
25.87209
25.88302
25.89458
25.90618
25.91679
25.92831
25.93999
25.9509
25.96203
25.97439
25.98426
25.99588
26.00714
26.01814
26.02902
26.04046
26.05166
26.06264
26.07385
26.08528
26.09652
26.10742
26.11886
26.1296
26.14077
26.15216
26.16341
26.17425
26.18539
26.19658
26.20783
26.21893
26.23013
26.24119
26.25245
26.2637
26.27501
26.28621
26.297
26.31118
26.32158
26.33036
26.34164
26.35297
26.36652
