0.02
0.04
0.14
0.1791526
0.1955099
0.2074335
0.2182625
0.2298476
0.2408915
0.2515348
0.2648249
0.2761371
0.2869834
0.2999396
0.3157635
0.3280797
0.3394409
0.350813
0.3615272
0.3738585
0.3840645
0.3950709
0.4062498
0.4173396
0.4285026
0.4397897
0.4512285
0.4622407
0.4732756
0.4845158
0.4955351
0.5094938
0.5207841
0.5313655
0.5420087
0.5536942
0.5639987
0.5751591
0.5854478
0.5961578
0.6073688
0.6185985
0.6299334
0.6410168
0.6521579
0.6631047
0.674463
0.6858007
0.696573
0.707776
0.7194577
0.7303207
0.7454911
0.7567894
0.7674438
0.7781336
0.7894216
0.8002638
0.8106529
0.8217238
0.8319095
0.8429336
0.8537061
0.8644299
0.8753205
0.886775
0.8979357
0.9115223
0.9227709
0.9338539
0.9449764
0.9562116
0.9672956
0.9784592
0.9898858
1.001224
1.014031
1.026679
1.037915
1.048325
1.058982
1.069459
1.080374
1.090866
1.101386
1.11261
1.123861
1.135698
1.146523
1.157921
1.169274
1.185718
1.196968
1.207918
1.21905
1.229555
1.240499
1.251173
1.262582
1.273377
1.283902
1.294741
1.305618
1.31601
1.326774
1.338053
TARGET DESTROYED 
1.356895
1.367842
1.380339
1.391687
1.412007
1.423985
1.434616
1.445208
1.456199
1.467379
1.478659
1.489711
1.500852
1.511968
1.523263
1.53428
1.545588
1.556623
1.567992
1.579499
1.590423
1.605837
1.616344
1.627234
1.638004
1.648313
1.659479
1.670498
1.681118
1.691966
1.703541
1.714211
1.72515
1.736136
1.746804
1.757681
1.769283
1.780239
1.791423
1.802741
1.813747
1.825432
1.836774
1.847356
1.858689
1.869848
1.880741
1.891928
1.90326
1.914447
1.925972
1.937517
1.949057
1.960645
1.972059
1.98373
1.995174
2.00688
2.018226
2.03409
2.045144
2.056104
2.066639
2.077559
2.088843
2.099419
2.110455
2.121364
2.132666
2.143735
2.155004
2.166165
2.177052
2.188388
2.199145
2.210022
2.220986
2.231819
2.242797
2.253813
2.265324
2.276044
2.286939
2.298165
2.309246
2.320413
2.331503
2.342927
2.353785
2.364298
2.37503
TARGET DESTROYED 
2.391069
2.402907
2.413901
2.426008
2.439047
2.45686
2.470583
2.482853
2.501603
2.515253
2.527357
2.540012
2.552364
2.564395
2.576345
2.588894
2.601054
2.613243
2.625491
2.638424
2.650375
2.662665
2.674509
2.686274
2.698589
2.710812
2.722687
2.735052
2.74757
2.759888
2.773422
2.785518
2.79792
2.810429
2.823491
2.835208
2.847325
2.859304
2.87123
2.882882
2.894559
2.906361
2.918375
2.934889
2.947083
2.959077
2.970716
2.982891
2.99505
3.007013
3.018889
3.031296
3.043821
3.056253
3.067504
3.078995
3.090934
3.102783
3.114455
3.126156
3.137916
3.149473
3.161214
3.173249
3.184833
3.197227
3.209224
3.221295
3.232847
3.244364
3.256325
3.268036
3.279801
3.291723
3.303816
3.315159
3.327279
3.339005
3.350062
3.361254
3.372612
3.388912
3.401727
3.412704
3.424582
3.436026
3.447332
3.458522
3.46994
3.481004
3.492457
3.503714
3.514841
3.525819
3.536967
3.547847
3.558835
3.570255
3.581502
3.592681
3.603834
3.615338
3.62658
3.638883
3.649833
3.661008
3.67234
3.684163
3.700052
3.714826
3.729326
3.744401
3.759878
3.775015
3.789799
3.805359
3.820468
3.835482
3.850691
3.870617
3.885773
3.900795
3.915357
3.930232
3.945328
3.960511
3.972927
TARGET DESTROYED 
3.990224
4.002076
4.01443
4.027059
4.039367
4.051445
4.069704
4.082099
4.093813
4.105371
4.119082
4.130817
4.142906
4.154555
4.165746
4.177738
4.19015
4.202482
4.214355
4.226886
4.238717
4.250329
4.262889
4.274323
4.287144
4.299943
4.313763
4.326059
4.33848
4.355961
4.367699
4.378836
4.390158
4.401946
4.415166
4.427417
4.438981
4.449959
4.461115
4.472318
4.483528
4.494806
4.506445
4.517096
4.528152
4.539456
4.553616
4.566967
4.578746
4.590242
4.601242
4.612799
4.624326
4.636207
4.647964
4.660174
4.671758
4.683969
4.695558
4.707257
4.718599
4.729872
4.741451
4.753134
4.765051
4.77658
4.788275
4.80485
4.816413
4.828571
4.840807
4.853726
4.865398
4.877326
4.890152
4.902029
4.913813
4.925679
4.937513
4.948868
4.960736
4.973025
4.984661
4.996461
5.008815
5.020206
5.032263
5.044614
TARGET DESTROYED 
5.062235
5.074039
5.085884
5.097795
5.109502
5.121041
5.132682
5.150801
5.164193
5.175789
5.187873
5.199903
5.212033
5.223971
5.23671
5.248642
5.266338
5.278555
5.291308
5.303887
5.316335
5.328605
5.340843
5.353496
5.36583
5.377718
5.390142
5.402202
5.41465
5.427051
5.439386
5.451756
5.46413
5.476435
5.489176
5.501206
5.513844
5.526174
5.538754
5.551179
5.56382
5.576561
5.588844
5.600554
5.619147
5.631211
5.643584
5.656122
5.667966
5.68031
5.693635
5.706104
5.718909
5.731307
5.747991
5.760131
5.772492
5.784369
5.79664
5.808729
5.821208
5.83335
5.845539
5.857662
5.869974
5.887516
5.904635
5.921533
5.939533
5.956529
5.973937
5.990962
6.00899
6.025403
6.041099
6.056752
6.072713
6.088012
6.103505
6.119179
6.134269
6.1507
6.165672
6.181197
6.19733
6.212379
6.227825
6.24272
6.259125
6.274728
6.289743
6.305128
6.321196
6.338757
6.351406
6.364288
6.376627
6.389835
6.404334
6.41879
6.433425
6.448348
6.462388
6.476164
6.490821
6.505408
6.519698
6.533966
6.547876
6.562425
6.576527
6.590664
6.604847
6.618873
6.633442
6.647323
6.661394
6.673046
6.684162
6.697037
6.708318
6.720179
6.731815
6.743223
6.755269
6.767014
6.778605
6.790643
6.802504
6.814256
6.825912
6.842114
6.85418
6.865757
TARGET DESTROYED 
6.884217
6.903094
6.916062
6.928149
6.940336
6.951999
6.963608
6.976057
6.988478
7.000572
7.012926
7.025202
7.037735
7.049994
7.061913
7.074309
7.087004
7.098606
7.110368
7.122461
7.134584
7.14638
7.158571
7.170697
7.182623
7.194565
7.20706
7.219385
7.231075
7.242243
7.25361
7.26482
7.276198
7.287365
7.30363
7.315593
7.327179
7.33905
7.350779
7.3625
7.374202
7.386371
7.398717
7.410094
7.421628
7.434301
7.446713
7.458178
7.469924
7.481675
7.493228
7.505445
7.517416
7.528875
7.540655
7.55261
7.564285
7.57596
7.588321
7.600396
7.613103
7.624328
7.635823
7.646574
7.658031
7.669305
7.680757
7.692161
7.70464
7.715713
7.72684
7.73805
7.748878
7.764665
7.776019
7.787899
7.798937
7.810249
7.821783
7.834265
7.84543
7.85674
7.867728
7.878914
7.890401
7.901824
7.912678
7.923846
7.934743
7.945873
7.957125
7.968964
7.979797
7.992256
8.004526
8.016338
8.027523
8.039423
8.050931
8.06321
8.075004
8.08626
8.09843
8.109656
8.121628
8.133125
8.144529
8.156357
8.167448
8.178684
8.190511
8.206885
8.218721
8.22978
8.241132
8.252674
8.264256
8.275684
8.287659
8.299019
8.310308
8.322316
8.333755
8.344988
8.356667
8.368553
8.379927
8.392251
8.404043
8.41512
8.426554
8.437821
8.450223
8.461545
8.472767
8.483947
8.495185
8.506253
8.517069
8.528593
8.539561
8.550344
8.561907
8.573446
8.584242
8.595761
8.60726
8.618755
8.630177
8.641154
8.656797
8.668494
8.679988
8.691164
8.703678
8.71517
8.726382
8.738128
8.750334
8.761597
8.772605
8.785333
8.803582
8.822342
TARGET DESTROYED 
8.851981
8.870691
8.889287
8.908182
8.928996
8.951651
8.97359
9.000896
9.018394
9.040936
9.063028
9.08554
9.107752
9.130555
9.152564
9.174705
9.197338
9.21995
9.24173
9.263994
9.286605
9.308784
9.33108
9.35388
9.375773
9.398157
9.420625
9.442769
9.46527
9.487511
9.510105
9.532202
9.554591
9.57682
9.599123
9.621552
9.64375
9.666397
9.678075
9.690188
9.702334
9.714293
9.72621
9.738655
9.75106
9.76315
9.775492
9.787804
9.799761
9.811691
9.823622
9.835948
9.848536
9.860991
9.873555
9.88582
9.897793
9.909942
9.922314
9.934142
9.945783
9.957415
9.969592
9.981775
9.999266
10.01194
10.02409
10.03717
10.04885
10.06156
10.07446
10.08675
10.09906
10.11145
10.12413
10.13562
10.14658
10.1585
10.16971
10.18039
10.19114
10.20267
10.21402
10.22517
10.23594
10.24723
10.25866
10.27021
10.2808
10.29202
10.30303
10.3139
10.3252
10.33651
10.34743
10.35868
TARGET DESTROYED 
10.38366
10.39465
10.40542
10.41582
10.42672
10.44326
10.46354
10.47544
10.48664
10.49757
10.50811
10.51869
10.52919
10.54007
10.55043
10.56108
10.57157
10.58202
10.59352
10.60481
10.6157
10.62704
10.63794
10.64963
10.66018
10.67171
10.683
10.69385
10.70573
10.71668
10.72765
10.73896
10.74991
10.76096
10.77221
10.78315
10.79465
10.80627
10.81687
10.82786
10.83955
10.85096
10.86194
10.87781
10.88978
10.9008
10.91212
10.92315
10.93384
10.94528
10.95627
10.96683
10.97733
10.98884
11.00003
11.01129
11.02186
11.03255
11.04397
11.05549
11.06717
11.07837
11.08951
11.10028
11.11132
11.12231
11.13281
11.1451
11.15607
11.16661
11.17804
11.18905
11.19952
11.21069
11.22166
11.23223
11.24293
11.25395
11.26497
11.27644
11.28716
11.2983
11.31413
11.32472
11.33563
11.34621
11.35704
11.36741
11.38165
11.3929
11.40382
11.41435
11.42846
