0.02
0.04
0.14
0.1809921
0.195133
0.205501
0.2149262
0.2244687
0.2339754
0.2432109
0.2535501
0.264584
0.2756036
0.2868471
0.3001311
0.3097459
0.3205922
0.3315046
0.3425238
0.3539832
0.3650428
0.3765997
0.3876623
0.3986779
0.4096843
0.4212351
0.4319929
0.4432437
0.4550014
0.4656511
0.4766501
0.4884787
0.4990738
0.5100667
0.5213943
0.5326753
0.5466051
0.5564412
0.5660425
0.577156
0.5884145
0.5996615
0.6108485
0.6220061
0.633409
0.6441404
0.655696
0.6666921
0.6776363
0.6888929
0.7000247
0.7113076
0.7224257
0.7336448
0.7451099
0.7559152
0.7675157
0.7783504
0.7896067
0.8007151
0.8119608
0.8228697
0.8340968
0.8453733
0.856779
0.8677793
0.87859
0.8941508
0.9053169
0.9169835
0.9281683
0.9392815
0.9502247
0.9616892
0.973326
0.9842849
0.9957904
1.007379
1.018292
1.029093
1.040656
1.051764
1.062324
1.073741
1.085108
1.096022
1.107173
1.118453
1.129563
1.140628
1.151959
1.163519
1.174185
1.185642
1.197121
1.208485
1.219163
1.230047
1.241782
1.253055
1.264225
1.274841
1.286373
1.297546
1.308318
1.320646
1.330717
1.341708
1.353321
1.364165
1.37525
1.386653
1.398156
1.408845
1.420099
1.431144
1.442239
1.453698
1.464639
1.4758
1.487556
1.49792
1.509111
1.520667
1.531822
1.543475
1.554673
1.564959
1.576125
1.590314
1.599708
1.608976
1.619927
1.631145
1.642834
1.65366
1.664507
1.675576
1.687197
1.698358
1.719307
1.728593
1.739029
1.750288
1.761113
1.772495
1.783612
1.794852
1.805895
1.817069
1.828245
1.839947
1.850483
1.861719
1.873251
1.884264
1.89517
1.906841
1.917748
1.929081
1.940424
1.951251
1.962373
1.973342
1.984971
1.995681
2.012599
2.025412
2.035308
2.045034
2.054926
2.064066
2.073869
2.086924
2.097703
2.10758
2.118769
2.130027
2.141062
2.152496
2.163671
2.17584
2.187753
2.200566
2.210758
2.220649
2.230159
2.242083
2.253529
2.264083
2.275053
2.286355
2.297324
2.308767
2.320287
2.331194
2.342232
2.353386
2.364443
2.375571
2.386878
2.398096
2.40941
2.420518
2.431475
2.442671
2.45408
2.465095
2.476213
2.487754
2.498428
2.509774
2.52098
2.531973
2.543143
2.554571
2.565678
2.577759
2.588362
2.600109
2.611602
2.623011
2.634009
2.646417
2.657125
2.668394
2.679938
2.69142
2.703243
2.71407
2.725303
2.737024
2.748425
2.759376
2.771003
2.783265
2.799141
2.809388
2.820333
2.830085
2.840064
2.850049
2.860238
2.870579
2.880653
2.890975
2.901041
2.91266
2.923137
2.934215
2.945344
2.956968
2.967662
2.978923
2.990626
3.001558
3.012483
3.023615
3.034629
3.0456
3.056822
3.06837
3.079343
3.090442
3.102118
3.113172
3.124022
3.135263
3.146408
3.15739
3.169041
3.179895
3.191308
3.20241
3.213655
3.224988
3.236583
3.248006
3.259337
3.271292
3.282354
3.293703
3.305063
3.31649
3.327905
3.339357
3.351015
3.362027
3.373644
3.38497
3.396248
3.407947
3.419564
3.43064
3.442582
3.453166
3.464002
3.475099
3.486839
3.497518
3.508617
3.520025
3.530927
3.54215
3.553717
3.564357
3.57606
3.587437
3.598068
3.609305
3.620535
3.631687
3.642631
3.653994
3.665287
3.676279
3.687728
3.698415
3.709785
3.720989
3.731979
3.743529
3.75445
3.765725
3.776956
3.788054
3.799381
3.81071
3.821896
3.832938
3.843636
3.854919
3.866353
3.87708
3.892652
3.903648
3.915105
3.925571
3.936555
3.947111
3.957788
3.968313
3.978591
3.989661
4.000129
4.011203
4.022074
4.032513
4.043137
4.053728
4.064169
4.075005
4.085392
4.095679
4.106858
4.117943
4.129294
4.140719
4.151895
4.162712
4.174032
4.185266
4.196182
4.207899
4.218709
4.22962
4.241179
4.252423
4.263239
4.274646
4.285697
4.296736
4.308026
4.319343
4.330219
4.341574
4.353434
4.364544
4.375902
4.387379
4.398899
4.410396
4.422232
4.433209
4.444647
4.456092
4.467437
4.478807
4.490257
4.502124
4.512743
4.524883
4.536211
4.547281
4.558771
4.570333
4.581105
4.592291
4.603846
4.615561
4.625913
4.637491
4.648166
4.659184
4.671522
4.682033
4.693055
4.704023
4.714986
4.727383
4.738635
4.74974
4.760562
4.771647
4.782684
4.79304
4.805224
4.815958
4.826911
4.837921
4.849198
4.861044
4.872008
4.882532
4.893614
4.904939
4.916314
4.927389
4.938377
4.949454
4.96072
4.97669
4.988053
4.998755
5.009655
5.020553
5.038321
5.048872
5.059223
5.070094
5.080332
5.091035
5.101207
5.112265
5.123351
5.134669
5.145916
5.156776
5.168348
5.179347
5.190415
5.201684
5.212545
5.223931
5.235196
5.246285
5.257483
5.268723
5.279681
5.291028
5.302604
5.313343
5.324515
5.335665
5.34676
5.357903
5.369738
5.380567
5.391576
5.403027
5.41386
5.424891
5.438348
5.448859
5.459231
5.470444
5.481086
5.49245
5.503591
5.51438
5.525506
5.536907
5.547705
5.559019
5.570455
5.581304
5.593115
5.604688
5.616471
5.627734
5.639518
5.651206
5.662771
5.674634
5.686613
5.697432
5.709076
5.720313
5.731307
5.74261
5.754315
5.764706
5.776225
5.787455
5.798452
5.809329
5.821002
5.832128
5.843069
5.854543
5.86558
5.876598
5.888278
5.899013
5.910316
5.921571
5.932969
5.944265
5.955348
5.966268
5.977373
5.988665
5.999769
6.0107
6.02227
6.033573
6.044108
6.058515
6.07485
6.085909
6.097327
6.108385
6.119224
6.130179
6.140943
6.151566
6.16273
6.173708
6.184634
6.19561
6.206821
6.217963
6.229285
6.241261
6.252572
6.263929
6.275315
6.286657
6.297352
6.308969
6.320436
6.331861
6.342843
6.354133
6.365009
6.376154
6.38762
6.398693
6.409758
6.421163
6.432102
6.444318
6.456039
6.467063
6.478236
6.490247
6.501892
6.512977
6.524431
6.535588
6.546949
6.558899
6.570249
6.581764
6.593241
6.604869
6.616908
6.629713
6.641311
6.653898
6.665147
6.676102
6.687626
6.698412
6.710156
6.722395
6.733259
6.744243
6.755939
6.767101
6.778383
6.78954
6.800564
6.811091
6.821487
6.832694
6.843552
6.854597
6.866236
6.87702
6.88822
6.899416
6.910885
6.921841
6.932926
6.944086
6.955157
6.966332
6.977664
6.988683
6.999939
7.011096
7.022535
7.033368
7.044648
7.055727
7.06709
7.078229
7.089897
7.101362
7.112772
7.12418
7.136397
7.147074
7.158716
7.17557
7.186985
7.197592
7.208496
7.2188
7.22943
7.240973
7.251435
7.26237
7.272923
7.283717
7.294278
7.305202
7.315612
7.32615
7.336676
7.347443
7.35791
7.369272
7.380431
7.391798
7.403005
7.413931
7.425105
7.436348
7.44732
7.459826
7.4704
7.480821
7.492019
7.50358
7.514205
7.525498
7.536868
7.547666
7.55923
7.570479
7.582194
7.592886
7.604624
7.615714
7.627128
7.638807
7.6499
7.661314
7.672606
7.684011
7.695507
7.706669
7.718112
7.729397
7.74067
7.752503
7.763419
7.774818
7.786642
7.798174
7.809026
7.82048
7.831779
7.842723
7.854037
7.865098
7.876221
7.887223
7.898588
7.91046
7.921071
7.932061
7.943293
7.95469
7.965379
7.976778
7.988031
7.999036
8.010056
8.021491
8.032905
8.043465
8.054979
8.066145
8.077015
8.088531
8.099422
8.111429
8.122107
8.133116
8.144431
8.155387
8.166566
8.177732
8.189044
8.200491
8.211536
8.222363
8.23347
8.244524
8.260605
8.272379
8.283133
8.293941
8.30492
8.315259
8.326087
8.336917
8.348055
8.358726
8.369957
8.380744
8.391729
8.402585
8.413276
8.424819
8.435704
8.446575
8.457673
8.470281
8.48134
8.492526
8.503934
8.514598
8.525512
8.536189
8.546818
8.5577
8.568209
8.579279
8.590251
8.600739
8.611599
8.622343
8.632966
8.643923
8.654701
8.665444
8.676464
8.687435
8.697542
8.708966
8.720441
8.731425
8.742745
8.754228
8.765052
8.776348
8.787416
8.79863
8.809698
8.820849
8.831849
8.842964
8.854361
8.865247
8.876697
8.888091
8.899569
8.911158
8.922552
8.934188
8.945209
8.956453
8.968047
8.979224
8.991
9.002662
9.013537
9.025002
9.036908
9.047954
9.059088
9.070819
9.08209
9.093312
9.104542
9.116042
9.127802
9.138234
9.14956
9.160977
9.172022
9.183134
9.194759
9.205747
9.216463
9.227584
9.239304
9.249945
9.261093
9.272213
9.28361
9.294686
9.305801
9.316854
9.328108
9.343524
9.355218
9.365676
9.37646
9.387347
9.398004
9.409503
9.420273
9.430681
9.441146
9.451574
9.462322
9.473932
9.4846
9.49535
9.506059
9.517002
9.527612
9.538454
9.548882
9.559412
9.570165
9.580009
9.591393
9.602742
9.613614
9.624843
9.635992
9.647025
9.658342
9.669969
9.680676
9.692063
9.703504
9.714112
9.725475
9.736674
9.747935
9.758957
9.770215
9.781313
9.792242
9.803659
9.815763
9.826504
9.838122
9.849438
9.860799
9.872061
9.883531
9.894958
9.907029
9.91778
9.92923
9.940731
9.952312
9.963468
9.974974
9.987397
9.997922
10.00905
10.02077
10.03188
10.04307
10.05453
10.06565
10.07643
10.08808
10.09896
10.11019
10.12133
10.13283
10.1438
10.15469
10.16687
10.17762
10.18825
10.1997
10.21048
10.22221
10.23317
10.24396
10.25508
10.26645
10.27823
10.28939
10.30129
10.31257
10.3239
10.33537
10.34627
10.35737
10.36872
10.37988
10.39112
10.40256
10.4191
10.43033
10.44152
10.45264
10.46373
10.47503
10.48728
10.49805
10.50864
10.51925
10.52978
10.54095
10.55199
10.56329
10.57443
10.5857
10.59678
10.60799
10.63732
10.64855
10.65913
10.66999
10.68097
10.69223
10.70284
10.71309
10.72353
10.73393
10.74508
10.75598
10.76665
10.77821
10.79015
10.80056
10.81137
10.822
10.83253
10.84295
10.85408
10.86516
10.87642
10.88734
10.89861
10.90984
10.92115
10.93152
10.94309
10.95417
10.96517
10.97653
10.98818
10.99922
11.01014
11.02128
11.03231
11.04357
11.05487
11.06605
11.07786
11.08904
11.1005
11.11116
11.12184
11.13271
11.1443
11.15524
11.16622
11.17754
11.18882
11.19966
11.2114
11.22314
11.23509
11.24647
11.25873
11.27035
11.28205
11.29302
11.3054
11.31635
11.32773
11.33905
11.35
11.36097
11.37268
11.38349
11.39487
11.40586
11.41691
11.42793
11.43929
11.4504
11.46603
11.47675
11.48829
11.49913
11.50961
11.52053
11.53091
11.54136
11.55186
11.56209
11.57249
11.58275
11.59304
TARGET DESTROYED 
11.60341
11.62297
11.63383
11.64467
11.65557
11.66582
11.67609
11.68722
11.69742
11.70811
11.72687
11.73871
11.74907
11.75964
11.77042
11.78065
11.7918
11.80308
11.81417
11.82518
11.83651
11.84811
11.85896
11.87023
11.88132
11.8924
11.90366
11.91459
11.92564
11.9372
11.94825
11.95936
11.97072
11.98191
11.99283
12.00428
12.01557
12.02621
12.03767
12.04875
12.05968
12.07129
12.08233
12.09353
12.10467
12.11564
12.12677
12.13819
12.1493
12.16077
12.172
12.1827
12.19385
12.20549
12.2162
12.22732
12.23853
12.24991
12.26121
12.27298
12.28445
12.2961
12.30783
12.31963
12.33114
12.34254
12.35448
12.36622
12.37685
12.38882
TARGET DESTROYED 
12.39987
12.41567
12.4264
12.43726
12.44761
12.4582
12.46847
12.47877
12.4953
12.51417
12.52583
12.53666
12.54689
12.55757
12.56792
12.5792
12.58991
12.60019
12.61061
12.62164
12.63221
12.64275
12.65335
12.66349
12.67402
12.68544
12.69656
12.70773
12.71902
12.7299
12.74124
12.75291
12.76339
12.77466
12.78598
12.79691
12.80835
12.81958
12.83115
12.84232
12.85328
12.86403
12.8751
12.88663
12.8976
12.909
12.92021
12.93149
12.94219
12.95386
12.9646
12.97593
12.98778
12.99898
13.01044
13.02217
13.03341
13.04482
13.05652
13.06795
13.07939
13.09126
13.10263
13.11395
13.12584
13.1372
13.14822
13.15959
13.17077
13.182
13.19287
13.20437
13.21537
13.22642
13.23791
13.24903
13.2599
13.2712
13.2828
13.29389
13.30474
13.31809
13.32915
13.33963
13.35019
13.36088
13.37153
13.38253
13.39373
13.40484
13.41596
13.42715
13.43911
13.44958
13.4606
13.47205
13.48285
13.49409
13.50557
13.518
13.52853
13.53936
13.55015
13.56596
13.57698
13.58797
13.59867
13.60908
13.61988
13.63032
13.64109
13.66206
13.67351
13.68405
13.69493
13.70582
13.71638
13.72698
13.73769
13.74799
13.75873
13.76979
13.78039
13.79214
13.80405
13.81582
13.82772
13.84066
13.85286
13.86591
13.87837
13.89075
13.903
13.91527
13.92686
13.93927
13.95176
13.96406
13.97617
13.98877
14.00089
14.01315
14.02575
14.03817
14.05068
14.06301
14.0759
14.08816
14.10099
14.1136
TARGET DESTROYED 
14.12545
14.1438
14.15602
14.16868
14.18093
14.19327
14.20547
14.21734
14.22978
14.2487
14.26159
14.27362
14.28578
14.29737
14.3094
14.32185
14.33382
14.34511
14.35703
14.36862
14.38132
14.39318
14.40555
14.41686
14.4277
14.43894
14.45022
14.46146
14.47291
14.48354
14.49485
14.50612
14.51766
14.52893
14.54064
14.55211
14.56311
14.57427
14.58527
14.59645
14.6074
14.6183
14.62928
14.64087
14.65134
14.66282
14.67985
14.69157
14.70307
14.71422
14.72562
14.73766
14.74865
14.76003
14.77195
14.78417
14.79634
14.80779
14.81881
14.82983
14.84163
14.85287
14.86457
14.876
14.88728
14.89821
14.91008
14.92142
14.93243
14.94289
14.95434
14.96563
14.97727
14.98926
15.00038
15.01377
15.02732
TARGET DESTROYED 
15.0407
15.06096
15.07466
15.08738
15.10027
15.11335
15.12642
15.13941
15.15255
15.1728
15.18716
15.20023
15.21303
15.22614
15.23944
15.25317
15.26524
15.27753
15.28939
15.30169
15.31422
15.32537
15.33662
15.34742
15.35899
15.3705
15.38177
15.39279
15.40398
15.41488
15.42581
15.43727
15.44845
15.45963
15.47165
15.48257
15.49373
15.50516
15.51576
15.52739
15.53874
15.5497
15.56056
15.57255
15.58405
15.59522
15.6121
15.6294
15.64106
15.65293
15.66418
15.67631
15.6881
15.69964
15.71113
15.7236
15.73539
15.74683
15.75846
15.77065
15.78269
15.79418
15.80629
15.81784
15.83558
15.84752
15.86002
15.87303
15.88354
15.89477
15.90603
15.91696
15.92831
15.94042
15.95129
15.96249
15.97445
15.98585
15.99699
16.00882
16.01967
16.03072
16.0535
16.06472
16.07596
16.08745
16.09878
16.1099
16.12188
16.13355
16.14509
16.15752
16.16954
16.18147
16.19309
16.20506
16.21596
16.22726
16.23913
16.25058
16.26145
16.27224
16.28266
16.294
16.30453
16.31543
16.32676
16.33839
16.34911
16.3601
16.37144
16.38247
16.39372
16.40531
16.41616
16.42739
16.43881
16.44975
16.46073
16.47201
16.48312
16.49425
16.50539
16.51669
16.52776
16.54033
16.55125
16.5625
16.57373
16.58484
16.59595
16.61531
16.62688
16.63822
16.64957
16.66182
16.67324
16.68412
16.69522
16.70791
16.71909
16.7302
16.74168
16.75353
16.76462
16.77585
16.78741
16.79843
16.80828
16.81817
16.82949
16.84046
16.85187
16.86278
16.87435
16.88543
16.89647
16.90847
16.9188
16.92983
16.94461
16.95473
16.96405
16.97447
16.98629
16.99696
17.00884
17.01969
17.03067
17.04162
17.05317
17.06471
17.07498
17.0864
17.09763
17.10854
17.12021
17.13169
17.14291
17.15462
17.16606
17.17796
17.18937
17.20053
17.21187
17.22376
17.23484
17.2461
17.25709
17.26897
17.27972
17.29075
17.30212
17.3132
17.3245
TARGET DESTROYED 
17.33619
17.35343
17.37182
17.38437
17.39513
17.40598
17.41673
17.42807
17.43972
17.4503
17.46115
17.4724
17.48326
17.49438
17.50661
17.51736
17.52833
17.53902
17.55072
17.5614
17.57231
17.58325
17.59397
17.60473
17.61517
17.62627
17.63737
17.64767
17.65864
17.66918
17.68014
17.69117
17.70165
17.71198
17.72305
17.73421
17.74531
17.75644
17.76754
17.77865
17.79015
17.80134
17.81247
17.82333
17.83475
17.84577
17.85686
17.86831
17.87929
17.89085
17.90224
17.91335
17.92526
17.93666
17.94767
17.95908
17.97104
17.98251
17.99316
18.00474
18.0161
18.03189
18.04206
18.05133
18.06096
18.07205
18.08319
18.09432
18.10543
18.11658
18.12807
18.13889
18.15021
18.16167
18.1726
18.18361
18.19481
18.206
18.21714
18.22837
18.23952
18.25056
18.26182
18.27311
18.28431
18.29527
18.30655
18.31781
18.32867
18.3401
18.35107
18.36294
18.37331
18.38461
18.39592
18.40741
18.41869
18.42993
18.44151
18.45297
18.46386
18.47522
18.48742
18.49775
18.50905
18.52105
18.53181
18.5433
18.55519
18.56561
18.57714
18.58829
18.59945
18.61058
18.6217
18.63273
18.6437
18.65518
18.66622
18.67738
18.68898
18.69973
18.71087
18.72207
18.73334
18.74445
18.75579
18.76681
18.77775
18.78927
18.80029
18.81132
18.82246
18.83374
18.84491
18.85613
18.86713
18.8785
18.8896
18.90068
18.91201
18.92299
18.93438
18.94538
TARGET DESTROYED 
18.95668
18.97111
18.98077
18.99072
19.00011
19.01143
19.02249
19.03355
19.04459
19.05593
19.06744
19.08377
19.09488
19.10487
19.11987
19.13016
19.14148
19.15283
19.16453
19.175
19.18643
19.19723
19.20854
19.22017
19.23195
19.24211
19.25378
19.2643
19.27559
19.28678
19.29828
19.309
19.32038
19.33148
19.34252
19.35392
19.36502
19.37633
19.38745
19.39849
19.4096
19.42098
19.43221
19.44304
19.45487
19.4655
19.47648
19.488
19.49903
19.51013
19.52136
19.53278
19.54375
19.55501
19.56631
19.57714
19.58832
19.59966
19.61432
19.62397
19.63396
19.64573
19.65723
19.66899
19.68016
19.69211
19.70348
19.71496
19.72589
19.73767
19.74842
19.75957
19.77113
19.78206
19.79323
19.80445
19.81576
19.82664
19.83796
19.84927
19.86004
19.87142
19.88243
19.89358
19.90495
19.91614
19.92713
19.93865
19.94965
19.96065
19.97193
19.98339
19.99437
20.006
20.01711
20.02837
20.03971
20.05073
20.06219
20.0735
20.08484
20.09603
20.10688
20.11834
20.12953
20.14048
20.15212
20.16339
20.17414
20.18551
20.19639
20.20759
20.21901
20.2299
20.24108
20.25263
20.26335
20.27454
20.28636
20.29681
20.30804
20.32364
20.33356
20.34321
20.35273
20.36194
20.37288
20.38394
20.39511
20.40633
20.41753
20.42863
20.43986
20.45118
20.46223
20.47394
20.48468
20.4956
20.50683
20.51812
20.52915
20.54029
20.55182
20.56268
20.57431
20.58529
20.5963
20.6074
20.6186
20.6299
20.64094
20.65221
20.66338
20.67453
20.68591
20.69698
20.70844
20.72004
20.73134
20.74246
20.75401
20.76502
20.77636
20.78808
20.79897
20.81008
20.82175
20.83291
20.84417
20.85561
20.86658
20.87797
20.88946
20.90029
20.91135
20.92308
20.9336
20.9451
20.95616
20.96719
20.97824
20.98989
21.00067
21.01189
21.02332
21.03438
21.04562
21.05661
21.06774
21.07888
21.09005
21.1015
21.11234
21.12356
21.13478
21.14584
21.157
21.16828
21.17937
21.19064
21.20199
21.21295
21.22415
21.23593
21.24636
21.25798
21.26864
21.28003
21.29115
21.30264
21.31358
21.32447
21.33593
TARGET DESTROYED 
21.3469
21.37133
21.38099
21.39043
21.39991
21.40962
21.43294
21.44417
21.45378
21.46497
21.47642
21.48749
21.49883
21.50967
21.52108
21.53213
21.54322
21.55443
21.56594
21.57678
21.58812
21.59933
21.61229
21.6222
21.63335
21.6439
21.65506
21.66614
21.67719
21.68836
21.69962
21.71076
21.72235
21.73409
21.7441
21.75543
21.76664
21.77776
21.78902
21.80012
21.81124
21.82276
21.83367
21.84505
21.85597
21.86721
21.87924
21.88946
21.90073
21.91196
21.92397
21.9343
21.94553
21.95679
21.96872
21.98008
21.9917
22.00375
22.01504
22.02639
22.0384
22.04953
22.06133
22.07215
22.08411
22.09553
22.10671
22.11818
22.12926
22.14016
22.15151
22.16297
22.17421
22.18471
22.19639
22.20714
22.21842
22.23003
22.24082
22.25222
22.26303
22.27424
22.28598
22.29712
22.30775
22.31875
22.32976
22.34134
22.35278
22.36328
22.37778
22.38755
22.39642
22.40658
22.41766
22.42884
22.44032
22.45127
22.46292
22.47396
22.48477
22.49602
22.50742
22.51858
22.52943
22.54092
22.55245
22.56324
22.57415
22.58539
22.5964
22.60789
22.62306
22.63501
22.64554
22.65476
22.66401
22.67393
22.684
22.69519
22.70648
22.72076
