0.02
0.04
0.14
0.1753415
0.1892312
0.2006149
0.2113884
0.2228747
0.2352518
0.2455871
0.255795
0.2673275
0.2782945
0.2915009
0.3008449
0.3116107
0.32296
0.3344957
0.3452734
0.3564479
0.3674806
0.3786224
0.3898187
0.4011898
0.4129302
0.4233761
0.4352711
0.445821
0.4568082
0.4680125
0.479203
0.4903464
0.501987
0.513046
0.5239302
0.535386
0.5460613
0.5662789
0.5768663
0.5866678
0.5969668
0.606953
0.6167305
0.626085
0.6355416
0.6466433
0.6579647
0.6689528
0.6805139
0.6913124
0.7025164
0.713704
0.7248282
0.7359
0.7473016
0.758206
0.7694049
0.7805463
0.791929
0.8029341
0.8142199
0.8254576
0.8364483
0.8478836
0.8590244
0.8747549
0.8843639
0.8935052
0.9039662
0.9147663
0.9258298
0.9370046
0.948388
0.9593276
0.9710138
0.9824898
0.9931533
1.004926
1.01622
1.027326
1.038658
1.05023
1.061617
1.072977
1.084102
1.095215
1.106292
1.117531
1.128865
TARGET DESTROYED 
1.146517
1.156805
1.167339
1.176668
1.186733
1.19614
1.205793
1.217634
1.236039
1.246391
1.256163
1.265801
1.275353
1.285273
1.295069
1.305692
1.316926
1.328218
1.339214
1.350625
1.361229
1.372746
1.383909
1.394872
1.406113
1.417582
1.428455
1.439707
1.450924
1.462417
1.473167
1.484658
1.49555
1.506577
1.518373
1.529259
1.540305
1.551553
1.562348
1.573593
1.585219
1.59597
1.607129
1.618559
1.630101
1.640718
1.656236
1.666434
1.675874
1.687124
1.69796
1.709365
1.720886
1.732574
1.743735
1.754915
1.766215
1.777416
1.788312
1.79978
1.810749
1.822184
1.833297
1.844699
1.855508
1.866641
1.877671
1.888791
1.900332
1.911191
1.922477
1.934452
1.944616
1.955844
1.967366
1.978328
1.989437
2.001022
2.011697
2.023193
2.034451
2.045637
2.057035
2.068449
2.079785
2.090979
2.102455
2.113703
2.124958
2.136363
2.148026
2.15926
2.170346
2.182482
2.192971
2.204221
2.216313
2.226436
2.237496
2.249165
2.259905
2.270961
2.282521
2.293302
2.304754
2.316338
2.328088
2.338473
2.349598
2.360477
2.371627
2.383325
2.39405
2.405043
2.416595
2.427461
2.438738
2.450126
2.460916
2.472407
2.484432
2.494535
2.505644
2.517415
2.528104
2.539173
2.550669
2.561869
2.572802
2.584231
2.595121
2.606274
2.617712
2.628823
2.63972
2.651534
2.662089
2.6735
2.685028
2.695618
2.707011
2.718292
2.72906
2.740528
2.751419
2.76333
2.774089
2.785102
2.801424
2.81201
2.822047
2.831912
2.842138
2.852293
2.862558
2.872832
2.882996
2.89274
2.90301
2.913975
2.92541
2.936417
2.947551
2.958651
2.97003
2.981599
2.992245
3.003346
3.014635
3.025659
3.037074
3.048305
3.059203
3.07034
3.082032
3.093228
3.103973
TARGET DESTROYED 
3.11827
3.128294
3.139074
3.149139
3.159822
3.170921
3.182808
3.193316
3.204836
3.216209
3.227261
3.238637
3.250624
3.267942
3.279127
3.289215
3.29922
3.308917
3.319394
3.32885
3.339487
3.349801
3.360926
3.372019
3.383496
3.394301
3.405891
3.416883
3.42784
3.439007
3.450392
3.461336
3.472481
3.484026
3.494943
3.50602
3.517318
3.528654
3.539576
3.550775
3.562306
3.573241
3.584579
3.595519
3.606632
3.617802
3.628931
3.640478
3.651803
3.662996
3.674654
3.685852
3.697352
3.708611
3.720388
3.731727
3.742959
3.754525
3.766022
3.777107
3.788422
3.800149
3.811198
3.822706
3.834305
3.845359
3.856897
3.868989
3.879723
3.890795
3.901926
3.917548
3.927727
3.938535
3.949017
3.959047
3.96978
3.979818
3.990439
4.000748
4.010707
4.021343
4.032172
4.042803
4.054338
4.065047
4.076095
4.087496
4.098632
4.109652
4.120964
4.132129
4.143249
4.154244
4.165672
4.176723
4.187939
4.199494
4.210142
4.221233
4.233249
4.243723
4.254801
4.266174
4.277458
4.288507
4.299864
4.311042
4.322617
4.333959
4.345421
4.356511
4.367895
4.379312
4.390555
4.402146
4.41345
4.424861
4.436251
4.448124
4.458875
4.470172
4.482307
4.493264
4.504623
4.516327
4.527327
4.538708
4.550129
4.560858
4.571928
4.583503
4.594764
4.605609
4.616901
4.628185
4.639246
4.650698
4.661617
4.672724
4.683924
4.694876
4.706038
4.717486
4.728362
4.739694
4.750968
4.762044
4.773265
4.784376
4.795458
4.806885
4.818257
4.828855
4.840179
4.851388
4.86235
4.874909
4.885397
4.896016
4.907114
4.918437
4.92952
4.940665
4.951851
4.963193
4.974598
4.985491
4.996675
5.007763
5.01913
5.030196
5.045945
5.056499
5.067174
5.077309
5.087832
5.097975
5.108653
5.119209
5.129548
5.140095
5.150894
5.161377
5.171764
5.18185
5.192634
5.204502
5.215431
5.226146
5.237196
5.24871
5.259589
5.270752
5.282475
5.293203
5.304417
5.315702
5.3266
5.33781
5.349521
5.36007
5.371391
5.382679
5.3937
5.404972
5.416612
5.427328
5.438791
5.449958
5.460878
5.472517
5.484705
TARGET DESTROYED 
5.500432
5.51129
5.522041
5.532888
5.543783
5.554311
5.564947
5.576228
5.587133
5.59895
5.61664
5.628128
5.639411
5.650671
5.66165
5.67306
5.684457
5.695102
5.706316
5.717669
5.728664
5.739954
5.751408
5.762319
5.773511
5.784746
5.795697
5.807081
5.818344
5.829256
5.840319
5.851703
5.862701
5.874009
5.885163
5.896234
5.907652
5.918504
5.929806
5.940921
5.952139
5.963421
5.974565
5.985584
5.996704
6.007995
6.019333
6.030296
6.04143
6.052654
6.064074
6.074967
6.086123
6.098013
6.10911
6.12067
6.132535
6.143916
6.155248
6.170854
6.181645
6.192735
6.2035
6.214503
6.225139
6.235927
6.246455
6.257252
6.267592
6.278912
6.290671
6.301771
6.312251
6.323558
6.334624
6.345931
6.356664
6.368314
6.378972
6.390223
6.401547
6.412524
6.423744
6.435369
6.446382
6.458358
6.469687
6.479841
6.490679
6.502
6.513269
6.524508
6.535763
6.546936
6.558265
6.569739
6.581163
6.592236
6.60359
6.615562
6.626518
6.637447
6.649381
6.660187
6.671594
6.683857
6.694809
6.705488
6.716911
6.727979
6.738933
6.750528
6.761228
6.772573
6.783774
6.794823
6.805928
6.817573
6.828785
6.84023
6.851245
6.862025
6.873135
6.884552
6.895275
6.906549
6.917658
6.929007
6.939959
6.951405
6.962324
6.973886
6.984902
6.996194
7.007533
7.018566
7.029278
7.040598
7.051696
7.063031
7.074099
7.085509
7.096466
7.107666
7.118921
7.130115
7.141132
7.153064
7.164038
7.174891
7.185914
7.197076
7.208199
7.219434
7.230643
7.241796
7.253838
7.265081
7.275946
7.286533
7.297614
7.314099
7.325783
7.336845
7.348693
7.359758
7.370741
7.382239
7.393141
7.404812
7.415764
7.426628
7.437801
7.449292
7.460844
7.47193
7.482854
7.493755
7.504864
7.516471
7.527233
7.538359
7.549662
7.560702
7.571877
7.583312
7.59432
7.605672
7.616813
7.627849
7.639077
7.650398
7.661164
7.672444
7.684011
7.694858
7.705896
7.717109
7.728168
7.73924
7.750637
7.76163
7.773201
7.784546
7.795204
7.806762
7.818742
7.829991
7.841248
7.852925
7.864538
7.875736
7.887238
7.899349
7.909827
7.922038
7.93359
7.944715
7.95608
7.967694
7.979068
7.990066
8.001509
8.012439
8.023731
8.035213
8.046737
8.057436
8.068186
8.079467
8.090663
8.102095
8.113214
8.12426
8.135342
8.146745
8.158002
8.168907
8.179971
8.191186
8.202705
8.214135
8.225385
8.237013
8.248001
8.259073
8.270394
8.281153
8.291959
8.302859
8.313995
8.325054
8.336238
8.347459
8.358979
8.370127
8.380891
8.392134
8.403387
8.414796
8.425814
8.437514
8.454671
8.46694
8.478518
8.48976
8.500867
8.511553
8.52288
8.53423
8.545465
8.557244
8.569221
8.579924
8.591396
8.60346
8.614595
8.626259
8.637426
8.648761
8.659919
8.671145
8.682606
8.693879
8.705376
8.717195
8.728598
8.739912
8.751366
8.763095
8.774244
8.785871
8.79697
8.80823
8.819903
8.831783
8.843295
8.855044
8.867784
8.878969
8.889837
8.901347
8.91239
8.923891
8.93551
8.946595
8.958055
8.969366
8.980764
8.992344
9.003656
9.015373
9.026756
9.039208
9.050615
9.061859
9.073512
TARGET DESTROYED 
9.090991
9.102837
9.114569
9.126232
9.13753
9.148789
9.160944
9.172775
9.185
9.19687
9.215128
9.227725
9.239168
9.251015
9.262115
9.273657
9.285168
9.296327
9.308206
9.319871
9.331796
9.34384
9.355804
9.367796
9.379418
9.390993
9.402836
9.415243
9.426278
9.437922
9.4492
9.460689
9.473425
9.485948
9.49746
9.509303
9.521328
9.533703
9.54515
9.556613
9.568286
9.579239
9.591014
9.602491
9.613933
9.630823
9.642423
9.654238
9.666268
9.677671
9.689181
9.70098
9.712603
9.723998
9.736059
9.747596
9.760652
9.772513
9.784068
9.795621
9.807875
9.819382
9.831407
9.843126
9.854762
9.865996
9.877151
9.888374
9.900042
9.911029
9.922177
9.933785
9.94473
9.955841
9.967598
9.979163
9.990935
10.00237
10.01416
10.02555
10.03739
10.04872
10.06021
10.07156
10.08382
10.09606
10.10743
10.11852
10.12974
10.14107
10.15238
10.16503
10.17661
10.18785
10.19919
10.21012
10.22142
10.23263
10.24425
10.25565
10.26787
10.27882
10.29008
10.30114
10.31206
10.32324
10.33482
10.34604
10.3575
10.36869
10.37978
10.39098
10.40228
10.41303
10.42425
10.43572
10.44694
10.45798
10.46992
10.48134
10.49269
10.50418
10.51535
10.52693
10.53837
10.54971
10.56095
10.5725
10.58384
10.59527
10.60641
10.61773
10.62852
10.63948
10.65087
10.66173
10.67292
10.68426
10.69526
10.70619
10.71741
10.72845
10.73963
10.7512
10.76316
10.77501
10.78661
10.79847
10.81095
10.82751
10.83929
10.85102
10.86236
10.87386
10.8853
10.89645
10.90784
10.91927
10.93035
10.94199
10.95362
10.96532
10.97662
10.98824
11.00093
11.01197
11.0234
11.03443
11.04552
11.05673
11.06793
11.07922
11.09016
11.10154
11.11264
11.1241
11.13523
11.14634
11.15779
11.16953
11.18083
11.19205
11.2036
11.21493
11.22649
11.23845
11.25024
11.2613
11.27337
11.28566
11.29712
11.30908
11.32121
11.33315
11.34476
11.35664
11.36848
11.3807
11.39239
11.40425
11.4155
11.42719
11.43888
11.45185
11.46334
11.47542
11.48769
11.49947
11.51108
11.52251
11.53498
11.54679
11.55883
11.57054
11.58209
11.59578
11.60781
11.61964
11.63092
11.64273
11.65529
11.66688
11.67831
11.69031
11.70273
11.71456
11.727
11.7386
11.75058
11.76231
11.77405
11.7848
11.79638
11.80784
11.81955
11.83063
11.84256
11.85475
11.869
11.88077
11.89226
11.90659
11.91808
11.92885
11.93966
11.95353
