0.02
0.04
0.14
0.1720783
0.1871835
0.2000669
0.2109367
0.222661
0.2340151
0.2435801
0.2546379
0.265906
0.2771257
0.2881132
0.2998186
0.3121012
0.3215703
0.3331705
0.343807
0.3550274
0.3665887
0.3773507
0.3885739
0.4001347
0.4109884
0.4221747
0.4335603
0.4443187
0.4558855
0.4671421
0.4781386
0.4889977
0.5007352
0.5116903
0.5225424
0.5337425
0.5449208
0.5561739
0.5673981
0.5815676
0.5905815
0.6010268
0.6123854
0.6231361
0.6345297
0.6454495
0.6565104
0.6679091
0.6789014
0.6900169
0.7014888
0.7124509
0.7238278
0.7349952
0.7461419
0.7570664
0.7685197
0.7794642
0.790768
0.8019264
0.8130476
0.8241301
0.8353761
0.8465348
0.8579727
0.8690314
0.8799127
0.8953138
0.906231
0.9176127
0.9334792
0.9432374
0.9530658
0.9620804
0.9717265
0.9829495
0.9943723
1.005515
1.016778
1.027496
1.038519
1.05
1.061143
1.072429
1.08473
1.094596
1.105766
1.117166
1.128085
1.139379
1.150795
1.161599
1.172569
1.184282
1.200688
1.210157
1.219808
1.228802
1.239034
1.250376
1.261105
1.272603
1.283735
1.294623
1.3058
1.317201
1.328078
1.339329
1.3509
1.361811
1.372903
1.384217
1.395519
1.406233
1.423359
1.435352
1.444617
1.45434
1.46372
1.473036
1.48397
1.494781
1.505947
1.517215
1.528153
1.539334
1.550975
1.561716
1.57289
1.584236
1.601104
1.611231
1.621774
1.63098
1.640652
1.651232
1.662445
1.673483
1.684981
1.696131
1.714475
1.730121
1.74075
1.751734
1.762506
1.773686
1.784906
1.795942
1.807164
1.81848
1.829411
1.840798
1.851972
1.86302
1.874598
1.885316
1.896885
1.907525
1.918861
1.92994
1.941181
1.9523
1.963634
1.974564
1.985925
1.996954
2.008082
2.019347
2.030782
2.041691
2.052973
2.063935
2.076822
2.08816
2.098467
2.108596
2.120583
2.130956
2.142237
2.15444
2.165288
2.175763
2.18723
2.197963
2.20925
2.220367
2.231675
2.243031
2.254677
2.266393
2.277669
2.28934
2.301135
2.312547
2.324091
2.33566
2.347338
2.358654
2.370563
2.381605
2.392781
2.40475
2.415329
2.430271
2.441027
2.451524
2.462512
2.473255
2.483696
2.493739
2.504263
2.514648
2.524752
2.53481
2.546018
2.557235
2.56862
2.579639
2.590827
2.602064
2.613159
2.624373
2.635478
2.646514
2.658081
2.66909
2.680194
2.691721
2.702554
2.713573
2.724864
2.7361
2.747181
2.758931
2.769498
2.780908
2.792244
2.803007
2.814607
2.827243
2.838703
2.849134
2.860758
2.872186
2.882092
2.893533
2.904932
2.916512
2.927435
2.938816
2.950868
2.96238
2.974344
2.985343
2.995748
3.006991
3.018732
3.029633
3.044518
3.056424
3.067728
3.078327
3.088549
3.098228
3.107921
3.117582
3.127298
3.141374
3.156755
3.168131
3.17801
3.189103
3.199992
3.210297
3.221152
3.231566
3.241778
3.252093
3.262366
3.272864
3.283692
3.294116
3.304591
3.31517
3.326304
3.337589
3.349572
3.359788
3.370895
3.382312
3.393218
3.404815
3.416234
3.426708
3.438414
3.44958
3.460419
3.4716
3.482774
3.493829
3.504958
3.516233
3.527264
3.53857
3.549736
3.560946
3.571999
3.583468
3.594553
3.608914
3.619961
3.630548
3.641626
3.652213
3.662685
3.674233
3.685763
3.697328
3.708828
3.720283
3.731641
3.74292
3.754239
3.765256
3.776317
3.787475
3.798871
3.809979
3.821434
3.832549
3.84405
3.856027
3.872283
3.884152
3.896033
3.907395
3.918988
3.929701
3.941082
3.952595
3.963769
3.974504
3.985298
3.996994
4.007956
4.018957
4.03021
4.041799
4.052836
4.063776
4.07474
4.085834
4.0969
4.10836
4.119523
4.130929
4.142331
4.153436
4.164663
4.175405
4.186511
4.197991
4.209564
4.220426
4.231424
4.242371
4.253225
4.264778
4.276256
4.287504
4.298933
4.310335
4.322075
4.333217
4.344528
4.35604
4.367488
4.378947
4.390279
4.402069
4.413196
4.424525
4.436338
4.446979
4.458635
4.470223
4.481436
4.492902
4.50402
4.515185
4.541536
4.553663
4.566557
4.577773
4.589062
4.606267
4.617903
4.628984
4.641074
4.652835
4.663892
4.676143
4.688293
4.700834
4.711553
4.722502
4.733713
4.744699
4.756058
4.767383
4.778305
4.79358
4.805099
4.817164
4.828126
4.839815
4.852921
4.863844
4.876282
4.887781
4.899456
4.910583
4.921975
4.933278
4.944493
4.955811
4.967288
4.97931
4.990485
5.001809
5.013269
5.023919
5.035429
5.046345
5.057621
5.068873
5.080281
5.091618
5.102445
5.113669
5.124605
5.136388
5.147523
5.158324
5.170092
5.181604
5.192626
5.20434
5.215523
5.226263
5.237162
5.248458
5.259884
5.271349
5.282243
5.293072
5.30422
5.316234
5.33229
5.343963
5.355081
5.36618
5.377933
5.389244
5.404005
5.415468
5.427007
5.437658
5.448683
5.459987
5.471229
5.482927
5.494123
5.504949
5.516495
5.527377
5.538204
5.553104
5.563543
5.574021
5.584839
5.594878
5.605452
5.616757
5.632307
5.642932
5.653502
5.663347
5.673153
5.684503
5.694447
5.705462
5.716741
5.730535
5.741612
5.752119
5.762322
5.773244
5.783863
5.794922
5.805961
5.817315
5.828156
5.839529
5.851564
5.862478
5.87389
5.884725
5.895184
5.906788
5.918551
5.929852
5.941619
5.953402
5.965141
5.976281
5.987536
5.999021
6.009573
6.020687
6.032229
6.043461
6.05922
6.070169
6.08064
6.091273
6.101729
6.112089
6.12294
6.132555
6.143342
6.154606
6.166024
6.176802
6.188128
6.199119
6.210302
6.22168
6.232783
6.244647
6.255548
6.266683
6.277596
6.288677
6.299799
6.310994
6.322192
6.333508
6.344297
6.35567
6.367013
6.377981
6.392635
6.403431
6.414326
6.426474
6.437456
6.448437
6.459044
6.470033
6.480401
6.491861
6.502541
6.513404
6.524508
6.535171
6.546716
6.557722
6.568795
6.580151
6.591407
6.602583
6.613379
6.626407
6.637374
6.648287
6.659325
6.670103
6.680917
6.69218
6.703511
6.714368
6.725228
6.73649
6.747553
6.763922
6.775387
6.786726
6.798048
6.809475
6.821758
6.833842
6.844985
6.857433
6.869477
6.881118
6.893416
6.905838
6.918108
6.929657
6.940434
6.952288
6.964399
6.97605
6.988031
7.000138
7.011983
7.023801
7.03558
7.0468
7.0594
7.070785
7.082342
7.09392
7.105601
7.117816
7.129386
7.14031
7.15296
7.164737
7.176545
7.188093
7.200064
7.212236
7.224207
7.235601
7.246704
7.258329
7.269665
7.280739
7.292136
7.30365
7.315117
7.326914
7.338573
7.350354
7.361748
7.373385
7.385137
7.396791
7.408754
7.420764
7.433415
7.445325
7.457026
7.468489
7.47999
7.491953
7.509052
7.520886
7.532247
7.543421
7.55443
7.565535
7.576787
7.588193
7.59985
7.615814
7.62777
7.639868
7.651203
7.662463
7.674174
7.685614
7.697054
7.709149
7.720991
7.732757
7.745262
7.75667
7.769117
7.781101
7.793018
7.805503
7.817341
7.828689
7.840709
7.852424
7.863844
7.876132
7.887901
7.900377
7.911968
7.923992
7.935451
7.946663
7.957922
7.969555
7.980715
7.992056
8.003614
8.018971
8.03108
8.042883
8.053851
8.064893
8.076287
8.088151
8.100129
8.112205
8.123946
8.136148
8.148368
8.160124
8.172421
8.184788
8.196545
8.207929
8.2199
8.231553
8.243419
8.259762
8.272629
8.284754
8.296272
8.308574
8.320461
8.333003
8.344425
8.356379
8.369517
8.381434
8.393541
8.406292
8.418119
8.43069
8.442924
8.454715
8.466459
8.477888
8.489731
8.502206
8.51401
8.5263
8.539124
8.551274
8.563215
8.575569
8.587251
8.599974
8.612235
8.625774
8.639454
8.653607
8.667829
8.684977
8.698294
8.711895
8.724646
8.739047
8.753222
8.766898
8.780357
8.793742
8.807355
8.821008
8.834642
8.848007
8.861959
8.876245
8.889713
8.903549
8.917172
8.930626
8.9444
8.957962
8.971771
8.985666
9.003241
9.021705
9.048472
9.060056
9.070724
9.081195
9.091749
9.102654
9.113487
9.125352
9.137366
9.149787
9.162234
9.174731
9.186454
9.199
9.211645
9.223712
9.236345
9.248569
9.260728
9.272999
9.285279
9.297182
9.30928
9.321846
9.334945
9.34696
9.358743
9.37104
9.383368
9.395245
9.407676
9.419682
9.432505
9.44458
9.456728
9.46848
9.480968
9.492394
9.504397
9.516196
9.528515
9.539996
9.551708
9.563167
9.575979
9.588078
9.599396
9.610913
9.623608
9.639539
9.651841
9.663963
9.676723
9.689688
9.700281
9.710968
9.722949
9.733335
9.74517
9.757623
9.768066
9.78466
9.795101
9.806311
9.816656
9.827011
9.838294
9.849945
9.860712
9.873003
9.883604
9.89413
9.905458
9.916642
9.927643
9.938823
9.950047
9.961135
9.972493
9.983802
9.994699
10.006
10.01732
10.02814
10.03933
10.05078
10.06184
10.07282
10.08458
10.09519
10.10663
10.11769
10.12871
10.13981
10.15134
10.16257
10.17345
10.18485
10.19577
10.20688
10.21847
10.22922
10.2405
10.25172
10.26286
10.27386
10.28528
10.29618
10.30764
10.31931
10.3309
10.34249
10.35399
10.36569
10.37716
10.38877
10.40066
10.4124
10.42321
10.43506
10.44655
10.45762
10.46874
10.48005
10.49101
10.50693
10.51828
10.52915
10.53983
10.55034
10.56119
10.57155
10.58276
10.59342
10.60484
10.61595
10.62755
10.65385
10.6659
10.67706
10.68852
10.69895
10.70955
10.72107
10.73184
10.74293
10.75407
10.76569
10.77661
10.78797
10.79905
10.81015
10.82234
10.83296
10.84341
10.85547
10.86616
10.87862
10.88985
10.90089
10.91138
10.92303
10.93404
10.94477
10.95635
10.96768
10.97757
10.98878
11.00014
11.01117
11.02227
11.03377
11.0445
11.05704
11.06744
11.07821
11.08933
11.10066
11.11195
11.12344
11.13454
11.14506
11.15626
11.1679
11.17857
11.19017
11.20129
11.21222
11.22352
11.23484
11.25036
11.26112
11.2717
11.28204
11.29293
11.30425
11.31506
11.32639
11.33741
11.34878
11.35979
11.37107
11.38213
11.39427
11.40506
11.41576
11.42716
11.43956
11.47317
11.48381
11.49337
11.50385
11.51452
11.52709
11.53798
11.54947
11.55993
11.56958
11.58104
11.5986
11.60883
11.61885
11.62923
11.63947
11.6541
11.66474
11.67509
11.6855
11.6957
11.70635
11.7167
11.72656
11.73781
11.74864
11.7595
11.77071
11.78186
11.79298
11.80477
11.81585
11.82667
11.83782
11.84931
11.86042
11.8721
11.90417
11.91619
11.92733
11.93849
11.94984
11.96147
11.97253
11.98335
11.99567
12.00666
12.0171
12.02752
12.03867
12.05
12.06609
12.07784
12.08993
12.10146
12.11291
12.12431
12.13593
12.14752
12.15883
12.17011
12.18142
12.19384
12.20583
12.21797
12.23001
12.24225
12.25505
12.26638
12.27829
12.29048
12.30309
12.31534
12.32738
12.33897
12.35228
12.36372
12.37507
12.3872
12.3987
12.41033
12.42264
12.43459
12.44646
12.4589
12.47103
12.48378
12.49603
12.50779
12.51938
12.53139
12.54281
12.55447
12.56566
12.5769
12.58912
12.6004
12.61149
12.62416
12.63654
12.64855
12.6602
12.67163
12.68414
12.69589
12.70795
12.72035
12.73203
12.74352
12.75561
12.76713
12.7787
12.79046
12.80782
12.82018
12.83259
12.84421
12.85627
12.86798
12.88125
12.89305
12.90499
12.91678
12.92862
12.94011
12.95246
12.96414
12.97555
12.98767
12.99994
13.01074
13.02202
13.03293
13.04409
13.05524
13.06676
13.07743
13.08889
13.10033
13.1112
13.12232
13.13355
13.14452
13.1561
13.16723
13.1782
13.18947
13.20101
13.21183
13.2227
13.23405
13.24502
13.25614
13.26753
13.27877
13.28985
13.30122
13.31251
13.32349
13.33456
13.34557
13.35685
13.36809
13.37957
13.39025
13.40166
13.4125
13.42396
13.4355
13.44614
13.45728
13.46907
13.4805
13.49174
13.50329
13.51926
13.53031
13.54095
13.55138
TARGET DESTROYED 
13.56099
13.58072
13.59276
13.60469
13.61505
13.62643
13.64908
13.65977
13.67012
13.68126
13.69236
13.70328
13.71554
13.72581
13.74043
13.75146
13.76255
13.77343
13.78494
13.79596
13.80687
13.8179
13.82902
13.83976
13.85054
13.86128
13.87288
13.88395
13.89427
13.90539
13.91624
13.92647
13.93804
13.94866
13.96019
13.97124
13.98245
13.99341
14.00458
14.01603
14.0269
14.03808
14.04988
14.06107
14.07195
14.083
14.09421
14.10516
14.11662
14.12745
14.13873
14.15015
14.16102
14.17253
14.18532
14.19648
14.21256
14.22469
14.23858
14.25077
14.26219
14.27438
14.28637
14.2977
14.31008
14.32282
14.33501
14.34689
14.35887
14.37158
14.38387
14.3957
14.4075
14.41937
14.43099
14.44344
14.45574
14.46704
14.47847
14.48943
14.50146
14.51295
14.52418
14.53509
14.54755
14.56049
14.57421
14.58747
14.59981
14.61285
14.62596
14.63945
14.6519
14.66414
14.67638
14.68957
14.70242
14.7158
14.72791
14.74044
14.75225
14.76443
14.77629
14.78776
14.79928
14.81108
14.8238
14.83625
14.84893
14.86044
14.87356
14.88631
14.89843
14.91026
14.92179
14.93369
14.94528
14.96184
14.9744
14.98657
14.9988
15.01016
15.02222
15.0339
15.04547
15.05745
15.06905
15.08131
15.09374
TARGET DESTROYED 
15.10571
15.12295
15.13509
15.14678
15.15954
15.17166
15.18316
15.19387
15.21036
15.22209
15.23347
15.24456
15.25586
15.26713
15.27805
15.28922
15.30054
15.31155
15.32252
15.33397
15.34535
15.35617
15.36782
15.37976
15.39124
15.40306
15.41487
15.42635
15.43809
15.45049
15.46265
15.47513
15.48786
15.50128
15.51339
15.52534
15.53649
15.54761
15.55939
15.5708
15.58241
15.59388
15.60617
15.61798
15.63387
15.64611
15.65844
15.67043
15.68785
15.69976
15.71233
15.72499
15.73619
15.74734
15.75816
15.76962
15.78211
15.79288
15.80393
15.81481
15.82554
15.83692
15.84784
15.85888
15.87099
15.88159
15.89318
15.90432
15.91533
15.92618
15.93715
15.9481
15.95921
15.97066
15.98197
15.99296
16.00432
16.01512
16.02647
16.03767
16.04862
16.05989
16.07104
16.08231
16.09332
16.1045
16.11617
16.12702
16.13798
16.14963
16.16082
16.17171
16.18321
16.19448
16.20585
16.21769
16.22882
16.24104
16.25236
16.2637
16.27498
16.28682
16.29804
16.30948
16.32071
16.33275
16.34368
16.35516
16.36701
16.37752
16.38878
16.40057
16.41583
16.42657
16.43751
16.4475
16.45893
16.47018
16.48055
16.49115
16.50199
16.5113
16.52177
16.53238
16.54258
16.55331
16.5631
16.57368
16.58486
16.59631
16.60715
16.61854
16.62955
16.64097
16.65217
16.6631
16.67426
16.68547
16.69645
16.7077
16.71894
16.73015
16.74142
16.75272
16.76355
16.77474
16.78588
16.79724
16.8082
16.8193
16.83045
16.84178
16.85312
16.86406
16.87564
16.88691
16.89828
16.91007
16.92129
16.93294
16.94431
16.95547
16.96709
16.97851
16.98998
17.00161
17.01295
17.02411
17.03577
17.04704
17.05855
17.07074
17.08125
17.09262
17.10369
17.11916
17.12982
17.14021
17.15155
17.16253
17.17285
17.18296
17.19293
17.20375
17.2141
17.22462
17.23559
17.24592
17.2566
17.26767
17.27762
17.28892
17.30024
17.31133
17.32235
17.33382
17.34456
17.35581
17.36745
17.37845
17.38931
17.40109
17.41168
TARGET DESTROYED 
17.42292
17.43753
17.44805
17.45941
17.47045
17.48066
17.49253
17.50648
17.51942
17.53148
17.54858
17.56029
17.57151
17.58269
17.59335
17.60509
17.61647
17.6279
17.63925
17.65455
17.66668
17.67796
17.68945
17.70051
17.7116
17.72264
17.73481
17.75051
17.76232
17.77443
17.78657
17.79832
17.81047
17.82257
17.83981
17.85214
17.86394
17.88006
17.89718
17.91397
17.93089
17.94739
17.96379
17.98028
17.9975
18.01396
18.03063
18.04727
18.06356
18.08015
18.09229
18.10428
18.11691
18.12858
18.14093
18.15399
18.16662
18.17824
18.19069
18.20313
18.21533
18.22706
18.23934
18.25152
18.26302
18.27527
18.28806
18.30018
18.31257
18.32424
18.33678
18.34928
18.36174
18.37388
18.38668
18.39858
18.41075
18.42332
18.4355
18.44751
18.45927
18.4718
18.48417
18.49535
18.50718
18.51938
18.52987
18.54153
18.55373
18.56515
18.57659
18.58862
18.60085
18.61858
18.63085
18.64224
18.65484
18.66626
18.67811
18.69045
18.70236
18.71434
18.72583
18.7376
18.74967
18.7616
18.773
18.78569
18.79704
18.80842
18.81992
18.83118
18.8427
18.85417
18.86545
18.87749
18.88909
18.90082
18.91233
18.92395
18.93581
18.94729
18.95877
18.97051
18.98247
18.99402
19.00594
19.01719
19.02895
19.04048
19.05229
19.06461
19.07651
19.08873
19.10028
19.11223
19.12387
19.13603
19.14762
19.15967
19.1722
19.18448
19.19669
19.20829
19.22028
19.23234
19.24422
19.25624
19.26775
19.27921
19.29083
19.30257
19.31345
19.32499
19.3367
19.34732
19.36355
19.37498
19.38694
19.39799
19.40951
19.42119
19.43342
19.4451
19.45675
19.46952
19.4808
19.49233
19.50466
19.51614
19.52837
19.54028
19.55211
19.56326
19.57479
19.58638
19.60648
19.6184
19.62957
19.64507
TARGET DESTROYED 
19.66452
19.69843
19.72096
19.74733
19.7718
19.79272
19.81334
19.83556
19.8577
19.88089
19.90271
19.92505
19.94701
19.96945
19.99202
20.01411
20.03665
20.05894
20.08123
20.1036
20.12572
20.14808
20.17053
20.19294
20.21515
20.23761
20.25998
20.2822
20.30458
20.32683
20.34946
20.37174
20.39386
20.41636
20.43868
20.46115
20.48355
20.50586
20.52804
20.55045
20.56215
20.57365
20.5844
20.59556
20.60642
20.61826
20.63137
20.64368
20.65621
20.66812
20.68048
20.69251
20.70487
20.71675
20.72901
20.74134
20.75354
20.76538
20.77765
20.78946
20.80183
20.8143
20.82654
20.83925
20.85108
20.86287
20.87506
20.88751
20.89957
20.91203
20.92463
20.93693
20.94878
20.96086
20.97311
20.98536
20.99691
21.00861
21.02103
21.03313
21.04635
21.05824
21.07034
21.08298
21.09465
21.11197
21.12388
21.13553
21.14628
21.15769
21.16982
21.18085
21.19205
21.20359
21.21528
21.22691
21.23853
21.25027
21.26213
21.27337
21.28576
21.2968
21.30791
21.31984
21.33226
21.34348
21.35469
21.3656
21.37657
21.38819
21.39935
21.4105
21.42262
21.43356
21.44508
21.45668
21.46779
21.48003
21.49151
21.50304
21.51508
21.52623
21.53743
21.54798
21.55888
21.56957
21.57999
21.59056
21.60212
21.61263
21.62438
21.64003
21.65227
21.66465
21.67643
21.68882
21.70071
21.71274
21.72435
21.73706
21.74863
21.76089
21.77323
21.78492
21.79727
21.80904
21.82129
21.83309
21.84923
21.86179
21.87491
21.88687
21.89892
TARGET DESTROYED 
21.91158
21.92886
21.94015
21.95245
21.96377
21.97583
21.98842
22.00012
22.01186
22.02408
22.03633
22.04797
22.06033
22.07437
22.09263
22.10558
22.11786
22.12989
22.1417
22.15376
22.16606
22.17833
22.19052
22.20279
22.21454
22.22684
22.23923
22.25137
22.26361
22.27543
22.2857
22.29596
22.30636
22.31611
22.32622
22.33732
22.34855
22.35969
22.37084
22.38282
22.39323
22.40434
22.41562
22.42674
22.43783
22.44921
22.46016
22.47143
22.4827
22.4945
22.5065
22.51643
22.52725
22.53865
22.54972
22.56077
22.57567
22.58624
22.59611
22.60653
22.61719
22.6279
22.63893
22.65066
22.66129
22.67229
22.68401
22.69537
22.70679
22.71846
22.72978
22.74135
22.75283
22.76429
22.77616
22.78714
22.79827
22.80959
22.82087
22.83203
22.84323
22.85451
22.86562
22.87667
22.88771
22.8991
22.91025
22.92144
22.93266
22.94378
22.95521
22.96665
22.97767
22.989
23.00055
23.0124
23.02312
23.03478
23.04592
23.05777
23.06888
23.07958
23.09092
23.1024
23.11292
23.1242
23.13544
23.14677
23.15787
23.16922
23.18054
23.19155
23.20239
23.2139
23.22495
23.23588
23.24699
23.2583
23.26936
23.28067
23.2937
23.30487
23.31454
23.32546
23.33636
23.34768
23.35859
23.37002
23.38104
23.39216
23.4035
23.41447
23.4257
23.43688
23.44807
23.45961
23.47031
23.4825
23.49325
23.50475
23.51577
23.52655
23.53784
23.54942
23.5597
23.57117
23.5827
23.59338
23.60469
23.61576
23.63076
23.64073
23.65069
23.66024
23.67015
23.68084
23.69215
23.70337
23.7143
23.73114
23.74175
23.75233
23.76262
23.7726
23.78316
23.79342
23.80438
23.81415
23.82492
23.83514
23.84619
23.85779
23.86863
23.87923
23.8903
23.90194
23.91405
23.92469
23.93504
23.94643
23.95742
23.96873
23.97984
23.99085
24.00573
24.0163
24.02643
24.03644
24.04667
24.05788
24.06903
24.08017
24.0917
24.10272
24.11398
24.12554
24.13672
24.14844
24.15946
24.17096
24.18293
24.19385
24.20556
24.21727
24.22814
24.23939
24.25282
24.26511
24.27814
24.29028
24.30292
24.31564
24.32718
24.33808
24.34863
24.35987
24.37051
24.38149
24.39311
24.40396
24.41496
24.42593
24.43733
TARGET DESTROYED 
24.44854
24.46386
24.47426
24.48532
24.49637
24.50683
24.5189
24.52934
24.54004
24.55145
24.56226
24.57981
24.59275
24.60498
24.61616
24.6274
24.63824
24.64976
24.6608
24.6719
24.68321
24.69434
24.70555
24.71705
24.72788
24.74405
24.75611
24.76684
24.77767
24.78893
24.79969
24.81097
24.82239
24.83299
24.84391
24.85555
24.86635
24.87749
24.88866
24.8999
24.9108
24.92255
24.93435
24.94503
24.9563
24.96764
24.97849
24.98929
25.00027
25.01036
25.02148
25.03189
25.04225
25.05289
25.06275
25.07449
25.08578
25.09745
25.10846
25.11998
25.13136
25.14266
25.15397
25.16504
25.17609
25.18848
25.19865
25.21501
25.22643
25.2372
25.24727
25.25818
25.27025
25.28048
25.29123
25.30253
25.31298
25.32334
25.33437
25.34484
25.35543
25.36679
25.37747
25.38891
25.40028
25.41182
25.42264
25.43345
25.44396
25.45564
25.46667
25.47782
25.4946
25.50578
25.51588
25.52657
25.53703
25.54656
25.55655
25.56677
25.57759
25.58887
25.60089
25.61195
25.62249
25.63654
25.64698
25.65807
25.66852
25.6787
25.68923
25.70094
25.71193
25.72309
25.73454
25.74543
25.75674
25.76778
25.77869
25.79007
25.80117
25.81243
25.82333
25.83468
25.84576
25.85703
25.86883
25.87981
25.89124
25.9028
25.91384
25.92528
25.93664
25.94818
25.95942
25.97119
25.98256
25.99419
26.00493
26.01662
26.02749
26.039
26.05038
26.06133
26.07273
26.0845
26.09547
26.10649
26.11792
26.12906
26.14009
26.15174
26.16242
26.17352
26.18503
26.19593
26.20698
26.21847
26.22933
26.24073
26.25626
26.26786
26.27856
26.28937
26.29982
26.31108
26.32202
26.33239
26.34367
26.35432
26.36446
26.37575
26.38583
26.39593
26.40637
26.41738
26.42784
26.43824
26.44921
26.45996
26.47095
26.48193
26.49267
26.50439
26.51499
26.52599
26.53736
26.54859
26.55984
26.57081
26.58196
26.59316
26.60453
26.61535
26.62636
26.63776
26.64926
26.66004
26.67132
26.68278
26.69397
26.7048
26.71627
26.72714
26.73855
26.75038
26.76182
26.77316
26.78442
26.79584
26.80738
26.81888
26.82995
26.84184
26.85274
26.86442
26.87609
26.88733
26.8987
26.91002
26.9217
26.93301
26.94405
TARGET DESTROYED 
26.95538
26.98065
26.99764
27.00945
27.02009
27.03025
27.04091
27.05159
27.06219
27.07369
27.09373
27.10597
27.11844
27.12904
27.14045
27.15183
27.16272
27.17384
27.18523
27.19626
27.20731
27.21856
27.22987
27.24094
27.25482
27.2658
27.27704
27.28789
27.29822
27.30847
27.31932
27.33305
