0.02
0.04
0.14
0.1836127
0.195261
0.2082807
0.2197901
0.2305043
0.2412916
0.2526749
0.2645471
0.274765
0.2859664
0.3023738
0.3140629
0.3238262
0.3330043
0.3423448
0.3531526
0.3642315
0.3754897
0.3878065
0.3984732
0.4090731
0.4205091
0.4316124
0.442528
0.4537888
0.4648744
0.4759177
0.4870059
0.4982654
0.5095868
0.5207077
0.53216
0.5465139
0.5558681
0.565378
0.5764043
0.5874315
0.5989993
0.6102924
0.6222391
0.6324586
0.6435994
0.6545846
0.6662297
0.6767144
0.6882171
0.6996883
0.7111233
0.721857
0.7331707
0.7440401
0.7554289
0.7667269
0.7776977
0.7892542
0.800158
0.8110572
0.8224845
0.8334723
0.8446358
0.8556015
0.8668876
0.8778247
0.8891012
0.9038318
0.9151769
0.9264637
0.9378425
0.9490401
0.9605069
0.9717712
0.983126
0.9941301
1.005455
1.016989
1.028016
1.039189
1.050601
1.061754
1.072958
1.084314
1.095222
1.106252
1.117599
1.128821
1.139753
1.151364
1.162305
1.173476
1.184786
1.195724
1.207336
1.218195
1.229496
1.240833
1.25167
1.26326
1.273964
1.285045
1.29649
1.307137
1.319354
1.329748
1.340864
1.352169
1.363638
1.374443
1.385542
1.39724
1.407793
1.419109
1.430588
1.441785
1.452564
1.464424
1.475218
1.486117
1.498235
1.509447
1.519491
1.531081
1.542008
1.553834
1.564617
1.578247
1.587817
1.597377
1.608088
1.619367
1.631008
1.641531
1.65288
1.664416
1.675367
1.69944
1.709821
1.720057
1.731362
1.740943
1.751361
1.76107
1.771664
1.78312
1.794198
1.805039
1.816317
1.827981
1.838435
1.849817
1.861083
1.872078
1.883179
1.894413
1.905661
1.917192
1.927783
1.939235
1.950476
1.961596
1.972658
1.983737
1.994932
2.006016
2.017393
2.028457
2.039502
2.050807
2.06204
2.073013
2.084277
2.09544
2.106642
2.117746
2.128927
2.140347
2.151457
2.166644
2.17717
2.18739
2.198482
2.208916
2.219176
2.230694
2.241748
2.253406
2.264907
2.276447
2.28804
2.299352
2.310431
2.321644
2.332894
2.343939
2.354996
2.36629
2.381987
2.392903
2.403641
2.412747
2.423004
2.433488
2.443927
2.455183
2.466494
2.477474
2.488941
2.500623
2.511149
2.522296
2.533413
2.544507
2.555561
2.56688
2.577941
2.589104
2.600751
2.611859
2.622669
2.633953
2.645366
2.656219
2.667512
2.678588
2.689635
2.701049
2.711994
2.723125
2.734646
2.745707
2.757
2.768395
2.779863
2.790969
2.802768
2.81388
2.82537
2.836945
2.847715
2.858991
2.870641
2.881803
2.893224
2.904209
2.915813
2.927057
2.938153
2.949524
2.960858
2.971691
2.982916
2.994622
3.005613
3.016382
3.027501
3.038784
3.049987
3.061129
3.082963
3.09587
3.106969
3.117903
3.12801
3.138986
3.157987
3.16945
3.180266
3.190542
3.202234
3.213474
3.223978
3.234981
3.246093
3.257126
3.268681
3.280396
3.2931
3.303582
3.314882
3.324676
3.335303
3.346725
3.357679
3.369092
3.380306
3.394005
3.404887
3.41636
3.42698
3.438266
3.455706
3.466785
3.477378
3.488855
3.499495
3.509466
3.520298
3.53048
3.540704
3.551252
3.561399
3.571805
3.582423
3.596687
3.607274
3.618382
3.62825
3.638555
3.648814
3.659066
3.670549
3.682131
3.696582
3.707417
3.718175
3.72844
3.739688
3.75027
3.760983
3.776727
3.788206
3.799679
3.810764
3.822458
3.83346
3.844182
3.854849
3.865447
3.876042
3.886743
3.897906
3.922241
3.933868
3.944321
3.955562
3.966352
3.976719
3.987859
3.99906
4.009624
4.020668
4.0323
4.042734
4.054322
4.065917
4.079498
4.090724
4.101786
4.11298
4.125347
4.136068
4.146773
4.157652
4.168546
4.179658
4.191166
4.202275
4.213342
4.224032
4.235607
4.246346
4.25737
4.268704
4.280447
4.29121
4.302065
4.313196
4.324628
4.335673
4.346783
4.358029
4.369892
4.380912
4.392164
4.403159
4.413935
4.425651
4.437159
4.448166
4.462338
4.473919
4.490473
4.502049
4.513392
4.525204
4.536546
4.547302
4.558212
4.569269
4.580301
4.591365
4.602354
4.615248
4.626789
4.638057
4.649464
4.66079
4.671838
4.6841
4.69558
4.706751
4.718652
4.729726
4.740605
4.752496
4.763825
4.776258
4.787548
4.799127
4.809916
4.820965
4.832216
4.843368
4.854349
4.86581
4.876766
4.888061
4.899925
4.910514
4.922008
4.93267
4.943892
4.954953
4.966323
4.97733
4.988718
4.999984
5.014502
5.025856
5.036781
5.048753
5.060045
5.071938
5.083068
5.093621
5.104971
5.116729
5.127635
5.139137
5.150412
5.161521
5.172788
5.184065
5.200978
5.212211
5.224128
5.235279
5.246199
5.257715
5.26898
5.280573
5.291551
5.304224
5.316088
5.327426
5.339839
5.351252
5.362701
5.374809
5.3867
5.398298
5.409891
5.421555
5.433879
5.445061
5.45821
5.47039
5.481655
5.493585
5.505248
5.516119
5.526453
5.53728
5.547919
5.558485
5.569974
5.580825
5.591703
5.60283
5.619193
5.630847
5.642101
5.653706
5.666051
5.67821
5.689871
5.701512
5.713599
5.725564
5.736766
5.748317
5.759267
5.771457
5.78316
5.794472
5.806562
5.817717
5.828723
5.840055
5.851149
5.862187
5.873702
5.885456
5.89626
5.913297
5.926102
5.93789
5.94987
5.960573
5.972693
5.983691
5.994379
6.005586
6.017509
6.028143
6.040013
6.051499
6.062438
6.073993
6.086119
6.09739
6.109
6.120983
6.13266
6.143623
6.155036
6.166949
6.178324
6.189709
6.201348
6.212823
6.223998
6.235399
6.247397
6.259127
6.270617
6.282844
6.294168
6.306561
6.317662
6.329867
6.341142
6.352805
6.364164
6.375309
6.386477
6.397738
6.409855
6.421885
6.433496
6.44428
6.455576
6.467505
6.479117
6.490679
6.502697
6.514681
6.525147
6.536287
6.547913
6.558414
6.569221
6.580111
6.590981
6.601926
6.622627
6.634909
6.646176
6.657458
6.668724
6.680827
6.69197
6.704229
6.716207
6.727531
6.74162
6.753263
6.764867
6.7765
6.788034
6.799159
6.81043
6.822268
6.833883
6.845252
6.856794
6.868916
6.881271
6.892811
6.904658
6.917066
6.928621
6.940613
6.952623
6.964138
6.975743
6.987889
6.999553
7.010579
7.022618
7.033757
7.044773
7.05708
7.068426
7.0801
7.091815
7.103583
7.11555
7.127017
7.13858
7.151031
7.162673
7.174754
7.186485
7.198402
7.209973
7.222391
7.234022
7.245232
7.256846
7.267919
7.279461
7.290966
7.302233
7.314056
7.33188
7.343712
7.357359
7.368509
7.380722
7.392163
7.403806
7.415745
7.42689
7.438711
7.4553
7.467593
7.4808
7.492524
7.504086
7.515303
7.52635
7.537311
7.548304
7.558978
7.570207
7.581777
7.592322
7.607991
7.620266
7.632066
7.643795
7.656119
7.667775
7.679094
7.691744
7.703086
7.714422
7.725539
7.73743
7.749202
7.760621
7.772914
7.784717
7.797266
7.809362
7.821341
7.833117
7.844838
7.856939
7.868567
7.880096
7.892099
7.903869
7.915641
7.927242
7.939056
7.951122
7.962904
7.973933
7.986019
7.997622
8.008928
8.020864
8.03298
8.044358
8.06117
8.072853
8.084618
8.096223
8.107893
8.119511
8.132379
8.144492
8.156039
8.167737
8.178717
8.190003
8.201324
8.21219
8.224233
8.235803
8.25056
8.262842
8.274732
8.286183
8.298545
8.309976
8.32179
8.33448
8.346767
8.358924
8.370708
8.382945
8.395649
8.407346
8.418849
8.430505
8.441829
8.453761
8.465879
8.477172
8.489225
8.501344
8.512934
8.525061
8.537123
8.549595
8.561427
8.573462
8.585363
8.597466
8.610036
8.622306
8.634213
8.645635
8.658182
8.671663
8.683728
8.695485
8.707733
8.719519
8.731781
8.75214
8.765434
8.777066
8.794358
8.806576
8.818856
8.831607
8.843485
8.855733
8.868212
8.880274
8.892381
8.904305
8.916278
8.927721
8.940354
8.951955
8.964015
8.976088
8.988024
9.000342
9.011717
9.024155
9.036874
9.048995
9.060615
9.072818
9.085047
9.096807
9.108523
9.120639
9.132883
9.144342
9.156515
9.168977
9.181779
9.193507
9.205717
9.217937
9.229867
9.241827
9.253886
9.266111
9.278217
9.28972
9.302974
9.315324
9.327313
9.34059
9.352547
9.365635
9.378139
9.389864
9.401866
9.413842
9.4264
9.438887
9.451077
9.462509
9.474472
9.486769
9.499842
9.514701
9.526423
9.544424
9.555958
9.568275
9.582571
9.594524
9.607068
9.619179
9.63116
9.643152
9.655146
9.667682
9.679854
9.691448
9.703561
9.715772
9.727163
9.739442
9.751473
9.762893
9.774276
9.785769
9.799128
9.810419
9.821652
9.832929
9.843954
9.859197
9.871188
9.883658
9.895536
9.907747
9.919413
9.931581
9.943859
9.955472
9.968315
9.980618
9.992769
10.00484
10.01713
10.02832
10.04072
10.05288
10.06942
10.08253
10.09398
10.10605
10.11762
10.12992
10.14326
10.15542
10.16752
10.17964
10.19167
10.20363
10.21664
10.22813
10.23972
10.25686
10.26913
10.2817
10.29317
10.30628
10.31862
10.33021
10.34255
10.35549
10.36806
10.3808
10.39311
10.40536
10.41845
10.43022
10.44291
10.456
10.46825
10.48092
10.49341
10.50588
10.51799
10.53024
10.54324
10.55607
10.56864
10.58124
10.59379
10.60682
10.61948
10.63213
10.64426
10.6567
10.66921
10.68137
10.6935
10.70642
10.71866
10.73043
10.74229
10.75466
10.76639
10.77809
10.79072
10.80257
10.81464
10.82736
10.83962
10.85178
10.86381
10.87507
10.88684
10.89875
10.91041
10.92253
10.93444
10.94629
10.95834
10.97012
10.98822
11.00091
11.01262
11.02497
11.03773
11.06213
11.07465
11.08659
11.09887
11.11026
11.12234
11.13442
11.14599
11.15837
11.17031
11.18345
11.19572
11.20756
11.21979
11.23246
11.24486
11.25705
11.26901
11.28205
11.29365
11.30547
11.31768
11.33064
11.34258
11.35505
11.36674
11.37857
11.39106
11.40422
11.41668
11.42823
11.43992
11.45314
11.46535
11.47699
11.48934
11.50092
11.51225
11.52386
11.53589
11.54708
11.55859
11.57047
11.58245
11.5943
11.60577
11.61799
11.62945
11.64116
11.65266
11.66465
11.67625
11.68813
11.70036
11.71185
11.72404
11.73565
11.74691
11.75822
11.76975
11.78135
11.79304
11.8045
11.81622
11.82796
11.83958
11.8518
11.86373
11.87555
11.88778
11.9021
11.91405
11.92546
11.94242
11.95458
11.96669
11.97837
11.99196
12.00414
12.02992
12.04204
12.05405
12.06749
12.07904
12.0909
12.10304
12.11898
12.13143
12.14449
12.15828
12.17171
12.18366
12.19619
12.20842
12.22062
12.23342
12.24581
12.25891
12.27178
12.28403
12.29789
12.30982
12.32219
12.3344
12.34718
12.35975
12.37177
12.38459
12.39701
12.40995
12.4222
12.43513
12.44818
12.4601
12.47278
12.48492
12.49718
12.50913
12.52147
12.53465
12.54816
12.56087
12.57365
12.58601
12.5991
12.61235
12.62488
12.63723
12.65013
12.66253
12.67544
12.68777
12.70636
12.71938
12.73251
12.74538
12.75825
12.77117
12.78452
12.79696
12.81021
12.82295
12.83679
12.8513
12.86377
12.87725
12.89087
12.90369
12.91688
12.9295
12.94176
12.95482
12.96737
12.98008
12.99268
13.00533
13.01857
13.03108
13.04327
13.05555
13.06874
13.08185
13.09393
13.10721
13.12009
13.13294
13.14569
13.158
13.17075
13.18358
13.19567
13.20839
13.22109
13.23366
13.24594
TARGET DESTROYED 
13.25851
13.28169
13.2963
13.30943
13.32243
13.33517
13.3486
13.36117
13.37452
13.396
13.41055
13.4284
13.44124
13.4545
13.46691
13.47974
13.49238
13.50539
13.51824
13.53175
13.54439
13.55719
13.56958
13.58281
13.59535
13.60828
13.62141
13.63423
13.64728
13.65974
13.67281
13.68576
13.69884
13.71199
13.72467
13.73736
13.75006
13.76249
13.77556
13.78857
13.80209
13.81518
13.82874
13.84204
13.85522
13.86817
13.88156
13.89403
13.90707
13.92089
13.93374
13.94658
13.95864
13.97163
13.98542
13.9981
14.01061
14.02278
14.03535
14.04846
14.06021
14.07221
14.0847
14.10109
14.11348
14.12615
14.13803
14.15115
14.16308
14.17573
14.19797
14.21079
14.22414
14.23768
14.25245
14.26537
14.27816
14.29143
14.30469
14.31747
14.33106
14.34352
14.3566
14.3704
14.38365
14.39653
14.40979
14.42315
14.43594
14.44892
14.46211
14.47482
14.48774
14.50062
14.51394
14.52649
14.53911
14.5524
14.56573
14.5785
14.59158
14.60449
TARGET DESTROYED 
14.61797
14.63681
14.64984
14.66201
14.67498
14.68709
14.70036
14.71179
14.72389
14.73575
14.74913
14.7608
14.7736
14.79254
14.80653
14.81871
14.83105
14.84261
14.85559
14.86774
14.87955
14.89163
14.90376
14.92102
14.93392
14.94533
14.95757
14.96949
14.98621
14.99894
15.01096
15.02335
15.03544
15.04774
15.0597
15.07148
15.08356
15.09633
15.10877
15.12115
15.13323
15.14499
15.15769
15.17076
15.18333
15.19545
15.208
15.22005
15.2324
15.24373
15.25592
15.26778
15.27957
15.29197
15.30555
15.3183
15.33074
15.34334
15.35655
15.36911
15.38319
15.39662
15.4102
15.4234
15.43679
15.44947
15.46254
15.47545
15.48853
15.50125
15.51446
15.52699
15.54046
15.55346
15.56687
15.57904
15.59233
15.60506
TARGET DESTROYED 
15.61821
15.63764
15.65182
15.66959
15.68307
15.69543
15.71145
15.72446
15.74413
15.7578
15.77067
15.78384
15.79774
15.81051
15.82356
15.83656
15.84938
15.86284
15.87597
15.88925
15.90145
15.91381
15.92692
15.93904
15.95101
15.96318
15.97531
15.98731
16.00372
16.01936
16.03436
16.0486
16.06333
16.07738
16.09194
16.11065
16.12665
16.14182
16.15671
16.1722
16.18756
16.20337
16.21905
16.2346
16.24935
16.26523
16.28074
16.29566
16.31099
16.32209
16.33294
16.34352
16.35441
16.36498
16.37689
16.38772
16.39921
16.40967
16.42585
16.43762
16.44905
16.45974
16.47116
16.48321
16.49457
16.5051
16.51617
16.52675
16.53824
16.54926
16.5606
16.57149
16.58287
16.59422
16.60546
16.61673
16.62818
16.63895
16.65027
16.66092
16.67255
16.68384
16.69598
16.70743
16.71897
16.73097
16.74255
16.75476
16.7667
16.77848
16.78993
16.80327
16.81613
16.82877
16.84119
16.85149
16.86186
16.87309
16.88476
16.8954
16.90668
16.91793
16.92999
16.94214
16.95473
16.98341
16.99513
17.0073
17.01897
17.03014
17.04107
17.05276
17.06405
17.07559
17.08714
17.09879
TARGET DESTROYED 
17.11027
17.12776
17.14376
17.15578
17.16789
17.17979
17.19132
17.2028
17.21574
17.22888
17.24264
17.25588
17.26904
17.28675
17.29931
17.31
17.32083
17.33141
17.34251
17.35339
17.36477
17.37583
17.38702
17.39854
17.40936
17.42093
17.4318
17.44269
17.45451
17.46542
17.47615
17.48777
17.49877
17.50978
17.52129
17.53234
17.54329
17.55445
17.56589
17.57729
17.5889
17.59988
17.61201
17.62366
17.63525
17.64651
17.65781
17.66986
17.68129
17.69231
17.70366
17.71547
17.72672
17.73859
17.75081
17.76262
17.77444
17.78694
17.79865
17.81018
17.82161
17.83391
17.8517
17.86328
17.87455
17.88624
17.8976
17.90866
17.9207
17.93246
17.94363
17.95525
17.96671
17.97892
17.99018
18.00156
18.01235
18.02372
18.03477
18.04599
18.05727
18.06838
18.08003
18.09076
18.10521
18.1159
18.12676
18.13765
18.14853
18.15977
18.1704
18.18092
18.1955
18.20677
18.21896
18.23058
18.24183
18.2541
18.26578
18.27755
18.2888
18.30033
18.31175
18.3234
18.33504
18.34711
18.35868
18.37078
18.38186
18.39311
18.40417
18.41537
18.42648
18.43711
18.44834
18.45961
18.47077
18.48187
18.4928
18.50411
18.51547
18.52654
18.5374
18.54886
18.56487
18.57555
18.58652
18.59703
18.60746
18.61906
18.62985
18.64077
18.65234
18.66335
18.67391
18.68517
18.69633
18.70703
18.71791
18.72907
18.73982
18.75075
18.76166
18.77271
18.78367
18.79473
TARGET DESTROYED 
18.80602
18.82253
18.83429
18.84583
18.86423
18.87701
18.8881
18.89897
18.90965
18.92086
18.93224
18.94279
18.95434
18.96517
18.98155
18.99276
19.0044
19.0172
19.02949
19.0413
19.05343
19.06649
19.0789
19.09141
19.10387
19.11589
19.12852
19.14068
19.15279
19.16592
19.17798
19.19057
19.20322
19.21544
19.22734
19.2395
19.25132
19.26357
19.2807
19.29372
19.30561
19.31746
19.32933
19.34199
19.35428
19.36622
19.37779
19.39005
19.40292
19.41527
19.42737
19.4396
19.45144
19.46406
19.47584
19.48788
19.50034
19.51194
19.52442
19.5366
19.54959
19.5627
19.5752
19.58788
19.60086
19.61551
19.62841
19.64019
19.65185
19.66744
19.67895
19.69076
19.7031
19.71477
19.72672
19.73877
19.75193
19.76456
19.77641
19.78898
19.80347
19.81931
19.83109
19.8428
19.85548
19.8676
19.87875
19.89025
19.90304
19.91574
19.92745
19.93875
19.95067
19.96223
19.97385
19.98552
19.99684
20.00789
20.01915
20.03572
20.04754
20.059
20.07031
20.08543
20.09715
20.10935
20.12175
20.13361
20.14599
20.15823
20.16976
20.18117
20.19268
20.20478
20.21655
20.22814
20.24016
20.25207
20.26448
20.2763
20.28763
20.29982
20.31247
20.32466
20.33716
20.34932
20.36137
20.37394
20.38583
20.39798
20.41106
20.4234
20.43636
20.44802
20.45994
20.47205
20.48401
20.49623
20.50901
20.5208
20.5328
20.54473
20.55662
20.56942
20.58212
20.59372
20.60569
20.61767
20.62912
20.64109
20.653
20.66544
20.68228
20.69817
20.71534
20.72682
20.73896
20.75058
20.76768
20.78119
20.79253
20.80502
20.81655
20.82742
TARGET DESTROYED 
20.83916
20.85625
20.86862
20.87977
20.89134
20.91228
20.92828
20.94316
20.95756
20.97173
20.98591
21.00086
21.01606
21.03024
21.04588
21.06107
21.07568
21.08999
21.1042
21.11884
21.13346
21.14877
21.16368
21.17861
21.19312
21.20804
21.22172
21.23586
21.25061
21.26477
21.27882
21.29329
21.30783
21.32232
21.33621
21.35171
21.36703
21.3825
21.3967
21.41135
21.42635
21.44083
21.45615
21.47073
21.48623
21.50135
21.51657
21.53114
21.54644
21.56159
21.58105
21.59488
21.60986
21.62513
21.63929
21.65685
21.67406
21.68678
21.6993
21.71194
21.72468
21.73759
21.75015
21.76282
21.77553
21.7884
21.79982
21.8107
21.82186
21.83281
21.8441
21.85502
21.86607
21.87757
21.88833
21.89982
21.91084
21.92268
21.93341
21.94425
21.95537
21.96672
21.97761
21.98882
22.00046
22.01127
22.02236
22.03356
22.04477
22.05607
22.06713
22.07842
22.08934
22.1042
22.11509
22.1263
22.13697
22.14783
22.15893
22.17056
22.18114
22.19196
22.20732
22.21901
22.23114
22.2422
22.25394
22.26568
22.27738
22.28888
22.30019
22.31222
22.32408
22.33522
22.35305
22.36463
22.37697
22.38844
22.40038
22.41211
22.42429
22.43587
22.44715
22.4611
22.4726
22.4844
22.49546
22.50697
22.51907
22.5307
22.54201
22.55373
22.56621
22.57763
22.58881
22.60077
22.61245
22.62449
22.63623
22.64823
22.65979
22.67101
22.68247
22.69413
22.7059
22.71746
22.72924
22.74071
22.75256
22.76414
22.77556
22.78775
22.8
22.8113
22.8229
22.83533
22.84712
22.85876
22.87088
22.88268
22.89428
22.90565
22.91701
22.9284
22.93967
22.95099
22.96289
22.97418
22.98611
22.9983
23.00959
23.02151
23.03317
23.04444
23.05585
23.07629
23.08802
23.10003
23.11681
23.1287
23.13977
23.15136
23.16277
23.17455
23.18586
23.19755
23.20922
23.22133
23.23339
23.24549
23.25697
23.26876
TARGET DESTROYED 
23.28101
23.30729
23.31943
23.33112
23.34292
23.35481
23.36595
23.37787
23.3894
23.40139
23.42242
23.43577
23.44801
23.45951
23.47101
23.48248
23.49397
23.50546
23.51747
23.52923
23.54202
23.55401
23.56564
23.5778
23.58904
23.60115
23.61398
23.62575
23.63756
23.64933
23.66111
23.6728
23.68445
23.69609
23.70855
23.72062
23.73278
23.74448
23.75587
23.76819
23.77971
23.79159
23.80348
23.8205
23.8337
23.84532
23.8568
23.86906
23.88615
23.89801
23.91121
23.92286
23.93488
23.94646
23.95813
23.97026
23.98601
23.9977
24.0092
24.02157
24.03358
24.04416
24.05552
24.06713
24.08302
24.09376
24.1048
24.11631
24.12785
24.13871
24.14987
24.16086
24.17234
24.18843
24.20123
24.21247
24.22454
24.2357
24.24712
24.25832
24.27019
24.28155
24.29356
24.30529
24.3174
24.32873
24.34038
24.35255
24.36424
24.37527
24.3873
24.39899
24.41106
24.4226
24.43476
24.44622
24.45986
24.47226
24.48458
24.49563
24.50733
24.52157
