0.02
0.04
0.14
0.1873539
0.1987215
0.2077765
0.2163659
0.2264359
0.2375379
0.2487281
0.2600845
0.2712965
0.2821322
0.2939426
0.3046189
0.3156692
0.3270355
0.3380281
0.3493877
0.3617402
0.3719876
0.3829795
0.3941348
0.4052159
0.4162964
0.4274677
0.4388514
0.4499915
0.4609444
0.4721596
0.4832324
0.4945108
0.5057132
0.5167498
0.5280539
0.5391225
0.5503811
0.5614667
0.5760664
0.5850889
0.5950071
0.6064732
0.6173035
0.6285604
0.6396939
0.6507192
0.6621859
0.6734582
0.6844839
0.6956273
0.7072547
0.7179919
0.7290827
0.7403705
0.7513759
0.7627861
0.7738978
0.7849616
0.7959558
0.8074527
0.8185729
0.829452
0.8409399
0.8520213
0.8629183
0.8745628
0.8852853
0.9004842
0.9115654
0.9230962
0.9338945
0.9453329
0.9563371
0.9676964
0.9790024
0.9905077
1.001508
1.013441
1.024663
1.035599
1.04703
1.058156
1.06899
1.080739
1.091679
1.102883
1.127034
1.135898
1.145107
1.155007
1.164596
1.176394
1.18696
1.198249
1.209345
1.220561
1.231819
1.24308
1.254072
1.265449
1.276408
1.287366
1.298605
1.309983
1.320996
1.332197
1.343688
1.354636
1.365934
1.3769
1.38818
1.399136
1.410644
1.421498
1.432647
1.444142
1.455026
1.466298
1.477368
1.488502
1.499742
1.511258
1.522392
1.533202
1.544782
1.55573
1.566676
1.579824
1.589011
1.600301
1.611305
1.622514
1.633808
1.645127
1.656747
1.668089
1.679662
1.697625
1.707809
1.717388
1.727558
1.742408
1.752011
1.76238
1.771938
1.782422
1.792394
1.802627
1.812366
1.823987
1.834782
1.846044
1.858071
1.868366
1.879714
1.890931
1.901858
1.913219
1.924387
1.935639
1.946451
1.958031
1.968827
1.979944
1.991346
2.002327
2.013904
2.025009
2.035807
2.047137
2.058294
2.069429
2.080567
2.092019
2.102903
2.114523
2.126113
2.137523
2.155335
2.168241
2.178214
2.189193
2.199313
2.209218
2.218576
2.229115
2.238862
2.248478
2.259343
2.270603
2.281571
2.294688
2.305591
2.316953
2.327393
2.338822
2.350167
2.361654
2.371601
2.382165
2.39345
2.404619
2.415847
2.426874
2.438097
2.449154
2.467979
2.479436
2.489647
2.50016
2.51129
2.521399
2.532077
2.543222
2.553318
2.56422
2.574966
2.585848
2.59739
2.609303
2.619508
2.630588
2.64122
2.651376
2.66198
2.672845
2.683765
2.694849
2.706114
2.717121
2.728433
2.739724
2.751012
2.761987
2.773293
2.784593
2.795476
2.806846
2.817793
2.828914
2.840297
2.85131
2.862535
2.874378
2.885206
2.896689
2.908322
2.919453
2.93107
2.942942
2.954354
2.965262
2.977588
2.988243
2.999655
3.010968
3.022661
3.033748
3.045398
3.057031
3.067937
3.079459
3.091203
3.102751
3.113045
3.1283
3.13838
3.148605
3.158848
3.168938
3.179187
3.189286
3.200739
3.211468
3.22292
3.233951
3.245941
3.256423
3.267408
3.279204
3.290266
3.301885
3.312548
3.323518
3.334625
3.34698
3.358244
3.368986
3.390872
3.401685
3.412838
3.423414
3.434001
3.444889
3.455262
3.466044
3.476873
3.48785
3.499169
3.510603
3.521699
3.532559
3.543862
3.555044
3.566426
3.577331
3.58852
3.59971
3.611113
3.622958
3.633416
3.644296
3.658925
3.669219
3.680034
3.690974
3.701189
3.711881
3.723007
3.733618
3.745288
3.755965
3.767217
3.778422
3.789792
3.800636
3.811991
3.827624
3.838552
3.849085
3.860459
3.870291
3.881188
3.892125
3.902066
3.913281
3.925092
3.936436
3.948079
3.959866
3.971053
3.981715
3.993076
4.004335
4.015669
4.026646
4.037869
4.049562
4.06457
4.075662
4.086505
4.098277
4.110053
4.121105
4.131959
4.142611
4.153633
4.164858
4.175916
4.186851
4.198091
4.20986
4.221403
4.232777
4.243507
4.255151
4.266135
4.277253
4.288277
4.299557
4.310776
4.32153
4.332358
4.344074
4.355689
4.367266
4.378855
4.390453
4.40159
4.412122
4.423397
4.435257
4.447267
4.458121
4.469484
4.48068
4.491191
4.502192
4.51333
4.524259
4.540067
4.551159
4.562973
4.574019
4.584916
4.596139
4.607133
4.618519
4.630022
4.640862
4.651564
4.662335
4.672873
4.683443
4.69485
4.705616
4.71661
4.728536
4.738906
4.750134
4.761557
4.772394
4.783625
4.795088
4.80623
4.817214
4.828928
4.83971
4.850722
4.862513
4.873125
4.884112
4.895756
4.906575
4.917628
4.929086
4.94006
4.951221
4.963186
4.9742
4.985564
4.997424
5.008544
5.019227
5.029822
5.041053
5.051853
5.063108
5.075312
5.08642
5.098176
5.10959
5.121206
5.132623
5.144469
5.155839
5.167758
5.178937
5.191301
5.202374
5.214889
5.226264
5.24261
5.253394
5.264953
5.27682
5.288239
5.299636
5.311202
5.322238
5.333347
5.345355
5.356094
5.36714
5.37864
5.389186
5.400298
5.411873
5.422182
5.433763
5.445387
5.455925
5.466862
5.478141
5.489039
5.499811
5.51107
5.521142
5.532275
5.543686
5.554807
5.566083
5.577561
5.588027
5.59965
5.611551
5.622627
5.633498
5.644705
5.65615
5.667057
5.678628
5.690243
5.701366
5.716511
5.728179
5.739473
5.751312
5.762492
5.773747
5.785414
5.796387
5.808733
5.820636
5.832021
5.842839
5.853962
5.864809
5.87602
5.88793
5.898789
5.909984
5.921038
5.932299
5.947878
5.959801
5.971955
5.983544
5.994461
6.005817
6.016942
6.028156
6.040001
6.051414
6.062776
6.074807
6.086122
6.097622
6.109172
6.120607
6.131376
6.143101
6.154349
6.165708
6.176754
6.188082
6.199389
6.211201
6.225086
6.236282
6.247913
6.259033
6.27009
6.281547
6.292323
6.303208
6.314417
6.325814
6.336666
6.348835
6.360054
6.369928
6.381713
6.392633
6.40336
6.414528
6.425715
6.43672
6.448019
6.459358
6.470846
6.481684
6.49347
6.505066
6.517221
6.529167
6.540609
6.552214
6.564206
6.575884
6.587664
6.599291
6.61073
6.6225
6.633785
6.645545
6.662029
6.674148
6.686056
6.696878
6.707562
6.719223
6.730788
6.742173
6.752842
6.763411
6.774699
6.785328
6.796515
6.807014
6.817716
6.828814
6.839242
6.85027
6.86125
6.872436
6.883687
6.894818
6.905881
6.917279
6.928232
6.939446
6.951013
6.963134
6.97506
6.986462
6.997832
7.009492
7.021085
7.03364
7.044898
7.057046
7.068508
7.079771
7.0917
7.103633
7.114811
7.126814
7.138455
7.14917
7.161126
7.172416
7.184119
7.196455
7.208312
7.220536
7.232271
7.244575
7.255153
7.265885
7.277177
7.288011
7.29917
7.310048
7.325404
7.337375
7.349557
7.365986
7.378101
7.389535
7.401348
7.412858
7.4245
7.43662
7.44838
7.460338
7.472266
7.483829
7.496317
7.50777
7.519284
7.531557
7.543725
7.555258
7.566405
7.578267
7.589382
7.600877
7.612997
7.623959
7.63604
7.64708
7.658728
7.669332
7.680831
7.692275
7.703183
7.71852
7.7295
7.740786
7.751507
7.761847
7.773013
7.784188
7.79585
7.807255
7.822073
7.834407
7.846684
7.858279
7.870171
7.881695
7.893353
7.906211
7.925853
7.938561
7.951497
7.963163
7.975648
7.987562
8.000436
8.012488
8.02476
8.0369
8.048927
8.06122
8.072747
8.085124
8.10214
8.114879
8.125849
8.136589
8.14772
8.158612
8.169513
8.180168
8.190992
8.20225
8.21384
8.225228
8.23773
8.252348
8.266935
8.280505
8.293356
8.304857
8.316489
8.328204
8.339712
8.353559
8.365391
8.377108
8.389684
8.401309
8.413817
8.425613
8.436761
8.448451
8.460218
8.475896
8.49142
8.503225
8.515416
8.526924
8.538445
8.550612
8.562518
8.57478
8.586974
8.598868
8.610945
8.622241
8.634673
8.646689
8.657406
8.668286
8.680287
8.691313
8.702271
8.714847
8.72713
8.738464
8.750702
8.76282
8.77386
8.785809
8.797539
8.808184
8.819337
8.835651
8.847262
8.858981
8.870405
8.881027
8.891208
8.901896
8.912733
8.924541
8.934908
8.945249
8.960017
8.972504
8.983891
8.996769
9.00947
9.02072
9.032861
9.044482
9.057433
9.07045
9.082183
9.09443
9.106816
9.120707
9.132185
9.144152
9.15542
9.166196
9.177526
9.189332
9.200481
9.212589
9.22326
9.235497
9.247965
9.261477
9.272907
9.285348
9.296777
9.308514
9.319877
9.331468
9.345476
9.358687
9.370126
9.382287
9.39394
9.405704
9.418018
9.430302
9.4418
9.454084
9.46567
9.477112
9.488616
9.50001
9.51207
9.524576
9.535739
9.551784
9.563568
9.575979
9.586925
9.597719
9.609369
9.620181
9.631448
9.642842
9.654278
9.665647
9.676531
9.687422
9.702292
9.713302
9.724232
9.736751
9.748759
9.760645
9.771969
9.783954
9.796264
9.808367
9.820337
9.832473
9.844456
9.856317
9.868578
9.880419
9.891266
9.902121
9.913172
9.924004
9.935139
9.946506
9.957606
9.969831
9.982242
9.994834
10.00646
10.0175
10.02897
10.04094
10.05178
10.06348
10.07523
10.0868
10.09884
10.11125
10.12356
10.13726
10.14912
10.16164
10.17265
10.18397
10.195
10.20549
10.21667
10.22792
10.2388
10.24974
10.26994
10.2822
10.29431
10.30655
10.31835
10.32984
10.34155
10.35386
10.36665
10.37928
10.39164
10.40337
10.41457
10.4266
10.43939
10.45166
10.46429
10.47599
10.48699
10.49786
10.50845
10.52106
10.5332
10.54488
10.55581
10.56697
10.57803
10.58848
10.59986
10.61055
10.62079
10.63253
10.64514
10.65605
10.6672
10.67841
10.68903
10.69994
10.71132
10.72611
10.74066
10.75097
10.76136
10.77177
10.78276
10.79379
10.80475
10.81565
10.82732
10.8455
10.858
10.86965
10.88149
10.8938
10.90525
10.91799
10.93402
10.94521
10.9562
10.96785
10.9802
10.99224
11.00403
11.0165
11.0289
11.04064
11.05201
11.06422
11.07583
11.09366
11.10634
11.11781
11.12962
11.14079
11.1528
11.1649
11.17715
11.18911
11.20097
11.21282
11.22496
11.23629
11.24844
11.26033
11.27241
11.28451
11.29568
11.30713
11.31826
11.32965
11.3412
11.35213
11.36387
11.3759
11.38822
11.3996
11.41136
11.42199
11.43397
11.44642
11.45882
11.47096
11.48335
11.49538
11.506
11.51695
11.53052
11.54319
11.55471
11.56653
11.57799
11.59051
11.6028
11.61437
11.625
11.63525
11.647
11.65871
11.66877
11.67905
11.69135
11.70617
11.7177
11.73021
11.74261
11.75429
11.7649
11.77619
11.78799
11.79984
11.81594
11.83962
11.85171
11.86402
11.87507
11.88596
11.89867
11.91065
11.92188
11.93389
11.9462
11.95656
11.96853
11.98005
11.99238
12.00418
12.01499
12.02691
12.03874
12.04915
12.06225
12.07513
12.08709
12.10006
TARGET DESTROYED 
12.11208
12.15176
12.16494
12.17749
12.19034
12.20242
12.21405
12.22638
12.23828
12.25064
12.26284
12.27487
12.28708
12.29915
12.31203
12.32372
12.33594
12.34914
12.36554
12.38234
12.39496
12.4077
12.41934
12.43025
12.4409
12.4526
12.46413
12.4765
12.48848
12.50095
12.51395
12.52617
12.53807
12.55592
12.56843
12.58028
12.59236
12.6049
12.61792
12.6304
12.64372
12.65575
12.66805
12.68076
12.69234
12.70407
12.71578
12.72846
12.74086
12.75304
12.76481
12.77718
12.7888
12.79911
12.81184
12.82401
12.83593
12.84833
12.86032
12.87218
12.88454
12.89657
12.90862
12.92084
12.9326
12.94537
12.95611
12.96815
12.98092
12.9935
13.00568
13.01767
13.0296
13.0421
13.05241
13.06362
13.07431
13.08477
13.0962
13.10682
13.11736
13.12776
13.13866
13.14998
13.16098
13.17248
13.18339
13.19468
13.20586
13.21707
13.22832
13.23942
13.25071
13.26604
13.27742
13.28806
13.29943
13.31031
13.3207
13.33149
13.34203
13.35271
13.36308
13.37361
13.38481
13.39573
13.40724
13.41822
13.42924
13.4406
13.45212
13.46391
13.47554
13.48706
13.49864
13.51032
13.52217
13.5343
13.54668
13.55903
13.57017
13.58196
13.5945
13.60523
13.61545
13.62625
13.63651
13.64759
13.65867
13.66917
13.67948
TARGET DESTROYED 
13.68969
13.70968
13.72229
13.73504
13.74593
13.7562
13.76727
13.77815
13.78801
13.80214
13.81356
13.82464
13.83534
13.84609
13.85741
13.8693
13.88041
13.89228
13.90543
13.91711
13.92968
13.94226
13.9546
13.97123
13.98345
13.99673
14.00908
14.02161
14.03468
14.0482
14.06236
14.0747
14.08728
14.09994
14.1121
14.12437
14.13725
14.14999
14.16309
14.17569
14.18829
14.20089
14.2128
14.22459
14.23684
14.24846
14.2606
14.27171
14.28343
14.2957
14.30691
14.31729
14.32869
14.33897
14.35022
14.36137
14.37144
14.38184
14.39255
14.40315
14.41392
14.42484
14.43531
14.44579
14.45702
14.46808
14.47937
14.49037
14.50171
14.5125
14.52427
14.53523
14.54613
14.55757
14.56851
14.57958
14.59123
14.6019
14.61329
14.62475
14.6359
14.64697
14.65788
14.6736
14.68396
14.69492
14.70495
14.71573
14.72707
14.73812
14.74946
14.76091
14.77213
14.78313
14.79463
14.8056
14.81684
14.82788
14.83907
14.85023
14.86142
14.87282
14.8838
14.89498
14.90604
TARGET DESTROYED 
14.91739
14.93252
14.94385
14.95479
14.96708
14.97898
14.98943
15.00049
15.01131
15.02137
15.03227
15.04426
15.06063
15.07107
15.08224
15.09387
15.10484
15.11574
15.127
15.13834
15.14932
15.16069
15.1716
15.18275
15.19409
15.20534
15.21693
15.22746
15.23878
15.24988
15.26156
15.27224
15.28328
15.29467
15.30604
15.31742
15.32836
15.3392
15.35035
15.36155
15.37664
15.38708
15.39808
15.40907
15.41945
15.4294
15.43992
15.45082
15.46187
15.47321
15.48442
15.49561
15.50714
15.51834
15.52893
15.54021
15.55131
15.56302
15.57493
15.58586
15.5974
15.60913
15.62059
15.63199
15.64379
15.65483
15.6661
15.67742
15.68861
15.69982
15.71076
15.72461
15.73536
15.74583
15.75594
15.76699
15.77851
15.78969
15.80163
15.81232
15.82408
15.83487
15.84606
15.85781
15.86854
15.88002
15.8922
15.90284
15.91315
15.92487
15.93569
15.94686
15.95825
15.96942
15.98038
15.99192
16.00255
16.0139
16.02547
16.03622
16.04756
16.06328
16.07439
16.08484
16.09631
16.1067
16.11684
16.12765
16.1376
16.14821
16.15866
16.16906
16.17957
16.19087
16.20127
16.21188
16.22309
16.23278
16.2442
16.25503
16.26626
16.27748
16.28872
16.30019
16.31152
16.32452
16.33578
16.34778
16.35957
16.37088
16.38209
16.39425
16.40593
16.41729
16.4288
16.43993
16.45145
16.46264
16.47381
16.48533
16.49671
16.50852
16.52018
16.53242
16.54341
16.55565
16.56832
16.58028
16.59336
16.60586
16.6172
16.62843
16.6394
16.65071
16.66232
16.67339
16.68477
16.69623
16.70715
16.71845
16.72947
16.74038
16.75159
16.76777
16.77942
16.79174
16.80281
16.81644
16.83007
16.84372
16.85697
16.87712
16.88918
16.90199
16.91456
16.9265
16.93677
16.94757
16.95893
16.97012
16.98119
16.99275
17.00416
17.01494
17.026
17.03776
TARGET DESTROYED 
17.04809
17.06429
17.07561
17.08676
17.09833
17.10896
17.11934
17.12971
17.14079
17.15338
17.16544
17.17686
17.18713
17.19751
17.20809
17.21849
17.22901
17.24103
17.25305
17.26541
17.27845
17.29019
17.30256
17.31485
17.32855
17.34158
17.35421
17.36644
17.37868
17.39044
17.40176
17.41494
17.42805
17.44144
17.45452
17.4686
17.48591
17.49848
17.51105
17.5221
17.53374
17.54533
17.55724
17.56938
17.581
17.59457
17.60717
17.6184
17.6292
17.64037
17.65125
17.66288
17.67388
17.6848
17.69593
17.70758
17.72201
17.73355
17.74484
17.7552
17.76621
17.77793
17.78791
17.79849
17.8102
17.8212
17.83162
17.84348
17.85465
17.86608
17.87793
17.89088
17.90309
17.91477
17.92668
17.93869
17.95059
17.96244
17.9739
17.98562
17.99771
18.01038
18.02154
18.03325
18.04509
18.05669
18.06818
18.08051
18.09266
18.10555
18.11797
18.13014
18.14207
18.15383
18.16524
18.17753
18.18895
18.20583
18.21862
18.23026
18.24225
18.25476
18.26601
18.27822
18.28961
18.30218
18.31397
18.32604
18.33947
18.35185
18.36321
18.37513
18.38645
18.39817
18.41036
18.42208
18.43326
18.44536
18.45674
18.46828
18.47983
18.49207
18.50302
18.51468
18.52688
18.53829
18.55059
18.56243
18.5745
18.58695
18.59864
18.61114
18.62366
18.63586
18.6486
18.66141
18.67305
18.68562
18.69836
18.71175
18.72413
18.7365
18.74906
18.76233
18.77525
18.78771
18.80049
18.81332
18.82577
18.83801
18.8507
18.86417
18.87675
18.89002
18.90254
18.91508
18.92772
18.94491
18.95786
18.97047
18.98275
TARGET DESTROYED 
18.99595
19.01734
19.03405
19.05012
19.06341
19.07624
19.08969
19.10222
19.11488
19.12791
19.14012
19.15285
19.16547
19.17892
19.19094
19.20314
19.21573
19.22849
19.24047
19.25296
19.26516
19.27836
19.29046
19.30309
19.31561
19.3283
19.34115
19.35521
19.36792
19.38116
19.39455
19.40631
19.41878
19.43113
19.44096
19.45201
19.46248
19.47266
19.48321
19.49468
19.5055
19.51673
19.52821
19.53926
19.55038
19.56135
19.57245
19.58382
19.59503
19.60611
19.61734
19.62843
19.63955
19.65108
19.66196
19.67408
19.68461
19.69879
19.71278
19.72317
19.73364
19.74393
19.75379
19.76436
19.77431
19.78493
19.79588
19.80789
19.81824
19.8298
19.84159
19.85197
19.86315
19.87486
19.88605
19.89675
19.90829
19.91977
19.93076
19.94212
19.95309
19.96473
19.97557
19.98665
19.99767
20.00948
20.02015
20.03138
20.04263
20.05372
20.065
20.07636
20.08757
20.09901
20.11022
20.12212
20.13301
20.14461
20.15678
20.16722
20.17871
20.19106
20.20128
20.21264
20.22441
20.23571
20.24682
20.25873
20.27018
20.28113
20.29272
20.30404
20.3149
20.32607
20.33712
20.34876
20.36526
20.37625
20.38602
20.39625
20.40639
20.41655
20.42764
20.43963
20.44997
20.46022
20.47006
20.48021
20.49033
20.50018
20.51084
20.52188
20.5332
20.54446
20.55562
20.56674
20.57786
20.5891
20.60033
20.61131
20.62265
20.63367
20.645
20.656
20.66765
20.67831
20.68952
20.70093
20.71226
20.72365
20.73421
20.7453
20.75714
20.76785
20.7796
20.79034
20.8013
20.81272
20.82445
20.83578
20.84736
20.85887
20.87015
20.88152
20.89299
20.90432
20.91584
20.92721
20.93848
20.94982
20.96134
20.97284
20.98401
20.99552
21.00706
21.01884
21.02954
21.04111
21.05186
21.063
21.07852
21.08908
21.09931
21.10963
21.11987
21.13002
21.14042
21.15023
21.1606
21.17211
21.18302
21.19415
21.20522
21.21651
21.22766
21.23903
21.24991
21.26114
21.27233
21.28344
21.29478
21.30588
21.31708
21.32817
21.33946
21.35046
21.3621
21.37614
21.38928
21.40218
21.41519
21.42757
21.44031
21.45266
21.46501
21.4779
21.49061
21.50329
21.51612
21.52854
21.54127
21.55367
21.56638
21.57934
21.5926
21.60477
21.61724
21.62971
21.64225
21.65382
21.66571
21.67921
21.6915
21.70297
21.71512
21.73068
21.74273
21.75491
21.76623
21.77757
21.78879
21.80061
21.81201
21.83238
21.84523
21.85762
21.86931
21.88142
21.8939
21.90546
21.91786
21.93
21.94222
21.95503
21.96775
21.98007
21.99267
22.00486
22.01801
22.03051
22.04245
22.05511
22.06742
22.08037
22.09337
22.10505
22.11752
22.12977
22.14184
22.15387
22.16625
22.17868
22.19106
22.20255
22.21454
22.22723
22.23914
22.25123
22.26349
22.27589
22.28776
22.29926
22.31119
22.32288
22.33474
22.34688
22.3588
22.37073
22.38346
22.3947
22.40531
22.41696
22.4281
22.47179
22.48522
22.49673
22.50787
22.51935
22.53031
22.54673
22.55942
22.57063
22.58169
22.5941
22.60473
22.61561
22.62716
22.63805
22.64899
22.66074
22.6711
22.69433
22.71218
22.7301
22.7466
22.76362
22.78477
22.79867
22.81062
22.82129
22.83281
22.84385
22.85456
22.86583
22.87707
22.8882
22.89991
22.91166
22.92391
22.93516
22.94638
22.95749
22.9689
22.97971
22.99135
23.00302
23.01485
23.02651
23.03737
23.0484
23.05974
23.07051
23.08142
23.09251
23.10408
23.11495
23.12641
23.13712
23.14809
23.15916
23.16964
23.18095
23.19185
23.20293
23.2148
23.22581
23.2363
23.24755
23.26391
23.27651
23.28742
23.29893
23.30999
23.32036
23.3318
23.34354
23.35501
23.36667
23.37778
23.3895
23.40103
23.4119
23.42335
23.43488
23.44586
23.45683
23.46861
23.47999
23.49106
23.50226
23.51431
23.52635
23.53789
23.54913
23.5608
23.57169
23.58305
23.5947
23.6054
23.6165
23.62737
23.63848
23.64949
23.66088
23.67182
23.68306
23.69444
23.70539
23.72019
23.7318
23.74314
23.75445
23.76583
23.77673
23.78761
23.79848
23.80986
23.82053
23.83203
23.8436
23.85432
23.86527
23.87678
23.88757
23.89859
23.9104
23.92089
23.93163
23.94364
23.95458
23.97076
23.98305
23.99413
24.00529
24.01709
24.02903
24.04099
24.05344
24.06521
24.07699
24.08833
24.09984
24.11197
24.12402
24.13584
24.1473
24.15859
24.17015
24.18197
24.19266
24.20405
24.2177
24.23028
24.24265
24.25532
24.2681
24.28095
24.29352
24.30646
24.31921
24.33137
24.34503
24.35744
24.37088
24.38377
24.39721
24.40975
24.42183
24.43388
24.44767
24.4608
24.47256
24.48528
24.49757
24.51128
24.5242
24.53661
24.54917
24.56249
24.57479
24.58758
24.59947
24.61256
24.6259
24.64265
24.65502
24.66748
24.68016
24.69363
24.71074
24.72275
24.7352
24.74825
24.76511
24.7825
24.79829
24.81464
24.83197
24.84801
24.86416
24.87859
24.89189
24.90471
24.91795
24.929
24.93969
24.95112
24.96204
24.97286
24.98505
24.99583
25.00673
25.01773
25.03008
25.04146
25.05229
25.06389
25.07533
25.08597
25.09748
25.10953
25.12025
25.13101
25.1421
25.15298
25.16375
25.17505
25.18571
25.19702
25.21102
25.22353
25.23641
25.24915
25.2622
25.27461
25.28729
25.29977
25.31341
25.32435
25.33619
25.34749
25.36054
25.37316
25.38438
25.39527
25.40778
25.42404
25.43606
25.44711
25.45986
25.47038
25.48158
25.49305
25.50382
25.51563
25.52646
25.53733
25.54866
25.55991
25.57087
25.58228
25.59324
25.60484
25.6164
25.62709
25.63792
25.6492
25.66036
25.67146
25.68239
25.69395
25.70486
25.71604
25.73061
25.74151
25.75228
25.76354
25.77453
25.78542
25.79591
25.80644
25.81704
25.82816
25.83888
25.84999
25.86133
25.87293
25.88346
25.895
25.90578
25.91734
25.929
25.94014
25.95153
25.96315
25.97533
25.9863
25.99788
26.00916
26.02073
26.03254
26.04372
26.05541
26.06636
26.0807
26.09337
26.10385
26.1143
26.1298
26.14068
26.15397
