0.02
0.04
0.14
0.1766439
0.19015
0.1994125
0.2102133
0.2218318
0.2327089
0.2438814
0.2551159
0.2667068
0.2778643
0.2889839
0.2999242
0.3108626
0.3226623
0.3334785
0.3446219
0.3560864
0.3671204
0.378324
0.3893506
0.4003705
0.4117641
0.4228507
0.4339847
0.4454213
0.4563812
0.467965
0.4786557
0.4903396
0.5014375
0.5121391
0.5233505
0.5345459
0.5456145
0.5567893
0.5680447
0.5826742
0.5923255
0.6020882
0.612828
0.6238151
0.6351837
0.646108
0.6575381
0.6687489
0.679762
0.6910664
0.7025174
0.7131132
0.7244706
0.7358597
0.7464972
0.7580005
0.7689601
0.7801965
0.7912244
0.8027598
0.8138742
0.8246917
0.8362819
0.8472931
0.8583794
0.8695959
0.880712
0.8956973
0.9066758
0.9182137
0.9289237
0.9400859
0.9513227
0.9625315
0.9739578
0.9860662
0.9964249
1.008266
1.019448
1.030335
1.041821
1.053625
1.064346
1.075779
1.08682
1.097902
1.109016
1.120401
1.131338
1.143167
1.153983
1.164843
1.176038
1.187441
1.198414
1.209457
1.220909
1.232084
1.243184
1.254746
1.265449
1.277118
1.288191
1.299009
1.310269
1.321499
1.332332
1.34352
1.354933
1.365876
1.377162
1.38853
1.399451
1.410724
1.421688
1.432898
1.443956
1.455542
1.466309
1.477934
1.489015
1.499688
1.511014
1.522237
1.5333
1.544824
1.555632
1.569827
1.579106
1.588712
1.599243
1.610368
1.621996
1.632859
1.644117
1.655754
1.666529
1.682662
1.692554
1.703312
1.712856
1.722855
1.732322
1.742382
1.753759
1.76494
1.780143
1.790362
1.800506
1.810688
1.820673
1.831772
1.842731
1.854519
1.865078
1.882284
1.894916
1.905546
1.915377
1.926075
1.935944
1.945456
1.95558
1.964818
1.975232
1.986953
1.99944
2.01114
2.022527
2.034621
2.045
2.05512
2.064863
2.075867
2.087688
2.098613
2.109293
2.120689
2.131591
2.143156
2.154211
2.165555
2.176463
2.18757
2.1988
2.209951
2.221399
2.232375
2.243384
2.254667
2.265538
2.276873
2.288336
2.299679
2.310993
2.322779
2.334026
2.345264
2.356658
2.368536
2.379555
2.391025
2.402489
2.414051
2.425078
2.436826
2.448208
2.459811
2.47155
2.482447
2.493289
2.50524
2.516671
2.527856
2.538959
2.550169
2.561069
2.572244
2.583305
2.594531
2.60564
2.616881
2.628065
2.639452
2.650323
2.661464
2.673024
2.683886
2.694987
2.706367
2.717444
2.728585
2.739773
2.751573
2.762488
2.773619
2.785067
2.796192
2.806799
2.818503
2.828972
2.840554
2.852289
2.86791
2.87819
2.888495
2.898974
2.909223
2.919486
2.929842
2.940127
2.950344
2.960936
2.971051
2.981072
2.992246
3.003726
3.014521
3.025887
3.037221
3.048074
3.059992
3.070645
3.081722
3.092638
3.104237
3.114904
3.12628
3.137359
3.148784
3.159793
3.17124
3.182071
3.193225
3.204508
3.215568
3.22667
3.237999
3.249216
3.260636
3.271877
3.28317
3.294686
3.306005
3.317334
3.329098
3.34016
3.351947
3.36325
3.374617
3.386178
3.397448
3.408555
3.420325
3.4313
3.442554
3.454221
3.465607
3.47809
3.488884
3.499364
3.510798
3.521988
3.533869
3.543851
3.555262
3.566329
3.577833
3.588708
3.599935
3.611013
3.622413
3.6336
3.644729
3.655926
3.667019
3.67828
3.689413
3.700584
3.71173
3.722609
3.734515
3.745315
3.756271
3.767458
3.778802
3.789653
3.801047
3.812025
3.823175
3.834875
3.84566
3.85677
3.867962
3.87912
3.890686
3.901481
3.912484
3.923878
3.935277
3.946012
3.957446
3.968832
3.983713
3.993957
4.004161
4.013941
4.024024
4.033952
4.04423
4.05522
4.066428
4.077491
4.088676
4.099782
4.111294
4.12217
4.133349
4.144454
4.155721
4.166963
4.178122
4.189323
4.200677
4.211435
4.222589
4.233768
4.245016
4.256299
4.267364
4.278633
4.289686
4.300779
4.311945
4.323303
4.334294
4.345557
4.356986
4.368113
4.379472
4.390894
4.40239
4.413439
4.424672
4.436317
4.447526
4.458721
4.470471
4.481547
4.492796
4.504228
4.515661
4.526634
4.538225
4.549458
4.560615
4.571712
4.582749
4.59391
4.605098
4.616664
4.627742
4.638939
4.64993
4.661128
4.672999
4.683797
4.694629
4.706185
4.7169
4.728227
4.739071
4.75049
4.761441
4.772635
4.783836
4.794918
4.806139
4.817554
4.828699
4.83961
4.850968
4.861956
4.873209
4.884398
4.895982
4.906631
4.917954
4.929615
4.940166
4.951438
4.974645
4.986046
4.997043
5.007692
5.018455
5.029374
5.04038
5.050891
5.062539
5.073699
5.084338
5.095034
5.11118
5.122312
5.133599
5.144675
5.155812
5.166741
5.177521
5.188604
5.199499
5.209918
5.221004
5.231738
5.242685
5.253371
5.263731
5.274389
5.28504
5.296093
5.307098
5.317536
5.328312
5.339109
5.349515
5.360399
5.371328
5.382153
5.393308
5.404733
5.415674
5.426775
5.438275
5.449131
5.460222
5.471369
5.48253
5.495049
5.506066
5.516373
5.527417
5.538692
5.550098
5.561163
5.572478
5.583434
5.594755
5.606332
5.617717
5.629292
5.640502
5.652422
5.663979
5.675088
5.68687
5.698077
5.709288
5.720891
5.731879
5.743108
5.75472
5.766095
5.777721
5.788769
5.800197
5.81155
5.822897
5.833804
5.845573
5.85626
5.867572
5.878732
5.88953
5.900966
5.912006
5.924358
5.934298
5.945497
5.95663
5.968128
5.978889
5.99012
6.001536
6.012466
6.023837
6.035112
6.045852
6.057087
6.068855
6.080758
6.091191
6.102191
6.113137
6.124078
6.135574
6.146472
6.157901
6.169173
6.180374
6.191305
6.204079
6.219855
6.230205
6.240565
6.250248
6.2611
6.271568
6.28143
6.291747
6.301706
6.311807
6.321934
6.331832
6.342612
6.354105
6.364866
6.376196
6.387501
6.398881
6.409584
6.420947
6.432011
6.443205
6.454937
6.465529
6.476692
6.488107
6.499318
6.510212
6.522055
6.532621
6.543787
6.555085
6.566234
6.577284
6.588345
6.599586
6.611073
6.622028
6.633091
6.644316
6.656045
6.666845
6.678331
6.689835
6.701255
6.713393
6.72403
6.736039
6.747063
6.758433
6.770165
6.781587
6.793295
6.80426
6.815581
6.826993
6.838472
6.849841
6.861249
6.873252
6.884262
6.895403
6.907084
6.918395
6.930815
6.94276
6.954795
6.965818
6.977379
6.988987
7.000066
7.011317
7.022712
7.034923
7.046461
7.05794
7.069623
7.080759
7.091881
7.103303
7.114472
7.125554
7.137273
7.148384
7.16025
7.17142
7.18214
7.193451
7.20452
7.215335
7.226233
7.237596
7.248228
7.25919
7.270203
7.281312
7.29222
7.303464
7.314481
7.325643
7.341781
7.353065
7.364766
7.376294
7.388019
7.399405
7.410761
7.42247
7.433401
7.444498
7.455916
7.46701
7.478361
7.490422
7.501643
7.515455
7.526624
7.537917
7.549121
7.560205
7.5713
7.5825
7.59348
7.604873
7.616265
7.627434
7.638427
7.649652
7.660583
7.672413
7.683028
7.694306
7.705429
7.716852
7.727903
7.738973
7.75004
7.761347
7.772449
7.783667
7.794751
7.806098
7.817145
7.828565
7.839573
7.850577
7.861593
7.872925
7.884395
7.89541
7.906375
7.917861
7.929061
7.940613
7.959795
7.970858
7.981693
7.992527
8.003456
8.01388
8.024593
8.035328
8.046249
8.057326
8.068601
8.07984
8.090815
8.101938
8.112866
8.123742
8.134966
8.146021
8.156922
8.167401
8.178205
8.189518
8.200387
8.211319
8.2217
8.231768
8.242053
8.253053
8.263938
8.275152
8.286945
8.297567
8.308553
8.320066
8.330907
8.342249
8.353552
8.364993
8.375703
8.38724
8.398397
8.409912
8.421472
8.43258
8.44432
8.455704
8.472324
8.483122
8.493939
8.504688
8.515089
8.528251
8.539902
8.551281
8.562713
8.574184
8.585629
8.597313
8.608872
8.620383
8.632678
8.643693
8.655085
8.665921
8.677649
8.688696
8.700281
8.712334
8.724096
8.735489
8.747366
8.758299
8.769607
8.780657
8.791923
8.803219
8.814205
8.825287
8.836505
8.847693
8.858701
8.869464
8.88079
8.891956
8.90332
8.914331
8.925579
8.936913
8.94798
8.959095
8.970391
8.98156
8.992646
9.003727
9.014698
9.026298
9.037793
9.048922
9.060513
9.071605
9.0832
9.095117
9.105537
9.115527
9.126045
9.136959
9.148248
9.159577
9.171332
9.182263
9.193254
9.204536
9.215842
9.227357
9.239047
9.249866
9.261132
9.272593
9.283742
9.29467
9.30589
9.316465
9.327467
9.339017
9.349849
9.360806
9.372756
9.383421
9.394298
9.405854
9.416813
9.427903
9.439217
9.450301
9.461479
9.473166
9.48417
9.495857
9.507623
9.518562
9.531158
9.541141
9.552482
9.563439
9.57497
9.590281
9.600242
9.610232
9.620391
9.630456
9.640526
9.651711
9.662882
9.674484
9.685678
9.696542
9.707531
9.718935
9.730016
9.740931
9.752438
9.763239
9.774531
9.786057
9.797582
9.808331
9.819597
9.830572
9.841624
9.852886
9.863963
9.875067
9.886571
9.897408
9.908688
9.920079
9.930923
9.941931
9.953535
9.96505
9.976106
9.987822
9.998919
10.01001
10.02166
10.03287
10.0443
10.05638
10.06806
10.08021
10.09237
10.10403
10.1157
10.12782
10.13944
10.15148
10.16307
10.17453
10.186
10.19741
10.20877
10.22067
10.23277
10.24475
10.25727
10.26896
10.2795
10.29105
10.30317
10.31439
10.3255
10.33679
10.34888
10.35979
10.37118
10.38223
10.39338
10.40464
10.41563
10.42687
10.43868
10.44953
10.46095
10.47273
10.48422
10.49608
10.50761
10.51895
10.53056
10.54345
10.55561
10.56668
10.57778
10.58903
10.60003
10.61151
10.62268
10.63384
10.64585
10.65736
10.66931
10.68136
10.70735
10.71888
10.73656
10.74845
10.76002
10.77213
10.78468
10.79719
10.80889
10.82038
10.83163
10.8441
10.85594
10.86672
10.87794
10.88973
10.90039
10.91184
10.92301
10.93455
10.94577
10.95711
10.96857
10.97983
10.99133
11.00229
11.01341
11.02442
11.03553
11.04638
11.05735
11.06849
11.08042
11.09241
11.10467
11.11634
11.12866
11.14065
11.15235
11.16358
11.17521
11.18621
11.19752
11.20928
11.22128
11.23241
11.245
11.25688
11.26943
11.2813
11.29278
11.30456
11.31646
11.32754
11.33912
11.34991
11.36138
11.37307
11.38469
11.39597
11.40713
11.41854
11.43082
11.44204
11.45373
11.46615
11.47633
11.48697
11.49709
11.50718
11.51718
11.52731
11.53805
11.54865
11.55906
11.57027
11.58138
11.59238
11.60378
11.61491
11.62647
11.63743
11.64839
11.65946
11.6709
11.68171
11.69319
11.70473
11.71544
11.72657
11.73792
11.74882
11.76004
11.77594
11.78631
11.7964
11.80768
11.81746
11.82782
11.83839
TARGET DESTROYED 
11.84975
11.87161
11.8838
11.8956
11.90749
11.9195
11.93189
11.94332
11.9552
11.96638
11.97792
11.99039
12.00243
12.02404
12.03694
12.04868
12.05879
12.07027
12.08188
12.09514
12.10641
12.11739
12.12887
12.13995
12.15128
12.16334
12.17447
12.18557
12.1969
12.20819
12.21966
12.23075
12.24238
12.25482
12.26583
12.27727
12.28835
12.299
12.30949
12.32112
12.33288
12.34368
12.35443
12.36497
12.37556
12.38685
12.39887
12.41111
12.42129
12.43093
12.44134
12.45296
12.46392
12.4753
12.48656
12.49728
12.50852
12.51977
12.53074
12.54187
12.55336
12.56521
12.57544
12.5866
12.59791
12.60921
12.62107
12.63294
12.64539
12.65614
12.6677
12.67912
12.69083
12.70224
12.71355
12.72449
12.73612
12.74656
12.75816
12.76939
12.78043
12.79184
12.80305
12.81441
12.82976
12.83997
12.84995
12.85989
12.86951
TARGET DESTROYED 
12.87972
12.89496
12.9051
12.91469
12.92476
12.93574
12.94723
12.96443
12.97561
12.98583
12.99528
13.00584
13.01568
13.02592
13.03589
13.04552
13.05609
13.06675
13.07811
13.08924
13.10079
13.11153
13.12296
13.13388
13.14513
13.15633
13.1676
13.17854
13.18979
13.20125
13.21313
13.22475
13.23614
13.24723
13.25952
13.27116
13.28264
13.29402
13.30606
13.31775
13.32973
13.34165
13.3533
13.36484
13.37681
13.38866
13.40046
13.41227
13.42444
13.43678
13.44822
13.45983
13.47222
13.49089
13.50296
13.51434
13.52614
13.5376
13.54712
13.55828
13.57072
13.58062
13.59209
13.60326
13.61424
13.62581
13.6368
13.64776
13.65899
13.67039
13.68136
13.69226
13.70395
13.71514
13.72621
13.73765
13.74829
13.7595
13.77092
13.78167
13.79288
13.80436
13.81528
13.82646
13.83805
13.84871
13.86005
13.87136
13.88254
13.89816
13.90825
13.91761
13.9281
13.93828
13.94926
13.96061
13.97168
13.9832
13.99465
14.00648
14.01783
14.0295
14.04111
14.05248
14.06325
14.07426
14.08567
14.09713
14.10794
14.11922
14.13054
14.1415
14.15287
14.16382
14.17517
TARGET DESTROYED 
14.18646
14.20278
14.22055
14.23249
14.24355
14.25463
14.26479
14.27553
14.28612
14.29661
14.3075
14.31801
14.32941
14.34042
14.35162
14.3633
14.37394
14.38504
14.39636
14.40724
14.41859
14.42978
14.4408
14.45225
14.46312
14.47426
14.48548
14.49676
14.50893
14.52005
14.53058
14.54121
14.55292
14.56476
14.57586
14.58664
14.59735
14.6084
14.61973
14.6307
14.64202
14.65303
14.66434
14.67581
14.6868
14.69776
14.70894
14.72065
14.73146
14.74323
14.75468
14.76619
14.77777
14.78947
14.80124
14.81264
14.82404
14.83637
14.84698
14.8587
14.87032
14.88119
14.8926
14.90397
14.91512
14.92626
14.9375
14.94841
14.95967
14.97107
14.98191
14.99859
15.00954
15.02089
15.03135
15.04165
15.05135
15.06139
15.07203
15.08225
15.0925
15.10338
15.11406
15.12391
15.13404
15.14445
15.15754
15.16994
15.1808
15.19082
15.20063
15.21144
15.22267
15.23392
15.24817
15.26259
15.27303
15.28331
15.29363
15.30414
15.31476
15.32493
15.33492
15.3457
15.35712
15.36793
15.37899
15.39024
15.40149
15.41269
15.42373
15.43501
15.4461
15.45731
15.46884
15.48004
15.49141
15.50283
15.51379
15.52504
15.5365
15.54741
15.55854
15.57
15.58093
15.59243
15.60331
15.6144
15.62595
15.63734
15.64851
15.66002
15.67158
15.68273
15.69396
15.70572
15.71672
15.7283
15.74013
15.75099
15.76226
15.7739
15.78573
15.79672
15.80772
15.81983
15.83195
15.84438
15.85552
15.86764
15.88034
15.89083
15.90133
15.91221
15.92284
15.93361
15.94436
15.95505
TARGET DESTROYED 
15.96543
15.98082
15.99217
16.0029
16.01348
16.02419
16.03519
16.04586
16.05638
16.06711
16.07768
16.08853
16.09886
16.12293
16.13484
16.14523
16.15771
16.17011
16.18238
16.19442
16.2068
16.21884
16.23094
16.24325
16.25601
16.26891
16.28144
16.29383
16.30608
16.31825
16.33022
16.34284
16.35524
16.36743
16.38011
16.39288
16.40545
16.41761
16.42995
16.4402
16.45167
16.46274
16.47364
16.48495
16.49607
16.5073
16.51883
16.53007
16.54065
16.55197
16.56325
16.57451
16.58553
16.59747
16.6078
16.61916
16.63026
16.64125
16.65287
16.66364
16.67553
16.68636
16.69759
16.70868
16.71973
16.73086
16.74198
16.75339
16.76431
16.77524
16.78683
16.79793
16.80897
16.82048
16.83148
16.84239
16.85373
16.86457
16.87599
16.88763
16.89815
16.91041
16.92145
16.93278
16.94442
16.95593
16.96747
16.97894
16.99032
17.00217
17.01385
17.02542
17.03652
17.0484
17.05937
17.07134
17.08183
17.09291
17.10473
17.11557
17.12698
17.13812
17.14885
17.15987
17.17141
17.18241
17.19342
17.20512
17.21568
17.22722
17.23841
17.24933
17.26453
17.27462
17.28423
17.2938
17.30404
17.3148
17.32527
17.33675
17.34772
17.35906
17.37033
17.38127
17.39228
17.40379
17.41463
17.42579
17.43731
17.4484
17.45936
17.47108
17.4816
17.49282
17.50435
17.51568
17.52632
17.53791
17.54869
17.55987
17.57135
17.58222
17.59332
17.60474
17.61576
17.62735
17.63836
17.64964
17.66109
TARGET DESTROYED 
17.67299
17.68771
17.69773
17.70715
17.71656
17.72782
17.73962
17.75001
17.76118
17.77235
17.78368
17.79498
17.80605
17.81707
17.82892
17.84697
17.85963
17.87057
17.88256
17.89373
17.90477
17.91573
17.92752
17.93883
17.94978
17.96119
17.97258
17.98387
17.99545
18.0067
18.01803
18.02951
18.04076
18.05178
18.06286
18.07449
18.08586
18.09832
18.11075
18.12255
18.13358
18.1454
18.15684
18.16786
18.17899
18.19019
18.20106
18.21252
18.2236
18.23463
18.24608
18.2574
18.26855
18.28007
18.2912
18.30295
18.31439
18.32567
18.33686
18.34855
18.35994
18.37631
18.38821
18.39909
18.41019
18.42153
18.43135
18.44169
18.45148
18.46224
18.47319
18.48422
18.49588
18.50685
18.51781
18.52906
18.54016
18.5514
18.56257
18.57349
18.58505
18.59605
18.60704
18.61938
18.62961
18.64072
18.65225
18.66325
18.6756
18.68571
18.69659
18.70762
18.71915
18.73014
18.7412
18.75261
18.76352
18.77529
18.78652
18.79695
18.80829
18.81983
18.83075
18.84168
18.85343
18.86395
18.87518
18.8866
18.8977
18.9087
18.92038
18.93182
18.94339
18.95522
18.96669
18.97822
18.99006
19.00179
19.01338
19.02445
19.03708
19.04782
19.05885
19.07053
19.08121
19.09256
19.10392
19.11496
19.12581
19.13799
19.14837
19.15939
19.17074
19.18188
19.19295
19.2042
19.21522
19.22644
19.2378
19.24905
19.25993
19.27159
19.28225
19.30178
19.31281
19.3234
19.33363
19.34431
TARGET DESTROYED 
19.35545
19.37093
19.38123
19.39155
19.40234
19.41942
19.43091
19.44114
19.45127
19.46148
19.47231
19.4826
19.49837
19.50905
19.51962
19.5296
19.54011
19.55056
19.56124
19.57202
19.58197
19.59201
19.60199
19.61268
19.62403
19.63506
19.64595
19.65733
19.66865
19.67951
19.69295
19.70303
19.71321
19.72411
19.73529
19.74662
19.75773
19.76913
19.77991
19.79122
19.80274
19.81348
19.82454
19.83633
19.84731
19.85829
19.87005
19.88066
19.89155
19.90325
19.91395
19.92568
19.93718
19.94856
19.95996
19.97159
19.98264
19.99433
20.00555
20.01697
20.02859
20.03998
20.05127
20.06283
20.07438
20.08606
20.09689
20.10863
20.12057
20.13111
20.14229
20.15376
20.1649
20.17644
20.18767
20.19834
20.20933
20.22137
20.23171
20.24283
20.25456
20.26512
20.27641
20.2881
20.29906
20.31023
20.32153
20.33286
20.34461
20.35629
20.36712
20.37788
20.38945
20.40015
20.41088
20.42201
20.43298
20.44427
20.45539
20.46633
20.4774
20.48916
20.50024
20.51185
20.5231
20.53376
20.54488
20.55583
20.56722
20.57866
20.58973
20.60037
20.61177
20.62288
20.63471
20.64681
20.6586
20.6698
20.68158
20.69335
20.70487
20.71426
20.72891
20.74157
20.75438
20.76734
20.77716
20.78713
20.79682
20.80764
20.8195
20.83014
20.84109
20.85242
20.8635
20.87461
20.88629
20.89712
20.90849
20.91948
20.93051
20.94161
20.95298
20.96394
20.97539
20.98677
20.99766
21.00874
21.02012
21.03096
21.04222
21.05367
21.06483
21.07581
21.08756
21.09803
21.10932
21.12082
21.13172
21.14269
21.15401
21.16501
21.17634
21.18764
21.19861
21.20967
21.22129
21.23262
21.24411
21.25556
21.26719
21.27855
21.29045
21.30196
21.31335
21.32479
21.33643
21.34789
21.35932
21.37072
21.38239
21.39326
21.4047
21.41576
21.42745
21.43828
21.44944
21.46035
21.47193
21.48264
21.49388
21.50518
21.51632
21.52747
21.53864
21.54982
21.56091
21.57215
21.58338
21.59448
21.60603
21.61735
21.62862
21.6406
21.65168
21.66289
21.6741
21.68527
21.69652
21.70802
21.71922
21.73017
21.74201
21.75267
21.764
21.77569
21.78664
21.79748
21.80872
21.81913
21.83036
21.84184
21.85278
21.8641
21.87585
21.88719
21.89808
21.90887
21.91952
21.93082
21.94215
21.95276
21.96913
21.98015
21.99162
22.00308
22.01396
22.02542
22.0368
22.04754
22.05866
22.07009
22.08099
22.092
22.10359
22.1146
22.126
22.13735
22.14853
22.15941
22.17081
22.18183
22.19271
22.20445
22.21513
22.22658
22.23784
22.24877
22.25964
22.271
22.28209
22.29307
22.30449
22.31581
22.32702
22.338
22.34901
22.36033
22.37171
22.38341
22.39451
22.40584
22.4174
22.4287
22.44024
TARGET DESTROYED 
22.45172
22.47728
22.48907
22.49998
22.51069
22.52139
22.53202
22.54284
22.56268
22.5746
22.58524
22.59579
22.60669
22.61773
22.62921
22.64
22.65177
22.66314
22.67467
22.68553
22.69655
22.70786
22.71895
22.72986
22.74098
22.75163
22.76263
22.77478
22.78544
22.79627
22.80803
22.81927
22.83027
22.842
22.85317
22.86398
22.87481
22.88652
22.897
22.90828
22.91939
22.9306
22.94163
22.95268
22.96388
22.97475
22.98621
22.99728
23.00849
23.02021
23.03115
23.04214
23.05328
23.06426
23.07545
23.08717
23.10301
23.11319
23.124
23.13465
23.1449
23.15633
23.16798
23.17871
23.18981
23.20195
23.21223
23.22304
23.23455
23.24552
23.2573
23.26819
23.27931
23.2901
23.30149
23.31256
23.32418
23.33515
23.34625
23.35744
23.3686
23.37981
23.39058
23.40219
23.41331
23.42431
23.43593
23.44678
23.45811
23.46945
23.48061
23.492
23.50321
23.51421
23.52587
23.53979
23.55069
23.56121
23.57134
23.58211
23.59355
23.60781
