0.02
0.04
0.14
0.1801326
0.1925967
0.2036766
0.2148588
0.2242031
0.2343103
0.2435654
0.2529611
0.2640829
0.2755856
0.2865429
0.299562
0.3089606
0.3200603
0.3310767
0.3426255
0.3534388
0.3667803
0.3777521
0.3887286
0.3997636
0.4095307
0.4205615
0.4318008
0.4429964
0.4541247
0.4651427
0.4768311
0.4878009
0.4985074
0.5099879
0.5209737
0.5322258
0.5436374
0.554688
0.5658763
0.5823854
0.5917791
0.6008931
0.6107369
0.6215014
0.6326473
0.644048
0.6550357
0.6661223
0.6776009
0.6885123
0.6996772
0.7109633
0.7219456
0.7334647
0.7444425
0.7554746
0.7669278
0.7782136
0.7890866
0.8002778
0.8116611
0.8224946
0.8344724
0.8451179
0.8560624
0.8672815
0.8784964
0.8934105
0.9039488
0.9153026
0.9270315
0.9375259
0.9487815
0.9602708
0.9714132
0.9828154
0.9942819
1.005698
1.016539
1.028018
1.039429
1.050776
1.061979
1.073303
1.084619
1.095877
1.107327
1.117916
1.129913
1.140293
1.151433
1.166212
1.175526
1.184334
1.194505
1.205411
1.216862
1.227869
1.239339
1.250133
1.26147
1.27244
1.283956
1.294864
1.305963
1.317227
1.328403
1.33963
1.350689
1.361906
1.372991
1.384616
1.395593
1.40645
1.417836
1.428939
1.44013
1.451852
1.46259
1.473513
1.48475
1.495911
1.507056
1.518508
1.530244
1.541334
1.552336
1.563595
1.574798
1.589776
1.599342
1.608819
1.618689
1.63007
1.640962
1.652096
1.663431
1.674745
1.685939
1.696891
1.715057
1.725179
1.740205
1.750558
1.761115
1.771886
1.7832
1.795049
1.805525
1.816778
1.828194
1.839158
1.850355
1.86136
1.872735
1.886388
1.896352
1.906172
1.917352
1.928527
1.939512
1.95093
1.962143
1.973085
1.984419
1.995322
2.006507
2.018569
2.029247
2.040174
2.051256
2.06255
2.073802
2.084863
2.095887
2.107182
2.11874
2.129637
2.140552
2.151728
2.162921
2.174054
2.185556
2.196465
2.207621
2.218973
2.230142
2.241804
2.252425
2.263808
2.276674
2.287011
2.298585
2.310633
2.322134
2.333328
2.345273
2.356479
2.36788
2.379911
2.391933
2.402495
2.41372
2.424799
2.436235
2.448009
2.464044
2.474765
2.485794
2.496333
2.506229
2.516728
2.527394
2.537976
2.547952
2.557995
2.568542
2.579999
2.590123
2.600519
2.610753
2.620898
2.632106
2.643624
2.654949
2.665622
2.677203
2.68917
2.700672
2.711464
2.722267
2.732961
2.744235
2.760846
2.773851
2.785085
2.79564
2.805665
2.81599
2.828826
2.839555
2.849881
2.861207
2.871989
2.882861
2.893384
2.903868
2.915229
2.925713
2.936239
2.946843
2.957452
2.969026
2.981656
2.991518
3.002074
3.012312
3.023278
3.034747
3.048779
3.058547
3.069615
3.080491
3.090529
3.101801
3.113362
3.123883
3.134569
3.146002
3.157098
3.173104
3.184412
3.195462
3.206747
3.218327
3.230667
3.241941
3.252392
3.262614
3.272795
3.28405
3.294417
3.304395
3.315236
3.326594
3.337565
3.349119
3.360496
3.370927
3.38227
3.393467
3.404468
3.415706
3.427404
3.439901
3.450789
3.461347
3.471671
3.483458
3.494045
3.505086
3.516198
3.527453
3.53854
3.550059
3.561142
3.572037
3.583804
3.59444
3.605768
3.62029
3.631383
3.642209
3.656718
3.667518
3.678142
3.688479
3.69875
3.709478
3.719613
3.730147
3.740927
3.751923
3.762313
3.772663
3.783708
3.795075
3.80601
3.817454
3.828843
3.839849
3.85078
3.862073
3.873234
3.889072
3.899704
3.911177
3.922347
3.932601
3.943275
3.953421
3.963803
3.973682
3.98489
3.99618
4.007295
4.018654
4.031572
4.042871
4.053349
4.063934
4.07523
4.086435
4.097355
4.109057
4.12047
4.131323
4.142412
4.15343
4.16438
4.175954
4.186772
4.198139
4.209661
4.220267
4.231443
4.242975
4.254159
4.265223
4.276694
4.287944
4.299205
4.310857
4.322001
4.333025
4.344649
4.355796
4.367237
4.378667
4.389858
4.401018
4.412544
4.423779
4.435067
4.446774
4.457829
4.468748
4.480378
4.491287
4.502321
4.514178
4.525636
4.536947
4.547432
4.558725
4.569904
4.581275
4.591848
4.603029
4.618442
4.629616
4.639421
4.650313
4.660285
4.674609
4.686418
4.697034
4.708256
4.719505
4.730928
4.743477
4.754296
4.765937
4.776996
4.787919
4.799083
4.810408
4.821671
4.834457
4.845273
4.855616
4.867003
4.877536
4.888377
4.899693
4.911108
4.921888
4.933575
4.944466
4.95554
4.966664
4.977989
4.989308
5.001118
5.011657
5.022598
5.033852
5.045701
5.05595
5.067266
5.078483
5.089484
5.100631
5.112164
5.122967
5.134157
5.145948
5.156664
5.167742
5.179019
5.190398
5.201788
5.212767
5.224557
5.236074
5.247522
5.258868
5.270313
5.28184
5.293608
5.305024
5.316601
5.332943
5.34498
5.355366
5.367034
5.377883
5.388584
5.399457
5.410151
5.420665
5.431424
5.4426
5.453834
5.464789
5.475482
5.486035
5.496818
5.507688
5.518029
5.529092
5.539213
5.549337
5.559961
5.570042
5.581686
5.592562
5.603323
5.617699
5.628054
5.638101
5.64824
5.659449
5.670393
5.681559
5.69272
5.704396
5.719406
5.730044
5.740688
5.751402
5.762032
5.772295
5.783946
5.794505
5.804795
5.816277
5.827436
5.83842
5.850037
5.861495
5.872821
5.884289
5.895521
5.906807
5.918219
5.929766
5.941457
5.952203
5.963555
5.97474
5.985723
5.996735
6.007914
6.019476
6.030467
6.047893
6.059133
6.07014
6.080705
6.091774
6.102878
6.11397
6.124156
6.135565
6.146538
6.157665
6.168633
6.179426
6.189874
6.200167
6.210032
6.220074
6.230434
6.240734
6.251579
6.262715
6.273971
6.287747
6.298738
6.309632
6.320193
6.33105
6.341432
6.352231
6.363358
6.374014
6.385169
6.396378
6.407879
6.41889
6.429854
6.442027
6.452761
6.463881
6.474551
6.486059
6.497077
6.508027
6.51937
6.530663
6.542222
6.553413
6.565226
6.576456
6.587889
6.599116
6.611289
6.621898
6.633311
6.644921
6.656194
6.667609
6.679041
6.690333
6.701639
6.713089
6.724641
6.735942
6.747337
6.764512
6.775222
6.786602
6.798605
6.810658
6.821275
6.83307
6.843507
6.854294
6.865855
6.876976
6.887741
6.898976
6.910411
6.921309
6.932393
6.943881
6.955204
6.966347
6.977303
6.98843
6.99953
7.010861
7.02213
7.033624
7.044877
7.055559
7.06847
7.079353
7.089644
7.10065
7.111459
7.122512
7.133561
7.14472
7.155931
7.167302
7.178669
7.189703
7.201019
7.211883
7.222891
7.234163
7.245762
7.25643
7.267808
7.279233
7.290826
7.302881
7.314124
7.325393
7.336638
7.348524
7.360249
7.371281
7.382824
7.394578
7.405532
7.416993
7.42868
7.440135
7.451497
7.462542
7.473505
7.489902
7.501901
7.513078
7.52422
7.536081
7.546772
7.557947
7.569501
7.580783
7.592511
7.602881
7.617478
7.628557
7.639345
7.650416
7.662002
7.672752
7.683902
7.694665
7.706687
7.717898
7.729078
7.740238
7.751185
7.761966
7.772952
7.784451
7.795371
7.80564
7.817354
7.828963
7.840026
7.851545
7.863398
7.874116
7.884639
7.895063
7.905552
7.916275
7.927113
7.937696
7.948961
7.960424
7.974961
7.985989
7.996609
8.007889
8.019039
8.030205
8.041199
8.052308
8.0633
8.076636
8.087693
8.098581
8.110358
8.121516
8.132573
8.14473
8.15519
8.166086
8.17749
8.187999
8.200443
8.211387
8.222274
8.233689
8.245132
8.255775
8.266825
8.277568
8.288804
8.299645
8.311464
8.321872
8.332803
8.343704
8.354604
8.365704
8.377834
8.388844
8.3999
8.411308
8.422331
8.433743
8.445417
8.45633
8.467346
8.478565
8.489603
8.50072
8.5121
8.523906
8.534933
8.545604
8.556744
8.568865
8.580256
8.591553
8.602949
8.614421
8.625864
8.636579
8.647617
8.65862
8.669413
8.680114
8.691374
8.702243
8.713625
8.724554
8.735849
8.747135
8.758554
8.769292
8.780661
8.792572
8.803528
8.81469
8.826106
8.837161
8.847786
8.858981
8.870304
8.881471
8.892845
8.903613
8.920609
8.932021
8.943884
8.954599
8.965823
8.977261
8.988104
8.999244
9.010905
9.021982
9.033581
9.044296
9.05508
9.066778
9.078918
9.090299
9.101583
9.112679
9.124025
9.13528
9.146282
9.158162
9.170049
9.182035
9.194284
9.206012
9.218032
9.230479
9.242504
9.255218
9.268018
9.279736
9.2918
9.30414
9.316116
9.328884
9.339355
9.350356
9.361628
9.372408
9.383876
9.394963
9.405472
9.416225
9.427585
9.438101
9.448645
9.46
9.470743
9.482092
9.49253
9.503441
9.513462
9.524043
9.535868
9.547226
9.5576
9.568604
9.5802
9.590945
9.602338
9.616946
9.628518
9.644904
9.656482
9.66797
9.678888
9.689865
9.701488
9.71269
9.725011
9.73666
9.747372
9.758479
9.770381
9.782369
9.793559
9.804801
9.816125
9.827534
9.839551
9.851073
9.862679
9.873702
9.884739
9.89643
9.908302
9.920445
9.932751
9.94462
9.955975
9.967506
9.978187
9.98931
10.00023
10.01174
10.02315
10.03453
10.04527
10.05556
10.06644
10.07728
10.08876
10.09989
10.11183
10.12208
10.13258
10.14319
10.15424
10.16515
10.17582
10.18639
10.19688
10.20757
10.21892
10.22951
10.2396
10.25085
10.26157
10.27233
10.28356
10.29499
10.30592
10.31718
10.32822
10.33945
10.35536
10.36652
10.37776
10.38813
10.39879
10.41011
10.42035
10.43091
10.44119
10.45181
10.46262
10.47404
10.48598
10.49661
10.50815
10.51954
10.5317
10.54254
10.55357
10.56462
10.57642
10.58757
10.59857
10.61013
10.6205
10.63189
10.6432
10.65415
10.66524
10.67663
10.68755
10.69877
10.71045
10.72094
10.73226
10.7439
10.75504
10.76689
10.7782
10.78949
10.80073
10.81192
10.82323
10.83482
10.84602
10.85737
10.86981
10.88039
10.89123
10.9029
10.91392
10.92515
10.93613
10.94763
10.9587
10.96974
10.98106
10.99218
11.00348
11.0144
11.02581
11.03678
11.04796
11.05971
11.07495
11.08566
11.09713
11.10773
11.11861
11.12899
11.14064
11.15104
11.16127
11.17101
11.1809
11.19129
11.20128
11.21157
11.22202
11.2331
11.24438
11.2553
11.26684
11.27782
11.28881
11.29999
11.31146
11.32253
11.33347
11.34487
11.35581
11.36681
11.37859
11.38999
11.40055
11.43498
11.44733
11.45852
11.46985
11.47998
11.48979
11.50112
11.51486
11.52484
11.53486
11.5457
11.55682
11.56811
11.57932
11.59091
11.60169
11.6169
11.62781
11.63796
11.6484
11.6588
11.66912
11.67969
11.69071
11.70246
11.71344
11.72433
11.73548
11.74691
11.7578
11.76919
11.78049
11.79134
11.80259
11.81361
11.82496
11.83639
11.84766
11.85862
11.86956
11.88547
11.89695
11.90794
11.91835
11.92909
11.94051
11.95142
11.96257
11.97324
11.98363
11.99441
12.00432
12.0154
12.02675
12.03706
12.04905
12.06109
12.07262
12.08396
12.09503
12.10653
12.11854
12.1291
12.14014
12.15102
12.1623
12.17333
12.18459
12.19565
12.20696
12.21808
12.22932
12.24054
12.25145
12.26261
12.27409
12.28532
12.29667
12.30805
12.31934
12.33084
12.34208
12.35336
12.36497
12.37671
12.38713
12.39898
12.41045
12.42119
12.43265
12.4443
12.45532
12.46659
12.47822
12.48881
12.50019
12.51128
12.52276
12.53391
12.5449
12.55589
12.56697
12.57846
12.58983
12.60574
12.61743
12.62797
12.63821
12.64922
12.65965
12.67012
12.68122
12.691
12.70206
12.71284
12.72281
12.73409
12.74459
12.75501
12.76549
12.77607
12.78643
12.7973
12.8079
12.81904
12.83087
12.84173
12.8526
12.8639
12.87507
12.88628
12.89722
12.90838
12.91968
12.93089
12.94209
12.95321
12.96429
12.97558
12.98659
12.99828
13.00946
13.02038
13.03152
13.04247
13.05369
13.06473
13.07692
13.08736
13.09886
13.11086
13.12252
13.13361
13.1453
13.15644
13.16805
13.17934
13.19065
13.20245
13.21374
13.22507
13.23646
13.24776
13.25979
13.27064
13.28216
13.29358
13.30438
13.32045
13.33225
13.34263
13.35298
13.36315
13.37339
13.38431
13.39507
13.40537
13.41586
13.4275
13.43809
13.44934
13.46154
13.47286
13.48456
13.49594
13.50732
13.51902
13.5315
13.54265
13.55313
13.564
13.57444
13.58565
13.59677
13.60698
13.61826
13.62947
13.64402
13.6557
13.66786
13.67938
13.69038
13.70171
13.71327
13.72423
13.73536
13.74623
13.7575
13.76939
13.78142
13.79235
13.80432
13.81577
13.82833
13.84141
13.85394
13.86766
13.88002
13.89357
13.90558
13.91775
13.93156
13.94461
13.95689
13.96977
13.98258
13.99546
14.00803
14.02082
14.03402
14.04702
14.06528
14.07846
14.09093
14.10372
14.11607
14.13126
14.14433
14.15671
14.16955
14.18197
14.19468
14.20692
14.21965
14.23312
14.24641
14.25868
14.27174
14.28421
14.29726
14.31023
14.32249
14.33554
14.34813
14.36093
14.37318
14.38557
14.3988
14.41197
14.42471
14.43838
14.45133
14.46537
14.47918
14.49101
14.50379
14.51615
14.52867
14.54185
14.55445
14.56701
14.57949
14.59243
14.60551
14.61854
14.63138
14.64408
14.65704
14.67007
14.68139
14.69253
14.70357
14.71529
14.72613
14.73737
14.7492
14.76045
14.77139
14.78265
14.79366
14.80488
14.817
14.83534
14.84796
14.8602
14.87223
14.88478
14.897
14.90908
14.92077
14.93333
14.94572
14.95705
14.9689
14.98111
14.99282
15.00443
15.01692
15.02924
15.0412
15.05377
15.06548
15.07765
15.08825
15.09941
15.11107
15.12201
15.13347
15.14606
15.15646
15.16786
15.17923
15.18983
15.20148
15.2121
15.22256
15.23334
15.24456
15.25489
15.26562
15.27757
15.2876
15.29875
15.31027
15.32124
15.33249
15.34373
15.35459
15.36586
15.37772
15.38851
15.3995
15.41102
15.42173
15.43284
15.44416
15.45518
TARGET DESTROYED 
15.46632
15.48609
15.50572
15.5182
15.52816
15.54315
15.55293
15.5632
15.57252
15.58316
15.59301
15.60253
15.61752
15.62809
15.63795
15.64791
15.65797
15.66796
15.67856
15.68984
15.70085
15.71222
15.7276
15.73745
15.74837
15.75831
15.76931
15.78125
15.79151
15.80181
15.81285
15.82376
15.83479
15.84606
15.85734
15.8684
15.87969
15.89097
15.90208
15.91316
15.92428
15.93545
15.94722
15.9578
15.96906
15.98013
15.99128
16.00308
16.01412
16.02533
16.03615
16.04738
16.05831
16.06968
16.0813
16.0934
16.105
16.11652
16.12827
16.13996
16.15232
16.16263
16.17409
16.18519
16.19633
16.20806
16.21908
16.23065
16.2486
16.26081
16.27197
16.28362
16.29416
16.30471
16.31576
16.32689
16.33758
16.34903
16.36044
16.37101
16.38219
16.39357
16.40453
16.41599
16.42755
16.43797
16.44997
16.46149
16.4719
16.48359
16.49471
16.50525
16.51632
16.52753
16.53865
16.54964
16.56119
16.57389
16.58686
16.59964
16.61249
16.6265
16.63935
16.65189
16.66429
16.67694
16.68993
16.70383
16.7164
TARGET DESTROYED 
16.72948
16.74875
16.76199
16.77482
16.78721
16.80015
16.81303
16.82469
16.8367
16.84857
16.86132
16.87382
16.88647
16.90645
16.92029
16.93316
16.9456
16.95757
16.97033
16.98791
17.00091
17.01334
17.02578
17.03847
17.05064
17.06372
17.07648
17.08905
17.10122
17.1132
17.12613
17.13828
17.15061
17.16421
17.1771
17.19009
17.20305
17.21576
17.22868
17.23954
17.24977
17.26056
17.27122
17.28178
17.29246
17.30275
17.31302
17.32331
17.33414
17.34496
17.35493
17.36557
17.3765
17.38763
17.39871
17.41028
17.42098
17.43233
17.44365
17.45563
17.46686
17.47736
17.4881
17.49951
17.51052
17.52196
17.53262
17.54395
17.55527
17.56614
17.57756
17.58864
17.59969
17.61114
17.62519
17.63561
17.64719
17.65709
17.66776
17.67869
17.69062
17.70202
17.7181
17.72905
17.73964
17.74992
17.75986
17.77002
17.78142
17.7919
17.80268
17.81412
17.82497
17.8363
17.84738
17.85858
17.86968
17.88108
17.89209
17.90338
17.91436
17.92583
17.93682
17.94794
17.95922
17.97091
17.98171
17.99273
18.004
TARGET DESTROYED 
18.01497
18.03015
18.04197
18.0524
18.06272
18.07278
18.08394
18.09382
18.10495
18.11604
18.12773
18.14479
18.15724
18.16904
18.18072
18.19166
18.20288
18.21407
18.22529
18.23629
18.24777
18.25881
18.27003
18.28146
18.29236
18.30344
18.31464
18.32673
18.33757
18.34811
18.35984
18.37041
18.38188
18.39304
18.40415
18.41967
18.43013
18.44048
18.45114
18.46136
18.47137
18.48211
18.4936
18.50455
18.51574
18.52705
18.53795
18.54933
18.56047
18.57133
18.58266
18.59429
18.60487
18.61609
18.62778
18.63835
18.64998
18.66163
18.67302
18.68475
18.6961
18.70758
18.71923
18.73035
18.74149
18.75304
18.76386
18.77484
18.78653
18.79749
18.80898
18.8204
18.83176
18.84335
18.85437
18.86564
18.87718
18.8884
18.89965
18.91142
18.92269
18.93351
18.94522
18.95612
18.96747
18.97863
18.98988
19.00093
19.01238
19.02309
19.0345
19.04566
19.05675
19.0681
19.07905
19.09046
19.10153
19.11267
19.12452
19.14004
19.15086
19.16156
19.17236
19.18449
19.19721
19.20809
19.21967
19.23062
19.24191
19.25289
19.2641
19.27533
19.28657
19.2977
19.30874
19.31986
19.33098
TARGET DESTROYED 
19.34238
19.35657
19.36818
19.37912
19.39599
19.40757
19.41815
19.42807
19.43797
19.4476
19.45769
19.46777
19.47799
19.48756
19.49862
19.51014
19.52109
19.53276
19.54376
19.55439
19.5657
19.57694
19.58798
19.59929
19.61337
19.62351
19.63481
19.64481
19.65493
19.66612
19.67748
19.6887
19.69975
19.711
19.7219
19.73331
19.74448
19.75542
19.76701
19.7779
19.78905
19.80017
19.81167
19.82243
19.83397
19.84901
19.86054
19.87143
19.88128
19.89187
19.90238
19.91363
19.92511
19.93665
19.94822
19.95935
19.97046
19.98179
19.99276
20.0041
20.01542
20.02759
20.03782
20.04856
20.06005
20.07161
20.08234
20.09363
20.10464
20.11561
20.12713
20.13842
20.14929
20.1608
20.17187
20.18311
20.19418
20.20536
20.21628
20.22776
20.23895
20.25006
20.26175
20.27279
20.28437
20.29552
20.30689
20.31833
20.32944
20.34081
20.35203
20.36346
20.37466
20.38608
20.39739
20.40821
20.41952
20.43069
20.45548
20.46635
20.47691
20.48678
20.49688
20.50718
20.51715
20.52728
20.53768
TARGET DESTROYED 
20.54843
20.56826
20.5801
20.58949
20.60032
20.61095
20.62131
20.63263
20.64994
20.66129
20.67145
20.68291
20.69403
20.70495
20.71598
20.72766
20.73836
20.74977
20.76093
20.77193
20.78363
20.79456
20.80545
20.81668
20.8281
20.83909
20.85028
20.86149
20.87259
20.88371
20.89491
20.90606
20.91703
20.92849
20.9397
20.95063
20.96197
20.97319
20.98443
20.99562
21.00644
21.01763
21.0288
21.04043
21.05115
21.06248
21.07345
21.08472
21.09611
21.10709
21.11807
21.12954
21.14045
21.15175
21.16348
21.17499
21.18667
21.19804
21.2097
21.2211
21.23298
21.24444
21.2565
21.26695
21.27925
21.29531
21.30531
21.31544
21.32531
21.335
21.34563
21.35535
21.36499
21.37681
21.38754
21.39864
21.41039
21.42115
21.4324
21.44364
21.45462
21.46565
21.47719
21.48819
21.49919
21.51063
21.52164
21.53276
21.54411
21.555
21.56647
21.57774
21.58851
21.5998
21.61122
21.62467
21.63426
21.64461
21.65555
21.66669
21.67838
21.68967
21.70077
21.71239
21.72629
21.7366
21.74677
21.75763
21.76923
21.78064
21.79197
21.80348
21.81454
21.82692
21.83722
21.84865
21.85999
21.87089
21.88236
21.89377
21.90446
21.91568
21.9271
21.93785
21.94903
21.96062
21.97138
21.98286
21.99402
22.00992
22.02145
22.03163
22.04136
22.05094
22.06063
22.07043
22.08063
22.09052
22.10165
22.11279
22.12382
22.13503
22.1462
22.15721
22.16891
22.17966
22.19078
22.2026
22.21325
22.2245
22.2357
22.24668
22.25788
22.26903
22.28032
22.29154
22.30249
22.31398
22.32491
22.33607
22.34717
22.35891
22.36966
22.38108
22.39239
22.40359
22.41501
22.42653
22.43769
22.44915
22.46067
22.47207
22.48367
22.49479
22.50604
22.51779
22.5296
22.54054
22.55176
22.5632
22.57464
22.58577
22.59738
22.60896
22.61998
22.63124
22.64287
22.65359
22.66495
22.67619
22.68684
22.69798
22.70976
22.7208
22.73611
22.74689
22.75724
22.76742
22.77812
22.78796
22.79781
22.8073
22.81728
22.82887
22.83934
22.85069
22.86197
22.87324
22.88411
22.89526
22.90654
22.91769
22.92892
22.94002
22.95119
22.96244
22.9735
22.98488
22.99581
23.00701
23.01827
23.02944
23.04047
23.05172
23.06277
23.07424
23.08607
23.09654
23.10735
23.11896
23.13024
23.14209
23.15287
23.16446
23.17578
23.18707
23.19834
23.2102
23.22107
23.23244
23.244
23.25516
23.26653
23.27819
23.28918
23.30102
23.31215
23.32316
23.33461
23.34601
23.35723
23.36823
23.37971
23.39067
23.40164
23.41298
23.42406
23.43549
23.44651
23.46174
23.47194
23.48209
23.4918
23.50136
23.5117
23.5228
23.53408
23.5452
23.55631
23.56752
23.57884
23.58974
23.60105
23.61526
23.62537
23.63585
23.64623
23.65676
23.66824
23.67925
23.6903
23.70155
23.71276
23.72376
23.73505
23.74623
23.75729
23.76874
23.78005
23.7909
23.80214
23.81336
23.82429
23.83558
23.84698
23.85804
23.86966
23.88097
23.89216
23.90347
23.91465
23.92636
23.9372
23.94852
23.96018
23.97158
23.98226
23.99358
24.00474
24.0157
24.02742
24.0385
24.04988
24.06123
24.07215
24.08332
24.0947
24.10574
24.11685
24.12823
24.13934
24.15058
24.16256
24.17826
24.18873
24.19913
24.21006
24.22025
24.23131
24.24193
24.25259
24.26368
24.27419
24.2843
24.29508
24.30551
24.3162
24.3266
24.33707
24.34796
24.35767
24.36881
24.38007
24.391
24.40275
24.41396
24.42467
24.43614
24.44714
24.45826
24.46983
24.48047
24.4918
24.50317
24.51446
24.52528
24.53709
24.54796
24.5596
24.57057
24.58157
24.59242
24.60324
24.6145
24.62656
24.63762
24.65036
24.66089
24.67179
24.68316
24.69485
24.7061
24.71758
24.7293
24.7402
24.7516
24.76352
24.77433
24.78621
24.79719
24.80884
24.82002
24.83148
24.84321
24.85386
24.86524
24.87723
24.8879
24.90306
24.9137
24.9234
24.93393
24.94425
24.95429
24.96451
24.97427
24.98509
24.99859
25.00989
25.02006
25.03015
25.04081
25.05195
25.06576
