0.02
0.04
0.14
0.1761175
0.1889662
0.1993714
0.2100699
0.2217304
0.2351065
0.2445994
0.2547046
0.2659863
0.2770141
0.2909167
0.3026902
0.3122254
0.3218754
0.3328744
0.3440759
0.3555667
0.366387
0.3777325
0.3887382
0.4000051
0.4151466
0.4247303
0.4338571
0.4458605
0.4560784
0.4672381
0.4780273
0.4894408
0.5004087
0.5116872
0.5227933
0.5341333
0.5451535
0.5563861
0.5674807
0.578669
0.589864
0.6012091
0.612022
0.6235238
0.6347374
0.6457617
0.6571043
0.668036
0.6791037
0.6904052
0.7015222
0.7126515
0.723937
0.7352238
0.7463004
0.7575323
0.7685121
0.7796211
0.7907501
0.8022377
0.81323
0.8243756
0.8357086
0.8466691
0.8580406
0.8692709
0.8801451
0.8964133
0.908752
0.9185255
0.9300673
0.9409496
0.9525552
0.9634307
0.9746726
0.9858727
0.9968868
1.008071
1.019684
1.030517
1.041674
1.053079
1.064259
1.075012
1.086617
1.097525
1.108855
1.119944
1.130876
1.141939
TARGET DESTROYED 
1.15375
1.169074
1.179173
1.189211
1.198736
1.208537
1.218046
1.228696
1.244574
1.254836
1.264661
1.274388
1.284086
1.295212
1.306384
1.317563
1.328729
1.339965
1.351418
1.362381
1.373619
1.384554
1.39574
1.407099
1.41815
1.429204
1.440435
1.451746
1.462698
1.473941
1.485653
1.496319
1.507443
1.518826
1.530146
1.540902
1.552359
1.563669
1.574729
1.585976
1.59679
1.608293
1.619844
1.631132
1.642326
1.654306
1.664963
1.676285
1.688149
1.699136
1.710299
1.721853
1.733186
1.744271
1.756148
1.76726
1.778417
1.789831
1.801093
1.812317
1.823495
1.834763
1.845876
1.856924
1.867962
1.879335
1.890432
1.901878
1.913175
1.923982
1.935352
1.946244
1.95731
1.968733
1.979843
1.991
2.002575
2.013385
2.024371
2.03596
2.05108
2.061054
2.071283
2.080616
2.090883
2.100546
2.111332
2.122869
2.13388
2.144811
2.156412
2.167405
2.17846
2.189843
2.200804
2.211799
2.223188
2.234385
2.245545
2.256761
2.267914
2.278995
TARGET DESTROYED 
2.290029
2.304389
2.315047
2.32697
2.33842
2.348082
2.358502
2.368337
2.37957
2.390658
2.402028
2.413111
2.424245
2.436191
2.447038
2.458234
2.470335
2.480829
2.492029
2.503289
2.514498
2.525678
2.537092
2.547889
2.559108
2.570314
2.581359
2.592532
2.603867
2.614978
2.626292
2.63747
2.648654
2.659754
2.671257
2.682022
2.693215
2.704497
2.715793
2.727063
2.738429
2.749565
2.76103
2.772253
2.784228
2.794669
2.806204
2.817451
2.82864
2.839836
2.855505
2.865313
2.875453
2.885455
2.895399
2.90587
2.915555
2.926961
2.938157
2.949573
2.959935
2.971642
2.982336
2.993751
3.005107
3.015969
3.026964
3.039068
3.049374
3.060615
3.071809
3.083006
3.094393
3.105356
3.116453
3.127664
3.138859
3.149907
3.161352
3.172231
3.183702
3.194695
3.212683
3.223578
3.233668
TARGET DESTROYED 
3.243863
3.258853
3.270737
3.282156
3.292993
3.304194
3.315256
3.326441
3.337685
3.348704
3.359851
3.371378
3.382268
3.393481
3.404674
3.416092
3.426999
3.438112
3.449407
3.460318
3.471837
3.482776
3.493867
3.505249
3.516422
3.527511
3.538733
3.549855
3.560882
3.572275
3.583244
3.594483
3.605969
3.616952
3.62829
3.6393
3.650571
3.668103
3.678591
3.6896
3.699912
3.711156
3.72326
3.733628
3.744374
3.755088
3.76596
3.776706
3.787525
3.798043
3.808955
3.820053
3.830719
3.841231
3.851799
3.863053
3.874307
3.885375
3.896615
3.908074
3.9189
3.930128
3.941807
3.952499
3.963399
3.974712
3.98595
3.99729
4.009042
4.020193
4.03122
4.04213
4.053725
4.065285
4.076284
4.08777
4.099126
4.110367
4.12192
4.133204
4.144452
4.156225
4.167873
4.178422
4.190106
4.201236
4.21284
4.223808
4.235246
4.246731
4.25798
4.269332
4.280556
4.291959
4.303176
4.314266
4.325512
4.336793
4.348021
4.358978
4.370596
4.381421
4.392487
4.40392
TARGET DESTROYED 
4.417044
4.436102
4.449479
4.461896
4.47455
4.487474
4.505051
4.518449
4.531868
4.54488
4.557363
4.569596
4.581878
4.594041
4.606901
4.61982
4.632313
4.64434
4.657566
4.671024
4.683188
4.695991
4.708524
4.721096
4.733861
4.746255
4.758831
4.771567
4.783663
4.796296
4.809079
4.822314
4.834704
4.847183
4.859552
4.872088
4.88477
4.897103
4.910668
4.923308
4.935607
4.948496
4.960603
4.972809
4.984998
4.997505
5.009921
5.02254
5.03586
5.048501
5.060454
5.073759
5.086241
5.098335
5.11103
5.123868
5.136487
5.148426
5.160547
5.173978
5.18647
5.199269
5.211473
5.223913
5.237399
5.249963
5.262527
5.273277
5.284306
5.294793
5.305624
5.316096
5.326618
5.337534
5.348206
5.359154
5.370619
5.381655
5.398099
5.409415
5.42061
5.43096
5.442028
5.452544
5.463763
5.474784
5.485266
5.496244
5.507113
5.517675
5.528464
5.539188
5.549891
5.560806
5.572035
5.582796
5.593811
5.605171
5.6161
5.627276
5.638566
5.649746
5.66134
5.672183
5.683291
5.694579
5.70677
5.717537
5.729581
5.74042
5.750936
5.762714
5.773706
5.785368
5.79722
5.808291
5.819978
5.831279
5.842489
5.854107
5.865158
5.876356
5.888096
5.899136
5.911197
5.922111
5.933435
5.944725
5.957566
5.968233
5.9787
5.99047
6.000856
6.012165
6.023567
6.034407
6.04592
TARGET DESTROYED 
6.057369
6.074754
6.085991
6.096724
6.107687
6.119044
6.130096
6.141287
6.152551
6.163663
6.174975
6.186458
6.197482
6.215386
6.227794
6.238986
6.250059
6.261022
6.272139
6.282952
6.293799
6.304634
6.315909
6.32674
6.337706
6.348649
6.359689
6.370911
6.381656
6.393066
6.404538
6.415557
6.426652
6.43812
6.448759
6.460098
6.471739
6.482562
6.49328
6.505107
6.516173
6.527645
6.539145
6.549722
6.561039
6.572401
6.583074
6.59402
6.605048
6.615901
6.626616
6.638116
6.648726
6.66107
6.672685
6.683492
6.694772
6.705857
6.716761
6.728678
6.74024
6.75104
6.762146
6.773417
6.784647
6.79626
6.807762
6.819848
6.8312
6.842735
6.854457
6.866776
6.878568
6.890298
6.901084
6.913102
6.924156
6.935016
6.946777
6.958878
6.970783
6.982108
6.993637
7.005061
7.016149
7.027489
7.043704
7.055486
7.067195
7.079546
7.091074
7.102379
7.11353
7.125021
7.135801
7.14701
7.158107
7.169138
7.180297
7.191901
7.202834
7.213753
7.225057
7.236956
7.247948
7.259198
7.271
7.282772
7.294037
7.305622
7.31668
7.328172
7.339568
7.35088
7.36211
7.373596
7.384637
7.396327
7.408281
7.420088
7.431526
TARGET DESTROYED 
7.443163
7.460371
7.471925
7.48346
7.495295
7.506714
7.517606
7.529507
7.540856
7.551894
7.563562
7.576162
7.587907
7.5999
7.612612
7.625104
7.636584
7.648419
7.660283
7.671894
7.683434
7.694797
7.706396
7.717403
7.729023
7.740566
7.752057
7.763324
7.774659
7.786037
7.797011
7.809522
7.821479
7.83243
7.843743
7.855617
7.866999
7.883391
7.895215
7.907228
7.917988
7.928865
7.940541
7.951613
7.961914
7.973458
7.984451
7.995414
8.006558
8.017701
8.029085
8.040138
8.051394
8.062704
8.074304
8.084952
8.096226
8.107144
8.118335
8.12938
8.140587
8.151912
8.162943
8.173972
8.18539
8.19674
8.207641
8.219336
8.230241
8.240951
8.252606
8.263353
8.274583
8.285844
8.296984
8.30811
8.319551
8.330409
8.341691
8.353082
8.364117
8.375824
8.387252
8.398627
8.410268
8.421701
8.433213
8.444897
8.456294
8.467721
8.47924
8.490704
8.502745
8.513678
8.525311
8.537013
8.547642
8.558876
8.570388
8.581087
8.592451
8.603848
8.614896
8.626187
8.637217
8.648135
8.659769
8.67089
8.681796
8.692974
8.710313
8.721369
8.734185
8.745459
8.75649
8.76666
8.777794
8.789071
8.800465
8.81144
8.822788
8.833725
8.844994
8.856549
8.867503
8.878408
8.889832
8.900717
8.9119
8.923256
8.93446
8.945357
8.956788
8.967909
8.979262
8.990159
9.001812
9.013351
9.02361
9.03483
9.046073
9.057267
9.068256
9.079695
9.091175
9.102565
9.113744
9.125263
9.136687
9.147779
9.15946
9.170932
9.182106
9.193776
9.205007
9.215993
9.227545
9.238996
9.25043
9.26168
9.273059
9.28474
9.295933
9.30712
9.318557
9.329495
9.340739
9.351995
9.363065
9.3747
9.385824
9.396486
9.408117
9.419087
9.42999
9.441287
9.452662
9.463526
9.475162
9.48626
9.497332
9.508256
9.519959
9.536751
9.547416
9.560432
9.571406
9.582102
9.593339
9.60513
9.615653
9.62709
9.638116
9.649081
9.660329
9.671729
9.687691
9.698695
9.710125
9.72189
9.732525
9.744858
9.756183
9.766707
9.77798
9.78906
9.800394
9.811163
9.822311
9.833468
9.844372
9.855646
9.866578
9.877723
9.889215
9.899727
9.911171
9.922796
9.934155
9.945115
9.956491
9.96718
9.978106
9.99024
10.00133
10.01189
10.02286
10.03407
10.04494
10.05582
10.06685
10.07801
10.08985
10.10056
10.11132
10.12302
10.13373
10.14475
10.15589
10.16656
10.17778
10.18906
10.19973
10.21102
10.22208
10.23289
10.24397
10.25538
10.26588
10.27694
10.28802
10.29847
10.30946
10.32019
10.33122
10.34216
10.35822
10.36901
10.37988
10.39096
10.40208
10.41289
10.4237
10.43418
10.44516
10.45622
10.46713
10.47807
10.48867
10.49961
10.51059
10.5217
10.53309
10.54427
10.55572
10.56649
10.57782
10.58947
10.6001
10.6111
10.62247
10.6337
10.6446
10.6559
10.66729
10.6783
10.68915
10.70072
10.71195
10.72297
10.73436
10.7457
10.75697
10.76853
10.77973
10.79108
10.80331
10.81424
10.82533
10.83669
10.84786
10.85911
10.87111
10.88203
10.89314
10.90492
10.91597
10.92685
10.93832
10.94917
10.9603
10.9715
10.98271
10.99495
11.00667
11.0172
11.02919
11.03995
11.05052
11.06099
11.07245
11.08359
11.09488
11.10619
11.11677
11.12784
11.13963
11.15072
11.16133
11.1778
11.1895
11.20735
11.21845
11.22933
11.24043
11.25198
11.26296
11.27417
11.28483
11.2956
11.30922
