0.02
0.04
0.14
0.1804996
0.1922291
0.2024774
0.2125336
0.2225099
0.2323419
0.2430826
0.2543271
0.2651169
0.2764387
0.2875522
0.2989381
0.3098809
0.3208123
0.332143
0.3436431
0.3546491
0.3655185
0.3768602
0.387906
0.3989483
0.4100417
0.4225026
0.4324878
0.4438715
0.4552304
0.4661226
0.477291
0.4891796
0.4998588
0.5107016
0.5220795
0.537563
0.5473102
0.5572275
0.5665898
0.5774598
0.5887729
0.5998948
0.6112476
0.6221302
0.6338295
0.6448038
0.6559077
0.6669905
0.6779689
0.6891264
0.7007985
0.711632
0.7228181
0.734134
0.7450583
0.7564994
0.7677168
0.7784538
0.7898024
0.8011646
0.8123901
0.8230673
0.8347515
0.8456893
0.8568214
0.8682234
0.8790418
0.8920827
0.9035013
0.9147326
0.9268153
0.9374925
0.9487828
0.960067
0.9717285
0.9833139
0.9943065
1.005986
1.018028
1.028448
1.039693
1.051234
1.062918
1.073727
1.085815
1.096294
1.108438
1.118789
1.129719
1.140919
1.152545
1.163106
1.174461
1.185881
1.197029
1.207911
1.219256
1.230364
1.24206
1.252713
1.263869
1.274872
1.286579
1.298224
1.308698
1.31976
1.331269
1.342208
1.353408
1.364143
1.375644
1.386794
1.398193
TARGET DESTROYED 
1.41537
1.426615
1.43718
1.448838
1.459905
1.471165
1.482877
1.493471
1.504613
1.515976
1.526963
1.538272
1.550089
1.568056
1.578371
1.588051
1.597582
1.607082
1.616555
1.627463
1.638582
1.654085
1.663755
1.673771
1.683411
1.69467
1.705721
1.717297
1.727959
1.73917
1.750605
1.761428
1.772902
1.784091
1.794839
1.806284
1.817551
1.828452
1.839572
1.85101
1.862241
1.873146
1.88451
1.895568
1.906544
1.918218
1.92903
1.940152
1.951702
1.962613
1.974602
1.985958
1.997876
2.008392
2.019958
2.031512
2.042577
2.054018
2.065607
2.077274
2.088884
2.100279
2.111248
2.122526
2.134293
2.145531
2.156878
2.168536
2.179696
2.190754
2.202451
2.213185
2.224591
2.235751
2.246883
2.257956
2.269082
2.280166
2.291334
2.302823
2.313766
2.324775
2.33667
2.347547
2.358416
2.370112
2.380733
2.391861
2.403929
2.414265
2.425422
2.436689
2.447825
2.459062
2.470304
2.481234
2.492601
2.503608
2.514871
2.526001
2.537247
2.548253
2.559555
2.570649
2.58182
2.592998
2.60413
2.615393
2.626678
2.637861
TARGET DESTROYED 
2.652439
2.66795
2.677815
2.688644
2.699795
2.711065
2.722008
2.733432
2.744477
2.755689
2.767197
2.782282
2.792324
2.803577
2.814463
2.824509
2.834384
2.844902
2.855961
2.867615
2.878361
2.889602
2.901278
2.911887
2.923079
2.934948
2.945429
2.956942
2.967994
2.97891
2.990034
3.001658
3.012345
3.023484
3.034798
3.046001
3.05707
3.068485
3.079505
3.090687
3.102074
3.113616
3.12468
3.136317
3.147737
3.159394
3.170686
3.182107
3.193428
3.205173
3.216689
3.227681
3.239195
3.251055
3.262452
3.273929
3.285285
3.297037
3.307656
3.319198
3.330132
3.341465
3.352799
3.363815
3.374802
3.386256
3.397105
3.408554
3.419652
3.431324
3.441852
3.453053
3.465248
3.475671
3.486728
3.497816
3.508945
3.520041
3.531235
3.542466
3.553668
3.564759
3.576152
3.587432
3.598167
3.609547
3.620655
3.631912
3.643063
3.654096
3.665288
3.676409
3.687522
3.698859
3.709802
3.721094
3.73228
3.743616
3.754632
3.766697
3.776989
3.788158
3.799187
3.810964
3.821482
3.832896
3.843966
3.855177
3.866333
3.877516
3.888511
3.900428
3.915778
3.926125
3.936193
3.945953
3.956059
3.96574
3.976134
3.986475
3.996156
4.006805
4.018147
4.02937
4.041454
4.052268
4.063056
4.074133
TARGET DESTROYED 
4.090419
4.101818
4.112529
4.124323
4.134829
4.145444
4.156119
4.165517
4.175913
4.18607
4.196897
4.208587
4.226134
4.236838
4.246444
4.257126
4.266828
4.276993
4.287399
4.297163
4.30814
4.319678
4.330493
4.342141
4.353097
4.364339
4.375193
4.386557
4.397534
4.40861
4.420016
4.431191
4.443079
4.453278
4.46455
4.475699
4.486969
4.498022
4.509262
4.520587
4.531408
4.542731
4.553851
4.565174
4.5769
4.587363
4.607581
4.61716
4.627077
4.637362
4.64688
4.657107
4.667203
4.677231
4.687814
4.698946
4.710379
4.721544
4.733125
4.743695
4.754859
4.766196
4.777673
4.788797
4.799772
4.810833
4.822038
4.833711
4.844272
4.855796
4.866889
4.87774
4.889037
4.900306
4.911249
4.922465
4.934555
4.94488
4.956063
4.967744
4.978395
4.989627
5.00098
5.015987
5.026129
5.035826
5.045482
5.057137
5.068598
5.079937
5.091444
5.102844
5.114277
5.125972
5.13749
5.148665
5.159812
5.170944
5.181979
5.193154
5.204252
5.21546
5.226513
5.237896
5.249118
5.260075
5.271235
5.28276
5.29354
5.305005
5.316061
5.327108
5.33833
5.34972
5.360724
5.371806
5.383256
5.394609
5.405784
5.417641
5.428451
5.440042
5.451433
5.463084
5.473761
5.485795
5.49685
5.508176
5.519348
5.530527
5.541799
5.553247
5.564261
5.575537
5.586541
5.597765
5.608722
5.620183
5.631127
5.642384
5.653874
5.66471
5.675718
5.68728
5.698045
5.709298
5.720635
5.731734
TARGET DESTROYED 
5.747077
5.7584
5.769281
5.782453
5.799378
5.810189
5.820985
5.830992
5.841417
5.852368
5.862875
5.873415
5.883673
5.894241
5.905349
5.916928
5.92763
5.939132
5.950702
5.961402
5.972464
5.984135
5.994788
6.005973
6.017609
6.028388
6.039519
6.050843
6.061687
6.072845
6.084383
6.096539
6.107341
6.118385
6.128764
6.140099
6.155989
6.166831
6.177403
6.188526
6.198952
6.20993
6.220875
6.231384
6.242179
6.252833
6.2642
6.275608
6.287003
6.298246
6.309559
6.320485
6.331677
6.342978
6.354337
6.365336
6.376266
6.387596
6.398625
6.41014
6.421057
6.432065
6.443685
6.454793
6.465763
6.476768
6.488076
6.499394
6.51027
6.521637
6.533342
6.54449
6.555753
6.567621
6.578399
6.58988
6.601556
6.612412
6.623826
6.635509
6.64778
6.657909
6.669477
6.680641
6.691978
6.703456
6.714831
6.725871
6.73695
6.748108
6.759308
6.770498
6.78163
6.792764
6.803973
6.815131
6.826385
6.837467
6.848604
6.861188
6.871253
6.882455
6.893808
6.904959
6.915925
6.926996
6.938187
6.949573
6.960429
6.971625
6.983866
6.993969
7.005368
7.01657
7.027504
7.038812
7.050229
7.061011
7.072332
7.083594
7.094836
7.105681
7.11772
7.128106
7.139182
7.151528
7.161575
7.172608
7.184113
7.195389
7.206189
7.218251
7.228876
7.239789
7.251119
7.262079
7.273098
7.284791
7.295762
7.311065
7.321165
7.331844
7.342047
7.353825
7.363497
7.37378
7.383658
7.39374
7.404027
7.415279
7.426361
7.437348
7.44883
7.459604
7.470881
7.481871
7.493225
7.504526
7.515504
7.526846
7.537777
7.548814
7.559983
7.571231
7.582443
7.593632
7.604895
7.61606
7.627263
7.638155
7.650012
7.661107
7.672145
7.683405
7.694527
7.705569
7.717277
7.728251
7.739526
7.751384
7.762274
7.773501
7.785592
7.796544
7.807716
7.819644
7.830491
7.841832
7.853221
7.864612
7.876084
7.887381
7.899196
7.910105
7.920987
7.932191
7.943563
7.954741
7.966083
7.977177
7.987912
7.999154
8.010332
8.02139
8.032575
8.043926
8.055282
8.066543
8.077383
8.089057
8.099855
8.110833
8.121875
8.133565
8.144301
8.156072
8.167009
8.177874
TARGET DESTROYED 
8.192087
8.202538
8.211918
8.222186
8.232427
8.243922
8.255031
8.266512
8.278887
8.290487
8.306649
8.31697
8.326772
8.337255
8.347461
8.357217
8.367191
8.378097
8.388143
8.398391
8.408548
8.419039
8.43032
8.445723
8.456378
8.465725
8.475834
8.485763
8.496682
8.507825
8.520462
8.531441
8.541957
8.552828
8.564106
8.575267
8.586337
8.597857
8.608534
8.619806
8.631317
8.642072
8.653306
8.664479
8.675827
8.687058
8.69767
8.709083
8.720264
8.731492
8.742847
8.75398
8.765379
8.776613
8.788069
8.800161
8.810995
8.822707
8.834354
8.845457
8.85699
8.868709
8.879653
8.891296
8.903112
8.914049
8.925622
8.936852
8.947869
8.959352
8.970739
8.982363
8.993103
9.004263
9.015593
9.02667
9.038196
9.048896
9.060186
9.071729
9.082735
9.093673
9.105029
9.116184
9.127107
9.138585
9.149644
9.160554
9.171889
9.183009
9.194345
9.205527
9.216938
9.227942
9.238942
9.250304
9.261286
9.272375
9.283781
9.295045
9.306037
9.317435
9.328204
9.339472
9.351011
9.361817
9.373485
9.384646
9.396397
9.406866
9.418022
9.428798
9.44022
9.452029
9.463161
9.473296
9.485237
9.496078
9.506972
9.518649
9.529434
9.540625
9.551708
9.562804
9.573822
9.585459
9.601055
9.610885
9.620916
9.630288
9.640615
9.650042
9.660138
9.671008
9.682233
9.69353
9.704465
9.715589
9.726753
9.737919
9.749093
9.760181
9.771406
9.782793
9.793696
9.804882
9.816186
9.827213
9.838408
9.850155
9.860726
9.871944
9.883281
9.894279
9.905529
9.916802
9.927908
9.939025
9.950337
9.961246
9.972347
9.984247
9.995316
10.00681
10.01821
10.02962
10.04088
10.0522
10.06363
10.07512
10.08652
10.09749
10.10879
10.12033
10.13184
10.14299
10.15459
10.1663
10.17709
10.18817
10.19945
10.2108
10.22188
10.2333
10.24422
10.25549
10.26668
10.27763
10.28878
10.30007
10.31146
10.32268
10.33376
10.34507
10.35584
10.36739
10.37846
10.38935
10.40085
10.41161
10.42298
10.43475
10.44543
10.45699
10.46839
10.47924
10.49007
10.50141
10.51232
10.52412
10.5349
10.54615
10.5571
10.56834
10.58065
10.59041
10.60193
10.61289
10.62402
10.63613
10.64693
10.65737
10.66893
10.67976
10.691
10.70252
10.71319
10.72445
10.736
10.74681
10.75807
10.7732
10.7832
10.79387
10.80443
10.81421
10.82362
10.8335
10.84476
10.85586
10.86733
10.87804
10.88916
10.90055
10.91163
10.92278
10.9345
10.94525
10.95638
10.96782
10.97866
10.98978
11.00118
11.01216
11.02338
11.03462
11.04564
11.05685
TARGET DESTROYED 
11.0717
11.08136
11.09204
11.10333
11.11911
11.12851
11.13827
11.14757
11.15731
11.16678
11.17774
11.18905
11.2005
11.21115
11.22238
11.23385
11.24475
11.2561
11.26737
11.27863
11.28945
11.30107
11.31175
11.32286
11.33438
11.34571
11.35649
11.36776
11.37885
11.38998
11.40129
11.41248
11.42344
11.4348
11.44595
11.457
11.4684
11.47964
11.49095
11.50255
11.51374
11.52522
11.53672
11.54799
11.55936
11.57106
11.58213
11.5936
11.60509
11.61658
11.62765
11.63909
11.65069
11.66186
11.67328
11.68519
11.69621
11.70743
11.71891
11.72989
11.7412
11.75227
11.76338
11.77435
11.78588
11.79702
11.80804
11.81927
11.83042
11.84172
11.85301
11.86375
11.8751
11.8866
11.89734
11.90854
11.92014
11.93079
11.94198
11.95417
11.96435
11.97553
11.99007
11.99994
12.00955
12.01943
12.02979
12.04127
12.0521
12.0631
12.07453
12.08581
12.0967
12.10822
12.11922
12.13036
12.14132
12.15265
12.16362
12.17527
12.18627
12.19752
12.20861
12.22019
12.23147
12.24235
12.25333
12.26465
12.2758
12.28705
12.2979
12.30892
12.32009
12.33122
12.34281
12.35387
12.365
12.37632
12.38757
12.39887
12.41038
12.4218
12.43366
12.44496
12.45595
12.46783
12.47869
12.48959
12.50119
12.51227
12.52307
12.53464
12.54572
12.55702
12.56833
12.57909
12.59126
12.60303
12.61436
12.62501
12.63588
12.64672
12.6575
12.66846
12.67941
12.69023
12.70166
12.71266
12.7236
12.73517
12.74598
12.75711
12.76898
12.78013
12.7911
12.80271
12.81352
12.82457
12.83578
12.84655
12.85782
12.86902
12.88027
12.89205
12.90328
12.91377
12.92499
12.93679
12.94746
12.9584
12.9697
12.98127
12.99222
13.00304
13.01497
13.02579
13.03672
13.0477
13.05885
13.0702
13.08124
13.09244
13.10396
13.11569
13.1264
13.13779
13.14837
13.15963
13.17083
13.18181
13.19291
13.20438
13.21545
13.22698
13.23804
13.25359
13.26448
13.27551
13.28723
13.29929
13.3113
13.32242
13.33357
13.34517
13.3567
13.36814
13.379
13.38977
13.40059
13.41186
13.42285
13.43451
13.44531
13.4565
13.46741
13.47901
13.4901
13.50114
13.51205
13.52358
13.53546
13.54684
13.55808
13.56997
13.58152
13.59315
13.6102
13.62271
13.63514
13.64596
13.65728
13.66876
13.68212
