0.02
0.04
0.14
0.1776743
0.1906511
0.2013296
0.2117608
0.221244
0.2306339
0.2452522
0.2548788
0.2642379
0.2757367
0.2862105
0.2993906
0.3091764
0.3242595
0.3334059
0.3427429
0.3532366
0.3644057
0.3757851
0.3869859
0.3992143
0.4127662
0.4227159
0.4320589
0.4425382
0.4539815
0.46485
0.4761185
0.487326
0.4985987
0.5097039
0.5208521
0.532366
0.5431687
0.5541664
0.5660899
0.5764454
0.5878108
0.5989298
0.6103856
0.6212874
0.6323371
0.6435003
0.6549433
0.665977
0.6771973
0.6886044
0.6994758
0.7108854
0.7222094
0.7329011
0.7440682
0.7557149
0.7668804
0.7776638
0.7889128
0.799845
0.8111542
0.8226566
0.833635
0.8453619
0.8560273
0.8673105
0.8782139
0.8942178
0.905715
0.9174162
0.9279398
0.9393866
0.9499714
0.9618459
0.972546
0.9838369
0.9949207
1.006235
1.018064
1.029389
1.040438
1.051285
1.061981
1.073734
1.084203
1.09522
1.106967
1.118302
1.129385
1.140439
1.151571
1.162625
1.17372
1.184905
TARGET DESTROYED 
1.196453
1.21136
1.221726
1.236429
1.247577
1.25831
1.269364
1.280199
1.291542
1.302584
1.313836
1.325251
1.336264
1.347543
1.358513
1.369519
1.381393
1.393142
1.403069
1.414223
1.425469
1.436782
1.447812
1.459074
1.470177
1.481791
1.49244
1.50363
1.515888
1.526313
1.537195
1.54865
1.559614
1.570617
1.581982
1.592908
1.604244
1.615571
1.626438
1.637806
1.648958
1.659952
1.672067
1.682496
1.693702
1.705303
1.716331
1.727842
1.739578
1.750972
1.762265
1.774097
1.785289
1.796794
1.808337
1.819752
1.831423
1.842443
1.854048
1.865887
1.896262
1.906527
1.917263
1.928334
1.939938
1.950619
1.961649
1.972989
1.984085
1.996402
2.006675
2.018085
2.028597
2.040011
2.051115
2.066106
2.076382
2.086546
2.09628
TARGET DESTROYED 
2.107337
2.121305
2.131861
2.141937
2.151448
2.162678
2.17428
2.185364
2.19673
2.207623
2.219237
2.229787
2.241066
2.251954
2.263291
2.274829
2.285581
2.296679
2.308095
2.318966
2.330327
2.341538
2.352618
2.363619
2.37498
2.386208
2.397645
2.409251
2.419607
2.43072
2.442888
2.453728
2.464241
2.475399
2.487158
2.497961
2.508994
2.520277
2.531207
2.542559
2.553763
2.565231
2.576428
2.587843
2.59992
2.610725
2.622133
2.633575
2.645319
2.657018
2.668024
2.679243
2.690995
2.702034
2.713459
2.72513
2.736173
2.747763
2.759159
2.770452
2.781745
2.793438
2.804434
2.815791
2.826879
2.837949
2.848919
2.860083
2.871293
2.885794
2.896131
2.90667
2.917065
2.927998
2.938267
2.94859
2.959675
2.970356
2.98157
2.99291
3.003812
3.015096
3.026292
TARGET DESTROYED 
3.037593
3.052621
3.063798
3.074717
3.084934
3.094921
3.105035
3.116101
3.127554
3.138814
3.148962
3.159139
3.170332
3.181569
3.192761
3.20378
3.215051
3.22626
3.237486
3.248575
3.259723
3.270974
3.281945
3.293096
3.304342
3.315485
3.326676
3.338144
3.348969
3.360245
3.371493
3.382407
3.393737
3.405605
3.416553
3.427525
3.438705
3.449817
3.461311
3.472794
3.484407
3.495087
3.507073
3.518378
3.529223
3.541066
3.551954
3.563269
3.574712
3.586115
3.597248
3.608486
3.619857
3.631028
3.642163
3.653237
3.664384
3.675493
3.690818
3.70124
3.712732
3.723344
3.734035
3.744601
3.755498
3.765684
3.776636
3.78657
3.796939
3.807482
3.81787
3.828371
3.839468
3.85018
3.861116
3.872145
3.883693
3.894227
3.90616
3.916694
3.928113
3.939259
3.950462
3.961633
3.972884
3.983903
3.994959
4.006009
4.017585
4.028347
4.039738
4.050856
4.062366
4.073411
4.084545
4.095579
4.107475
4.118521
4.130072
4.141788
4.152578
4.163993
4.17536
4.186827
4.198147
4.209468
4.221112
4.232121
4.243504
4.255251
4.266518
4.277822
4.289654
4.301371
4.311887
4.323444
4.334708
4.345726
4.357223
4.36826
4.379534
4.391488
4.401983
4.412736
4.42423
4.435007
4.446601
TARGET DESTROYED 
4.457417
4.472767
4.484053
4.499426
4.510365
4.521061
4.53168
4.543456
4.555112
4.565504
4.57646
4.587087
4.598209
4.609021
4.619913
4.631119
4.642659
4.654118
4.664644
4.67586
4.687543
4.698388
4.709736
4.720539
4.731631
4.74292
4.754156
4.765393
4.776214
4.787555
4.798901
4.809891
4.821035
4.832277
4.843891
4.854718
4.865718
4.876872
4.888225
4.899227
4.910541
4.921736
4.932976
4.944059
4.955615
4.966321
4.977675
4.989351
5.00105
5.012139
5.023712
5.03521
5.046564
5.058294
5.069774
5.081353
5.092704
5.104625
5.115719
5.126933
5.138918
5.149829
5.161359
5.17267
5.183417
5.194608
5.206485
5.217247
5.228661
5.239843
5.250336
5.261674
5.273198
5.284619
5.295205
5.306549
5.32289
5.333719
5.344348
5.35486
5.365352
5.376335
5.386609
5.397104
5.407646
5.417938
5.43063
5.44138
5.451703
5.462555
5.473513
5.483887
5.494585
5.505921
5.51636
5.527225
5.537784
TARGET DESTROYED 
5.548656
5.564937
5.576661
5.587184
5.597683
5.6087
5.619111
5.630156
5.642727
5.654749
5.66595
5.676788
5.687604
5.698668
5.710135
5.721241
5.732201
5.743324
5.753807
5.764283
5.775371
5.786019
5.797212
5.807892
5.818994
5.829717
5.840912
5.851405
5.862285
5.873434
5.884192
5.895914
5.907228
5.918036
5.928868
5.940608
5.95118
5.962397
5.973838
5.984263
5.99502
6.005945
6.017068
6.027784
6.039298
6.050097
6.061276
6.072648
6.083907
6.095191
6.106621
6.122542
6.133661
6.144732
6.155275
6.166187
6.177525
6.188322
6.199382
6.21089
6.222324
6.23333
6.245274
6.256438
6.267402
6.278039
6.290333
6.301221
6.311954
6.32334
6.334368
6.34564
6.357012
6.367547
6.378458
6.389646
6.401169
6.411884
6.422944
6.434188
6.445376
6.456567
6.467938
6.479071
6.490623
6.501522
6.513167
6.524322
6.535382
6.546499
6.557902
6.568463
6.579537
6.59055
6.601363
6.612522
6.623852
6.634319
6.645218
6.656626
6.667887
6.678911
6.69021
6.701517
6.713024
6.724015
6.735077
6.746664
6.757984
6.769681
6.780971
6.792454
6.803381
6.81435
6.825432
6.836101
6.847729
6.858841
6.870303
6.881393
6.893154
TARGET DESTROYED 
6.904219
6.92059
6.93454
6.951955
6.963375
6.974704
6.986391
6.997473
7.009175
7.022346
7.034401
7.04622
7.058045
7.069849
7.08106
7.092646
7.104108
7.115766
7.126965
7.138842
7.149996
7.161121
7.172853
7.184278
7.195437
7.207187
7.218056
7.229247
7.240448
7.251894
7.262708
7.273828
7.2852
7.297273
7.308742
7.319868
7.331411
7.342812
7.353738
7.364801
7.375916
7.387371
7.39949
7.4106
7.42158
7.43253
7.446167
7.457347
7.468468
7.479605
7.491113
7.502714
7.513861
7.525965
7.536658
7.547645
7.55931
7.570147
7.581152
7.592519
7.60356
7.614977
7.62669
7.637476
7.649233
7.661387
7.672873
7.684198
7.695686
7.706994
7.719004
7.731345
7.743539
7.754908
7.766041
7.7778
7.793736
7.805311
7.816975
7.829329
7.840256
7.85135
7.862211
7.873074
7.88414
7.895062
7.906006
7.917586
7.9287
7.94068
7.951852
7.96382
7.974805
7.986239
7.997497
8.00908
8.020097
8.031419
8.042717
8.054086
8.065736
8.076904
8.087685
8.098561
8.109623
8.120603
8.131777
8.143732
8.15412
8.165404
8.176821
8.187853
8.198834
8.20996
8.220698
8.232042
8.243469
8.254472
8.265872
8.277295
8.288412
8.300409
8.311419
8.322701
8.333593
8.345192
8.356838
8.368178
8.379251
8.390538
8.401889
8.412908
8.423922
8.434961
8.446424
8.458662
8.469631
8.480214
8.491095
8.501428
8.512078
8.523114
8.533956
8.544959
8.556038
8.566406
8.577683
8.588767
8.604493
8.615458
8.626051
8.637192
8.647794
8.658678
8.670025
8.680642
8.691953
8.702437
8.713954
8.724832
8.735472
8.747122
8.758224
8.768748
8.779725
8.790847
8.801278
8.811951
8.822712
8.83332
8.844131
8.854864
8.865474
8.876226
8.886856
8.898236
8.909478
8.920466
8.931545
8.942949
8.953799
8.965089
8.97706
8.987476
8.998817
9.010232
9.021709
9.033035
9.044126
9.056834
9.068219
9.07991
9.091686
9.103339
9.115169
9.127255
9.138986
9.150634
9.162572
9.17461
9.185843
9.197504
9.209487
9.221194
9.233238
9.244569
9.2566
9.267805
9.279041
9.290645
9.301879
9.312654
9.32378
9.334883
9.346375
9.357656
9.368987
9.380459
9.39173
9.403584
9.41514
9.430608
9.441816
9.452741
9.4653
9.477026
9.48821
9.499579
9.510913
9.522394
9.533617
9.546094
9.55743
9.568331
9.580459
9.59165
TARGET DESTROYED 
9.602101
9.618009
9.629435
9.640549
9.651108
9.661982
9.673414
9.68541
9.697654
9.709105
9.720568
9.731472
9.74299
9.753757
9.764709
9.776073
9.787654
9.798497
9.810089
9.820898
9.832394
9.844289
9.855083
9.866091
9.877235
9.887867
9.899014
9.910197
9.921114
9.93189
9.94319
9.95426
9.965734
9.97708
9.988564
9.99927
10.0103
10.0211
10.03173
10.04313
10.05422
10.06508
10.07599
10.08681
10.09763
10.10844
10.11918
10.13004
10.14099
10.15202
10.16322
10.17442
10.18583
10.19784
10.20968
10.22078
10.23139
10.24239
10.25764
10.2679
10.27812
10.28851
10.29881
10.31033
10.32033
10.33085
10.34077
10.35124
10.36136
10.37361
10.38357
10.39473
10.4063
10.41726
10.42821
10.43985
10.45094
10.46194
10.47367
10.48457
10.4954
10.50672
10.51793
10.52874
10.54067
10.55195
10.56277
10.57383
10.58492
10.59621
10.60773
10.61859
10.62991
10.64147
10.65204
10.6634
10.6749
10.68654
10.69794
10.7099
10.72062
10.73215
10.74322
10.75498
10.76651
10.77788
10.78958
10.8009
10.81223
10.82409
10.83568
10.84624
10.8583
10.8691
10.88047
10.89171
10.90262
10.91381
10.92512
10.93611
10.94718
10.95864
10.96944
10.9807
10.99187
11.00311
11.01426
11.02542
11.03648
11.0478
11.05884
11.074
11.08749
11.0987
11.10957
11.12102
11.13196
11.14322
11.15769
