0.02
0.04
0.14
0.1751628
0.1893592
0.2018435
0.2140148
0.2267371
0.2388977
0.2506712
0.2642251
0.2752267
0.2862199
0.3050349
0.3155354
0.3258935
0.3362977
0.346607
0.3573644
0.3690314
0.3799216
0.3910567
0.402458
0.4132616
0.4244261
0.4358999
0.4468531
0.4584674
0.4692685
0.4804901
0.4918449
0.5028892
0.5140964
0.5251105
0.5361413
0.5475252
0.5591642
0.5697712
0.5809085
0.5920715
0.6031988
0.614809
0.6258456
0.6368186
0.6480887
0.6589831
0.6703613
0.6815205
0.6924954
0.707217
0.7178288
0.7281535
0.7385507
0.7494124
0.7604778
0.7710354
0.7819629
0.7931082
0.8044412
0.8154918
0.8265238
0.8378401
0.8489152
0.8602533
0.8716918
0.8825333
0.8936186
0.9072905
0.9190694
0.9310728
0.941529
0.9531748
0.9641526
0.9753813
0.9866033
0.9978589
1.008863
1.020831
1.033264
1.044243
1.056957
1.067943
1.078307
1.089131
1.099063
1.113802
1.124711
1.135964
1.146072
1.156697
1.1676
1.178087
1.188998
1.199759
1.210849
1.221433
1.231866
1.242358
1.253129
1.264093
1.275178
1.286755
1.297628
1.308986
1.320179
1.33123
1.342335
1.353509
1.364741
1.375885
1.386977
1.398887
1.409519
1.420687
1.431683
1.442761
1.453966
1.465354
1.47623
1.487731
1.499018
TARGET DESTROYED 
1.514764
1.529711
1.540344
1.551117
1.562913
1.575113
1.586618
1.597417
1.608687
1.619592
1.631501
1.642076
1.653274
1.664279
1.675582
1.686765
1.698011
1.709807
1.720222
1.731405
1.742597
1.753774
1.765036
1.776036
1.787402
1.798557
1.809854
1.820718
1.831938
1.842894
1.854367
1.866079
1.876542
1.887847
1.899411
1.910134
1.921317
1.935879
1.946754
1.957258
1.968144
1.978639
1.989839
2.000029
2.011001
2.022156
2.032974
2.044422
2.056001
2.067733
2.07908
2.090415
2.102385
2.114123
2.124933
2.136704
2.148743
2.159559
2.170573
2.18179
2.19324
2.204004
2.215363
2.22629
2.237902
2.248713
2.259925
2.271176
2.282172
2.293466
2.304599
2.315999
2.327605
2.343428
2.355057
2.366449
2.37762
2.38888
2.401339
2.412867
2.423979
2.435279
2.446797
2.458047
2.468938
2.479899
2.491323
2.50299
2.513889
2.52529
2.536377
2.547138
2.558166
2.569523
2.580942
2.592298
2.603706
2.614386
2.6252
2.636276
2.647486
2.658724
2.670322
2.68105
2.691992
2.703339
2.714539
2.725729
2.737195
2.752925
2.764549
2.776455
2.788108
2.799973
2.812407
2.824069
2.835536
2.846562
2.858775
TARGET DESTROYED 
2.875101
2.886764
2.898438
2.910253
2.922029
2.933306
2.944869
2.956155
2.967472
2.979735
2.992403
3.004821
3.016677
3.028592
3.039706
3.050793
3.063222
3.075223
3.086577
3.097327
3.108878
3.120615
3.131725
3.142755
3.154353
3.165668
3.181475
3.192864
3.20424
3.215341
3.226499
3.238037
3.25056
3.261734
3.272948
3.284341
3.295357
3.3074
3.318327
3.32943
3.340338
3.351326
3.362007
3.373495
3.384957
3.395957
3.408461
3.419666
3.43115
3.442616
3.454142
3.465079
3.475877
3.487278
3.498379
3.510016
3.521251
3.532071
3.542913
3.554535
3.565261
3.576145
3.587924
3.603193
3.614271
3.625628
3.637291
3.648414
3.659639
3.671471
3.682668
3.69373
3.705543
3.716363
3.727214
3.738909
3.749967
3.761587
3.772883
3.78409
3.795988
3.807981
3.820379
3.831273
3.842593
3.854095
3.864827
3.87609
3.887412
3.8987
3.909749
3.921423
3.932433
3.943349
3.954656
3.965484
3.976482
3.98809
3.99889
4.010349
TARGET DESTROYED 
4.031051
4.042861
4.055761
4.068675
4.080707
4.091773
4.103213
4.114209
4.125389
4.137374
4.148295
4.159795
4.171152
4.182476
4.194008
4.205574
4.216837
4.228157
4.239637
4.250844
4.262424
4.273525
4.284695
4.295871
4.307107
4.318215
4.329399
4.340726
4.35226
4.363581
4.374996
4.386694
4.398069
4.40942
4.420746
4.436259
4.447335
4.458678
4.470481
4.481526
4.492425
4.503387
4.514554
4.525546
4.536952
4.547762
4.558761
4.569961
4.581169
4.59236
4.603601
4.614671
4.626256
4.637658
4.649403
4.660254
4.672274
4.68315
4.694481
4.706008
4.716993
4.727981
4.739013
4.750137
4.761355
4.77281
4.784001
4.795553
4.807776
4.818981
4.830028
4.841316
4.857028
4.8687
4.880159
4.892488
4.9038
4.914888
4.926289
4.937614
4.949293
4.960327
4.971413
4.982499
4.994024
5.005261
5.016945
5.028399
5.039883
5.051741
5.063537
5.074587
5.086781
5.098114
5.109248
5.120608
5.131948
5.143197
5.154856
5.165844
5.177179
5.188573
5.200039
5.211219
5.223037
5.234621
5.246038
5.257642
5.273654
5.284827
5.296727
5.307831
5.319466
5.330648
5.341706
5.353254
5.364797
5.376247
5.387672
5.399049
5.410573
5.42198
5.433468
5.44485
5.45638
5.468102
5.479501
5.490657
TARGET DESTROYED 
5.507686
5.519795
5.531771
5.543623
5.555104
5.566324
5.577885
5.589362
5.600489
5.612734
5.625718
5.638654
5.65049
5.661418
5.673236
5.685612
5.701048
5.712607
5.724127
5.735538
5.746946
5.758245
5.770497
5.782021
5.793436
5.805885
5.817269
5.828317
5.839794
5.851563
5.862565
5.874565
5.886705
5.89822
5.909633
5.921315
5.932692
5.944665
5.95608
5.967383
5.978644
5.990124
6.001761
6.014039
6.025826
6.037928
6.049467
6.061667
6.073088
6.08412
6.095386
6.107152
6.119014
6.1349
6.146423
6.157771
6.169638
6.181684
6.192979
6.204962
6.216677
6.228346
6.239838
6.251102
6.262387
6.273803
6.285501
6.296835
6.308819
6.320519
6.332886
6.344474
6.355899
6.366838
6.378645
6.390149
6.401414
6.413771
6.433239
6.445047
6.456859
6.468185
6.479629
6.49084
6.502383
6.513266
TARGET DESTROYED 
6.530244
6.543345
6.556028
6.573021
6.584508
6.595767
6.607586
6.61943
6.630883
6.642561
6.654299
6.665452
6.677089
6.689421
6.700925
6.713288
6.724448
6.735997
6.747659
6.759068
6.771186
6.782782
6.794306
6.806451
6.81781
6.829738
6.842007
6.854626
6.866449
6.878076
6.890188
6.902578
6.914139
6.925681
6.93819
6.950852
6.963384
6.97791
6.99106
7.009017
7.02112
7.033083
7.044912
7.056934
7.069576
7.081754
7.093099
7.105031
7.116428
7.127661
7.13942
7.151741
7.163721
7.175146
7.186754
7.198555
7.210193
7.221867
7.233833
7.245468
7.257647
7.2693
7.280794
7.292048
7.304232
7.316532
7.327804
7.339276
7.350794
7.362642
7.374531
7.38634
7.397841
7.409776
7.421855
7.438055
7.450369
7.461873
7.473702
7.485378
7.496734
7.508355
7.520091
7.531497
7.542796
7.554116
7.565866
7.577343
7.589613
7.601173
7.613021
7.624633
7.637061
7.648568
7.660411
7.672531
7.684477
7.696064
7.70755
7.719456
7.73082
7.743006
7.755291
7.768448
7.782077
7.79387
7.807051
7.819194
7.831001
7.842877
7.854786
7.871744
7.883817
7.895957
7.908418
7.920581
7.932836
7.94462
7.957243
7.969977
7.981394
7.993084
8.005125
8.017942
8.029815
8.04309
8.055161
TARGET DESTROYED 
8.072292
8.083463
8.095855
8.108551
8.120795
8.131665
8.142694
8.15416
8.165352
8.176488
8.187992
8.198742
8.209798
8.221139
8.232112
8.243914
8.254766
8.265929
8.277194
8.288249
8.303583
8.314353
8.32483
8.335841
8.346641
8.357932
8.369162
8.380395
8.391393
8.402579
8.41347
8.424839
8.435904
8.44703
8.457801
8.469216
8.479768
8.490791
8.501637
8.512715
8.523531
8.534649
8.545355
8.556818
8.567519
8.578417
8.589986
8.602202
8.613191
8.624538
8.636132
8.647691
8.65911
8.670576
8.68177
8.693137
8.704468
8.720315
8.73094
8.742031
8.752887
8.763668
8.774945
8.786538
8.798002
8.810205
8.821177
8.831865
8.842777
8.854375
8.865112
8.875969
8.887465
8.89821
8.909208
8.920268
8.931475
8.942426
8.953479
8.964278
8.974906
8.986331
8.997041
9.00883
9.020172
9.031266
9.042104
9.054626
9.06589
9.077301
9.088516
9.099122
9.109924
9.124798
9.137134
9.148448
9.159267
9.17057
9.181865
9.192842
9.203925
9.216142
9.227067
9.238874
9.250417
9.2626
9.274536
9.286652
9.298774
9.310956
9.32307
9.335316
9.34668
9.358698
9.371314
9.383046
9.394176
9.406295
9.419041
9.430903
9.442806
9.455344
9.466921
TARGET DESTROYED 
9.483516
9.496093
9.50873
9.521564
9.533595
9.545137
9.561271
9.573236
9.584703
9.596195
9.607781
9.620266
9.632323
9.644279
9.656327
9.668334
9.680381
9.691966
9.704087
9.716046
9.728046
9.740056
9.752048
9.763215
9.775092
9.787343
9.79917
9.811872
9.823884
9.835798
9.847874
9.859675
9.871824
9.883901
9.895817
9.907769
9.92028
9.932344
9.943733
9.955641
9.967628
9.979199
9.995414
10.0076
10.01959
10.03188
10.04394
10.05664
10.07054
10.08204
10.09376
10.10572
10.1178
10.1293
10.14159
10.15345
10.16535
10.1771
10.18904
10.20084
10.21277
10.22468
10.23695
10.24853
10.2603
10.27288
10.28488
10.29711
10.30882
10.32121
10.33292
10.34454
10.35619
10.36927
10.38124
10.39377
10.40597
10.41863
10.43083
10.44739
10.45951
10.47155
10.48341
10.49468
10.50632
10.51834
10.52986
10.54132
10.55338
10.56503
10.57672
10.58895
10.6004
10.6118
10.6233
10.63506
10.64726
10.65885
10.67039
10.68219
10.69417
10.70575
10.71809
10.72968
10.74155
10.75293
10.76429
10.77639
10.78897
10.80171
10.81403
10.82535
10.8374
10.84947
10.86094
10.87727
10.88897
10.9009
10.91213
10.92407
10.93599
10.947
10.95842
10.97019
10.98171
10.9933
11.00503
11.01739
11.02884
11.04035
11.05277
11.06528
11.07847
11.09019
11.10182
11.11313
11.1253
11.13694
11.14823
11.16729
11.17939
11.19102
11.20393
11.21535
11.22641
11.24069
