0.02
0.04
0.14
0.1743762
0.1887022
0.199981
0.2109986
0.2212633
0.2307869
0.2399073
0.2516756
0.2625158
0.2735466
0.2846803
0.2980741
0.3080536
0.3181573
0.3295551
0.3406301
0.3515483
0.3629797
0.3740631
0.3860772
0.396373
0.4074288
0.4187887
0.4299651
0.4409785
0.4524668
0.4634847
0.4744648
0.4857605
0.4972424
0.5080473
0.5191339
0.5331674
0.5421184
0.5525926
0.5640548
0.5751642
0.5864061
0.5973678
0.6088009
0.6195795
0.630874
0.6419513
0.6531399
0.6645364
0.6756772
0.6868113
0.6980278
0.7090201
0.72056
0.7314913
0.7425073
0.7536802
0.7652496
0.7762249
0.7874337
0.7984747
0.8096082
0.820833
0.8320967
0.8429956
0.8544983
0.8654409
0.8768005
0.8921521
0.9032721
0.9148934
0.9263387
0.9372783
0.9486597
0.9597098
0.9708089
0.9821168
0.9934979
1.004958
1.016321
1.026885
1.037965
1.04916
1.060484
1.071415
1.083188
1.094185
1.105588
1.116127
1.1277
1.138464
1.14977
1.161302
1.172189
1.183103
1.194986
1.205468
1.216914
1.228049
1.239347
1.250171
1.262254
1.272507
1.283775
1.295874
1.306272
1.317417
1.328784
1.339561
1.350853
1.362244
1.373289
1.384268
1.396102
1.406515
1.417816
1.429139
1.440012
1.451677
1.462737
1.473535
1.485082
1.496307
1.507023
1.518127
1.52966
1.540541
1.552094
1.563113
1.57424
1.588086
1.597648
1.606347
1.617621
1.629336
1.640029
1.651478
1.662606
1.673751
1.684951
1.708213
1.718939
1.728909
1.739131
1.749362
1.758979
1.770247
1.781359
1.792638
1.803771
1.814866
1.826055
1.837175
1.848332
1.859867
1.870662
1.881927
1.893146
1.904396
1.915507
1.926711
1.937724
1.948896
1.960183
1.971292
1.982325
1.99373
2.012321
2.025298
2.035109
2.045148
2.0553
2.065162
2.074805
2.084565
2.09516
2.105455
2.117984
2.130013
2.141724
2.152387
2.16338
2.175791
2.188889
2.200336
2.210007
2.220522
2.23155
2.241569
2.25144
2.261952
2.273874
2.284151
2.295511
2.309171
2.320466
2.331589
2.341736
2.352096
2.362762
2.379189
2.391173
2.402501
2.412937
2.424049
2.434681
2.444769
2.455784
2.46659
2.476748
2.487058
2.498629
2.508268
2.51868
2.530279
2.541002
2.552069
2.563653
2.57474
2.58611
2.597715
2.608113
2.619502
2.630921
2.641892
2.652788
2.6643
2.675152
2.68632
2.697988
2.708697
2.719756
2.731191
2.742466
2.753527
2.764973
2.776206
2.787748
2.799243
2.810564
2.821875
2.83329
2.845066
2.85605
2.867523
2.878872
2.890376
2.901548
2.913129
2.924647
2.935918
2.947575
2.958484
2.96982
2.981467
2.993093
3.003916
3.015193
3.026917
3.037263
3.048749
3.061422
3.072292
3.088088
3.100893
3.111836
3.122547
3.133415
3.144467
3.155449
3.166848
3.177874
3.188855
3.200168
3.211497
3.222245
3.233666
3.245254
3.256034
3.26705
3.278905
3.290015
3.301221
3.312227
3.322928
3.334651
3.345625
3.356673
3.367959
3.380296
3.39157
3.403216
3.414833
3.425961
3.437391
3.448325
3.459319
3.47103
3.482095
3.492606
3.503743
3.515379
3.525618
3.536437
3.547902
3.560631
3.575469
3.587926
3.599931
3.612864
3.628662
3.641109
3.653785
3.665301
3.676035
3.690054
3.705316
3.719462
3.732975
3.747662
3.758486
3.769826
3.781665
3.79188
3.808473
3.821646
3.833509
3.845548
3.857397
3.86912
3.881484
3.892958
3.904377
3.918758
3.930515
3.94361
3.954816
3.966996
3.978264
3.99065
4.004049
4.016518
4.02772
4.040389
4.051191
4.061805
4.07265
4.0831
4.093816
4.104989
4.116272
4.127714
4.138317
4.14948
4.160828
4.171615
4.183104
4.194082
4.205611
4.216703
4.227874
4.238786
4.249866
4.261445
4.27224
4.283719
4.294717
4.305678
4.316998
4.328413
4.33942
4.350295
4.362117
4.37274
4.38405
4.395301
4.406733
4.417469
4.428778
4.440217
4.450856
4.462319
4.473328
4.484423
4.496242
4.507485
4.522969
4.533655
4.543952
4.554212
4.565368
4.57679
4.588243
4.599475
4.6108
4.622098
4.632988
4.644351
4.655589
4.666474
4.678068
4.688704
4.700115
4.711362
4.722402
4.733578
4.745058
4.755785
4.767027
4.7784
4.789242
4.800423
4.812125
4.822965
4.834212
4.845546
4.856491
4.867463
4.878844
4.88995
4.901369
4.91281
4.924056
4.935362
4.94686
4.957744
4.969207
4.980444
4.991902
5.003142
5.014484
5.025692
5.037097
5.047886
5.059064
5.070375
5.08149
5.092553
5.104011
5.115835
5.126669
5.137663
5.148826
5.159545
5.170954
5.181949
5.193414
5.204739
5.215793
5.226742
5.237974
5.254544
5.266377
5.277534
5.288754
5.300965
5.312093
5.322387
5.333813
5.344872
5.355693
5.367211
5.378566
5.389128
5.401227
5.412714
5.423092
5.434339
5.445588
5.456474
5.467352
5.478781
5.48969
5.500892
5.513607
5.523706
5.534578
5.545834
5.557003
5.567889
5.579281
5.590342
5.601429
5.616031
5.627261
5.638248
5.649629
5.661102
5.673053
5.684401
5.695314
5.706681
5.718096
5.729668
5.740793
5.752484
5.764094
5.77534
5.786685
5.797972
5.808885
5.819868
5.831321
5.842657
5.853883
5.866082
5.877368
5.888841
5.900436
5.912336
5.922842
5.934659
5.94606
5.957055
5.9734
5.984682
5.995943
6.00749
6.018436
6.029847
6.040974
6.051935
6.063137
6.074687
6.086233
6.097644
6.108748
6.120003
6.132224
6.143425
6.154902
6.166122
6.17748
6.189901
6.201507
6.213155
6.224111
6.235447
6.247373
6.258307
6.270265
6.28268
6.294601
6.308012
6.319445
6.330609
6.340966
6.351361
6.362583
6.374434
6.385885
6.397681
6.409244
6.420374
6.432395
6.443617
6.455144
6.466709
6.478253
6.48899
6.500515
6.512873
6.523646
6.534915
6.54693
6.558161
6.569306
6.580081
6.59013
6.600522
6.611278
6.621948
6.632305
6.642464
6.652934
6.667925
6.678804
6.689439
6.700211
6.727002
6.738457
6.749227
6.75957
6.770569
6.781273
6.791178
6.801486
6.812212
6.822293
6.832586
6.842491
6.853859
6.86606
6.877691
6.888973
6.900748
6.912341
6.92358
6.935228
6.947355
6.959184
6.970784
6.983174
6.9949
7.006682
7.018681
7.030516
7.042415
7.053835
7.065961
7.077478
7.088671
7.100431
7.112528
7.12458
7.136203
7.14748
7.158632
7.170232
7.181834
7.200396
7.211582
7.226674
7.239079
7.251019
7.263221
7.274855
7.286709
7.299241
7.311278
7.323926
7.335652
7.348285
7.360374
7.372207
7.389038
7.401092
7.41379
7.425132
7.437505
7.449578
7.461255
7.473193
7.484818
7.497489
7.509385
7.521419
7.533008
7.545224
7.55628
7.567506
7.578875
7.589787
7.60086
7.616157
7.627643
7.638944
7.650926
7.662466
7.673685
7.684936
7.696585
7.707531
7.722737
7.735267
7.747112
7.758699
7.770288
7.782537
7.793892
7.806317
7.818006
7.829985
7.841814
7.853138
7.86509
7.877263
7.888636
7.900849
7.912844
7.924809
7.936816
7.948642
7.960315
7.972229
7.984173
7.996074
8.007685
8.019824
8.031769
8.043265
8.054781
8.067775
8.080116
8.092271
8.109695
8.121741
8.134348
8.147133
8.159444
8.171288
8.183164
8.194797
8.206821
8.21875
8.231083
8.242552
8.254601
8.266876
8.279033
8.290474
8.302816
8.315137
8.327374
8.339154
8.351217
8.363272
8.37588
8.38819
8.400537
8.413439
8.424961
8.437627
8.450118
8.46172
8.474195
8.485663
8.498146
8.509507
8.521186
8.533233
8.545201
8.557353
8.569153
8.582187
8.594116
8.605954
8.617589
8.628876
8.640552
8.651754
8.671106
8.683887
8.695797
8.707638
8.718921
8.730342
8.74225
8.754169
8.766278
8.777582
8.788915
8.800119
8.811543
8.822608
8.833892
8.853607
8.866448
8.87813
8.88956
8.902005
8.91495
8.926403
8.938469
8.950155
8.962002
8.974476
8.985925
8.998087
9.00929
9.020847
9.03264
9.04437
9.055677
9.067966
9.080091
9.091302
9.102902
9.115078
9.12664
9.138593
9.150498
9.162539
9.174487
9.186764
9.198608
9.209797
9.221362
9.233253
9.245346
9.256784
9.268388
9.280539
9.291918
9.303793
9.315683
9.3277
9.340285
9.352125
9.364484
9.377394
9.388863
9.400644
9.412582
9.424592
9.436636
9.448821
9.460652
9.47248
9.48422
9.495884
9.507763
9.51937
9.531143
9.542227
9.553452
9.565081
9.581264
9.592126
9.603597
9.619099
9.631747
9.643475
9.655053
9.667173
9.679604
9.691088
9.702664
9.714702
9.726068
9.738157
9.750178
9.762561
9.774535
9.786618
9.798754
9.810373
9.822206
9.834281
9.846601
9.857704
9.86915
9.88147
9.892694
9.904945
9.916598
9.928087
9.940109
9.951774
9.963836
9.97533
9.987191
9.999921
10.01219
10.02369
10.03607
10.04837
10.0597
10.07148
10.08285
10.09408
10.10626
10.11777
10.1294
10.14198
10.15398
10.16622
10.17771
10.18974
10.20194
10.21441
10.22575
10.23752
10.24962
10.2663
10.27899
10.29076
10.30253
10.31499
10.32655
10.33884
10.35041
10.36235
10.3736
10.39065
10.40239
10.41349
10.42509
10.43627
10.448
10.46046
10.47168
10.48438
10.49558
10.5064
10.5175
10.52882
10.53992
10.55079
10.5621
10.57331
10.58445
10.59532
10.60825
10.63831
10.65157
10.66372
10.67626
10.68793
10.69895
10.70985
10.72472
10.7358
10.74716
10.75806
10.76909
10.78099
10.79204
10.8032
10.81509
10.83013
10.84177
10.85345
10.86619
10.87783
10.88978
10.90191
10.91376
10.92379
10.93426
10.94545
10.9555
10.96586
10.97593
10.98678
10.99741
11.00763
11.01879
11.02998
11.04122
11.05223
11.06796
11.07914
11.08927
11.10004
11.11069
11.12197
11.1321
11.14256
11.15282
11.16402
11.17524
11.18664
11.19771
11.20864
11.21984
11.23104
11.24258
11.25359
11.26447
11.27573
11.28694
11.29816
11.30925
11.32043
11.33165
11.34312
11.35468
11.36638
11.37768
11.38922
11.40095
11.41278
11.42374
11.43483
11.4462
11.45735
11.46877
11.48029
11.49124
11.50264
11.51391
11.52544
11.5367
11.54798
11.55911
11.57111
11.58178
11.59331
11.60476
11.61876
11.62959
TARGET DESTROYED 
11.6404
11.65891
11.67003
11.68099
11.69128
11.70173
11.71227
11.7232
11.74747
11.76047
11.77152
11.78173
11.79183
11.80208
11.81305
11.82302
11.83431
11.84554
11.85662
11.86762
11.87931
11.89009
11.90132
11.91247
11.92359
11.93481
11.94604
11.95701
11.96832
11.97969
11.99067
12.00184
12.01325
12.02411
12.03555
12.04637
12.05758
12.06883
12.07993
12.09115
12.10248
12.11346
12.12469
12.13605
12.147
12.15808
12.16935
12.18053
12.19188
12.20284
12.21403
12.22531
12.23649
12.24753
12.25874
12.26985
12.28137
12.29307
12.30458
12.31616
12.32816
12.33936
12.35137
12.36296
12.37475
12.38588
12.39699
12.40895
12.42004
12.43632
12.44753
12.45787
12.46905
12.47977
12.48988
12.50053
12.51186
12.52216
12.53283
12.54301
12.55306
12.56397
12.57416
12.58482
12.59523
12.60514
12.61604
12.62754
12.63856
12.64949
12.6611
12.67213
12.68309
12.69453
12.70564
12.71662
12.72805
12.73915
12.75013
12.76142
12.77248
12.78364
12.7951
TARGET DESTROYED 
12.80607
12.82083
12.83204
12.84936
12.86234
12.87312
12.88412
12.89571
12.90654
12.91768
12.9291
12.94002
12.95124
12.96267
12.9735
12.9851
12.99607
13.00701
13.01816
13.02951
13.04045
13.0517
13.06314
13.07404
13.08525
13.09685
13.11205
13.12312
13.13457
13.14553
13.15573
13.16634
13.17651
13.18731
13.20057
13.21092
13.22173
13.23349
13.2439
13.25464
13.26574
13.27615
13.2862
13.29778
13.30868
13.31988
13.33124
13.34218
13.3532
13.36514
13.37693
13.38778
13.39946
13.41135
13.42245
13.43422
13.44537
13.45669
13.46811
13.47888
13.4898
13.5013
13.51248
13.52393
13.53518
13.54653
13.55769
13.56918
13.58026
13.59165
13.60288
13.61718
13.62804
13.63834
13.64886
13.65911
13.67036
13.68184
13.69245
13.70382
13.71506
13.72639
13.7373
13.74856
13.7598
13.77154
13.78241
13.79314
13.80896
13.81988
13.83106
13.84158
13.85167
13.86304
13.87362
13.88408
13.89478
13.9054
13.91585
13.92639
13.93735
13.94793
13.95812
13.96857
13.97938
13.99055
14.0018
14.01299
14.02402
14.03542
14.04648
14.05769
14.0687
14.08129
14.09254
14.10426
14.11602
14.12773
14.13906
14.14981
14.16008
14.17078
14.18166
14.19186
14.20294
14.2145
14.22534
14.23702
14.24815
14.25955
14.27098
14.28241
14.29435
14.30523
14.31639
14.32821
14.33932
14.35063
14.36257
14.37374
TARGET DESTROYED 
14.3856
14.40129
14.41896
14.43121
14.44257
14.45301
14.46358
14.47408
14.49639
14.50724
14.51756
14.528
14.53887
14.54979
14.5603
14.57087
14.58217
14.59332
14.60449
14.61545
14.6268
14.63798
14.64902
14.6604
14.67139
14.68252
14.69386
14.70479
14.71652
14.72781
14.7395
14.75089
14.76254
14.7747
14.78688
14.79883
14.8106
14.82221
14.8339
14.8459
14.85735
14.86924
14.88078
14.89188
14.90395
14.91623
14.92861
14.94027
14.95209
14.96423
14.97653
14.9895
15.00162
15.01419
15.02591
15.03762
15.04963
15.06149
15.07375
15.08507
15.09684
15.10938
15.12101
15.13323
15.14482
15.15639
15.1682
15.18064
15.19222
15.20843
15.22039
15.2324
15.24305
15.25335
15.26474
15.27682
15.28913
15.30174
15.31499
15.32763
15.33891
15.34999
15.36099
15.37248
15.38358
15.39503
15.40616
15.41755
15.42854
15.43932
15.45067
15.46108
15.47222
15.48315
15.49422
15.50538
15.51705
15.52787
15.53806
15.54828
15.5582
15.56836
15.57917
15.58919
15.59947
15.60959
15.62427
15.6343
15.64485
15.65534
15.66603
15.67677
15.68785
15.69896
15.71038
15.72521
15.73584
15.74705
15.7578
15.76865
15.78031
15.7909
15.80177
15.81297
15.82329
15.83385
15.84511
15.85549
15.86659
TARGET DESTROYED 
15.87784
15.89459
15.91124
15.92262
15.93357
15.94509
15.9566
15.97436
15.98742
15.99889
16.00953
16.02044
16.03122
16.04176
16.05273
16.06368
16.07422
16.0849
16.11018
16.12227
16.13491
16.14591
16.15696
16.16811
16.17969
16.1904
16.2021
16.21322
16.22397
16.23515
16.24664
16.25742
16.26883
16.28008
16.29104
16.30221
16.31334
16.32475
16.33588
16.34727
16.35796
16.3694
16.38052
16.39161
16.4033
16.41473
16.42544
16.43779
16.45015
16.46212
16.47362
16.4852
16.49799
16.50859
16.51979
16.53126
16.54226
16.5535
16.56453
16.57594
16.58705
16.59812
16.60875
16.62561
16.63738
16.64873
16.65969
16.67073
16.6824
16.69334
16.70442
16.71568
16.72703
16.73789
16.74957
16.76044
16.77164
16.7836
16.79565
16.80608
16.81672
16.82755
16.83837
16.84965
16.86106
16.87185
16.88321
16.89457
16.90567
16.91678
16.92803
16.93889
16.95028
16.96126
16.97254
16.98354
16.9955
17.00889
17.02335
17.03386
17.04478
17.05566
17.06665
17.078
17.08941
17.10048
17.11191
17.12263
17.13432
17.146
17.1569
17.16729
17.17761
17.18937
17.20326
17.21469
17.22509
17.23574
17.24706
17.25725
17.26764
17.27794
TARGET DESTROYED 
17.28869
17.3043
17.32253
17.33567
17.34839
17.36779
17.38241
17.39586
17.40944
17.42155
17.43365
17.44586
17.45864
17.47091
17.48307
17.49567
17.50763
17.51972
17.53214
17.54403
17.55578
17.56776
17.57961
17.59066
17.60219
17.61399
17.62523
17.64466
17.66075
17.67597
17.69141
17.70701
17.72224
17.73792
17.75878
17.7749
17.7898
17.8052
17.82051
17.83565
17.8511
17.8673
17.88248
17.89805
17.91375
17.9295
17.94487
17.96029
17.97661
17.99215
18.00801
18.0227
18.038
18.05303
18.06911
18.08475
18.10055
18.11638
18.1368
18.15269
18.16843
18.18535
18.20178
18.21753
18.23321
18.24941
18.26516
18.28095
18.29638
18.31162
18.32727
18.34281
18.35832
18.37375
18.3892
18.40524
18.42227
18.43777
18.4541
18.47557
18.49515
18.50764
18.51949
18.53181
18.54443
18.5561
18.56831
18.5807
18.59347
18.60615
18.61769
18.62993
18.64162
18.65368
18.66625
18.67907
18.69057
18.70272
18.71497
18.7264
18.74594
18.76557
18.78528
18.80487
18.82384
18.83679
18.84912
18.86122
18.87389
18.88663
18.89957
18.91225
18.92763
18.94646
18.95954
18.97243
18.98542
18.99854
19.01227
19.02493
19.03777
19.05032
19.06303
19.07631
19.08951
19.10212
19.11534
19.12776
19.14097
19.15384
19.16678
19.18028
19.19292
19.2063
19.21935
19.23231
19.24585
19.25811
19.27116
19.28404
19.29656
19.3091
19.32237
19.33549
19.34866
19.362
19.37554
19.38972
19.40247
19.41651
19.43051
19.44279
19.45656
19.46956
19.48245
TARGET DESTROYED 
19.49582
19.51377
19.52624
19.53821
19.54965
19.56168
19.58035
19.59337
19.60465
19.61673
19.63239
19.6442
19.65689
19.66842
19.68046
19.69798
19.70987
19.72181
19.73336
19.74541
19.75762
19.76968
19.78217
19.79479
19.80733
19.82062
19.8329
19.84458
19.85676
19.86837
19.88081
19.89078
19.9015
19.91158
19.9221
19.93255
19.94362
19.95464
19.96602
19.97733
19.98895
19.99946
20.01083
20.02219
20.03317
20.0447
20.05538
20.06646
20.07825
20.08878
20.09989
20.11147
20.1227
20.13388
20.14505
20.15582
20.16698
20.17849
20.18956
20.20215
20.21236
20.22355
20.23431
20.24575
20.25632
20.26751
20.27901
20.28977
20.30103
20.31236
20.3239
20.33545
20.34741
20.35846
20.37007
20.38158
20.39313
20.40468
20.41631
20.43147
20.44776
20.45909
20.47065
20.48137
20.49213
20.50318
20.5138
20.52446
20.53555
20.54728
20.55815
20.56939
20.58028
20.59145
20.60274
20.61383
20.62496
20.63671
20.64796
20.65906
20.67018
20.68156
20.69194
20.70345
20.71442
20.72567
20.73678
20.74815
20.75906
20.77029
20.78202
20.79242
20.80402
20.81533
20.82597
20.83723
20.84879
20.85964
20.87063
20.88178
20.89299
20.90459
20.91583
20.92756
20.93855
20.94995
20.9617
20.97307
20.98445
20.9961
21.00754
21.01874
21.03041
21.04175
21.05368
21.06468
21.07632
21.09103
21.10225
21.1132
21.12404
21.13553
21.14665
21.15745
21.16858
21.17971
21.19563
21.20637
21.21736
21.22818
21.23933
21.25084
21.26225
21.27279
21.28414
21.29532
21.30626
21.31741
21.32926
21.34018
21.35114
21.36369
21.3762
21.38937
21.40187
21.41478
21.42679
21.44013
21.45285
21.46599
TARGET DESTROYED 
21.47832
21.51195
21.52498
21.53696
21.54905
21.56071
21.57325
21.58482
21.59739
21.61894
21.63807
21.65072
21.66462
21.67829
21.69236
21.7049
21.72033
21.73462
21.74798
21.76063
21.77377
21.7865
21.79949
21.81252
21.82539
21.83846
21.85078
21.86423
21.87662
21.88932
21.90278
21.91568
21.933
21.94354
21.95417
21.96536
21.98057
21.99647
22.01149
22.02678
22.04177
22.05703
22.07238
22.08774
22.10283
22.16246
22.1799
22.19583
22.2115
22.22683
22.24227
22.25763
22.27263
22.28817
22.3035
22.3192
22.33435
22.35015
22.36541
22.38129
22.39661
22.41178
22.42755
22.44273
22.45819
22.47354
22.48859
22.50365
22.51952
22.53463
22.54961
22.56486
22.57994
22.59637
22.61242
22.62797
22.64322
22.65888
22.6744
22.69011
22.70487
22.72025
22.73534
22.75054
22.76638
22.78178
22.79773
22.81328
22.82915
22.84942
22.86535
22.88178
22.89752
22.93022
22.94641
22.9619
22.97294
22.98489
22.99705
23.00798
23.01971
23.03184
23.04452
23.0563
23.06957
23.08194
23.09467
23.10696
23.11947
23.13157
23.14428
23.15645
23.16894
23.18177
23.19371
23.20545
23.21763
23.2296
23.24303
23.25677
23.27046
23.28476
23.2992
23.31332
23.32722
23.34066
23.35385
23.36764
23.38158
23.39503
23.40782
23.42154
23.43558
23.44942
23.46436
23.4792
23.49329
23.50702
23.52014
23.53378
23.54746
23.56044
23.57341
23.58597
23.59876
23.61285
23.62545
23.64255
23.66159
23.67577
23.69087
23.7048
23.71805
23.73159
23.74536
23.75859
23.77205
23.78513
23.79868
23.81329
23.82663
23.84318
23.85766
23.87129
23.88413
23.89726
23.91396
