0.02
0.04
0.14
0.1808105
0.1929775
0.204367
0.2149502
0.2250988
0.2353744
0.2468905
0.2576464
0.2687124
0.2840481
0.2950291
0.305384
0.315964
0.3263098
0.3370981
0.3476412
0.3581953
0.3694208
0.38074
0.3917906
0.4028615
0.4141672
0.4251142
0.4362987
0.4478398
0.4586396
0.4705642
0.4811978
0.4924287
0.5035599
0.5150113
0.5260497
0.5371001
0.547974
0.5592845
0.5705581
0.5818321
0.5926344
0.6044438
0.6150707
0.6263331
0.6375977
0.6485204
0.6596413
0.6729674
0.6882331
0.6988912
0.7089637
0.7194979
0.7297809
0.74053
0.7512149
0.7623672
0.7727548
0.7832286
0.7941381
0.805251
0.8162122
0.8274717
0.838463
0.8497527
0.8614908
0.8722515
0.8831289
0.8956292
0.906456
0.9176998
0.9289929
0.9400394
0.9510015
0.9626399
0.9735314
0.9845606
0.995958
1.007279
1.018617
1.029968
1.040433
1.052567
1.063406
1.074784
1.085848
1.101238
1.112303
1.122888
1.133575
TARGET DESTROYED 
1.14964
1.160706
1.171444
1.182802
1.193261
1.204677
1.215685
1.226364
1.238559
1.25046
1.260759
1.271438
1.282213
1.292596
1.303344
1.314336
1.324614
1.335757
1.346398
1.356771
1.367134
1.377703
1.388765
1.399151
1.409592
1.420129
1.430884
1.441619
1.452862
1.464203
1.47517
1.486349
1.501972
1.513362
1.524499
1.535602
1.546467
1.557008
1.567582
1.578263
1.588791
1.59944
1.610405
1.620841
1.631725
1.642695
1.654152
1.665285
TARGET DESTROYED 
1.679744
1.690462
1.702197
1.713792
1.724163
1.734449
1.745022
1.756055
1.767532
1.779295
1.790263
1.801343
1.812813
1.823774
1.835464
1.847038
1.857303
1.868369
1.879969
1.890976
1.907173
1.917933
1.92918
1.940067
1.950797
1.961844
1.972899
1.983954
1.995223
2.006285
2.016795
2.027171
2.037903
2.04916
2.060137
2.071226
2.082684
2.092559
2.103729
2.114836
2.124964
2.135926
2.147371
2.158378
2.169534
2.180781
2.192034
2.202918
2.214298
2.225254
2.236398
2.247823
2.258875
2.271179
2.281822
2.292609
2.307716
2.318659
2.329473
2.3405
2.351876
2.362769
2.373296
2.383564
2.394465
2.405359
2.416628
2.428022
TARGET DESTROYED 
2.442966
2.454637
2.465931
2.477041
2.48985
2.502071
2.51409
2.524971
2.537561
2.549855
2.560829
2.571648
2.582212
2.592728
2.603585
2.615735
2.626112
2.63728
2.648096
2.659022
2.676682
2.687937
2.698972
2.70986
2.725786
2.737351
2.748685
2.759798
2.770871
2.781904
2.793463
2.804874
2.81636
2.827165
2.838199
2.849644
2.860601
2.87181
2.88336
2.89479
2.905652
2.916766
2.927697
2.938605
2.949879
2.960895
2.972482
2.983427
2.994441
3.006143
3.017723
3.028728
3.039856
3.051398
3.062511
3.073379
3.084548
3.09629
3.107343
3.118824
3.134495
3.145746
3.15692
3.168272
3.17941
3.190467
3.201561
3.213109
3.22497
3.236285
3.24718
3.258218
3.269749
3.280919
3.292746
3.303514
3.314717
3.325509
3.336308
3.347493
3.358537
3.369568
3.380196
3.390932
3.403033
3.414542
3.425609
TARGET DESTROYED 
3.440443
3.452238
3.463488
3.47454
3.485844
3.497177
3.508223
3.519369
3.530526
3.546531
3.559298
3.570629
3.582723
3.595203
3.605995
3.61758
3.628847
3.639646
3.650686
3.662095
3.672796
3.683672
3.694525
3.706035
3.717056
3.728379
3.739586
3.751449
3.762499
3.773465
3.784955
3.796528
3.807494
3.818978
3.830879
3.843871
3.855868
3.86718
3.878577
3.889694
3.900908
3.912221
3.923124
3.934406
3.944961
3.960713
3.972554
3.983643
3.994537
4.006044
4.0171
4.027925
4.039798
4.051559
4.06267
4.073723
4.084617
4.095552
4.106585
4.117685
4.12848
4.13983
4.151369
4.163451
4.17496
4.186048
4.197644
4.208505
4.219401
4.230959
4.24202
4.252999
4.264099
4.275153
4.286269
4.297281
4.308075
4.319094
4.330434
4.3413
4.352601
4.364215
4.379438
4.390632
4.401581
4.413012
4.424058
4.435226
4.446625
4.457429
4.468688
4.480082
4.491103
4.502828
4.513854
4.524781
4.535897
4.547023
4.558621
4.570329
4.581368
4.592081
4.603422
4.615636
4.626256
4.637427
4.648753
4.659696
TARGET DESTROYED 
4.675177
4.686778
4.697937
4.708732
4.719308
4.730405
4.741423
4.75267
4.764409
4.775141
4.790714
4.802701
4.814019
4.826359
4.83894
4.850289
4.86096
4.871678
4.882843
4.893342
4.904228
4.915951
4.926832
4.938468
4.949511
4.960868
4.972831
4.984614
4.99645
5.007913
5.01966
5.03149
5.043153
5.055442
5.067522
5.079278
5.09094
5.102663
5.114371
5.126186
5.13823
5.150051
5.161687
5.173309
5.184932
5.196845
5.213205
5.22535
5.237107
5.248839
5.260589
5.272947
5.284784
5.29652
5.307823
5.32014
5.331955
5.343453
5.355083
5.366901
5.37892
5.390663
5.402436
5.414756
5.426337
5.438249
5.449904
5.46232
5.474077
5.485651
5.497062
5.508884
5.520747
5.532597
5.544426
5.555677
5.569065
5.581352
5.593471
5.605065
5.61716
5.628875
5.640584
5.656701
5.6689
5.680854
5.693166
5.706049
5.717819
5.729861
5.742169
TARGET DESTROYED 
5.759194
5.77238
5.785325
5.797076
5.809143
5.821078
5.832902
5.844089
5.856021
5.868042
5.880479
5.892081
5.904097
5.916355
5.92813
5.939852
5.951532
5.963331
5.975876
5.987937
5.999751
6.01284
6.024392
6.036919
6.048781
6.060704
6.073261
6.085538
6.101345
6.113971
6.125297
6.137137
6.148881
6.160401
6.172282
6.183931
6.195832
6.207471
6.219093
6.231256
6.243044
6.254924
6.267114
6.279188
6.291094
6.302829
6.315334
6.326917
6.33928
6.351524
6.363527
6.375129
6.387558
6.399644
6.411786
6.424207
6.435905
6.447326
6.459092
6.471738
6.483696
6.496545
6.508276
6.520431
6.536586
6.54858
6.560048
6.572303
6.584418
6.596604
6.608745
6.621203
6.633882
6.646592
6.658131
6.670125
6.682117
6.693573
6.70669
6.718503
6.730475
6.742228
6.754601
6.766817
6.778731
6.79069
6.803535
6.81565
6.8277
6.839651
6.85151
TARGET DESTROYED 
6.868556
6.88118
6.89317
6.904415
6.916098
6.927222
6.938362
6.949731
6.960702
6.976582
6.988265
6.999313
7.010576
7.022114
7.033289
7.048155
7.060127
7.071408
7.083038
7.093844
7.105453
7.117151
7.128491
7.139315
7.150341
7.161841
7.172903
7.183943
7.194878
7.205898
7.217171
7.227945
7.239101
7.250084
7.26168
7.272893
7.283908
7.294973
7.306064
7.317635
7.329037
7.340205
7.351552
7.362558
7.373756
7.389437
7.40071
7.4123
7.423337
7.43477
7.445817
7.456993
7.468465
7.480298
7.491801
7.50339
7.514923
7.526933
7.538809
7.550746
7.563196
7.574437
7.58741
7.599321
7.610487
7.622123
7.634513
7.646204
7.657935
7.669383
7.681271
7.69252
7.704116
7.715644
7.727233
7.739111
7.750654
7.762228
7.77364
7.786039
7.797376
7.808866
7.824917
7.837026
7.848617
7.860343
7.872661
7.884753
7.896696
7.908489
7.920681
7.933175
7.944978
7.956675
7.968359
7.980344
7.993112
8.005074
8.017323
8.029851
8.041539
8.055941
8.067907
8.079672
8.091389
8.103584
8.115656
8.127388
8.139599
8.151875
8.16376
8.175868
8.188006
8.200192
8.211932
8.224235
8.236112
8.248593
8.264759
8.276385
8.28875
8.300591
8.311976
8.323537
8.335617
8.34808
8.359641
8.371283
8.383961
8.396428
8.408195
8.420578
8.432805
8.444475
8.456479
8.469163
8.480432
8.492004
8.504525
8.516083
8.527959
8.540236
8.552255
8.564837
8.579631
8.591882
8.603862
8.615284
8.626554
8.641211
