0.02
0.04
0.14
0.1708201
0.1816609
0.1927459
0.2037212
0.2151379
0.2260426
0.2373746
0.2485837
0.2597598
0.2707582
0.2822827
0.2932323
0.3042272
0.3157988
0.3267295
0.3377824
0.3491651
0.3600724
0.3714682
0.3825314
0.3936016
0.4047636
0.4161995
0.4273872
0.4383496
0.4536137
0.4632217
0.4734447
0.4834861
0.4942968
0.5054511
0.5170968
0.5276567
0.5388662
0.5506508
0.5613342
0.5723386
0.5836264
0.594738
0.6060774
0.6176112
0.6282605
0.6393657
0.6505591
0.6618141
0.6727698
0.6844399
0.6956073
0.70641
0.717879
0.7287994
0.7399871
0.7510413
0.7626681
0.7734596
0.7847319
0.7958862
0.8067848
0.8181868
0.8292544
0.8403102
0.8516714
0.8633861
0.8738561
0.8892501
0.9005644
0.9115827
0.9231832
0.9343837
0.9456977
0.957799
0.9682713
0.9797062
0.9908669
1.002479
1.012877
1.0242
1.035379
1.046796
1.057563
1.069128
1.080252
1.09129
1.10233
1.114552
1.124763
1.135977
1.147141
1.158288
1.169354
1.181034
1.191533
1.203065
1.21418
1.225314
1.236688
1.247664
1.258854
1.269658
1.281096
1.295463
1.305499
1.315849
1.32518
1.335394
1.34681
1.357855
1.369118
1.380066
1.391434
1.402435
1.413548
1.424688
1.435885
1.447175
1.458264
1.469626
1.48059
1.491959
1.503111
1.514681
1.52567
1.536572
1.548058
1.558736
1.570018
1.58122
1.592278
1.603513
1.615017
1.625871
1.637087
1.648699
1.659478
1.671296
1.682308
1.693191
1.70491
1.716175
1.727315
1.73843
1.750109
1.761239
1.772428
1.783912
1.795088
1.805919
1.817599
1.828332
1.839519
1.850888
1.862762
1.873973
1.884184
1.898788
1.908561
1.919309
1.929184
1.939612
1.949912
1.960989
1.971948
1.983334
1.994297
2.005373
2.017172
2.027946
2.039366
2.050846
2.061464
2.072445
2.084033
TARGET DESTROYED 
2.094927
2.118246
2.128911
2.138952
2.148447
2.158561
2.169886
2.188287
2.199954
2.209555
2.219655
2.229053
2.239042
2.249274
2.258777
2.270144
2.281494
2.292621
2.303631
2.31504
2.326226
2.337215
2.348649
2.359745
2.370832
2.382514
2.393035
2.404237
2.415735
2.426405
2.437581
2.449211
2.460102
2.471341
2.482774
2.493504
2.50463
2.51609
2.52713
2.538259
2.54954
2.560996
2.571799
2.582934
2.593997
2.605239
2.616721
2.627814
2.639578
2.650989
2.662446
2.674668
2.685607
2.697115
2.708585
2.720174
2.731282
2.742798
2.754273
2.765992
2.777227
2.788486
2.80031
2.811162
2.822353
2.833838
2.844681
2.855897
2.8676
2.878485
2.890377
2.900735
2.911888
2.926946
2.937523
2.949056
2.9594
2.969789
2.98001
2.990045
3.000553
3.01135
3.021602
3.031834
3.042624
3.053354
TARGET DESTROYED 
3.06393
3.078425
3.089211
3.099565
3.109969
3.127453
3.139308
3.150235
3.160279
3.170709
3.181992
3.194077
3.204739
3.215812
3.227585
3.238758
3.249233
3.259376
3.270339
3.280416
3.291002
3.301624
3.312299
3.323335
3.334045
3.344235
3.355218
3.366022
3.37674
3.387717
3.399017
3.409513
3.420938
3.432162
3.442813
3.454339
3.465475
3.476576
3.487705
3.499143
3.510138
3.521519
3.533452
3.543637
3.554713
3.56641
3.577262
3.588108
3.599581
3.610549
3.623199
3.633795
3.644153
3.655744
3.667536
3.678724
3.690012
3.701664
3.713073
3.729655
3.740887
3.751753
3.762486
3.773013
3.783668
3.794216
3.805022
3.815591
3.826562
3.836921
3.847671
3.858336
3.868985
3.880399
3.89137
3.902784
3.913817
3.92481
3.935898
3.947197
3.958259
3.969451
3.980594
3.99176
4.002979
4.014163
4.025312
4.036807
4.047658
4.058823
4.070269
4.081373
4.092413
4.103692
4.115583
4.12665
4.137479
4.149058
4.16038
4.171623
4.183006
4.194569
4.205744
4.217377
4.228569
4.239866
4.251224
4.262516
4.273808
4.285293
4.296467
4.307654
4.31917
4.330308
4.341404
4.35287
4.363808
4.375054
4.386143
4.397562
4.408534
4.419641
TARGET DESTROYED 
4.43098
4.446695
4.457719
4.469
4.479249
4.490224
4.500965
4.511769
4.529716
4.541759
4.557315
4.568607
4.57903
4.589595
4.60047
4.610811
4.622944
4.634055
4.644954
4.655786
4.66682
4.677987
4.688828
4.699484
4.710379
4.721219
4.731627
4.742301
4.752892
4.763153
4.774538
4.785271
4.795833
4.806527
4.817359
4.828131
4.839132
4.850522
4.86201
4.872605
4.884069
4.894984
4.907179
4.91883
4.92939
4.940076
4.95109
4.962121
4.973445
4.984439
4.995618
5.006663
5.01791
5.029257
5.04038
5.051841
5.062518
5.074317
5.085706
5.097461
5.108967
5.120692
5.1328
5.143556
5.154899
5.166707
5.178092
5.189129
5.200676
5.211914
5.223155
5.234864
5.245837
5.257572
5.268847
5.279905
5.291554
5.302309
5.313182
5.324364
5.335647
5.346874
5.358073
5.369624
5.381054
5.397197
5.408463
5.419489
5.430464
TARGET DESTROYED 
5.442583
5.459272
5.47092
5.482223
5.493288
5.504364
5.515432
5.526436
5.538173
5.548879
5.559437
5.570354
5.58132
5.592384
5.60358
5.621139
5.633591
5.643586
5.654536
5.665949
5.677146
5.688135
5.699517
5.710906
5.721592
5.733132
5.74409
5.75526
5.766555
5.777784
5.788581
5.800277
5.811136
5.822109
5.833469
5.844782
5.855771
5.867082
5.87829
5.889246
5.900603
5.912181
5.923076
5.933926
5.945603
5.956102
5.967624
5.978622
5.989868
6.000837
6.012244
6.023128
6.035041
6.045734
6.056666
6.068165
6.079417
6.090174
6.101414
6.112552
6.124115
6.135667
6.147312
6.158723
6.170433
6.181876
6.193265
6.205073
6.216774
6.228372
6.239789
6.255798
6.266868
6.277612
6.288787
6.299607
6.309997
6.32087
6.331811
6.342494
6.353361
6.364
6.37581
6.387394
6.398602
6.409399
6.420747
6.431682
6.443246
6.454415
6.465391
6.477204
6.487937
6.499967
6.511075
6.523881
6.536212
6.548517
6.559268
6.570497
6.582201
6.593353
6.604299
6.615635
6.626499
6.637596
6.649164
6.659938
6.670979
6.68244
6.69365
6.705096
6.715973
6.72711
6.738209
6.749408
6.760583
6.771997
6.783065
6.794116
6.808247
6.81964
6.830241
6.841489
6.85312
6.864338
6.875122
6.887259
6.898214
6.909575
6.922218
6.933863
6.944945
6.956069
TARGET DESTROYED 
6.967362
6.983285
6.995113
7.006147
7.0178
7.036353
7.048663
7.06022
7.071803
7.082861
7.093812
7.109642
7.121298
7.132444
7.143395
7.15469
7.166011
7.178195
7.189125
7.199986
7.211212
7.222311
7.233439
7.245059
7.256073
7.267353
7.278501
7.289404
7.300187
7.312022
7.323489
7.334507
7.345249
7.357144
7.368811
7.379922
7.391201
7.402645
7.413554
7.425021
7.436246
7.447104
7.458044
7.469952
7.480955
7.492424
7.503636
7.514728
7.526933
7.53895
7.550333
7.561266
7.572127
7.583719
7.594489
7.605706
7.61753
7.629061
7.640383
7.651778
7.662706
7.673807
7.685202
7.696207
7.707702
7.719163
7.731044
7.743349
7.754468
7.765884
7.776896
7.787985
7.79956
7.810542
7.821589
7.832866
7.844069
7.855062
7.866657
7.877334
7.889085
7.900626
7.911482
7.922778
7.936018
7.947087
7.958366
7.974568
7.986577
7.99808
8.009301
8.021066
8.032885
8.045036
8.056254
8.067446
8.078641
8.09001
8.101521
8.112649
8.123868
8.135553
8.146317
8.157558
8.169114
8.18027
8.191427
8.202682
8.213866
8.224777
8.236204
8.247376
8.258574
8.270142
8.281659
8.293071
8.3047
8.316072
8.327376
8.339453
8.351243
8.362572
8.374835
8.386781
8.398159
8.409721
8.421571
TARGET DESTROYED 
8.433154
8.449763
8.467955
8.480404
8.492015
8.503839
8.514524
8.525624
8.537367
8.549158
8.559978
8.571617
8.582996
8.594131
8.605459
8.617042
8.628055
8.639418
8.650695
8.661701
8.672832
8.684302
8.694972
8.706242
8.717533
8.728852
8.740757
8.752848
8.764337
8.77584
8.787299
8.800111
8.81115
8.822293
8.833951
8.844976
8.860737
8.872013
8.883061
8.894619
8.905768
8.917665
8.928463
8.941402
8.953641
8.965175
8.976528
8.988116
8.999273
9.010679
9.02193
9.033442
9.043907
9.054567
9.064824
9.07562
9.086317
9.096386
9.107076
9.118324
9.128572
9.139613
9.150879
9.161882
9.173134
9.184364
9.195499
9.206656
9.218074
9.229413
9.240438
9.251537
9.262677
9.273958
9.285654
9.296179
9.307228
9.318474
9.32965
9.340673
9.351947
9.363321
9.374737
9.386534
9.39811
9.40947
9.420735
9.432449
9.443546
9.455192
9.466465
9.478257
9.489
9.500664
9.512032
9.523325
9.535089
9.545851
9.557345
9.568557
9.579704
9.591285
9.602581
9.613624
9.624732
9.636144
9.64721
9.658424
9.669615
9.680567
9.691879
9.703258
9.71421
9.725853
9.737364
9.748575
9.759864
9.776199
9.787779
9.799582
9.810225
9.821698
9.832617
9.844028
9.855068
9.866068
9.87752
9.888822
9.900125
9.911063
9.921782
9.933137
9.944176
9.956161
9.967064
9.978144
9.989191
10.00029
10.01144
10.02274
10.03393
10.045
10.05578
10.06722
10.07817
10.08926
10.10062
10.11207
10.12301
10.13469
10.14516
10.15672
10.16822
10.17949
10.19081
10.20209
10.21362
10.22518
10.23646
10.24792
10.25943
10.2707
10.28207
10.29361
10.30467
10.31622
10.32783
10.33896
10.35039
10.36162
10.37322
10.38466
10.39585
10.40687
10.41816
10.4291
10.4403
10.45148
10.46254
10.47363
10.48518
10.49605
10.50721
10.51859
10.52961
10.54091
10.55202
10.56316
10.57419
10.58553
10.59663
10.60777
10.61967
10.63042
10.64154
10.65279
10.66354
10.67478
10.68999
10.70103
10.71163
10.72221
10.73317
10.74414
10.7547
10.76562
10.7769
10.7884
10.79932
10.80985
10.82071
10.8312
10.84198
10.85299
10.86349
10.87403
10.88486
10.89579
10.90678
10.91792
10.92849
10.93903
10.95031
10.96157
10.97264
10.98349
10.99479
11.00558
11.01696
11.02843
11.03922
11.05079
11.06165
11.07275
11.08408
11.09543
11.10679
11.11766
11.12854
11.13972
11.15127
11.16266
11.17385
11.18549
11.19688
11.20873
11.21952
11.23182
11.2426
11.25371
11.26541
11.27644
11.28782
11.29935
11.31794
11.32949
11.34022
11.35139
11.36245
11.37358
11.38467
11.39928
