0.02
0.04
0.14
0.1739075
0.1829595
0.1911304
0.1996156
0.2073315
0.2167127
0.2279122
0.2401672
0.2503174
0.2612294
0.2726808
0.2835011
0.2947705
0.3078548
0.3169177
0.3286273
0.3399777
0.3512121
0.3648209
0.3730764
0.3844809
0.3952338
0.4070596
0.4178032
0.4289915
0.4403559
0.4510906
0.4623411
0.4733488
0.484427
0.495607
0.5069396
0.5179415
0.5292212
0.5403273
0.551461
0.5626776
0.5740625
0.5849766
0.5961581
0.607733
0.6185337
0.6295966
0.6411836
0.6521265
0.6631771
0.6743683
0.6855746
0.6966916
0.7078902
0.719065
0.7302857
0.7415378
0.7525666
0.7639048
0.7752826
0.7862418
0.7972687
0.8085501
0.8199084
0.8307698
0.8421457
0.8530754
0.8643879
0.8805823
0.8916085
0.9027112
0.9144759
0.925131
0.9368326
0.9474707
0.9587046
0.9698322
0.9812053
0.9921392
1.003433
1.014395
1.025593
1.037283
1.047976
1.05922
1.071378
1.081537
1.092762
1.103943
1.114944
1.126157
1.13766
1.148546
1.159921
1.171828
1.182063
1.193194
1.204631
1.21545
1.228287
1.238161
1.249139
1.260368
1.271711
1.283156
1.293828
1.305202
1.315982
1.327396
1.339523
1.3495
1.360715
1.372088
1.383642
1.395197
1.405507
1.416596
1.427722
1.438983
1.450873
1.461297
1.472728
1.483551
1.494709
1.50638
1.517069
1.528719
1.540231
1.550618
1.562525
1.573418
1.584087
1.595424
1.606582
1.617989
1.629311
1.640192
1.650998
1.662273
1.67417
1.684814
1.696427
1.706925
1.718201
1.729254
1.74059
1.751624
1.762891
1.77414
1.785048
1.796388
1.807575
1.818632
1.829903
1.841008
1.852579
1.863375
1.874588
1.885743
1.896959
1.908087
1.919208
1.931753
1.941659
1.952678
1.964463
1.976233
1.987256
1.999006
2.008897
2.02015
2.031563
2.042616
2.054831
2.064265
2.075687
2.086711
2.097833
2.109146
2.120428
2.131436
2.142856
2.15373
2.165236
2.176029
2.187433
2.198628
2.209978
2.221025
2.23201
2.243104
2.254552
2.266364
2.276535
2.287862
2.299079
2.310316
2.321815
2.332495
2.343634
2.355217
2.365969
2.377262
2.388684
2.399441
2.410903
2.423518
2.43316
2.445079
2.456105
2.466384
2.478087
2.489115
2.500164
TARGET DESTROYED 
2.511201
2.526579
2.533749
2.544703
2.556067
2.566994
2.57822
2.589647
2.6007
2.611646
2.623095
2.634392
2.650326
2.658977
2.666431
2.677161
2.688363
2.699724
2.711023
2.722069
2.732921
2.744274
2.755437
2.766855
2.777661
2.789448
2.800145
2.811326
2.822465
2.833622
2.844749
2.85615
2.866987
2.878693
2.88943
2.900576
2.911837
2.923191
2.934352
2.945524
2.956551
2.967756
2.97899
2.990201
3.00114
3.012602
3.024459
3.034974
3.046423
3.058084
3.068842
3.080604
3.091592
3.103119
3.114191
3.125491
3.136756
3.148152
3.159186
3.170349
3.182028
3.192599
3.203732
3.214886
3.225977
3.237487
3.248374
3.259928
3.271
3.281911
3.293027
3.304415
3.315385
3.326705
3.33832
3.349012
3.360227
3.37164
3.382358
3.393533
3.405106
3.416195
3.427243
3.438454
3.449362
3.460642
3.47196
3.482939
3.49406
3.505613
3.516411
3.52757
3.539133
3.550084
3.561099
3.573033
3.583549
3.594588
3.605869
3.616951
3.629226
3.639544
3.650491
3.661751
3.672986
3.684034
3.695822
3.706684
3.717687
3.72903
3.740667
3.75227
3.762157
3.774721
3.786184
3.795892
3.807568
3.818157
3.82927
3.840988
3.852427
3.862872
3.874274
3.885499
3.896312
3.907561
3.91857
3.929909
3.941342
3.952357
3.963733
3.97493
3.985629
3.99674
4.008503
4.019306
4.031274
4.041729
4.052845
4.064121
4.074948
4.086354
4.097291
4.108923
4.119627
4.131489
4.142733
4.15364
4.164418
4.17558
4.186862
4.198493
4.208927
4.220297
4.231265
4.242576
4.253873
4.264925
4.276012
4.287426
4.298407
4.310584
4.321278
4.332094
4.343153
4.35463
4.365714
4.37651
4.388978
4.399014
4.410207
4.421498
4.432601
4.44386
4.454918
4.465789
4.477467
4.488304
4.499418
4.510787
4.521954
4.533096
4.543989
4.555488
4.566279
4.577586
4.589148
4.600113
4.611089
4.622492
4.633421
4.644683
4.655794
4.667246
4.678162
4.689527
4.700703
4.711614
4.723187
4.734208
4.745132
4.756546
4.767365
4.778636
4.790801
4.801239
4.813013
4.82376
4.834643
4.845909
4.856917
4.868161
4.879288
4.890463
4.901688
4.914022
4.92417
4.934988
4.946204
4.957493
4.969101
4.980697
4.990885
5.002104
5.013284
5.024415
5.035554
5.046806
5.057977
5.069788
5.080232
5.091555
5.102834
5.114716
5.125539
5.137153
5.150399
5.159265
5.16889
5.180381
5.191089
5.202353
5.213361
5.224547
5.235654
5.246858
5.258041
5.269402
5.280593
5.291971
5.302798
5.314113
5.325234
5.33653
5.347466
5.358757
5.37016
5.381183
5.392542
5.403466
5.41481
5.425731
5.437274
5.44824
5.459228
5.470468
5.48148
5.493267
5.504139
5.515086
5.526434
5.537925
5.549189
5.560478
5.571915
5.582984
5.594149
5.605976
5.61654
5.627678
5.639
5.650265
5.661191
5.672544
5.683523
5.695162
5.705979
5.717039
5.728327
5.739403
5.750641
5.762133
5.773114
5.784461
5.795168
5.806988
5.817461
5.828699
5.840517
5.851152
5.862051
5.873618
5.884458
5.895893
5.907036
5.918326
5.929327
5.940605
5.951685
5.962934
5.974144
5.985256
5.996383
6.00754
6.018904
6.02985
6.041185
6.052266
6.064492
6.074529
6.085472
6.096769
6.107906
6.119111
6.130205
6.141422
6.152502
6.163851
6.175018
6.186031
6.197182
6.208702
6.219592
6.230925
6.241867
6.253072
6.264265
6.27539
6.286671
6.297689
6.308976
6.320936
6.331172
6.342745
6.354061
6.365445
6.376062
6.387733
6.398517
6.409493
6.421181
6.432754
6.44291
6.454328
6.467821
6.476368
6.487332
6.498497
6.509669
6.520747
6.531764
6.543299
6.557579
6.566288
6.576443
6.588041
6.59886
6.610199
6.624238
0.02
0.04
0.14
0.1762862
0.187026
0.1963784
0.2043808
0.2145088
0.2257632
0.236862
0.2478635
0.258979
0.2701775
0.2838248
0.2926834
0.3054946
0.3150051
0.3261805
0.3372116
0.3484477
0.3596244
0.3706629
0.3819057
0.3930635
0.4051578
0.4153506
0.4270063
0.4376832
0.4491044
0.4600129
0.4712673
0.4823844
0.4937209
0.5047334
0.5163323
0.5269999
0.5382786
0.54978
0.5605943
0.5717068
0.582906
0.594469
0.6054539
0.6165004
0.6278715
0.6386412
0.6499215
0.6611666
0.6722304
0.683444
0.6947109
0.7057362
0.7170117
0.7281644
0.7393774
0.7506392
0.7621098
0.7727335
0.7840187
0.7952048
0.8063969
0.8175306
0.8288572
0.8398126
0.8509274
0.8623368
0.8733531
0.8897294
0.9007098
0.9122202
0.923113
0.9359797
0.9454626
0.9565531
0.9679595
0.9790096
0.9899399
1.001179
1.0125
1.023405
1.034846
1.046057
1.057275
1.068371
1.079533
1.090504
1.101667
1.113629
1.124178
1.135436
1.146915
1.157605
1.17017
1.180227
1.191183
1.202314
1.215278
1.226202
1.236775
1.247072
1.258125
1.269214
1.280574
1.291622
1.302879
1.313957
1.325127
1.336305
1.347458
1.358568
1.369649
1.381238
1.392072
1.403834
1.414878
1.425526
1.436797
1.447991
1.459191
1.471429
1.481936
1.492701
1.503996
1.515451
1.526627
1.5376
1.549107
1.559953
1.571011
1.582837
1.593136
1.604374
1.61604
1.626961
1.637821
1.649112
1.660198
1.67152
1.682586
1.694064
1.70518
1.716031
1.727651
1.739568
1.750056
1.762362
1.772021
1.783215
1.794555
1.805604
1.816687
1.827963
1.839046
1.851795
1.863069
1.872889
1.883627
1.895133
1.90692
1.917113
1.928478
1.939339
1.950609
1.961955
1.972831
1.984131
1.995664
2.006559
2.017839
2.029167
2.04059
2.051162
2.062535
2.073334
2.084711
2.095979
2.106956
2.118027
2.129414
2.140472
2.151788
2.163134
2.174088
2.185337
2.196437
2.207587
2.21882
2.231885
2.241038
2.251989
2.263515
2.274339
2.285597
2.296782
2.30892
2.319136
2.330207
2.341296
2.352896
2.364897
2.375068
2.385945
2.397279
2.408581
2.420594
2.430826
2.442072
2.453196
2.464405
2.475825
2.486721
2.497921
2.508973
2.52017
2.531355
2.54231
2.553887
2.564852
2.576172
2.586966
2.598444
2.610526
2.620757
2.632122
2.64321
2.654307
2.66552
2.676677
2.688712
2.699003
2.710104
2.722173
2.73253
2.743892
2.755257
2.766917
2.778406
2.788411
2.799939
2.8106
2.821941
2.833259
2.844169
2.855408
2.866743
2.877834
2.88958
2.900502
2.91148
2.922585
2.9339
2.946202
2.956058
2.967338
2.978728
2.989313
3.000924
3.012054
3.022886
3.034108
3.045823
3.056489
3.067517
3.07944
3.089892
3.101595
3.113438
3.123531
3.135034
3.146151
3.157999
3.168485
3.179709
3.190695
3.202027
3.213107
3.224159
3.235859
3.246639
3.257785
3.268733
3.280155
3.291016
3.302158
3.314365
3.3247
3.33718
3.346994
3.358031
3.369424
3.380508
3.391784
3.403067
3.414229
3.425446
3.436305
3.447612
3.458523
3.469932
3.480966
3.492096
3.50316
3.514402
3.525748
3.540337
3.549367
3.55808
3.569717
3.579955
3.591307
3.602141
3.613684
3.625108
3.636151
3.647163
3.658105
3.669223
3.68148
3.691464
3.702709
3.713993
3.725346
3.736597
3.747915
3.758605
3.770013
3.781033
3.792148
3.803337
3.814632
3.825543
3.8373
3.848077
3.859071
3.870252
3.881708
3.892614
3.903922
3.915268
3.926551
3.938585
3.949341
3.96043
3.972259
3.982962
3.994681
4.005558
4.016959
4.028285
4.045855
4.054262
4.062149
4.070883
4.082365
4.093377
4.104432
4.116039
4.127505
4.138256
4.149384
4.160583
4.17149
4.182718
4.193892
4.206785
4.216161
4.228861
4.238619
4.250383
4.260942
4.272097
4.283207
4.294639
4.305636
4.31705
4.327913
4.33914
4.350335
4.361978
4.373144
4.383888
4.395029
4.406105
4.417404
4.428952
4.44009
4.452314
4.462621
4.474078
4.485348
4.496696
4.507933
4.519278
4.530573
4.54187
4.554007
4.564732
4.575575
4.586715
4.598103
4.609149
4.620412
4.631366
4.642519
4.653769
4.66501
4.676194
4.687109
4.698401
4.70955
4.720645
4.731927
4.743119
4.754658
4.765431
4.776479
4.787789
4.798957
4.810253
4.821149
4.832539
4.846786
4.855903
4.866174
4.876756
4.887519
4.898045
4.909795
4.921816
4.932496
4.942728
4.953976
4.965148
4.976554
4.988421
4.998606
5.009843
5.020935
5.032243
5.043203
5.054556
5.065649
5.077922
5.087895
5.099344
5.110265
5.121549
5.132859
5.144014
5.154968
5.166315
5.1775
5.18922
5.199676
5.21104
5.222268
5.233625
5.245075
5.256275
5.26756
5.278883
5.29005
5.301714
5.312706
5.323952
5.335223
5.346451
5.357362
5.368821
5.379847
5.390812
5.402417
5.413256
5.424441
5.435618
5.44674
5.458131
5.469077
5.48047
5.491441
5.502729
5.515242
5.524897
5.536024
5.547473
5.5588
5.569599
5.580879
5.591953
5.603054
5.614557
5.625635
5.636607
5.647809
5.658946
5.670223
5.681353
5.692335
5.703737
5.714988
5.726005
5.737124
5.748475
5.759488
5.77077
5.782046
5.792956
5.804269
5.815419
5.826515
5.837702
5.848851
5.860234
5.871141
5.882428
5.893511
5.904662
5.915868
5.927378
5.938186
5.94944
5.961342
5.971708
5.982935
5.994019
6.005239
6.016505
6.027655
6.038975
6.049928
6.062832
6.072484
6.083848
6.095926
6.105978
6.118078
6.128463
6.139355
6.151835
6.161885
6.17421
6.184134
6.195364
6.20658
6.219318
6.228843
6.240321
6.251153
6.262434
6.273495
6.286079
6.296038
6.306892
6.317966
6.329385
6.340819
6.351823
6.362823
6.37393
6.385099
6.396654
6.407308
6.418509
6.430131
6.440943
6.451954
6.463585
6.474362
6.485691
6.496885
6.507886
6.518958
6.530303
6.54138
6.55277
6.564343
6.574813
6.58609
6.597763
6.609464
6.619554
6.630941
6.641819
6.653023
6.665314
6.675395
6.686574
6.697924
6.709175
6.720091
6.731418
6.742367
6.754031
6.76511
6.77747
6.787212
6.798438
6.809562
6.820713
6.831947
6.84324
6.85473
6.865674
6.876887
6.887798
6.899199
6.910069
6.921289
6.932516
6.944109
6.954617
6.965788
6.977006
6.988239
6.999484
7.010517
7.022209
7.0328
7.044034
7.055228
7.066463
7.077483
7.088762
7.099851
7.111211
7.122144
7.133423
7.145321
7.155885
7.166892
7.178689
7.190027
7.200531
7.212405
7.222691
7.233971
7.245455
7.256299
7.267527
7.279839
7.289758
7.301022
7.312899
7.323354
7.335259
7.346107
7.358377
7.367986
7.379343
7.390217
7.401699
7.413351
7.424004
7.436078
7.447106
7.457312
7.46995
7.480055
7.492564
7.502153
7.513841
7.524749
7.535639
7.54715
7.557811
7.569598
7.580448
7.591949
7.603071
7.61457
7.625814
7.636089
7.647632
7.677342
7.689094
7.700658
7.71266
7.722318
7.731644
7.743202
7.754397
7.765291
7.776351
7.788199
7.799127
7.810252
7.821881
7.83224
7.843756
7.85503
7.865946
7.877261
7.887959
7.899183
7.910344
7.921535
7.932667
7.943929
7.955205
7.968285
7.981223
7.994676
8.009125
8.019014
8.027101
8.035141
8.044468
8.055588
8.066711
8.078514
8.089095
8.10026
8.111674
8.122686
8.134215
8.145261
8.156096
8.167304
8.178873
8.189863
8.200802
8.21216
8.223166
8.234286
8.24573
8.256657
8.268011
8.279675
8.290226
8.301268
8.312747
8.323706
8.334902
8.346237
8.357601
8.368699
8.380918
8.390678
8.401842
8.413139
8.425323
8.435651
8.44664
8.457971
8.470363
8.481143
8.492514
8.503968
8.515437
8.526885
8.538386
8.549892
8.561536
8.572755
8.586446
8.596996
8.608871
8.618504
8.630602
8.642233
8.652822
8.664049
8.675041
8.686642
8.697523
8.708646
8.719795
8.731107
8.742365
8.753719
8.767564
8.776208
8.785402
8.796782
8.807654
8.818931
8.830412
8.84121
8.852437
8.863853
8.874825
8.886459
8.897474
8.908204
8.919325
8.930739
8.941827
8.952941
8.964281
8.975429
8.991863
9.006547
9.021005
9.030517
9.039075
9.050105
9.061216
9.072168
9.084536
9.094983
9.105849
9.116917
9.1283
9.139105
9.150496
9.162024
9.1736
9.183989
9.19541
9.207072
9.21751
9.228809
9.240096
9.252296
9.262275
9.273172
9.284465
9.295991
9.306711
9.318417
9.329367
9.340212
9.351357
9.36304
9.373899
9.385288
9.396352
9.4077
9.41835
9.429935
9.441017
9.452386
9.464639
9.475305
9.48711
9.498541
9.510655
9.521448
9.533283
9.54441
9.555688
9.567193
9.578989
9.589808
9.601333
9.613082
9.624064
9.635483
9.646736
9.657717
9.668978
9.680545
9.691306
9.702338
9.714002
9.724823
9.736004
9.74753
9.758382
9.7698
9.780686
9.791992
9.803336
9.814514
9.825599
9.837007
9.848013
9.859013
9.87019
9.881241
9.892621
9.903544
9.915188
9.925948
9.937007
10.03701
10.06887
10.07961
10.09091
10.10201
10.11318
10.12438
10.13569
10.14675
10.15806
10.16923
10.18024
10.19148
10.20253
10.2136
10.2249
10.23609
10.24737
10.25847
10.26971
10.28067
10.29188
10.30309
10.31466
10.32589
10.33688
10.34845
10.35936
10.37034
10.38138
10.39252
10.40366
10.41645
10.42626
10.43733
10.44845
10.45983
10.47084
10.48226
10.49438
10.50446
10.51578
10.5266
10.53794
10.54908
10.56011
10.57127
10.58271
10.59391
10.60475
10.61603
10.62698
10.63826
10.64972
10.66065
10.67176
10.68291
10.69399
10.70523
10.71649
10.7275
10.73882
10.74996
10.76107
10.77231
10.78358
10.7998
10.81086
10.8229
10.83332
10.84437
10.85544
10.86694
10.87776
10.88882
10.90037
10.91119
10.92236
10.93372
10.9448
10.95582
10.96772
10.97815
10.99223
11.00058
11.01074
11.0219
11.03335
11.04448
11.0559
11.06721
11.0785
11.08921
11.10053
11.11327
11.12282
11.13393
11.14497
11.15619
11.16776
11.17951
11.19023
11.20094
11.21281
11.22343
11.23446
11.24561
11.25657
11.26806
11.27958
11.29006
11.30162
11.31263
11.32356
11.33474
11.34616
11.35705
11.3694
11.37951
11.39137
11.40239
11.41349
11.42492
11.43636
11.44731
11.45839
11.4696
11.48083
11.49197
11.50312
11.51435
11.52561
11.53684
11.54781
11.559
11.57053
11.58142
11.59404
11.60363
11.61527
11.62615
11.63755
11.64866
11.65964
11.67067
11.68202
11.69308
11.70419
11.71569
11.72654
11.73775
11.74944
11.75997
11.77122
11.78265
11.79532
11.80483
11.81598
11.82713
11.83816
11.84974
11.86057
11.87393
